activity,avg_result_accl,avg_result_accl_fft,sma,sma_fft,x_IQR,x_IQR_fft,x_aad,x_aad_fft,x_above_mean,x_above_mean_fft,x_energy,x_energy_fft,x_kurtosis,x_kurtosis_fft,x_mad,x_mad_fft,x_max,x_max_fft,x_maxmin_diff,x_maxmin_diff_fft,x_mean,x_mean_fft,x_median,x_median_fft,x_min,x_min_fft,x_neg_count,x_peak_count,x_peak_count_fft,x_pos_count,x_skewness,x_skewness_fft,x_std,x_std_fft,y_IQR,y_IQR_fft,y_aad,y_aad_fft,y_above_mean,y_above_mean_fft,y_energy,y_energy_fft,y_kurtosis,y_kurtosis_fft,y_mad,y_mad_fft,y_max,y_max_fft,y_maxmin_diff,y_maxmin_diff_fft,y_mean,y_mean_fft,y_median,y_median_fft,y_min,y_min_fft,y_neg_count,y_peak_count,y_peak_count_fft,y_pos_count,y_skewness,y_skewness_fft,y_std,y_std_fft,z_IQR,z_IQR_fft,z_aad,z_aad_fft,z_above_mean,z_above_mean_fft,z_energy,z_energy_fft,z_kurtosis,z_kurtosis_fft,z_mad,z_mad_fft,z_max,z_max_fft,z_maxmin_diff,z_maxmin_diff_fft,z_mean,z_mean_fft,z_median,z_median_fft,z_min,z_min_fft,z_neg_count,z_peak_count,z_peak_count_fft,z_pos_count,z_skewness,z_skewness_fft,z_std,z_std_fft
BadRange,0.04825873868212991,0.5851118890928703,0.11569350052624917,0.9072215369463046,0.06257677078247063,0.22661709682955455,0.03282708823680873,0.2657866834900418,80,13,0.002340309117188037,0.34112681844977893,-0.9748981565417636,16.59636648262571,0.031946450471877996,0.09300412087544055,0.0694822072982788,2.9620575354040133,0.1549198627471923,2.93209517555874,0.0032251484692096704,0.32858797050687805,0.00331214070320125,0.18340111697512995,-0.0854376554489135,0.029962359845273522,75,49,15,85,-0.16692303692916277,3.879391653617352,0.03822859564679451,0.48286309041792574,0.03740467876195897,0.2992405674344532,0.02291995445266361,0.1895038307214901,76,19,0.0012926373207527285,0.19177654792588858,-0.013245241926367335,2.628712041502098,0.0200108885765075,0.13439774312854808,0.0873533189296722,1.2467626996181331,0.15302449464797968,1.2117707823977706,0.003340097144246106,0.35643196158802026,0.00030800700187685003,0.2967477533107483,-0.0656711757183075,0.034991917220362656,80,38,18,80,0.27146385764759134,1.5736783928698717,0.02831524382719783,0.25442642292891804,0.030591657385229974,0.15463676300134505,0.016292065634624986,0.131723323659178,84,18,0.0006242539146470152,0.08546751151510704,-0.5078039879370162,5.94469057224401,0.015174165368080101,0.07965919098684901,0.0515367984771728,1.0340636440360247,0.0952041149139403,1.0257082427173838,0.0027865553973242603,0.2222016048514063,0.004239551723003349,0.15954154346866767,-0.0436673164367675,0.008355401318640947,70,46,17,90,0.10945739748016438,2.214921376414488,0.019616289102695517,0.18998410016779427
BadRange,0.0472604523838283,0.6034661443620797,0.11354398645460582,0.9406115591410031,0.04741235077381123,0.23861829632930404,0.029335787827148983,0.2557798164017436,74,13,0.0022637292955090824,0.3315880166080274,1.1627977323273733,18.656751310304028,0.02431932091712945,0.0867215948228898,0.1504132151603698,2.977807593012041,0.2191495895385741,2.923041151903681,0.00030708722770214603,0.33842809370899074,-0.0044058263301849,0.19737682352663594,-0.0687363743782043,0.054766441108359834,85,46,16,75,0.8241378459379877,4.049678730809568,0.03773107765501889,0.46589101944180683,0.048687472939491154,0.3168508265442203,0.024872050506528423,0.201672649664266,89,24,0.0014428882884890426,0.216997728743893,-0.3111935709656546,1.1667680565835274,0.0233033746480942,0.15945038135986736,0.0575265884399414,1.2584936464374963,0.15100958943367,1.247121460945618,0.003470726497471327,0.38845324087793914,0.0076791048049926,0.3674297769381806,-0.0934830009937286,0.011372185491878134,69,39,15,91,-0.503742994677961,0.9636429786474499,0.029922486660286036,0.25710271954088476,0.0282282456755637,0.14801645864147325,0.016075383182032922,0.13443848610347867,83,14,0.0006080858366758925,0.08271129985115838,-0.5455848142263622,3.450748918158795,0.014750424772500948,0.072330437496821,0.0515367984771728,0.9371006361498371,0.0952041149139403,0.9174236436891299,0.003226518398150798,0.21373022455407323,0.0042766258120536,0.15835375030080562,-0.0436673164367675,0.019676992460707164,69,45,15,91,0.08140806626904286,1.9238238003464077,0.019286472645829163,0.19243360144014302
BadRange,0.04950038505331354,0.6654217839578013,0.11646882511675336,1.0399283112982074,0.043547600507736095,0.28574067522087543,0.03200655348598953,0.27655518270670426,72,14,0.002745952067781511,0.4076342946676314,0.5413640669860711,17.93777546719492,0.021995425224304054,0.13167730550620352,0.1504132151603698,3.184225919638283,0.22643971443176258,3.1213628323306577,0.0022209279239177723,0.40486162614027665,-0.00228488445281975,0.277629126185878,-0.0760264992713928,0.06286308730762538,83,48,14,77,0.6985268456003051,3.9134692251080003,0.041497594341370715,0.49368143407128684,0.044509194791316875,0.33514324678563745,0.024832124998792966,0.20167486852250405,89,19,0.001431979383176426,0.2160820448858667,-0.3277468960922718,-0.49486331549596896,0.02283775806427005,0.17407128104153036,0.056272953748703,0.982672310299872,0.14975595474243159,0.9402515204533054,0.0028491087257861993,0.3915229845068094,0.00830411911010735,0.3661428683106016,-0.0934830009937286,0.04242078984656666,66,40,15,94,-0.547042953863215,0.6815530871297351,0.029873859656415928,0.25058291539677524,0.02608973346650595,0.1932203972745153,0.01573548716551154,0.13935987220207335,85,14,0.0006460102577219431,0.0933795716709049,0.5402328894625366,1.9114244471509982,0.01295647025108335,0.09156188348298956,0.0444758534431457,0.8920108148284673,0.1104635596275329,0.8660587307029227,-0.001762995729222891,0.2435437006511215,-0.0002307295799255,0.2047841603247707,-0.0659877061843872,0.02595208412554457,82,42,17,78,-0.39402888498203564,1.4445240461573303,0.020079045233633387,0.1845698717127522
BadRange,0.04328242120291578,0.607237855772169,0.10473193950951076,0.9547898427158561,0.042309194803237825,0.24286549249460287,0.027464126250706565,0.23162363648925474,67,18,0.001959025323225805,0.28284652609294225,0.7558468080567091,12.377159528674456,0.021143227815628,0.11753309017992146,0.1147298216819763,2.3066338086412395,0.19075632095336909,2.2534321096691166,-0.0008842084556817918,0.37857729047866606,-0.0085430741310119,0.2630490900765755,-0.0760264992713928,0.05320169897212287,94,51,15,66,0.8955078403818565,3.167148239369742,0.035089950933655044,0.3735314728731356,0.03996382653713217,0.18206754539907802,0.021419166903942778,0.16394357550107505,83,16,0.001049946037951607,0.15900032544429082,-0.520840270617851,2.6555086338752742,0.02066220343112935,0.09898770501521527,0.0484041571617126,1.0813374347577047,0.11588016152381889,1.0510218704333811,0.0019357666373252835,0.32399705307622667,0.0044188648462294994,0.2755854000516601,-0.0674760043621063,0.030315564324323505,72,40,15,88,-0.3772245282194428,1.5905657094816978,0.025623673826617902,0.2324354427410148,0.025701638311147624,0.19046073023716853,0.015949919804115743,0.14763835436838385,81,14,0.0007220947321470076,0.10328442325167558,0.5048319077113277,2.2185138788442362,0.01281072944402695,0.0770434695067475,0.0444758534431457,0.9232192644093167,0.1104635596275329,0.8823823162289596,-0.0042661080602556375,0.2522154991609634,-0.0040977001190185,0.18614181303261784,-0.0659877061843872,0.040836948180357095,94,46,14,66,-0.193654349376362,1.6875843326468116,0.020876625419732606,0.19917772273691056
BadRange,0.03944721240874104,0.5140830882003248,0.09200569935142972,0.7995780308383045,0.04391333460807793,0.210739263397911,0.028500989908352446,0.2549435171414308,62,13,0.0022095266431011455,0.3182861551065519,1.2890879271284312,19.115472593416627,0.019192844629287602,0.07875262355643121,0.141752004623413,2.8872871092451153,0.1876493096351622,2.852157914919376,0.005228892341256151,0.3455860752347156,-0.0064160227775573,0.22192156310245822,-0.0458973050117492,0.035129194325739285,89,56,16,71,1.2727034314574752,4.0611497442349895,0.036906992902479424,0.44593320095101385,0.034223005175590404,0.2024066761457688,0.017491675387136595,0.14012057204391845,78,20,0.0007576866080376263,0.1142446015036833,0.05781384437065462,2.640141989567156,0.0165968090295791,0.1019068534626224,0.0464880466461181,0.972679148841833,0.11383596062660209,0.956394257512871,0.002481029741466041,0.2758504299637239,0.00111678242683405,0.25573237369666724,-0.067347913980484,0.016284891328962058,75,40,16,85,-0.3429776203045506,1.616292054482529,0.021687282803911433,0.19532317269723007,0.017855320125818128,0.16924150520801626,0.011630291020264808,0.11722698570921895,70,17,0.00041032447170248984,0.058270503726603765,1.2952153136917985,2.779223478290784,0.0088868215680123,0.06564685383313004,0.0433236435055732,0.7037690887313166,0.0993058159947394,0.6864595605497488,-0.0037193034309893694,0.17814152563986504,-0.0054375156760215,0.12092356453641653,-0.0559821724891662,0.01730952818156787,101,48,14,59,0.0720445736297358,1.8071494829877273,0.01562515555411694,0.16289905024064766
BadRange,0.038434013602532326,0.5159633914237547,0.08741083979606606,0.789049128692145,0.03586389124393453,0.1465393917051879,0.026756513603031596,0.25298541903871735,59,9,0.002084072949496299,0.31475638808066936,1.4997909477919382,12.011013377496951,0.01670092344284055,0.08413002929458385,0.141752004623413,2.3666475188952374,0.2110952138900756,2.3264735516336437,0.0022349745035171605,0.3210735320051271,-0.0042946338653564,0.18440427124796877,-0.0693432092666626,0.04017396726159385,93,54,14,67,1.1156907157541947,3.4753767176415353,0.03613462573850324,0.4600740974304268,0.0224042460322379,0.24112351720224018,0.01703131758375089,0.1484059120752732,73,20,0.0008644184450218146,0.13141303108117122,2.1934757074602427,1.6886604008802912,0.0112675875425338,0.13157333876531901,0.0986013710498809,1.0046070896467432,0.16594928503036488,0.993797494169091,0.0026439705863594994,0.30662075547374973,3.094971179959999e-05,0.2871930804677898,-0.067347913980484,0.010809595477652142,80,41,16,80,0.7502860515106063,1.1306914131664705,0.02316516464453474,0.19338237612015782,0.0180747061967849,0.15003286606892205,0.01043064509518441,0.09600938804317961,73,20,0.0003163520146928803,0.03889383669855946,-0.09560924270460935,-0.2008585011901456,0.008951969444751701,0.06395614914282184,0.0294805765151977,0.4507840418812913,0.06747017800807939,0.41367092438106845,-0.005220326036214812,0.16135484121326818,-0.00643148273229595,0.11514509485809324,-0.0379896014928817,0.03711311750022284,104,47,19,56,0.09429330497953609,0.9225308609881102,0.01309734065891876,0.11339511416106282
BadRange,0.040834554570697214,0.5407182417370257,0.0958045358955858,0.8433339360738403,0.04161883890628802,0.21386980284036528,0.027522318786941436,0.22526213671745335,65,14,0.0020840588606450047,0.2955937742486132,0.6537418936289776,19.246527603081976,0.02039355039596545,0.08970035286218717,0.1213743686676025,2.8127306533856506,0.19071757793426508,2.78194758013379,0.005040707066655162,0.31850077268357646,-0.001560091972351,0.2059090857558915,-0.0693432092666626,0.030783073251860787,83,49,15,77,0.8105751506815649,4.189684899163057,0.03584913265508754,0.44062572785594123,0.028785414993762852,0.21873568366138488,0.018438134631141974,0.1823231959291731,78,17,0.0009865040788387142,0.14654755044759202,1.8408949849156615,1.1319219424658273,0.01436498761177055,0.09084805830672973,0.0986013710498809,1.0099501139668934,0.1675490736961364,0.9944899141571759,0.0001954849809408181,0.300463088682488,-0.00079564750194545,0.19837108133085649,-0.0689477026462555,0.015460199809717468,82,43,15,78,0.46436109920377266,1.4102411121495027,0.02490791766005184,0.2372118942780301,0.024420384317636375,0.19150755299910732,0.01440512408735226,0.12745651620397594,77,24,0.0005184301198184159,0.07743446152687276,0.3426289413310779,2.3356171482758183,0.01223094016313545,0.09995254582275614,0.0623271167278289,0.8372971004754731,0.109042853116989,0.8218108992914972,-0.002197255380451678,0.22437007470777595,-0.00327602028846735,0.18921937819138768,-0.0467157363891601,0.015486201183975892,87,40,16,73,0.37968997498906104,1.3469847493909766,0.017922008357796903,0.16459808960768593
BadRange,0.0484462994414522,0.6691094869237948,0.113378377407789,1.0651608794809793,0.05394180119037613,0.294456909761494,0.031572004407644225,0.266316675390194,80,13,0.002653456554255622,0.3882425287708363,0.22848585628467388,19.316523183766325,0.026922583580017048,0.11471852230348872,0.1213743686676025,3.1566676746783444,0.2288976311683654,3.0819590632527634,0.00211421400308609,0.3948434078833646,0.0018576085567473999,0.26281020657892806,-0.1075232625007629,0.07470861142558119,78,48,16,82,0.29984388927851846,4.06841131693041,0.04079635506667177,0.4820178544638022,0.0343989953398704,0.2613831333275843,0.020647104531526524,0.185278911253072,84,19,0.0011107973359270817,0.1603843005820567,0.11013869386635156,0.27171081179609624,0.017207860946655197,0.12014243241080595,0.0688487589359283,0.9761369874504037,0.14467310905456532,0.9457677736379227,-0.002629125118255614,0.32603940992963243,-0.001373678445816,0.2559474141042397,-0.075824350118637,0.03036921381248096,84,42,17,76,-0.2959875222309524,1.049787719715839,0.026299408818799486,0.23255666783559176,0.0272626802325248,0.21418184108095167,0.01832663109526034,0.17358303072249226,80,19,0.0011043810057687212,0.1669510328396292,4.504899088750073,0.795722656046566,0.01379781961441035,0.10830305761701574,0.1215350925922393,1.0145097415890043,0.22235682606697071,0.9892542034109605,-0.0038986304774880354,0.34427806166798225,-0.00383245944976805,0.2642155386527264,-0.1008217334747314,0.025255538178043782,90,32,18,70,0.31777279661218283,1.1847405258130006,0.026063083779670343,0.22005374137643324
BadRange,0.05088287450561133,0.7005384697351748,0.11975527510046934,1.1133872101550266,0.0519423633813857,0.2049429479152055,0.033202444454655,0.3093687117255005,74,12,0.002988769482590458,0.4561139757393418,0.6047935614595867,15.11033905392556,0.0269180834293365,0.08043280884098974,0.1304206848144531,3.2865001612578726,0.237943947315216,3.217562249790889,0.0008463371545076398,0.40033082571856604,-0.00081774592399595,0.20964683103220236,-0.1075232625007629,0.06893791146698373,84,47,16,76,0.6081122263112124,3.730108409884536,0.04334753098859822,0.5439202199944703,0.033885702490806455,0.23665065286426562,0.021345135441515548,0.1569201087761817,85,18,0.0012006936471397243,0.1744232352779126,0.18139775877142927,0.9848848833146437,0.01663616299629215,0.10588355284366313,0.0688487589359283,0.9963576993404496,0.1577920913696288,0.9624405504161971,-0.0029081055894493984,0.3616559473473746,-0.00214318931102745,0.32546067508830334,-0.0889433324337005,0.03391714892425247,85,43,16,75,-0.27042395712159034,1.1002226050247443,0.027324768432776262,0.20887367241034854,0.027542784810066126,0.23484580089213986,0.019461584582459147,0.17415395627832023,78,18,0.0012302977552493158,0.17924417404307513,3.743897865448959,2.1325695667352678,0.01471838355064395,0.1205485553910216,0.1215350925922393,1.170062603976509,0.22235682606697071,1.1340583497357388,-0.006670526135712847,0.35140043708908597,-0.00738495588302605,0.3054539579499098,-0.1008217334747314,0.03600425424077006,98,34,16,62,0.2354451891546192,1.4374323438854437,0.026999933437674192,0.23613959188724457
BadRange,0.05170968913364722,0.6536791647496694,0.12148212313652014,1.021735739459918,0.0481128692626952,0.3018821272724156,0.03379533512517806,0.35044560235871947,68,13,0.0031692341208411847,0.4830979399711768,0.8843676769996143,10.632190332673682,0.024109631776809602,0.09704011422943984,0.1304206848144531,3.1282436334536805,0.2661801576614379,3.0835991152875786,0.0023239973932504708,0.41586334514004014,-0.00282141566276545,0.20426196396479399,-0.1357594728469848,0.044644518166102085,87,45,17,73,0.39543521346325294,3.098652425092794,0.04458468430535543,0.5569161679643649,0.03199668228626245,0.275609944720775,0.021865078872069666,0.2159326185884601,82,15,0.0013107781046161518,0.1975242425934037,0.6603530830279603,1.9849243845177478,0.0170224010944366,0.1331876536040968,0.0719290077686309,1.2467840706092252,0.1621645987033843,1.1974879549117536,-0.0009027000516653061,0.3306144556218491,0.0018204450607299501,0.25082313066540074,-0.0902355909347534,0.04929611569747158,78,39,17,82,-0.4132829966597473,1.6548740983262746,0.028697887600069666,0.29701569710584674,0.03313327208161348,0.17839917417021783,0.020414211892057173,0.19916433036216852,83,13,0.0011365879693711514,0.17086004122939585,0.8291453245887781,5.441397650700608,0.0165733993053436,0.09004765071750481,0.0789984613656997,1.4684909726254582,0.1657664328813552,1.4603206359588154,-0.003914671950042238,0.27525793869802884,-0.0031949356198310496,0.17060716302124274,-0.0867679715156555,0.008170336666642837,87,33,17,73,-0.34526375607459836,2.405140935062056,0.026446439512695062,0.30837170494892696
BadRange,0.052683392445578535,0.6799284259102039,0.12244233414530732,1.0613995275634198,0.054993078112602095,0.2969696008737374,0.03573128154501315,0.3658144596463812,67,13,0.0037256310943764915,0.5671573341983409,1.344668318475538,8.44412709822681,0.02729043364524835,0.12668661554176242,0.1774850487709045,3.1884824701219774,0.3132445216178893,3.1628643233063487,0.0015264257788658226,0.4686070824117188,-0.00470754504203795,0.2828949172391587,-0.1357594728469848,0.025618146815628698,89,45,14,71,0.6535189740957922,2.8474721428722933,0.04838201712109919,0.5895462123633037,0.0353878363966941,0.19597017860900448,0.02280332893133159,0.23570901031098035,80,13,0.0013908014380600488,0.2118415443080083,0.30645992855439186,2.396208947318611,0.0175559818744659,0.0909690406546339,0.0719290077686309,1.3539389510792603,0.1621645987033843,1.3132225723562054,-0.0016179945319890975,0.3266303510063584,-0.0018103271722793,0.20720295100707886,-0.0902355909347534,0.040716378723054794,82,41,15,78,-0.3735097713556445,1.8041777332736602,0.029531060164634786,0.32427481880261894,0.027370598167180973,0.20109748469323196,0.018178550279699224,0.19438429011999964,84,14,0.0009324617403577702,0.14095857841881998,1.7768806356705769,3.529558491901212,0.013689793646335598,0.07771321854478205,0.0789984613656997,1.2934783125334983,0.1657664328813552,1.263407020618405,-0.002218209858983752,0.2661620941453426,-0.0011887624859809,0.150589373178187,-0.0867679715156555,0.03007129191509333,82,36,16,78,-0.4050444584626712,1.895726385740061,0.024114363427573525,0.26479486033340177
BadRange,0.04432939685236888,0.5995511363500409,0.10416854262351968,0.9224591482592294,0.044717937707900925,0.27926859734107334,0.031190725583583073,0.32783408380421586,62,13,0.002968969385466092,0.4486193699293043,2.244241216688585,9.14682921327708,0.02002894878387455,0.1311340828936881,0.1774850487709045,2.8673571763344747,0.2751855254173278,2.8576383072311815,0.002324790507555019,0.4112540966594375,-0.0070745646953582,0.23988582798890645,-0.0977004766464233,0.009718869103293176,94,50,11,66,1.2921296629316283,2.9378802349695503,0.04314901737747104,0.528667606261377,0.037403754889964974,0.22606692713040144,0.02104332508519287,0.19132252304086161,83,14,0.001083081236312108,0.16526409161924838,-0.06223158473548951,1.4843171360719598,0.018645435571670452,0.10930727918857627,0.0657669007778167,1.0650601784895377,0.14362940192222579,0.9950427078661077,0.00047753602266311436,0.31285530595640293,0.0027237981557845497,0.23680190644265525,-0.0778625011444091,0.07001747062343004,75,41,16,85,-0.33478883267849685,1.5863732682467693,0.026095089435006883,0.2595874595472091,0.023610241711139575,0.17397979577065126,0.013360985699109693,0.11430828331204072,86,20,0.00042798072438386084,0.06141859972338983,-0.4137416656600479,2.167625712197137,0.0116175934672355,0.08269365740756421,0.0369725078344345,0.7246064519088068,0.0815000385046005,0.7054645909019668,-0.0020853945985436456,0.19834974564338886,-0.00100971013307565,0.15267089079236285,-0.044527530670166,0.019141861006840014,83,42,16,77,-0.25000545486368947,1.4648778355984189,0.016272493505570473,0.14857987120263888
BadRange,0.04375100138641874,0.5567532649021696,0.10424524106085277,0.8712913518494521,0.047871962189674225,0.14853693316991187,0.029124616906046823,0.2448810905876297,63,11,0.0021941144507793054,0.3258067298561563,0.329999984152205,22.01960474391707,0.021470457315444898,0.06073744713475754,0.111840546131134,3.024224653620964,0.1718550324440002,3.004942648070638,0.0027432024478912464,0.3477827334567552,-0.00568279623985285,0.21819406264642469,-0.0600144863128662,0.019282005550326154,94,51,16,66,0.8885109046036456,4.384241893153652,0.037045562591764294,0.45260788787371325,0.03782796114683145,0.22585482905393467,0.020166716766543642,0.17795009208914808,83,17,0.0009570036907084546,0.14131067374205725,-0.3268956560629128,1.5013640954536278,0.019165098667144748,0.10601482476369878,0.0683894753456115,1.047162286633024,0.12723770737648,1.0158033821620804,0.0013400007039308544,0.2910701843912427,0.0028180927038192497,0.21980235188447897,-0.0588482320308685,0.031358904470943416,76,41,15,84,0.1614660225079417,1.4761803802706979,0.02449657565197542,0.23788405053829323,0.0277833212167023,0.15432995661936166,0.01632105461088936,0.185448650863036,84,13,0.0007198721374785146,0.10942877727437478,1.246292492958732,0.6617625216253611,0.01374290138483045,0.07606257901026961,0.0652405768632888,0.8981382651455443,0.146706312894821,0.8793547642362152,-0.001877965359017251,0.232438434001454,-0.0011668503284453999,0.15095272975694746,-0.0814657360315322,0.018783500909329134,84,43,15,76,-0.019827483057993738,1.3914148720103372,0.021194358618918465,0.23537449240163322
BadRange,0.04465093953975487,0.5897891739341099,0.10642875246703601,0.9165489900364836,0.051427081227302475,0.3450659256293328,0.030410962319001512,0.25092173623346964,65,19,0.002273845398186149,0.32507674035984424,0.08505351734471356,16.47828769026127,0.022646874189376852,0.1287275641464639,0.111840546131134,2.754210588074937,0.1691779494285583,2.7175830169966866,0.0038453646004200067,0.3595256921923966,-0.005565196275711001,0.21976367045738196,-0.0573374032974243,0.03662757107825017,89,51,12,71,0.8229378389301995,3.8079528090695325,0.0376192984725389,0.4425132958606129,0.03182180225849142,0.24553430481252966,0.018120827381499068,0.1438732013620804,86,20,0.0008195074673283481,0.1175485145455587,0.46467106340687225,0.27746469662333784,0.0146877244114876,0.12230224473977098,0.0683894753456115,0.8323771979222069,0.1442587375640868,0.7783596937548044,-0.0005709683522582092,0.29082686651434475,0.0018002986907958,0.2512141972603442,-0.0758692622184753,0.05401750416740244,78,44,16,82,-0.16361305513589822,0.9235820962605549,0.02269549396378194,0.1815716064229378,0.030585322529077474,0.21683445727695125,0.018284604265936606,0.18252259127665116,77,15,0.0008786069429339635,0.1318541144532359,0.5478556870275142,2.181419836209524,0.0151712745428085,0.07809536727705955,0.0652405768632888,1.0621248731158521,0.146706312894821,1.0549132697890578,-0.003569985786452879,0.2661964313297423,-0.004494905471801701,0.16677113840916705,-0.0814657360315322,0.0072116033267944505,91,46,13,69,0.0810988656609305,1.6881216047785883,0.02323269309607377,0.24696877211612336
BadRange,0.044389974299767085,0.5916107969360336,0.1044186548888681,0.9138731756821245,0.044646561145782325,0.1970503408969631,0.029383949264883948,0.23115514362390774,67,13,0.0021791032891661597,0.3039277993170168,0.16004819447600616,20.873093265394772,0.02202233672142025,0.1014811622860312,0.1124256253242492,2.865197587987133,0.1980921030044555,2.860433410667432,0.0015677630901336725,0.3435494196649676,-0.0056596100330352506,0.2526165202576553,-0.0856664776802063,0.004764177319700787,91,50,14,69,0.7538273550689166,4.198166417074683,0.03698691490018496,0.43116307305343393,0.027910105884075123,0.2423090399736521,0.01816279319114979,0.14688640849921142,84,24,0.000903177611956904,0.13074967144049532,0.9496540089539125,0.021011141416309886,0.01410333067178725,0.12434966407393745,0.0624448657035827,0.8426016323725163,0.1425808370113372,0.8154376274275243,0.0004970563575625355,0.3146185461683072,0.00238469243049615,0.2881368322767305,-0.0801359713077545,0.027164004944991937,73,46,16,87,-0.541032115137898,0.6286250294487112,0.023828294421642936,0.17822693917429003,0.02743081003427495,0.1896888901604117,0.01749985971371639,0.1753685738989815,73,14,0.0008271287086136329,0.1234465799606307,0.7699480349129062,2.7568714907256426,0.01373715698719025,0.08036338623029607,0.0802141577005386,1.1211474041791176,0.1368078738451003,1.0993671640622074,-0.002909232582896937,0.2557052098488498,-0.0045617520809173,0.17177494011859057,-0.0565937161445617,0.021780240116910182,95,43,18,65,0.6997826105717168,1.8123524968559528,0.022620562998118116,0.24095938582422222
BadRange,0.04497317983714243,0.6203984894380895,0.10527569800615288,0.9612446439709357,0.03996764123439773,0.17789251813781656,0.0262167875654995,0.19102735081311806,70,14,0.0019302977798265847,0.2446718870509105,0.42230954486753847,13.845770393116524,0.01824754476547235,0.09096577373645183,0.1124256253242492,2.1416293169121143,0.1980921030044555,2.09296362402713,0.008575961738824838,0.3559218662312682,0.00176951289176935,0.2934051384562778,-0.0856664776802063,0.04866569288498431,76,50,14,84,0.6221399816093643,3.460867112618341,0.0337640945480534,0.3434989260381488,0.03695497661828985,0.35962990132147876,0.022004445083439305,0.18875841314000286,80,17,0.0012346923289120206,0.1828285169292164,-0.050938877730590804,0.9177611587683705,0.018990159034729,0.18132061109099007,0.0624448657035827,1.093311387117162,0.1425808370113372,1.0420728770617924,0.0007873592898249625,0.35136703892998356,0.0006516575813293,0.3157302532619669,-0.0801359713077545,0.05123851005536952,75,41,16,85,-0.24234984993925365,1.0834975247567116,0.02785520099206188,0.24365902585948215,0.028353001922368927,0.15868518053898423,0.01796591799706216,0.18302347942426503,72,13,0.0008516804345411283,0.1295207914743207,0.4850771905270679,2.104369698186434,0.014075189828872651,0.0846225126896002,0.0802141577005386,1.1194513296500936,0.1339981704950332,1.0925214135058914,-2.5384500622748463e-05,0.2539557388096838,-0.0029758661985397,0.16412693200174783,-0.0537840127944946,0.02692991614420237,88,40,14,72,0.6627044159524352,1.7259242042674539,0.02314405806277097,0.2550044591765962
BadRange,0.04463474357411974,0.6787734612309225,0.10462204426527001,1.048445858896937,0.03292512893676745,0.32675299005443287,0.024370415313169323,0.2169441496140929,73,21,0.00200529500985581,0.2827293615921997,3.289318929377064,3.3620189411799775,0.0161506831645965,0.17831301124496152,0.1335222721099853,1.6063449493872226,0.2451627254486083,1.54248489120999,-0.0047154448926448695,0.4439811658656117,-0.0066016316413878996,0.39729410139130206,-0.111640453338623,0.06386005817723255,98,49,14,62,0.668264624920159,1.5686396137138225,0.03519682605222024,0.29259201279052693,0.0349808186292647,0.2939046342539282,0.020442707394249693,0.19146400782725284,82,19,0.0010609787302622445,0.1563191586743794,0.038365449190149725,1.5364877272411208,0.0179994255304336,0.1098385551842681,0.0688875317573547,1.0745008230761404,0.1373164653778075,1.052576914827089,0.002518500201404093,0.31294141265893066,0.0035571902990341,0.21306223058487395,-0.0684289336204528,0.021923908249051518,73,38,13,87,-0.03608307472732002,1.3422135441543848,0.02570796539849555,0.24163367090993815,0.02812696620821945,0.4170018301470444,0.01947946373140435,0.2443968980782842,69,14,0.0011303799584624636,0.17359020231317576,1.6924494087035793,1.0806537211784653,0.013907350599765752,0.06775975603511938,0.0879010558128357,1.284855000459612,0.1744523793458938,1.2371841611933823,-0.0012773131951689686,0.29152328037239483,-0.0039158314466476,0.14299297960380056,-0.0865513235330581,0.047670839266229816,94,36,15,66,0.5951998466601613,1.4229981155618203,0.02663248019427787,0.297664877528562
BadRange,0.053228477258696914,0.7843776221305775,0.12328707605600334,1.2003919083934718,0.04704380035400382,0.3144342184694872,0.03559420180507,0.30465520941283286,62,16,0.003527921172196885,0.5222740152584096,0.6326312252745199,12.392360665479046,0.0213587880134582,0.13934638380376457,0.1496162414550781,3.0457429110225793,0.2612566947937011,2.980013045447965,0.0041768003255128975,0.5361257053063451,-0.00422990322113035,0.38469589684700495,-0.111640453338623,0.06572986557461452,89,46,17,71,0.6507907649136782,3.155908679985429,0.04691761892078844,0.48460627664959477,0.0349023193120956,0.296568906033736,0.021721956464461935,0.18987466597862956,79,19,0.0012693070085445523,0.18857000940383212,0.6961853490793657,5.5724330097788215,0.0172720104455947,0.13015820625058339,0.0688982009887695,1.492320989149073,0.1630169451236724,1.446024042468816,0.0008971657603979109,0.3497401726690885,0.0005443692207336001,0.28089681696025937,-0.0941187441349029,0.04629694668025689,77,37,18,83,-0.1739583422632815,1.9206265003217766,0.028239977442909993,0.2573942909724849,0.03307482227683055,0.26154316446103376,0.020445534293539777,0.21526735152106183,74,18,0.0011567992773267538,0.17771687254579407,1.279504217468138,2.1710660358581686,0.015994347631931298,0.13738965388561186,0.0879010558128357,1.3250098687652128,0.1744523793458938,1.299203441679834,-0.00022686664015054314,0.314526030418038,-0.0024073198437689998,0.2047251042350052,-0.0865513235330581,0.02580642708537883,88,35,16,72,0.4299429438730093,1.5484948980579456,0.026972113805305425,0.2806960076938493
BadRange,0.05151314901488373,0.7143150333699522,0.12005329377949213,1.1116015077007981,0.049738615751266375,0.2685755639975182,0.033785994015634015,0.3170304440253677,68,13,0.0029870811605487496,0.457435898489913,0.37747062338939497,5.480575368947113,0.0250093042850493,0.12305874429524426,0.1496162414550781,2.4515252117087316,0.22169446945190419,2.3840137237758667,0.0004324145615100944,0.47710693596728204,-0.0073720216751098,0.3195493217888818,-0.0720782279968261,0.0675114879328648,92,41,17,68,0.7532902932739378,2.374938234807015,0.04334142635203522,0.4793796722242452,0.03843174129724495,0.3099685477582056,0.02342529758461747,0.22443106601434107,82,17,0.0015343014584703774,0.22637276752104846,0.3421446025610182,2.5434923921723307,0.01935622096061705,0.1286932188749353,0.075078547000885,1.4375703315941664,0.1691972911357879,1.3975546913873567,0.0033491922076791447,0.37249769466951116,0.0044456124305725,0.2627670297692718,-0.0941187441349029,0.04001564020680964,65,41,14,95,-0.2755416367855051,1.6116553422040782,0.030881739500326806,0.29600377529171495,0.0310479551553725,0.1924733656711104,0.017455701692961113,0.14136080611314286,84,19,0.0007496580385120305,0.10664303656370537,-0.6447480722451626,2.9811925523140275,0.01559011638164515,0.0835075720538522,0.0531155169010162,0.9858183260296834,0.1077650487422942,0.9685864627640027,-0.002359909471124407,0.261996877064005,-0.0018779635429382001,0.20484659954827586,-0.054649531841278,0.017231863265680675,88,40,15,72,-0.04388229316108512,1.7079428504910972,0.021584226743943218,0.19493761302635784
BadRange,0.04476007281057035,0.6079892881823271,0.1037684708088634,0.9375019020691253,0.045503139495849526,0.30609271790298087,0.030947514623403505,0.2856106546234846,80,15,0.0026605043778469856,0.3963106702174046,1.0044381544261878,14.158194733899048,0.02356258034706105,0.14733030290450558,0.1553413867950439,2.955152431428547,0.22741961479187,2.9409025781035636,0.004722559452056875,0.40593876725853983,0.0044105648994445,0.27895127359127336,-0.0720782279968261,0.014249853324983736,71,45,16,89,0.6833187322874248,3.4497817111688636,0.040630411739414715,0.4811698114533181,0.027407547459006223,0.2778177200036542,0.018413623294909445,0.17950922340055023,81,17,0.0009838280099171437,0.14092318625620115,0.6571344337733818,1.7281991856098493,0.013861611485481252,0.10623522396197817,0.075078547000885,1.1039859546539426,0.1363145411014556,1.0878752330559576,0.0016607110854238224,0.29800719948958365,0.00206193327903745,0.22332602180254682,-0.0612359941005706,0.016110721597984923,69,44,14,91,0.06718511001487618,1.3721840509696372,0.024819033979730336,0.22828687064432027,0.024253681302070475,0.24282324940382602,0.015245548109523907,0.14538914006697248,87,23,0.0006231153770422113,0.08708335442562452,0.06899189286700436,0.5417867090865642,0.01254136115312575,0.12129181481787013,0.0457706600427627,0.79046628198088,0.1050232797861098,0.7717048074217374,-0.00269036032259464,0.23355593532100194,-0.001140646636486,0.18537594828070897,-0.0592526197433471,0.018761474559142573,86,41,17,74,-0.41189889110352085,1.0212188340534707,0.019611550235190785,0.1803745533659238
BadRange,0.04025748502843499,0.5577492932850265,0.09451563492417313,0.8585145337019595,0.03702697157859788,0.18800602057124693,0.026836171224713278,0.23261980414631253,72,13,0.0021610353701311123,0.321776600359977,2.2891998845321417,13.4559185047404,0.017992705106735098,0.0883748828817762,0.1553413867950439,2.4917379604065397,0.213780641555786,2.479851132796679,0.003950352221727372,0.35670549038108634,0.00161930918693535,0.25215611269208327,-0.0584392547607421,0.011886827609860725,78,45,17,82,1.2167897375797934,3.6431217968321485,0.03665294412612984,0.44106438701392087,0.030759073793888,0.2178910041964163,0.018541775412158994,0.17210685825758926,79,18,0.0009236306907354347,0.13818140912062404,0.18097195064449956,0.6734604329830653,0.015113204717636101,0.10966445670210559,0.0629104673862457,0.8629109530797345,0.1275973320007324,0.8332537447724326,0.0009133108891546695,0.2985785772098089,0.0008103400468826,0.22007754516263434,-0.0646868646144867,0.029657208307301904,74,36,17,86,-0.14190839186589074,1.2497022658273076,0.024084443580254532,0.22143225228496005,0.02174368873238555,0.1775544676634241,0.012749535767361486,0.11423216402585762,76,20,0.00048167047043750743,0.06471824374973731,0.8668222150403562,3.786650507865681,0.0106667280197143,0.08191626708280293,0.0457706600427627,0.8191263176451445,0.1050232797861098,0.8131662409438659,-0.005564458854496465,0.20323046611106407,-0.0061949044466018,0.1474482462113545,-0.0592526197433471,0.0059600767012786375,102,42,18,58,-0.05922607471249207,1.7193064051672882,0.01648573514666072,0.15302163701260335
BadRange,0.04533758560085399,0.637178145292006,0.10623526990413643,0.9839448492747528,0.04368627071380607,0.19920990075584233,0.029574779821559743,0.26339881084143374,67,12,0.002508604855572894,0.3671228794516391,0.9905355986251081,19.605292009216967,0.022504925727844148,0.09774316766192398,0.1373345851898193,3.1297585574885876,0.1957738399505614,3.081896400853044,0.004904442280530941,0.36771441750682554,-0.00192028284072875,0.23304480166297614,-0.0584392547607421,0.04786215663554343,84,44,14,76,1.0377923434054326,4.141206676602833,0.03941489653137016,0.4815692957501081,0.035895645618438624,0.2663699388723252,0.022247570556355595,0.18145408855208797,79,20,0.0013203656002524372,0.19739107993623212,0.026998438967934302,0.2744021786078603,0.01842586696147915,0.10966121021914764,0.0753509998321533,0.9586343582047563,0.1404599249362945,0.9110688150259705,0.0009987420402467213,0.3805930736274311,0.0008013546466827,0.3178987972282047,-0.0651089251041412,0.04756554317878576,77,38,15,83,-0.06844292052364788,1.037946666796687,0.028799563492408614,0.2292160383634988,0.02180243283510205,0.24314446677909457,0.013714806758798626,0.13283565809104003,68,23,0.0005718745976556548,0.08023594082351046,1.3980001179271104,0.4649929065078422,0.0108753591775894,0.11471529330571126,0.0541933327913284,0.7433848184783401,0.1224057972431182,0.7027021313567766,-0.004776359070092421,0.23563735814049608,-0.0067462027072906,0.18716678785425628,-0.0682124644517898,0.04068268712156357,107,45,15,53,0.5808740050769815,0.8688214609549585,0.018349726714831788,0.15719725274977944
BadRange,0.048995848011415356,0.7054944484559406,0.11635340511798835,1.084158472423002,0.052725046873092554,0.22350223570253863,0.0330698910541832,0.31605313335555657,76,12,0.0029344803082471628,0.42055602408981735,0.23545607245954114,8.981981579479255,0.0261075496673584,0.11945147603943866,0.1373345851898193,2.6872386245482187,0.2115691900253295,2.6342263942647426,0.006655215099453926,0.43024693877138837,0.0046107470989227,0.2828438280925504,-0.0742346048355102,0.05301223028347612,73,47,14,87,0.5661866166274492,2.83094277122849,0.042438362906373504,0.48522530412960374,0.03873518854379648,0.28743950587895706,0.022327521629631468,0.16955369353991404,80,22,0.0012734466572457907,0.1851183728622362,0.10570064817180613,-0.7280277091439875,0.018933624029159497,0.14554677715175854,0.0753509998321533,0.8163256428317746,0.15776649117469782,0.7278131497031617,0.0004085825756192176,0.37980832175577217,0.0003779679536819337,0.3578385465904853,-0.0824154913425445,0.08851249312861281,79,43,18,81,-0.06895307669912035,0.5328587804750194,0.028297382523264303,0.20214848895626225,0.027250409126281648,0.2248248596377983,0.016833716032560862,0.14491930115094667,69,18,0.0007218404423581254,0.10876529888754324,0.1800932786855145,0.19529174368233626,0.013612471520900702,0.097924674260145,0.0541933327913284,0.7334774346979736,0.1224057972431182,0.693009307013504,-0.0017776763066649354,0.27410321189584147,-0.004257082939147901,0.22209237283047356,-0.0682124644517898,0.04046812768446947,93,37,14,67,0.19126271361113506,1.0214917168062951,0.021232232371900757,0.18339227932474875
BadRange,0.044198395679597255,0.5952420126710131,0.10670203045010543,0.9272812322515028,0.048411101102828896,0.22813495777710674,0.029215061692520927,0.24855260971278398,74,14,0.002220963543961463,0.31177287484688515,0.5516151089992971,10.841909321746849,0.024267554283142048,0.09342119847002593,0.1147528886795044,2.2296485338813836,0.1889874935150146,2.201909195765155,-0.0018694844096899005,0.3721204249013521,-0.005893588066101,0.25131561511942324,-0.0742346048355102,0.02773933811622886,91,50,16,69,0.6959089460931571,3.192794297784883,0.03732714112642489,0.4162922821986042,0.03282783925533282,0.2021046359065419,0.019864918701350643,0.13348183188855514,88,24,0.0010459983616429515,0.13713498016734607,1.43656807209981,1.9335203718514995,0.0158599764108657,0.11440354598675508,0.0862684845924377,0.9080955941046289,0.1839565634727477,0.8659683114016106,0.0013890001922845768,0.32441083379750146,0.00451180338859555,0.31263800839553674,-0.09768807888031,0.042127282703018305,69,44,15,91,-0.35060144131187654,1.211839377336122,0.025610918553910206,0.17858496880240493,0.032850749790668404,0.18200483253263172,0.017114506706129715,0.15144125234432138,78,17,0.0006805567253053896,0.09975530882261817,-0.6502540507430425,5.76249308429141,0.01534534990787505,0.07176017845165891,0.0526776015758514,1.1644035757493822,0.1044152677059173,1.1388842770846959,-0.002172829676419494,0.2307499735526493,-0.0028777346014976,0.1465354894557498,-0.0517376661300659,0.025519298664686337,88,40,15,72,0.06742642591826956,2.2555711907215263,0.02057358053092068,0.21566121238662692
BadRange,0.044115360372136626,0.6118535954522681,0.10544543117284752,0.9444291233632398,0.04280236363410937,0.16938801668017586,0.026966741844080357,0.19381595051435516,67,13,0.0020343616834552908,0.24551528720458277,1.023769952578573,22.875267177870963,0.0207094848155975,0.07741864248623964,0.1316189169883728,2.5493481675106695,0.1829168796539306,2.4874336446928664,0.008673226460814473,0.3268624608957499,-0.00022932887077334996,0.22940908696068396,-0.0512979626655578,0.061914522817803165,80,53,17,80,1.0466803485066931,4.459277477368612,0.03469545773353997,0.3723925601589767,0.03714813292026513,0.2938770486729681,0.021967432536184744,0.16846346739165705,86,22,0.0013357213361289378,0.1693594322641459,1.2510626786892693,-0.23280378530846102,0.01737432181835175,0.12802793417866926,0.0960715413093566,0.917455066658433,0.1937596201896666,0.8505365780385373,0.00010557621717452543,0.3583419833630462,0.0019711107015609,0.3116437189226886,-0.09768807888031,0.06691848861989566,74,46,17,86,0.006026041471034332,0.7126193834437217,0.028983876476247842,0.20236218822592375,0.03205701336264605,0.16902765182302587,0.017639473034068893,0.15283807905785418,90,17,0.0007903813787741337,0.10891815686238993,-0.12786691102546577,1.188892565196972,0.015756241977214702,0.07846912935019393,0.0498708486557006,0.8253024222990362,0.1149563789367675,0.7989826006892703,0.0005588758736848714,0.2592246791044437,0.002549797296524,0.18212704216828646,-0.0650855302810669,0.026319821609765873,68,46,16,92,-0.38927225820005834,1.5004800949800847,0.02228858228145927,0.20425651178258222
BadRange,0.05136513870166988,0.7185867892714064,0.1255868588387964,1.1461016624056264,0.03994940221309652,0.27223994070582314,0.026563234776258427,0.2330787496062635,64,15,0.0019763437847430117,0.2728200183373829,1.6901657065738638,10.310213004527444,0.01860189437866215,0.13552170013186396,0.1316189169883728,2.1760447666494183,0.2285469770431518,2.1320403579433127,-0.002651986852288233,0.3782241585445905,-0.00800430774688715,0.29784569270786876,-0.096928060054779,0.044004408706105766,99,47,13,61,0.7112290816517216,2.8185751143032833,0.0351554582566118,0.3602311816467577,0.05405585467815392,0.2388704205374579,0.030521206625271545,0.23697876745942772,77,15,0.0022167950583102366,0.30651856849059095,-0.29129602229084783,3.6024070573203613,0.02725636959075925,0.12060265142441204,0.0960715413093566,1.7642422595127158,0.185786873102188,1.7372522308024831,0.0018092660233378372,0.432962492850831,0.0006266981363296,0.34323918151103616,-0.0897153317928314,0.026990028710232806,79,42,18,81,0.012198825789224052,1.9204833776208143,0.03729499560609384,0.34505368897460725,0.031450923532247474,0.26377736227398146,0.020839882540749345,0.18776466871012631,87,20,0.0012091301817970903,0.17168167250144195,0.6381186575998661,1.4293718687019519,0.01623912900686255,0.1074756889492704,0.0535277724266052,1.140135411851643,0.1537770628929138,1.08556081998217,-0.005309909489005806,0.33491501101020477,-0.0030109733343124,0.2424306085337593,-0.1002492904663086,0.05457459186947294,85,44,14,75,-0.5634548555854556,1.3836650844280554,0.027057101972242883,0.24395411023689753
BadRange,0.056106842810582945,0.7339671762907048,0.13412496685981729,1.1591282238454836,0.053084686398506054,0.2475759832247426,0.033786051184870255,0.30529527564847997,63,13,0.0027950616355681347,0.4158347064895191,-0.1130682916822292,16.7270172965644,0.02458992600440965,0.12244395528516676,0.1141195893287658,3.2643068911989115,0.2110476493835448,3.2463965507718187,0.004237430170178423,0.38194832000750323,-0.00513151288032525,0.2383706372109578,-0.096928060054779,0.017910340427092986,89,42,16,71,0.47075834418966206,3.7515415377551276,0.041711289306740895,0.5195673077984844,0.0517698600888252,0.28205555760477574,0.02934727069921787,0.26809234914594166,84,15,0.002106908014684614,0.3223753969973135,-0.03264632570080783,1.6652989478362272,0.024699032306671052,0.13668615513130336,0.0864374339580535,1.4989134046660717,0.18918177485465992,1.4659827854653353,0.0016652984544634768,0.43227869485495746,0.00408259034156795,0.32666705138707086,-0.1027443408966064,0.03293061920073627,72,41,17,88,-0.25416834607582733,1.6165239342985829,0.03636356307808383,0.3681175450475132,0.03677142038941378,0.24871636298135888,0.02080626761773597,0.17163072459215034,77,18,0.0011731243617734513,0.1763338517166494,0.8213379013239819,6.083226770017083,0.01794657111167905,0.10405370593755456,0.0640017986297607,1.3990516375412103,0.16425108909606928,1.3355355156821538,-0.003612023033201691,0.34490120898302284,-0.0049086362123489,0.268720582279331,-0.1002492904663086,0.0635161218590566,92,41,17,68,-0.4159928816393596,2.170165701832003,0.02691997954742422,0.23953498232763126
BadRange,0.04672962799462969,0.6196936995541062,0.11004180461168267,0.9861046204266164,0.0451012253761291,0.24209907788708349,0.029746606182306963,0.2507246764344067,67,14,0.002289429971329962,0.3455226991318456,-0.07474244626140347,16.141310771269314,0.020408749580383252,0.1133511037253164,0.1077359914779663,2.8304379555441836,0.1757019162178039,2.811733869860233,0.0021319434046745385,0.35476630300466444,-0.00447863340377805,0.22895733463643048,-0.0679659247398376,0.018704085683950523,89,43,18,71,0.6692141048305029,3.875246737114872,0.03788560801932846,0.4686828025266643,0.03419742733240122,0.2223511603958029,0.021662833145819564,0.159934698645257,90,20,0.0013044241561163893,0.1890110320304924,1.3532895602166537,3.673275086531474,0.01783538609743115,0.11178138574546018,0.0942236185073852,1.2057584755743402,0.1969679594039916,1.1466744052793503,0.0033472107723355174,0.3742963685056096,0.006535917520523,0.3219472199760212,-0.1027443408966064,0.05908407029499007,61,47,15,99,-0.6078494143784878,1.6905053319380106,0.028445004250056197,0.22116342499157796,0.031180556863546323,0.22142165656684165,0.016804074198007536,0.14182269160298594,68,20,0.0006731102970500809,0.09726735163213512,-0.1435273386155762,0.2655214406828219,0.014572240412235201,0.09086071827993313,0.0640017986297607,0.7290234812561757,0.1198770999908446,0.7149159963400027,-0.001326163113117214,0.2570419489163426,-0.0054145008325576505,0.19707544942278135,-0.0558753013610839,0.014107484916172983,95,43,16,65,0.4364382765323051,0.994623355596084,0.02053217084972929,0.17662612527433044
BadRange,0.050229005197613905,0.6793351043227814,0.11870527118444421,1.0685843155653343,0.054774850606918224,0.31490326485736103,0.03338484912179406,0.2687439503360653,77,16,0.002842883095084257,0.3999447219834301,-0.08771388500194677,16.769360128876677,0.027568787336349453,0.15444752914799054,0.1073353886604309,3.008013539209466,0.2146709561347961,2.9227468710531834,0.002943793684244159,0.4252728982268625,0.00133493542671195,0.3054995488776038,-0.1073355674743652,0.08526666815628255,79,47,13,81,0.23524878449506315,3.760365292061483,0.04218123238427686,0.46806803353482157,0.03656252846121773,0.2374569375757067,0.02367033427581186,0.1546430415217185,85,21,0.0014470987047752015,0.19503776417301097,0.4247660248833913,0.7959088464675901,0.019781678915023748,0.11105776058750491,0.0942236185073852,0.9771961205757471,0.195307046175003,0.9536513560581634,-0.0010463699698448222,0.3875993640724956,0.0028179213404655,0.37062754737910697,-0.1010834276676178,0.023544764517583736,76,51,15,84,-0.2931015740673463,0.9412886671267665,0.030150011531367493,0.21167072812178817,0.028402648866176522,0.23888768752116116,0.01707442260347302,0.13982931508989624,73,20,0.0007273664161435953,0.09454766702137428,0.23631902097727986,-0.39655493719692236,0.015039548277854949,0.12495009118188652,0.0694741904735565,0.6697871857101603,0.13694152235984802,0.6532717229843772,-0.001355259865522381,0.2557120532659762,-0.0041538923978805,0.22307638621083964,-0.0674673318862915,0.01651546272578304,90,46,16,70,0.13401290976762364,0.7064582011640668,0.021345137004656907,0.170760103173642
BadRange,0.04932113627628322,0.6600654882549187,0.11702735245227792,1.0287444622321396,0.05672888457775105,0.33031095168137325,0.03310117895714935,0.2686343073328399,74,17,0.0027737527350918216,0.39116001151146373,0.0022581868792661552,11.178108583027669,0.0269698798656464,0.16993609776278426,0.1073353886604309,2.6571611020525747,0.2146709561347961,2.620269816000948,0.0030963901430368437,0.42606409638666876,-0.0035010576248168503,0.35226887118371275,-0.1073355674743652,0.03689128605162654,84,48,14,76,0.2838473324980936,3.1132632108346514,0.041651538315406085,0.4578530302200425,0.03961921483278262,0.29811398502753217,0.02232527801650572,0.17067063244485017,83,21,0.0012408569235262846,0.15918899963278313,0.23165463527104446,-0.5317377164053805,0.02016967535018915,0.1406359530274492,0.0599662065505981,0.8372267080759772,0.1610496342182159,0.8003706846515972,-0.00276510016992688,0.3440383908731796,-0.001270905137062,0.28383389505601386,-0.1010834276676178,0.036856023424380026,84,49,16,76,-0.3376211602487529,0.6727463351962569,0.027797828941136797,0.20205589632123186,0.02814511582255355,0.248931201809371,0.01774184117093678,0.16026637179931477,80,21,0.0008165843625489973,0.10638214926229742,0.1629728704515352,1.0507895900077937,0.01415637135505675,0.12015747338984803,0.0694741904735565,0.8856626300228481,0.13694152235984802,0.8676744614020019,-0.002976163569837803,0.25864197497229113,-0.0027186423540115,0.19005112987441425,-0.0674673318862915,0.017988168620846207,88,50,15,72,-0.01789393708990333,1.181313932525042,0.022464679239464307,0.19871204806133455
BadRange,0.04305187974725719,0.5705260973539503,0.10302171364426588,0.896476110573359,0.046062245965003926,0.19335702152768855,0.027922593895345876,0.2188315623072626,70,14,0.0019512332375616337,0.28689448709165827,0.1436372722188981,20.686984585427698,0.0226829648017883,0.09814740663368163,0.1195876002311706,2.737528164192012,0.1918028593063354,2.713897007910219,0.0014974541962146787,0.3438038359898121,-0.00348612666130065,0.24391279710790914,-0.0722152590751648,0.023631156281793384,88,47,17,72,0.5409749644320203,4.212142030769889,0.034999060607788936,0.41072303252964604,0.03939387202262867,0.25569622149638077,0.022100751448888286,0.17177334572855943,86,22,0.0012341626680712624,0.1739090155618974,0.5784751886775776,8.563107096470715,0.01935539394617085,0.11173693972371557,0.0578736662864685,1.5157169742668206,0.1628522276878356,1.4262972058113734,-0.002080856170505286,0.3377287032525749,0.00091379135847085,0.2720085100552404,-0.1049785614013671,0.08941976845544726,78,44,14,82,-0.6414571253997877,2.4431093538656814,0.027782111889192416,0.24463920078603835,0.02460087090730655,0.19124422044127806,0.01434411883354183,0.12245949861804446,82,18,0.0005626762689131114,0.07018724262073203,-0.07286945426245106,0.6387937061867079,0.012300819158554,0.08646419718080652,0.0349010825157165,0.6533820191965944,0.0866290032863616,0.6341141868363235,-0.005191323161125173,0.214943571330972,-0.00414504110813135,0.16585972553506856,-0.0517279207706451,0.01926783236027095,93,52,18,67,-0.361432108054103,1.1033660212307905,0.01807664553696681,0.154875768809131
BadRange,0.041431992309846545,0.6053712862679086,0.0984737595915792,0.9450384101085114,0.03832904994487753,0.26161593675269695,0.024857138320803607,0.19980461018434287,71,20,0.0017633749221245372,0.2410121754929433,0.6530935089225602,14.197588666477042,0.01930770277976985,0.12540998427100547,0.1195876002311706,2.083625917142097,0.2047327160835265,2.025247468471212,0.007781666517257686,0.37161446949341015,0.00499805808067315,0.2987187445853232,-0.0851451158523559,0.05837844867088507,71,49,16,89,0.3276638412836878,3.2983420509147003,0.032374459885417074,0.320803462506368,0.032784916460514,0.2874942154397031,0.021313655627891386,0.1780875008430601,84,20,0.0013145186325905255,0.1791447461532897,1.2991601336795808,10.866048009365974,0.01632824540138245,0.13307005181968928,0.0578736662864685,1.6509216661978876,0.1675486862659454,1.5939543970094643,-0.0059682441875338445,0.33491872593431404,-0.00442892313003535,0.28188081294680417,-0.1096750199794769,0.05696726918842324,94,43,16,66,-0.6222047045215218,2.698555256214314,0.028122896630774087,0.25879372707201687,0.0225366726517676,0.13699667091473022,0.014869765215553294,0.11918509025472171,77,19,0.000599217507428118,0.08353755690897177,0.7494378495134195,2.42537966383832,0.0114842206239699,0.07361768782226327,0.0642271637916565,0.8145085064598897,0.1128393411636352,0.7924846993135579,-0.0005234573036432208,0.23850521468078706,-0.0012917965650558,0.19224345426103895,-0.0486121773719787,0.02202380714633184,84,43,13,76,0.2516117520091079,1.529523955967058,0.019405943058928524,0.1632569125000331
BadRange,0.03863683407457924,0.534648875799571,0.09346502885222412,0.869243498955581,0.0342155694961547,0.24273005131687708,0.02078939117491242,0.18539671046230008,80,17,0.0013200515519227064,0.15713111834628885,0.9384944724616697,1.9413120349521247,0.01644253730773915,0.10200655107021395,0.0832486152648925,1.066624163582248,0.16979378461837757,1.0358913423579241,-0.009483699128031715,0.30937236845929716,-0.0099079012870788,0.23010905125529024,-0.0865451693534851,0.030732821224323848,108,48,12,52,0.27755121289645185,1.5784122207604216,0.02719770006555723,0.2478302967358384,0.029773749411106,0.1964777927755829,0.019052446413552353,0.1396115398744724,81,19,0.0009889691021837343,0.1312806442946277,1.476055883021222,2.0961999634876616,0.0151116847991943,0.10200386479061473,0.0549235939979553,0.9793672336640726,0.1645986139774322,0.9440232911712189,-0.004022990446537725,0.3071755016924145,-0.0033405572175979,0.27439761500547755,-0.1096750199794769,0.0353439424928538,93,43,17,67,-0.4202986273763607,1.4188042351306875,0.024611113442659326,0.1921558103587845,0.02558103948831545,0.20113584998589817,0.016282993529457553,0.14073229905379597,71,17,0.000704582346653157,0.09650822351421268,0.3320599003309841,0.8605664225085938,0.012876957654952899,0.07996408603098601,0.0642271637916565,0.7697796494982379,0.10909354686737059,0.7561394584499102,-0.002986375056207169,0.2526956288038692,-0.00533451139926905,0.18567564676512038,-0.0448663830757141,0.013640191048327725,97,39,14,63,0.5346544113953913,1.234897111568631,0.020836483018627363,0.18070180601651387
BadRange,0.045172427022572764,0.6097250206860526,0.10624513104557967,0.9524906438021725,0.04907843470573415,0.19228390243950977,0.030845951531082348,0.26704436625420125,67,11,0.00254426005801093,0.33896834920470836,0.3190584892000117,14.642888210888408,0.0242780447006225,0.0992069101128248,0.1220580339431762,2.815815237705003,0.2086032032966613,2.80327674838372,0.005605341494083404,0.35969034451320503,-0.00117495656013485,0.2383539579600274,-0.0865451693534851,0.012538489321282952,83,46,14,77,0.7294305216890816,3.521917816605738,0.039604874650629986,0.45781132059908725,0.0305200591683387,0.2041529412868362,0.019577802252024372,0.144387225665967,80,22,0.0010698818107322068,0.14317352662767743,1.1906674997311066,-0.16756872645990217,0.01528936624526965,0.11709382740835993,0.0903861820697784,0.8116496872690685,0.1613376140594482,0.7654808261121824,-0.0030927606858313023,0.33243873040498556,-0.0032234340906142503,0.28181770886493085,-0.0709514319896698,0.046168861156886176,92,43,18,68,0.5141024943899082,0.7043011824787482,0.025753763123408966,0.18071529308389703,0.028048183768987572,0.21570229755868037,0.01627189070219169,0.1359976374411123,83,19,0.0006657004735261138,0.09591695117854618,-0.23182767422388073,-0.5573940655123719,0.01478332281112665,0.10254563421810686,0.0468348264694213,0.6338254850350077,0.1096657216548918,0.580637749110768,-0.0003463229164481191,0.26036156888398204,0.00034817308187480003,0.21959714198122038,-0.0628308951854705,0.053187735924239615,78,44,18,82,-0.1267635532333419,0.7947579322922953,0.020458710839123193,0.16771644113448642
BadRange,0.0432391262064962,0.6045984078242901,0.10088251858949637,0.9197579302680673,0.0404892563819884,0.22675066023380558,0.028537232493981674,0.268538313782532,63,13,0.0024236258816079425,0.34996288229378514,0.9329280767574808,10.172720248739832,0.018659621477127047,0.09595259193305733,0.1220580339431762,2.5032859676225043,0.21264225244522078,2.4693586814356596,0.002285473793745045,0.3517862777363907,-0.00418692827224725,0.20846413828290328,-0.0905842185020446,0.03392728618684451,89,44,17,71,0.7432055850409062,3.2306232136109907,0.038974822197495124,0.4756146518875971,0.030029997229576,0.2549131618649701,0.01968964044935997,0.15949597038922975,70,22,0.0010717577007030923,0.1508643582548488,0.5756079842361101,2.2298114402768965,0.01621301472187035,0.12419020653141527,0.0903861820697784,1.028988732179209,0.13745850324630732,0.9759229716198367,0.004567936435341829,0.32516178936961637,0.00156372785568235,0.2819403450942818,-0.0470723211765289,0.05306576055937241,75,42,15,85,0.6171454707408875,1.3972751712533418,0.025555120244858297,0.21244803832654724,0.023528300225734648,0.19964272433122232,0.015386792607605412,0.13756767871498218,88,16,0.0006238151731292673,0.09252499887885034,0.14328462119794994,1.8993517196540726,0.012366063892841249,0.07462920443704829,0.046324998140335,0.795450374627724,0.1091558933258055,0.7473097305164427,-0.0011860780417919214,0.24280986316206016,0.00080678611993785,0.17845359200834818,-0.0628308951854705,0.04814064411128134,75,44,16,85,-0.3517954723516765,1.5958625014720138,0.019771721171221397,0.18321672748434287
BadRange,0.05004021014158222,0.6915364221160106,0.11574925154447532,1.0697681416999385,0.043853312730789004,0.23995229364698512,0.03430696140974756,0.3000765530608013,66,13,0.003529685453440688,0.496996230512324,1.1834452791952685,16.54839360643979,0.0220853686332702,0.09975740175494417,0.1554751992225647,3.3169083648195117,0.3008624911308288,3.278003149344932,0.004486425220966343,0.48321272110682983,-0.0040754973888396506,0.34072368735700087,-0.1453872919082641,0.03890521547457971,84,44,14,76,0.4702615986770799,3.705901731081959,0.046900675428075314,0.5133241633440385,0.03697834908962245,0.2734827854703201,0.02238200804218645,0.18214938149296891,82,19,0.0012960806861385663,0.17822270046290356,0.15552250157105396,1.3178540104964904,0.0177694708108902,0.12519743468417965,0.0593897700309753,1.0953137118677612,0.147208273410797,1.0219390405658308,0.0033927060663700034,0.3494820139777486,0.004092246294021549,0.2809628917853898,-0.0878185033798217,0.07337467130193027,70,44,19,90,-0.29663620213641934,1.3804731719788546,0.028347173375376518,0.23682276573201383,0.026137128472328103,0.18846957522233349,0.01600449862889941,0.12867479589897718,85,19,0.0006228519703752665,0.0844180234963458,-0.2814660909583129,0.9099046499899774,0.01385378837585445,0.09199189747592315,0.0488511472940444,0.7228734856461843,0.0995389670133589,0.6816633780036554,-0.002100148051977159,0.23707340661536003,-0.00026525557041165004,0.1948453327339983,-0.0506878197193145,0.041210107642528866,80,49,18,80,-0.14337669970868025,1.2596545854826073,0.019679746882974136,0.16797090037305265
BadRange,0.051509090281967776,0.7244005360496517,0.12089256957173325,1.109272551585455,0.047892197966575525,0.3230346626269112,0.03386135667562481,0.29952091242185064,72,14,0.00341658847793013,0.46790427306247595,1.3435510344027763,10.19577890492577,0.022488057613372747,0.1283744240899362,0.1554751992225647,2.772606044914089,0.3008624911308288,2.6998691699287907,0.0077044636011123655,0.5056067956212903,0.00107076764106745,0.3725788109500561,-0.1453872919082641,0.07273687498529843,78,46,16,82,0.4085562566844086,2.8704451956130184,0.04570629825254014,0.4607233891219835,0.039888042956590625,0.23535567365096374,0.024014258879469657,0.1698136628080715,85,21,0.0013710416395279507,0.19223634453673163,-0.16404639595694048,5.65884999413335,0.0187679529190063,0.11738888220044602,0.0666270852088928,1.4289756156532405,0.1544455885887145,1.3809749208972941,0.0019197012297809117,0.3654296323555207,0.00662210583686825,0.3233077544929796,-0.0878185033798217,0.04800069475594639,73,43,16,87,-0.4197757629009904,1.9707546594130883,0.029301568367981493,0.2422757279077719,0.03375500068068492,0.17620870408333164,0.017962062037549863,0.166861808650822,82,15,0.0007680899261715151,0.10905363786268535,-0.37399259104641747,2.539484720803882,0.016353361308574697,0.0771340543236122,0.0488511472940444,0.9838484897486587,0.10607601702213271,0.9627652754562113,-0.0006191378459334377,0.23823612360864396,0.0020905584096908,0.1563889849492729,-0.0572248697280883,0.021083214292447427,78,46,16,82,-0.2876287756591081,1.789553708424171,0.021970199878513084,0.22868578283446533
BadRange,0.05134963427445882,0.7222359664699785,0.12097484841942766,1.1358095982762286,0.04986043274402613,0.426235927858671,0.03400052249431605,0.34570971619755314,66,17,0.0032380305079345055,0.482976697956829,1.3274588138983052,3.735960696275038,0.024317413568496652,0.1734516134939708,0.1711544394493103,2.386385897214409,0.2533022761344909,2.3404963423855736,-0.002551484107971179,0.5034327120756822,-0.00912258028984065,0.3289195100160975,-0.0821478366851806,0.04588955482883567,98,44,16,62,0.9769222595166032,1.9258698114063635,0.04505492381310411,0.4790951913440087,0.03833575919270505,0.3134148831679784,0.022750958483666137,0.1760169748828354,84,23,0.0012815905539622075,0.18476875499061013,0.7939318771860808,0.2601137110088625,0.0190432146191597,0.12365832708092728,0.0666270852088928,1.008127740432719,0.1803479194641113,0.9579951964280943,0.003368372842669485,0.36944475919718284,0.00668577104806895,0.31422120180815694,-0.1137208342552185,0.05013254400462464,70,41,15,90,-0.5836043447849444,0.8830456636552075,0.028188907415009384,0.21972556722499478,0.03245584294199937,0.3132832152699351,0.017792709585046352,0.16701646663948108,75,17,0.0007705839558826971,0.11101565335664523,-0.24158287722397676,0.18837582804070685,0.0163836628198624,0.09197505700033307,0.0578137040138244,0.8644238284131948,0.1150385737419127,0.8441912711685532,-0.0023696877993643227,0.2629321270033635,-0.0044338107109069,0.17728330800624326,-0.0572248697280883,0.02023255724464153,89,46,16,71,-0.024772517929491297,1.0640210404632096,0.021885914649277312,0.20465177728554512
BadRange,0.04907736533806973,0.6851695059847442,0.11261845797300318,1.0409711720645185,0.05559645593166345,0.3828421911306502,0.03387827966362235,0.3253445140467284,70,15,0.0032842553241621843,0.4742501350638445,0.7469513804502963,8.052766259608896,0.027859747409820453,0.13057547777182,0.1711544394493103,2.732756820863466,0.24966561794281,2.673381072722881,0.007483609020709994,0.4736371733957597,0.0021265447139739496,0.2947661421419538,-0.0785111784934997,0.059375748140584876,74,49,15,86,0.7509221124833436,2.7162797145197524,0.04482424291981802,0.4999179563103527,0.038230948150157804,0.29620134320018526,0.021974506961414543,0.18348038078115197,79,21,0.0012049024407124467,0.1723163737723834,0.8309538853180789,1.3631921661630582,0.0195078551769256,0.1444146362999757,0.0645290315151214,1.0995752414312765,0.1782498657703399,1.0657469713540435,-0.0006071264855563622,0.34191140025082767,-0.0015083104372023998,0.29041082809048213,-0.1137208342552185,0.03382827007723309,82,41,16,78,-0.27289914310488816,1.203813662338475,0.02752143448937612,0.2353995925036867,0.02538759261369695,0.14565192370562674,0.014867514114594044,0.1157141845584284,79,16,0.0005528907975828058,0.07821730878042853,0.03458455913639824,4.489995516615818,0.01286000013351445,0.0687328700573791,0.0578137040138244,0.8533624101801743,0.1010946333408355,0.8158284185538724,-0.000953821558505295,0.22542259841793122,-0.0018602013587951,0.1819525838548819,-0.0432809293270111,0.0375339916263019,84,44,13,76,0.20031300814235362,1.9666424002243041,0.018622957980634066,0.16553537659043355
BadRange,0.04117488617816648,0.5696999225240396,0.09692442297935464,0.8959677740551817,0.03501088917255388,0.29015019032030376,0.022138871964998506,0.24028349790468828,81,17,0.0015703433665326437,0.21902698764884956,1.5712679241604013,1.3535792342005246,0.016466945409774753,0.1297914406109428,0.1003754734992981,1.2942159698941778,0.1871581077575683,1.2460223960923276,-0.006774750724434839,0.34530617186934465,-0.0064347982406616,0.23343691645054254,-0.0867826342582702,0.04819357380185015,95,46,16,65,0.4515097537389876,1.4948075749983647,0.03068308048632809,0.315896557939127,0.03583198785781855,0.27963011879199884,0.021703385526779997,0.18143952970044588,82,18,0.0011435008603127219,0.15358332816551545,-0.5254480537634052,0.3989680359728447,0.01756535470485685,0.11464567573427874,0.0663495659828186,0.9648814368945595,0.1246406733989715,0.9149473087362865,0.0033775470219552456,0.3208573802761937,0.00487922132015225,0.2459087461737871,-0.0582911074161529,0.049934128158273056,69,44,15,91,0.012132779982456222,1.1126022363543757,0.026602694596764762,0.22501970955410433,0.02375943213701235,0.20673220781432142,0.015043397323461216,0.13253469514639474,85,19,0.0006724983804027393,0.08408100114773868,0.1834243090175991,3.5773515614936926,0.0118557512760162,0.08331147483629193,0.039138913154602,0.9266989219775995,0.0986422598361968,0.8857668980953478,-0.0068192747421562516,0.2298042219096433,-0.005858302116394,0.16394847124438136,-0.0595033466815948,0.04093202388225167,103,40,16,57,-0.3209589633474558,1.7554479837345083,0.019394844150322464,0.1768361409334701
BadRange,0.05068004834872867,0.6571174546142453,0.11768988579511619,1.0340749251977561,0.050216808915138106,0.29120070112697016,0.032576943873427765,0.29256629826733116,73,15,0.0029479739178242736,0.41968002198743776,1.1185235187578773,17.3007990194523,0.02599292993545535,0.11305853195950313,0.1760115027427673,3.215495819345321,0.2627941370010375,3.1636587186166505,0.005667902901768687,0.41064292826742055,0.0013264417648314502,0.25990350726583356,-0.0867826342582702,0.05183710072867064,76,47,14,84,0.6329359881594161,3.804271034975604,0.04268189871978319,0.5010513022150485,0.03446881473064415,0.2520514754723319,0.021676840510917787,0.1754346157569423,83,20,0.0012854795941913133,0.1713773300136295,0.6761780240495354,1.9034119934133722,0.0175829902291297,0.11171929822540344,0.0899857580661773,1.0527239261818249,0.17737767100334162,1.0182291380921276,0.001249726396054025,0.3386326211602259,0.00166950374841685,0.27497802986252196,-0.0873919129371643,0.03449478808969735,72,43,15,88,-0.17435943323013928,1.3946416995613535,0.028406092539950887,0.23812870028575808,0.027659896761178825,0.281387602980012,0.018505603161174767,0.19692169895315653,78,18,0.0010225897300399048,0.13898381816585753,0.463278648712234,0.10111647712344674,0.0141141191124915,0.1088700640242373,0.068808689713478,0.8854087824062288,0.1283120363950728,0.8550345896464725,-0.006260767858475432,0.28479937577010955,-0.006875276565551701,0.19346139924374098,-0.0595033466815948,0.03037419275975633,103,39,17,57,0.28558376758565335,1.1026122465985637,0.02457019449366088,0.2405683556222918
BadRange,0.046992422155194835,0.6475506141736043,0.10922600626945472,1.004142048191074,0.0532282292842864,0.34026483935857865,0.030791438696905937,0.2802044360523679,74,18,0.0026842430730597356,0.37675653783462787,1.3325189219769058,10.711454731872116,0.02654814720153795,0.17109929577695268,0.1760115027427673,2.5944765201980093,0.2569995522499084,2.5542697433602712,0.009407768025994297,0.428951976602814,0.00579923391342155,0.3084365329111086,-0.0809880495071411,0.040206776837737886,67,48,14,93,0.8210117282069751,2.948356104508974,0.03998925417207926,0.4390407038113515,0.0290222764015197,0.1974073780040802,0.018513952270150135,0.14237709175396235,84,20,0.000991541403743536,0.14156115067504502,1.9933352373168631,0.5122439290455119,0.014253988862037601,0.08764089417698126,0.0899857580661773,0.7709120575336801,0.17737767100334162,0.7462394146276158,0.0009728394448757134,0.3251754439648657,0.0018908083438873,0.2756187515955344,-0.0873919129371643,0.024672642906064253,75,42,18,85,-0.36906443111653164,0.994694128958373,0.024953127596747792,0.18926722198335738,0.0267812274396418,0.1758984993276893,0.018679624432697845,0.18797670033090136,77,13,0.0009724833776178217,0.14872499211398935,0.29378981745846655,11.001450299062661,0.013309821486473,0.0825504152073721,0.068808689713478,1.7319643487379162,0.1280129849910735,1.7096367879959327,0.00015944764018059067,0.2500146276233945,-0.00104466080665585,0.1568051367337083,-0.0592042952775955,0.022327560741983523,83,44,16,77,0.25726407061547707,3.00756721192737,0.02473053138027714,0.29362846947856525
BadRange,0.04691549662580221,0.6596114384994226,0.11230198383331275,1.0390697096897281,0.04524621367454515,0.26065549996764525,0.03004531774669881,0.23383939305513657,74,18,0.0025673931692359233,0.34320672531830126,1.5545909057613754,16.7042673650386,0.022565364837646498,0.12867607459772837,0.1548289656639099,2.592643649350346,0.2561158537864685,2.5423842033460398,-0.0016328707337379387,0.4407076691018532,-0.0065726339817046495,0.34634772673091174,-0.1012868881225586,0.05025944600430645,91,48,11,69,0.9208267028530231,3.5470333203264985,0.0401500890316217,0.38598377648952126,0.03605133667588228,0.20060341364277917,0.021272919531911565,0.15425349874833968,84,19,0.0011474076174181804,0.1393770777845893,0.47334329912719,1.7550472206719698,0.0180279687047005,0.1016836694004467,0.0883189141750335,1.019876092287554,0.1660592555999755,0.9860131228045371,0.0011686418205499602,0.31473933100755636,0.0021486952900886,0.26224900444961186,-0.077740341424942,0.03386296948301694,75,46,15,85,0.00014114338647883617,1.3357216478882086,0.02683776625937467,0.20078902186500447,0.031253769993781925,0.17910514859683918,0.018668329715728713,0.1506431896366779,70,19,0.0009120295478768154,0.1260131986625849,0.00681621617191519,3.020500962710524,0.01621828228235235,0.09301384862663567,0.0654064416885376,1.0247913706895717,0.1178237646818161,0.9753123282327748,0.00042805224657059256,0.28362270958031865,-0.00113254785537715,0.22695864675950816,-0.0524173229932785,0.04947904245679693,86,48,14,74,0.3537998777723755,1.7481542489926043,0.023946171053489618,0.21347448857627732
BadRange,0.04767532598784322,0.6736105820142133,0.1137766151130197,1.0500418582680942,0.04694518446922288,0.2722436166659874,0.03088806303218003,0.21227957344541987,59,17,0.002687691504066687,0.3370171431992739,0.9754684160138964,19.20309570404253,0.022572308778762748,0.1364120437949909,0.1548289656639099,2.6603363657424692,0.2561158537864685,2.596920410567699,0.006245012581348423,0.4311398288752877,-0.00113305449485775,0.37680736405318666,-0.1012868881225586,0.06341595517477047,85,49,18,75,0.6778142664893496,3.9205686618616,0.040634056514587256,0.38876161224671024,0.040437936782836845,0.21422846943090068,0.022511642656754656,0.15853195641361134,81,19,0.0012737800475942696,0.15302087278302134,0.4466585492212398,1.1635385452229983,0.02013064920902255,0.10978008543796247,0.0883189141750335,1.0191632847991055,0.171499878168106,0.9886367625960754,-0.0021934991702437416,0.3311673757833903,-0.0018384605646133,0.29650386695091613,-0.0831809639930725,0.03052652220303014,83,45,15,77,0.015630791266367322,1.1657817623088114,0.02821839519814692,0.20820432752410328,0.031641896814107756,0.2522710604767965,0.018587100001750467,0.14494552547734987,71,21,0.0008796735898922266,0.11649394993921913,-0.040772469629498875,-0.20475475966767265,0.014672040939331,0.12359644765475473,0.0623085647821426,0.7440916637157123,0.1228578090667724,0.720849256509992,-0.00033075148239730906,0.2877346536094161,-0.00403727591037745,0.2692850461953791,-0.0605492442846298,0.023242407205720298,90,44,15,70,0.37257171125777405,0.674907467877156,0.023519008175286987,0.18358300316611142
BadRange,0.03840377247113288,0.5661176343496617,0.09226020738482452,0.9116557276204464,0.024936765432357677,0.2153827615189364,0.019743681419640745,0.16873453128465246,76,18,0.001341250558822186,0.18103648560980795,2.3951074409821684,4.555649862980292,0.012068927288055298,0.09722082859573968,0.0900521874427795,1.3219452228895239,0.20800650119781489,1.3136275212336936,-0.007145149633288361,0.34870187843279604,-0.0091592073440551,0.2771052347695926,-0.1179543137550354,0.00831770165583033,112,44,16,48,0.44840641555572636,2.012722035357578,0.028145684539919516,0.24381034758034267,0.0326596982777118,0.20883023395744496,0.017937016175128474,0.1343182795354484,83,19,0.0007977280973107233,0.11047179886068415,0.5501744879248278,0.2073066249900708,0.0159588158130646,0.08764334703564451,0.0554146021604537,0.7714747003624733,0.1385955661535262,0.7297580786787128,0.0006102804094552935,0.28555089145541196,0.00282499194145195,0.24677225074003495,-0.0831809639930725,0.04171662168376058,76,47,16,84,-0.3860285818651617,0.87856456211963,0.022390645365651073,0.17009552389673194,0.028079684823751325,0.24210473984279873,0.017871353287482593,0.16045180713301246,79,17,0.0008786437900213113,0.12371289192847099,0.5705796535954253,2.758143020456454,0.01401533186435695,0.10904075218548612,0.0566173791885376,1.0882184731407918,0.1336162388324737,1.0723611836387925,-0.00441500721499323,0.27740295773223855,-0.0047689154744148,0.22064013709988567,-0.0769988596439361,0.015857289501999328,91,43,12,69,-0.3439316041865271,1.5390020836537244,0.02308660381101821,0.21624174196920656
BadRange,0.04441774913867087,0.607048965942358,0.1048784579336641,0.9631280019613091,0.04608768224716175,0.21156319400803061,0.029937882656231485,0.20016837236057441,61,17,0.002398806766130402,0.3237884190846726,0.3369813061401099,27.392041205974113,0.021404266357421802,0.1213578785336407,0.1065462231636047,2.9271731987952285,0.22450053691864008,2.8934070845513897,0.00424688085913659,0.39929177407116884,-0.0031899213790893503,0.33868082570023744,-0.1179543137550354,0.033766114243838734,88,45,15,72,0.4898879280446699,4.867247222843804,0.03860743542033902,0.4054065838683077,0.030470639467239276,0.20022774692633988,0.019026043806225017,0.14306172761987232,78,22,0.0009706444087645912,0.12737780112547392,0.45438620803636365,1.7191473506587736,0.0154485404491424,0.09547255161939387,0.0572675764560699,0.8990139706396449,0.1365091204643249,0.8708703139495302,-0.0004089109599590279,0.29987273305342355,-0.00107218325138085,0.2729749001079157,-0.079241544008255,0.028143656690114757,84,46,18,76,-0.1954107887135776,1.2750261949501884,0.02470424906399798,0.19353073424276587,0.026259716600179575,0.2662041208134462,0.017354264231398662,0.1585755187742822,88,17,0.000792434167569209,0.10586141323958426,0.6173603061293313,-0.16088010494972238,0.01255162060260765,0.1115039659008899,0.0498381853103637,0.7897141470792662,0.12683704495429982,0.7559197164691712,-0.00421060835942626,0.26396349483671666,-0.00120596587657925,0.19677500088657796,-0.0769988596439361,0.03379443061009503,82,48,16,78,-0.5607704802129824,0.9204365297028919,0.021921348991550307,0.19022272901304643
BadRange,0.04218648635878349,0.5669141887332543,0.09975948721170404,0.8963178655035013,0.0433310866355895,0.21821128417483732,0.028604977359063886,0.21745163808309328,67,14,0.002214182739122737,0.2846203002101785,-0.0028946303240418025,14.697646886887874,0.021229177713394054,0.10721115963243907,0.1065462231636047,2.413838126840978,0.1840375661849975,2.339831781241872,0.0067209381610155135,0.3671732077860005,0.00084254145622245,0.2653871208636223,-0.0774913430213928,0.07400634559910606,78,47,15,82,0.6542162894788571,3.5905326304863805,0.036703033339076,0.3870453922918046,0.031034640967845827,0.25129625713375303,0.019327043881639788,0.15630221218571333,78,18,0.0010149858881368851,0.1350903772642894,0.5157093600364568,2.2430179474448035,0.0153594613075256,0.1241390635296967,0.0647931098937988,0.9963834326312728,0.1440346539020538,0.9789698182258028,0.0023333933204412504,0.30295779998584965,0.00014322996139525,0.2555810535846857,-0.079241544008255,0.017413614405470092,79,41,17,81,-0.18887386730890332,1.4261748694271386,0.025157045465457935,0.20810321643843788,0.0255331173539161,0.1705006867300058,0.014867603252641814,0.11616974550618502,78,20,0.000539938257968491,0.07394000341743868,-0.3172256885281999,1.4603511403613396,0.01337350159883495,0.07728758130358143,0.0498381853103637,0.7123111287079563,0.0936339497566222,0.6671518727378345,-0.0028554039075970638,0.22618685773165126,-0.00373475998640055,0.17432155232446822,-0.0437957644462585,0.04515925597012179,88,46,17,72,0.11162980414781967,1.38270187711362,0.018203823767363934,0.15092882033236876
BadRange,0.049762454399121914,0.7305692633682648,0.11508123911917187,1.1167293258631936,0.035427048802375696,0.3909365387310014,0.0347834139782935,0.3699072006038429,58,16,0.004195709586572707,0.570800556753144,3.0354752132588674,5.182152055895427,0.01760959625244135,0.14898137120020838,0.2119559049606323,2.7588355431630784,0.3822419643402099,2.712948307717891,0.0006147798150777956,0.5469520850761989,-0.00951474905014035,0.3531168921440542,-0.1702860593795776,0.045887235445187184,100,50,13,60,1.074201793709803,2.183217981904653,0.051365657101276836,0.5211947557141596,0.0333135947585105,0.25843941165481665,0.020100358682684557,0.17333513455106586,77,19,0.0011238326660555457,0.15704032735117113,1.426505537429315,4.30017331667851,0.01668697595596305,0.14127893077885156,0.0905355513095855,1.3080634716595045,0.19206729531288141,1.2510975552964778,0.004049693420529363,0.3130434381683817,0.00342866778373715,0.2773453844217827,-0.1015317440032959,0.056965916363026774,71,41,17,89,-0.10562964017010132,1.8659563713698057,0.026273748037902434,0.24298998574198424,0.02741937339305865,0.21399827602743088,0.01659858472063202,0.17708419026654604,74,19,0.0007956587888793831,0.11610591359422998,2.061829463219584,0.5908696340737616,0.013455465435981749,0.11592856638766749,0.0706050395965576,0.9004691038887094,0.1597475260496139,0.8755769876055686,-0.002908458514139048,0.25673380261861295,-0.00428223609924315,0.16887597661329307,-0.0891424864530563,0.024892116283140864,95,45,17,65,0.1110945080691536,1.2312707965402554,0.02217886380360283,0.22403943444674437
BadRange,0.05493829945966598,0.7901945070965849,0.12743426673114278,1.2417224304434957,0.05646845698356622,0.33427490553992145,0.03908161208033558,0.33017752313709026,64,15,0.004594678249489728,0.5918771579668313,1.9602951964129005,9.679327944344893,0.0282194316387176,0.1728492053265618,0.2119559049606323,3.0631076181519594,0.3822419643402099,3.002980230065553,0.006943854689598086,0.5788720124198251,-0.0029358565807342,0.449230269298483,-0.1702860593795776,0.06012738808640647,88,52,12,72,0.6689379423814319,2.730498520839781,0.05330304285725479,0.5067389379195693,0.04086117446422567,0.23762040363158696,0.023379500722512558,0.16371224590608027,81,21,0.0013822227263440435,0.18727954676239045,0.5366603423600349,2.9982965948073046,0.0204546004533767,0.11776958846556347,0.0905355513095855,1.1763468560329065,0.19206729531288141,1.1193890133384499,0.00038843229413032445,0.369205136296614,0.00100669264793395,0.33284618027668583,-0.1015317440032959,0.05695784269445657,79,44,17,81,-0.1438211130674865,1.5480820812893747,0.02948170010062255,0.22575897345308144,0.030831530690193048,0.2261194724529722,0.018134409040794656,0.15439815155546627,77,24,0.0008872654045238448,0.1289870236874945,1.4150710919559435,3.745880649202003,0.0147401019930839,0.11039080398147609,0.0706050395965576,1.1369790145708305,0.1597475260496139,1.1082591326290308,-0.000241764122620222,0.29364528172705634,-0.00141530483961105,0.2661789602468583,-0.0891424864530563,0.028719881941799648,84,47,14,76,-0.026083903762732927,1.5350954231324174,0.023621383084060536,0.20678363621653484
BadRange,0.0468987756787266,0.6948086508249881,0.11344933316111543,1.1187370323524055,0.03756152093410482,0.3192364385324121,0.02531582787632939,0.20560769099117762,72,21,0.0019497720881940911,0.24569697592142054,1.4117717310045457,1.644785502931117,0.018969357013702302,0.17070003451814664,0.1272668242454528,1.3296782824644422,0.22596269845962508,1.2724911577349112,-0.007907412946224197,0.4184385148785457,-0.01105636358261105,0.384469703972135,-0.0986958742141723,0.057187124729531066,108,49,14,52,0.5632434680802001,1.1608120644192308,0.034107936340063205,0.265718243987231,0.04049331694841375,0.2589503147004827,0.024403330662753388,0.16930881855498703,87,21,0.0014462535649015836,0.20313718506348075,0.05449806913711841,5.926966273343927,0.019971489906311,0.135098316400049,0.0667421817779541,1.4484855536036332,0.1556303799152374,1.4234650862616447,0.0033253369852900435,0.381175887818941,0.0082483738660812,0.353705356759106,-0.0888881981372833,0.02502046734198855,69,45,17,91,-0.5410889189488417,1.8386449733352401,0.029974422841012732,0.24050390352117532,0.029618691653013098,0.2961424327857355,0.01895878512994382,0.1666380451816935,73,22,0.0009793703495075772,0.14463994471723476,1.6511577001484268,1.3812885179971905,0.0139535069465637,0.14471694752017586,0.0834671407938003,1.032556540732699,0.17274589836597432,0.9994819046830989,-0.0009507981128990615,0.3191226296549187,-0.0043547004461288,0.26486637695422605,-0.089278757572174,0.03307463604960014,89,47,18,71,-0.0704592087265669,1.06865370114468,0.024800130886056388,0.20688328100492895
BadRange,0.050058256548676704,0.7294034278921334,0.11561695829033829,1.1306025666501167,0.047872155904769856,0.3204157870770746,0.03400777977891262,0.2816274424352297,63,18,0.003288450901172122,0.45090931306122983,1.2343555530544164,11.794637714881617,0.0223575532436371,0.1543315709316213,0.1586752533912658,2.8536333511650875,0.2573711276054381,2.8279662268267174,0.0053353287279605905,0.48129064445154973,-0.00537762045860285,0.3513449859683644,-0.0986958742141723,0.02566712433837011,88,50,15,72,0.9687286819888008,3.113482073982912,0.0451615251242064,0.4682612824317656,0.03604216128587715,0.2722393832504702,0.022562506049871398,0.17197012182884877,80,21,0.0013024612046062388,0.1845714645577279,0.45209788969311404,2.8055197754685715,0.0185698270797729,0.14008810217884232,0.0841846764087677,1.2221195585812903,0.173072874546051,1.1485922610789117,0.002396969497203822,0.36760521844688115,0.0022032111883163,0.3051344465796507,-0.0888881981372833,0.07352729750237864,75,43,17,85,-0.3173698772837371,1.4200790725634371,0.028519754426745782,0.22234627932202666,0.023378446698188726,0.21885596037895502,0.01631849513505581,0.16747119732321142,75,17,0.0008374164774971013,0.12457622810964572,2.9156441933941295,0.17442411182266992,0.0114531964063643,0.0845205091600026,0.0834671407938003,0.8584572832972311,0.17274589836597432,0.8303865212816705,-0.0016595001332461797,0.2817067037516857,-0.00310838222503655,0.2072979918984169,-0.089278757572174,0.028070762015560642,88,42,19,72,-0.10934616180854768,1.077612824705008,0.022888987937399817,0.2126442126440447
BadRange,0.04324423436482132,0.6136859029390641,0.09930197179317451,0.9427850440872982,0.04306587576866143,0.25988645780413655,0.03043844645842906,0.2714159104005082,61,14,0.0027405622687938047,0.3819194163505062,2.038835867831514,8.22599017531394,0.020174443721771202,0.12302441176108604,0.1586752533912658,2.3628647715362074,0.23238569498062123,2.333526661195651,0.004530383646488195,0.4208103414652164,-0.00515264272689815,0.29190630415503005,-0.0737104415893554,0.029338110340556285,88,46,15,72,1.3283947183190117,2.850206364641123,0.04126706444991843,0.4525904029765038,0.032566025853156974,0.2738238012077787,0.01986938590649511,0.15606590446775073,83,22,0.0010727597222106647,0.1450221774877652,0.3317663030984419,1.2272131452298156,0.016350045800209,0.13491973490002368,0.0841846764087677,0.941745789655206,0.1467240452766418,0.9147851694658672,0.005300525203347196,0.3244339664753408,0.006494611501693649,0.28928184411763036,-0.0625393688678741,0.026960620189338792,65,42,16,95,-0.11417488864402972,1.0122008080327032,0.025424778859919717,0.19941108014561934,0.020354788750409948,0.15540059460995292,0.011939795669168196,0.09312965002600851,86,22,0.0003768735098542679,0.05254002858293014,0.4849313028547786,0.33440304891311445,0.01038832217454905,0.07825006171025016,0.0506514459848403,0.548092553486825,0.0979382395744322,0.5444864497907792,-0.0030479155480861615,0.1975407361467411,-0.0021214038133621,0.1705388395295046,-0.0472867935895919,0.0036061036960457356,90,44,15,70,-0.008562127911180346,0.7761900071381379,0.015089040696905068,0.11626558452755366
BadRange,0.046616524618310326,0.6581816011523006,0.10877409040927866,1.012678774451142,0.03922697901725758,0.4097317739855102,0.03076639517676082,0.28477829194236404,65,19,0.00275945977664708,0.38064221429976736,1.2396890763081982,14.597596158129313,0.01979827880859375,0.15013011116841274,0.1382487416267395,2.832687988602478,0.2184311747550964,2.816635681459495,0.003387427702546124,0.4255567285146879,-0.00323554873466485,0.27416434611701723,-0.0801824331283569,0.016052307142983176,86,46,11,74,1.118295416231976,3.3652886069114127,0.041520626914044706,0.4467031286163593,0.035228446125984074,0.24190383825965894,0.02076944869011636,0.16197564651568178,92,19,0.0011287614417850255,0.15449186036120802,0.41545177566673086,0.8963229701411035,0.017835602164268397,0.12394682094815022,0.0663703083992004,0.9239309720548733,0.1587633192539214,0.9131265155018943,0.003675705939531318,0.32993819010790604,0.00693695247173305,0.3044947290194844,-0.092393010854721,0.010804456552979028,60,44,17,100,-0.5396814644133531,1.16850774844421,0.02638782046021876,0.2136180026812517,0.02542038261890405,0.2558518801369197,0.016276467277202708,0.16364904581703196,71,18,0.000750856856313887,0.10667466956826611,1.9058331450271773,0.4613607384572731,0.012841075658798152,0.09957483340294518,0.0795178264379501,0.7910190181632526,0.11992488801479331,0.7735392137846148,0.0002602310851216344,0.25718385582854814,-0.0022190958261489504,0.18592113010835926,-0.0404070615768432,0.01747980437863786,89,47,17,71,1.156363524865061,1.1135969864431412,0.021729447080370737,0.20132345583519748
BadRange,0.04713977000016473,0.6725295628975122,0.10933329761028268,1.0506361152772332,0.032381832599639754,0.3358560146548447,0.02744252588599917,0.2744591061693705,66,14,0.0025824499437507565,0.33789386839455504,1.4701082382911093,8.230122870487117,0.01570802927017205,0.15322165046312997,0.1382487416267395,2.3242055110253292,0.2184311747550964,2.2919382403010418,0.009410329163074485,0.42087308786757893,0.006138265132904001,0.3051054916001205,-0.0801824331283569,0.032267270724287284,64,49,15,96,0.9915189341406896,2.5422577469555407,0.03917998359304799,0.4009485157764825,0.03934200853109353,0.20387549592086007,0.021904776468872983,0.15161663406426612,84,18,0.0011905571388838045,0.16819521560370077,-0.020460619804134605,2.995971644600181,0.020268887281417798,0.10307105465267852,0.0559506118297576,1.0926771753586073,0.1483436226844786,1.0168335700403632,0.0034311294555664043,0.34845719776324735,0.00515969097614285,0.30214856668502,-0.092393010854721,0.07584360531824413,66,48,15,94,-0.32509591073570526,1.7450533025920643,0.02714648013295792,0.21627019427254843,0.031450867652893025,0.2464557361139692,0.018360693771392062,0.1693547117465995,76,22,0.0008835987377270543,0.1288719777983713,0.6089889699710498,1.3607814325841545,0.0160083323717117,0.12646406448159078,0.0795178264379501,0.9455878265323276,0.12234702706336971,0.9032689775509721,0.00322894789278507,0.28130582964640694,0.0019888505339622,0.23050174300475237,-0.0428292006254196,0.042318848981355524,77,44,16,83,0.6803061298489664,1.3622563321104788,0.023350177709801988,0.2230224383449297
BadRange,0.04408064144617034,0.6245431714566247,0.1054246790707109,0.9850550414974819,0.032541528344154275,0.2585407601740198,0.02415694539900865,0.18479025415818764,83,21,0.0019232513898193877,0.22241516951420337,2.675684309229082,1.0396884446979548,0.015641838312149048,0.12927915259871425,0.1042693257331848,1.140583212662953,0.2269573807716369,1.0992898517604244,-0.00663299895823001,0.40400862145508426,-0.00534129142761225,0.36662499367821577,-0.1226880550384521,0.041293360902528595,93,48,15,67,0.4574480864120605,1.0066582729848903,0.03413676442253991,0.2432944785731189,0.033962279558181596,0.28948719666060396,0.02221797050442543,0.17306906683979714,85,20,0.0013052115054064434,0.1592777937834605,-0.3444922915329238,3.3840575484898032,0.01787702739238725,0.13142739121263047,0.0755395591259002,1.2135688318291198,0.13851940631866438,1.1856290135999952,0.008685145154595364,0.324048727801338,0.01142829656600945,0.2728095931307442,-0.0629798471927642,0.02793981822912469,58,48,18,102,-0.13413492385986794,1.6314283779856804,0.02729435068643047,0.2329596870572135,0.03060303255915635,0.2031850850464493,0.017846034170361187,0.14976551935484383,81,18,0.0007313753074657378,0.10412816295148448,-0.6289127603941331,1.1095821272452246,0.01603122800588615,0.10220699729008687,0.0485364645719528,0.8006397219592254,0.1012737303972244,0.7508833954916073,-5.903700366615928e-05,0.25699769224105956,0.00112497061491005,0.20113789608838706,-0.0527372658252716,0.049756326467618024,79,48,15,81,0.045876055569945055,1.3152003746356262,0.021447166778292268,0.19514186924966695
BadRange,0.056188326204252625,0.8398187010437964,0.1314891499280927,1.3062091963428184,0.052337631583213653,0.4359212097069155,0.0386182351224124,0.2841715036842145,67,20,0.0047764230652609955,0.5574573152669585,3.099274613404015,9.685235359242782,0.025248557329177898,0.22182934375599414,0.221764326095581,2.6865842696023736,0.3444523811340331,2.5544441027793754,0.006698231399059296,0.6181054920073793,0.00013312697410575001,0.5286990709002926,-0.1226880550384521,0.13214016682299845,79,52,11,81,1.218023977530506,2.540836052813632,0.054395690838512395,0.4188113131438478,0.039869405329227274,0.27702971086898254,0.02527919794432814,0.1863932968170222,76,20,0.001650194900184965,0.22530335763468648,0.5085069611936719,3.3006793154745937,0.02078928053379065,0.1554094787210973,0.1168843805789947,1.3214960328670535,0.1850927174091338,1.2057104734338209,0.0036370439454913132,0.3995705127029708,0.0005561113357543,0.33547042962077395,-0.0682083368301391,0.11578555943323257,79,46,17,81,0.3251476806545906,1.737544978461011,0.032008547977090095,0.256216242679834,0.030113391578197375,0.25563337402213976,0.018780761437956196,0.16232794806918435,81,23,0.0009016497370844838,0.12543266296121952,0.14204559565247443,1.7456217055221837,0.01576066762208935,0.13011166057113469,0.0747787058353424,1.0394760580100244,0.12751597166061399,1.017818704215741,0.0012318311259150523,0.2885331916324681,0.0013389736413955,0.24516510596134988,-0.0527372658252716,0.0216573537942835,77,47,16,83,0.42028720837206796,1.1693487248075927,0.023781260584199784,0.2053807690306007
BadRange,0.05349880019937277,0.8205948867829662,0.12569744691252682,1.3049584802952685,0.03987056016921993,0.40175988081941827,0.030626204237341838,0.25525230535490906,66,22,0.003598587025792167,0.4220594402651186,6.646189772199566,3.9386768146253592,0.0199303925037384,0.18676097675632974,0.221764326095581,1.8024588536598611,0.3425650000572204,1.7350125461536354,0.004346266388893133,0.5411030844489116,-0.0029980540275573,0.4643476641147707,-0.1208006739616394,0.0674463075062257,86,51,17,74,2.051862520801057,1.8236085068082812,0.04737355215327962,0.3595370527010989,0.046240821480751,0.23793716914209134,0.027667693928815386,0.18199531951953454,82,20,0.001983679984077722,0.26683258243360475,0.03274995396429681,3.833995382012393,0.0240054726600646,0.11539475888995485,0.1168843805789947,1.4587603226732242,0.2030709385871886,1.327432364453526,0.008784624002873893,0.44993464863744714,0.0103496760129928,0.38361051279507546,-0.0861865580081939,0.13132795821969817,66,44,16,94,-0.10392585067364087,1.7750591314879072,0.03420442240231419,0.2537545948137723,0.0312603153288363,0.2326416884417679,0.019373373659327574,0.15528233213110754,72,19,0.001000201052117856,0.1376763789065523,0.5238838735340678,1.528057916710531,0.0157430917024612,0.09022422978814641,0.0747787058353424,1.0139545213185785,0.1471945643424987,0.9596111265545728,-0.002569041494280089,0.3139207472089101,-0.005523160099983149,0.24592982872710822,-0.0724158585071563,0.05434339476400577,93,43,15,67,0.45946882038546566,1.2780132197362581,0.024948262104040463,0.19781340545663692
BadRange,0.04952823811177255,0.7375273163701123,0.11414543285965896,1.161193402888409,0.03265467286109915,0.31785377741119336,0.028445058614015535,0.28585882704626203,64,17,0.0030126936596459285,0.4386366397095734,4.509581136689364,9.42662344723598,0.016313493251800502,0.12026746014007764,0.1841403245925903,2.6675739357346075,0.2637032270431518,2.6107428676602518,0.005435628443956381,0.4821683791501842,-0.0026440918445587,0.31267697565987534,-0.0795629024505615,0.056831068074355735,88,48,15,72,1.9043617220025102,2.856748407406947,0.043186155255287476,0.4540377669943962,0.044866755604743874,0.2279351006671394,0.024945953483693262,0.15892107941553305,86,20,0.001592087156375564,0.21064827159677765,-0.3390099235259263,3.0450518348505256,0.02186056971549985,0.11451950967961155,0.0730493664741516,1.2584602620178178,0.1592359244823455,1.2439061903960906,0.007107344828546037,0.4046868459179537,0.00941963493824,0.37879718061695766,-0.0861865580081939,0.014554071621727107,58,46,16,102,-0.31254810383365966,1.2354651069072002,0.03082986581443745,0.21651057327012033,0.026898261159658324,0.24603455800520094,0.017068418225971937,0.14001867993241165,75,20,0.0008004399464604045,0.10444733203349661,0.2762385673876775,-0.1428061308759836,0.0124437361955642,0.12542975781134494,0.0514110624790191,0.7721093689868078,0.1238269209861754,0.7254591094679664,-0.004192971903830757,0.2743381778202712,-0.00508987903594965,0.25329273444834205,-0.0724158585071563,0.04665025951884142,91,43,16,69,-0.0818245700652885,0.6827086625995596,0.022039277759889238,0.17083880186816428
BadRange,0.04665637799774601,0.734738792110761,0.10746326595544792,1.1306397283970975,0.03723745048046105,0.3346319302807017,0.030197356780990912,0.28520936308156036,59,15,0.0031746511319086985,0.46069000914586866,3.7111892203648464,8.100146661773257,0.018211185932159348,0.16680966459730712,0.1841403245925903,2.605540129806414,0.2637032270431518,2.5920587375186743,0.007176484912633898,0.5054735693824995,-0.000879019498825,0.3975133429684222,-0.0795629024505615,0.013481392287739521,83,45,15,77,1.678634484755531,2.6283996139829564,0.044100000961128066,0.4529751425868577,0.040625490248203194,0.2588591523947727,0.022236350756138522,0.16030498721452396,84,21,0.0012350358827462416,0.17551842068334383,-0.10348720664579103,-0.5619303409339658,0.02002887427806855,0.11909232565987701,0.0730493664741516,0.8186210109780029,0.1487336605787277,0.7818205075615079,0.003707393631339064,0.37165334154040125,0.0049110352993011,0.330620648690779,-0.0756842941045761,0.03680050341649494,65,47,15,95,-0.2856806273151283,0.5059360896362273,0.027621023060285306,0.19337066583429277,0.021372903138399027,0.231741882238235,0.01525587955955412,0.15226996776805155,83,23,0.0006985115781955845,0.10025292631386101,1.6751620304522392,1.1796353043243295,0.01090654730796815,0.11999437918304708,0.048530638217926,0.8546405519469379,0.130238652229309,0.83900229721767,-0.002787926420569415,0.25351281747419674,-0.00145350396633145,0.17832835556009935,-0.081708014011383,0.015638254729267994,85,45,17,75,-0.7183281857496292,1.1477595111154768,0.020772434628570147,0.18969495958025778
BadRange,0.07040908514671687,1.0209114641589987,0.1656772706657646,1.57613791105547,0.07194595038890833,0.3651925883153606,0.0435460540046915,0.31742628444455795,73,16,0.005099155347017501,0.7030495854923657,0.7022025412874484,19.17506519506322,0.0379054248332977,0.1776270831074689,0.1788693070411682,3.8758754906013673,0.3707387447357177,3.832485656880295,-0.0012695293873548452,0.6133736413417998,-0.00495070219039915,0.4835346228014009,-0.1918694376945495,0.04338983372107213,87,45,16,73,0.3924495096758271,3.9978437306406356,0.05661619997974516,0.5716837951170795,0.07116946578025805,0.6394493982015328,0.03710234066005792,0.33050511983238706,81,23,0.003312435410630806,0.48744115988210984,-0.5855430180961076,-0.8859174292332788,0.035067468881607,0.2893157459899122,0.113855093717575,1.4150626556147086,0.21831706166267378,1.336345500910676,0.009457995370030396,0.5866809712607145,0.01034089922904965,0.5041379425755549,-0.1044619679450988,0.07871715470403261,67,34,16,93,0.006015451407407543,0.5060880996202546,0.04464612450068375,0.378479322873383,0.032149072736501555,0.257456954983482,0.021750387674546765,0.1818951282284712,75,23,0.0013953231297279497,0.19659249159873496,1.0916070719177213,0.2066842450675721,0.016090929508209152,0.12774735875084364,0.0924774259328842,1.024896871398317,0.1805491745471954,1.015597895842243,0.005364917730912559,0.3760832984529558,0.00324582308530805,0.3281607171714306,-0.0880717486143112,0.00929897555607428,68,42,15,92,0.33646661178522685,0.828229061675609,0.029130711517744837,0.2348485559322857
BadRange,0.060895820522451405,0.9302580220264405,0.1439880544226614,1.4312807951581035,0.06313186883926382,0.2924335381488354,0.040818852744996505,0.31008281014096306,70,16,0.0044420110300411805,0.6315531522365216,0.5462248885270449,11.59167426681735,0.0318762063980102,0.1296942858207058,0.1788693070411682,3.0697414619252106,0.306202232837677,3.005495559278321,0.0008389398455619868,0.5896944154169238,-0.00674220919609065,0.4545151138667644,-0.1273329257965088,0.06424590264689,89,45,12,71,0.7470173813949722,3.217010933912972,0.05284892981273093,0.5327416340615911,0.049216687679290674,0.4878618214885654,0.02996648155618455,0.2737508498993921,71,21,0.0024144178247915305,0.35194535469978766,0.42673293119684974,-0.3680958139025048,0.02318802475929245,0.2186059847615937,0.113855093717575,1.3387276261353898,0.21831706166267378,1.249998954343776,0.0071997556835413,0.49848118564664856,0.0009235590696334,0.40366012777382365,-0.1044619679450988,0.08872867179161373,78,38,15,82,0.38650285876973844,0.7206346501592333,0.03829280975700674,0.32165488066575193,0.026809344068169497,0.24427113298209796,0.01927349413832413,0.16462035336400774,76,20,0.0011375606484709934,0.16031503910899553,1.2303513825231418,-0.1294212308238567,0.0136502347886562,0.12150216349765006,0.0865278765559196,0.8758754703058942,0.15223758667707432,0.8527330733101993,0.004614227352431037,0.34310519409453116,0.0041167959570884,0.2954996982003609,-0.0657097101211547,0.023142396995694862,67,40,15,93,0.5624854505004535,0.772624988276489,0.026344296316508878,0.2063828115283577
BadRange,0.05294133512314653,0.7811135320074996,0.12326390804722882,1.2139529346752538,0.04642984271049488,0.36698844673895187,0.036040000659413596,0.33080934418773006,63,16,0.003897018010686141,0.5672258000552921,2.1123416577622196,14.994671388375885,0.02303749322891235,0.12356133226101587,0.1941884160041809,3.410982867960043,0.27464938163757324,3.363806678577373,-0.0014375533908605493,0.5330573366738215,-0.0105458796024322,0.33683165328853143,-0.0804609656333923,0.04717618938267014,98,48,15,62,1.2823238771946162,3.469125765656007,0.049486110846572486,0.5320485653335645,0.034528858959674724,0.3401960566708836,0.02301557749975469,0.19550657391816662,74,18,0.0015327462527630563,0.20929460063857333,0.5929025169466833,0.35062556654330246,0.017390668392181403,0.1525348911448807,0.0975282192230224,1.0670070287549824,0.1733761429786681,1.043357588293644,0.0077484047040343226,0.38753538517663366,0.00549049675464625,0.332171074763685,-0.0758479237556457,0.02364944046133858,69,42,13,91,0.3379611220401194,0.9985573101717778,0.030059540622063206,0.24312738610566176,0.026989764533936925,0.2048886011378876,0.017175272437743798,0.14426799036869647,86,20,0.0008369140785771431,0.12071829984840107,1.5354366735124891,0.5963021497911467,0.01314475759863845,0.10008367709651514,0.0842044353485107,0.8367300362076233,0.1641718745231628,0.8094225346237159,0.001957994047552338,0.29336021282479874,0.0026506576687097497,0.24621043655811997,-0.0799674391746521,0.027307501583907358,69,41,14,91,0.037104266255059117,1.0370854851739744,0.02285832897308936,0.18616682137209595
BadRange,0.0600734981180759,0.8990353888573795,0.14295085044577696,1.3986163955044346,0.06338302791118613,0.40682053255363126,0.03945444684009995,0.3603971392498838,63,16,0.004210362232965709,0.6004977834765011,1.2047393312291659,7.338916404782916,0.02804273366928095,0.19977295066891734,0.1941884160041809,2.9876869839006384,0.2760778069496154,2.943233778583577,0.0026786174625158367,0.5693328881611326,-0.00824120640754695,0.4010286516836714,-0.0818893909454345,0.044453205317061345,93,49,18,67,1.017797201753204,2.438933271536754,0.051388777416575965,0.5256974851895378,0.0456213727593421,0.3802230444471383,0.02634865815634836,0.20354801789219146,85,21,0.0020294923519651215,0.269586470616006,0.11644338675768795,-0.7703282410477841,0.022756099700927703,0.19533500538511483,0.0975282192230224,1.0003153829198559,0.1733761429786681,0.961320127361148,0.011851597297936662,0.46017266943093027,0.013400509953498799,0.4237336870103626,-0.0758479237556457,0.03899525555870782,56,38,16,104,-0.17708618771932017,0.41425852678440245,0.03369074839271344,0.2404736678408216,0.03627021331340062,0.25458565471754335,0.021700691341975428,0.16445910752497578,77,22,0.0012428018947856507,0.17853788169957924,0.43184288285492567,0.19835037713690884,0.0182944540865718,0.12651273775548064,0.0842044353485107,0.9824702525870684,0.1650066375732421,0.9380354556037582,0.0022180776693858186,0.36911083791237176,0.0019509796984493,0.32501207869788784,-0.0808022022247314,0.04443479698331016,75,39,18,85,-0.06550624886025559,0.7590648813828156,0.027869079652869163,0.20565765493947952
BadRange,0.06639306287590134,0.9529559913399916,0.1570362777728585,1.4816597491204455,0.07931759953498826,0.4922203422341237,0.04492381348274645,0.39942151417329547,67,17,0.005052285238929521,0.7560876888721866,-0.12681228932887922,9.921683615412896,0.037234902381896896,0.23816250122938676,0.1488088965415954,3.5859162433622687,0.26483434438705433,3.4902175624520804,-0.0045595087110996135,0.6181032567298632,-0.016826301813125603,0.4109507891622849,-0.1160254478454589,0.09569868091018822,101,46,15,59,0.6331422512616615,2.8529631827718123,0.0561837878506975,0.611584869737736,0.0474933311343192,0.3666651320384455,0.028622404946945568,0.19267148096794812,82,21,0.0023919022492162596,0.286734407198386,1.2916830487511453,-0.7152765320775396,0.0241557359695434,0.18869555928525622,0.1609580814838409,1.027105632414327,0.24685400724411,0.9400821662570221,0.011761117912828908,0.4838102841943317,0.0129555612802505,0.4381480835776379,-0.0858959257602691,0.08702346615730497,62,45,14,98,0.3851240843808313,0.3344174655781759,0.03694789819573588,0.2294820605323779,0.037035627756267724,0.3245894142979889,0.022093477936723456,0.1681710585080641,82,23,0.0012685263989132666,0.1863905110971508,0.8219139562736504,-0.6410100855150214,0.01870642602443685,0.15421167837473096,0.06187105178833,0.844740120813985,0.1640339568257331,0.8039090499164796,0.002063059544889254,0.3797462081962507,0.0042420253157615,0.3565761856303843,-0.1021629050374031,0.040831070897505366,72,38,15,88,-0.5766531185676179,0.33156578317114754,0.028169706457414293,0.20538580393425587
BadRange,0.06260476183362793,0.8726062959854834,0.14629387797787763,1.3689462351692638,0.067782238125801,0.3604038936888422,0.04183383513242002,0.35866865870786235,68,14,0.004520058726904915,0.6701506882368736,0.1487029758215499,12.398830026012384,0.034321069717407095,0.17873899215425545,0.1488088965415954,3.569773985740127,0.26483434438705433,3.536401288376241,-0.0014432467520236886,0.5710460270814011,-0.0105260014533996,0.4301304504404563,-0.1160254478454589,0.033372697363886296,94,47,17,66,0.588746034929156,3.218714508657778,0.0532982942427406,0.5865638270396679,0.04202859103679645,0.27612888636976174,0.027976640107808603,0.18106752198953438,71,21,0.002447262098707525,0.2747042601090816,1.2012383784324348,4.875540751130834,0.020808592438697798,0.15177716669847963,0.1609580814838409,1.537800614033397,0.24685400724411,1.5035006949996539,0.014191121514886603,0.45949258678082616,0.01063096523284905,0.41851075270065347,-0.0858959257602691,0.0342999190337432,59,45,18,101,0.6293477075061502,1.609276025522586,0.03655822796638521,0.25213255006552926,0.03042379068210707,0.18975150941406166,0.020089549166004833,0.153861547293572,85,21,0.0010882544792169284,0.1545733867465836,1.276301386728293,0.4229856971202475,0.0150527693331241,0.10845115000417489,0.0633138418197631,0.9109139052929555,0.1654767468571662,0.8905241656546387,0.003045968862716098,0.33840762130703667,0.00573903322219845,0.2936276944944043,-0.1021629050374031,0.020389739638316844,68,42,16,92,-0.6743939562546319,0.8702845355948572,0.025982696190566226,0.20013412649495063
BadRange,0.05368012033551337,0.7322686636459445,0.12555576301179802,1.119799480617237,0.060304015874862546,0.32543088920782565,0.034631895925849636,0.28964686069076373,70,14,0.003256090738033274,0.4546640564507525,1.602958057241434,12.520349488037542,0.02955693006515495,0.1565167091092398,0.1638429164886474,2.960729059404458,0.2491048574447631,2.880413507623357,-0.007665575295686708,0.4591435791276134,-0.0149918496608734,0.33277402632074116,-0.0852619409561157,0.0803155517811011,100,48,13,60,1.042187041093959,3.3273659852893847,0.04459512528462782,0.49381295061656444,0.040912806987762375,0.34757056453179325,0.024287197273224558,0.20136847633644409,75,25,0.0016718346516371655,0.20734038354368084,-0.3602221272836017,1.0589266941584263,0.020317539572715752,0.17837933096683323,0.0892225801944732,1.2398004601477923,0.1444460451602935,1.1990911772273058,0.012005178630352003,0.3804968725038279,0.010448187589645351,0.3734395893614968,-0.0552234649658203,0.04070928292048651,60,42,17,100,0.2513779553139426,0.8903631660576307,0.030107101789947452,0.25012499586903875,0.02558371610939498,0.1890822263533508,0.01689401729665401,0.12268630788482535,81,20,0.0007652388531740249,0.10197215018897016,0.09768559108026853,-0.06252624816746266,0.01289858669042585,0.09462390271237289,0.0633138418197631,0.6739314267327511,0.1114996522665023,0.6649366975251663,0.0033966840768698534,0.2801590289857958,0.0037287706509232,0.2590450129658884,-0.0481858104467392,0.008994729207584777,70,45,17,90,-0.007553009942765821,0.6913465611889257,0.021671923592913044,0.1532418632969013
BadRange,0.053942305415142486,0.702860046774965,0.125418118080124,1.0865394851940822,0.0618575811386107,0.23813040912321398,0.036514229592867146,0.2668079079610817,71,15,0.0034233653561503573,0.4743292815670841,0.7818721764029934,21.63313837777998,0.0306995511054992,0.14623846435169832,0.1638429164886474,3.472399384285391,0.2562249302864074,3.4057508598456088,-0.0017657157033681807,0.45828946194119213,-0.00896054506301875,0.3366357020343339,-0.09238201379776,0.06664852443978221,91,50,17,69,0.7121769818777401,4.348919646895694,0.046367257973420076,0.5141012066127998,0.03694742172956458,0.3257103804597146,0.022412487003020908,0.17805703882145646,82,24,0.0014758267573729226,0.17342762979648513,-0.2913297167070459,-0.8965583644191719,0.01849995553493495,0.16885618775465497,0.0756074786186218,0.7713693881184268,0.1408102214336395,0.7468038354458498,0.013255757279694058,0.3585367462580696,0.0148799419403076,0.35176489960725577,-0.0652027428150177,0.024565552672576943,53,43,17,107,-0.3461089602712077,0.367682261493435,0.02741117840745721,0.21184671670611696,0.0269668670371174,0.22054368218159104,0.016734002492958047,0.12510649413014394,77,21,0.0006943979445507441,0.09550950506281027,-0.23531759712963263,0.10820562311132287,0.013956369832158,0.11056547275423374,0.0518998578190803,0.7013853818699685,0.10485427826642979,0.6482238534317718,0.0016365980322007076,0.2697132769948205,0.00054019689559935,0.23990004594230802,-0.0529544204473495,0.05316152843819666,76,43,14,84,0.022820757670749515,0.8040693823238024,0.020833457904940858,0.15087827303997584
BadRange,0.06176962460982045,0.8530132608996166,0.14775490723550294,1.3386788512741288,0.06664144992828364,0.3477300774011811,0.04245254653040315,0.297063812508505,71,16,0.004525099464039387,0.6454606059929309,0.26642298045693247,20.348234614999065,0.0369509160518645,0.16319541657512282,0.1703332662582397,3.8887133483215868,0.2627152800559997,3.849379228974244,-0.0019973587244749022,0.5569796466267,-0.00935143232345575,0.4434316036378479,-0.09238201379776,0.03933411934734271,90,45,13,70,0.6482245642307395,4.220081090423522,0.05331003632508156,0.5789941962028008,0.03515779227018347,0.3421171451871853,0.024807557305321064,0.2192355768015347,89,21,0.001838345202401804,0.24980781911960886,1.1603392108394965,0.05274297881295853,0.017578244209289547,0.15015464925516558,0.0753597021102905,1.1336847420295804,0.1850641667842864,1.1143788699537056,0.010663206130266173,0.42104771738225155,0.0152385979890823,0.3449078146337673,-0.1097044646739959,0.01930587207587486,51,40,15,109,-0.9519745044285611,0.8570463775141927,0.03227650642406912,0.2693077028360023,0.03848965931683763,0.28558036809802795,0.022332150710280937,0.19029315714844056,75,17,0.0012552641206702287,0.18785490357821463,0.6465072865062735,0.9030028381301105,0.020158529281616197,0.13927451323494258,0.1065000295639038,1.1354694113080708,0.161105915904045,1.0507273147838347,0.0019935948774218552,0.3606514872651773,0.0008010901510715,0.29481429954228044,-0.0546058863401412,0.08474209652423598,78,43,14,82,0.4488734312578124,1.1917557203109208,0.02802632464021733,0.24038595697675494
BadRange,0.06381338665880272,0.9302200512599409,0.15305937044322468,1.4521337227879454,0.07202938199043263,0.45267078498819685,0.04464661192148919,0.3742055484973864,74,20,0.00513577689747421,0.7527466998624888,0.26633312813558563,12.61013715737671,0.0383667647838592,0.21324827209481972,0.1703332662582397,3.745434492398081,0.3173188567161559,3.6932126117881827,-0.002689091861248007,0.6163169919349927,-0.012065470218658399,0.4385986487548721,-0.1469855904579162,0.05222188060989806,90,39,18,70,0.6075695403985493,3.2047112474900503,0.05676946070567549,0.6106554391100524,0.040903374552726676,0.3286670981466343,0.026713666832074497,0.2020114080757761,85,20,0.001976459928087163,0.28454319044056114,0.6100670454529609,0.76042697506842,0.020488575100898698,0.1562978209336438,0.0923191905021667,1.219707881573221,0.2020236551761626,1.0978379250208459,0.00845638886094092,0.4675830965800346,0.0144159942865371,0.41110737369401174,-0.1097044646739959,0.12186995655237513,58,38,15,102,-0.5065981114427864,1.0466751343578384,0.03422128422965118,0.25672794595288456,0.03784874174743875,0.2788386693212355,0.022532046255655542,0.19473145035418876,74,21,0.0013109117027098893,0.1982413617948187,0.803836699281693,0.34072131650420534,0.0178873240947723,0.13773605162154218,0.1065000295639038,0.9723615395751113,0.161105915904045,0.9103213853917607,0.0025138692930340746,0.36823363427291816,0.0003522336483001,0.2908554829545627,-0.0546058863401412,0.0620401541833506,79,43,15,81,0.5389703225916378,1.080474798224829,0.028602683172218046,0.2502905359476812
BadRange,0.05344534342583109,0.8067620029146312,0.1276548963040111,1.2811367712634028,0.0530152022838592,0.29837066664415857,0.0327081060968339,0.24774602199123344,68,18,0.002987899533335424,0.40649720196755185,0.9914365313414848,7.983625669999261,0.0240297019481658,0.14445177144346893,0.1358622908592224,2.2770841432700006,0.2828478813171386,2.2070847710883466,-0.010249150916933996,0.5018815858247997,-0.0183235108852386,0.4110360717149039,-0.1469855904579162,0.06999937218165425,101,46,14,59,0.39160119956680434,2.6454179151135024,0.04211266247754318,0.39320742080680016,0.03434377163648598,0.28212107456466456,0.023307674471288887,0.16959342831801907,80,26,0.0016728612955635336,0.2218980986231829,1.168966202059794,-0.09363317489443945,0.01693938672542565,0.14330329792566177,0.1281368732452392,0.9600425277351866,0.1812916696071624,0.9196006338049428,0.010383283998817189,0.4214859187578241,0.009527467191219299,0.4385969114550109,-0.0531547963619232,0.04044189393024381,58,42,16,102,0.6206383573409715,0.371865490679815,0.030718453235547494,0.2103514176611506,0.0316993501037358,0.25946530458643713,0.020444478255230887,0.16065324752605215,79,23,0.0011344740986818215,0.16514291493064967,0.5735518442143879,-0.2361929540777048,0.0163825824856757,0.11665665907650366,0.0847764015197753,0.8583930941641041,0.155355393886566,0.8187420823967078,0.00132160801440477,0.35776926668077885,0.00065489858388895,0.3216588447227489,-0.0705789923667907,0.03965101176739644,78,41,16,82,0.21221340375657172,0.6593259246666933,0.02667860733793507,0.1927279604762821
BadRange,0.0636722161463074,0.9033060437958269,0.14908123452216365,1.392832663706835,0.06589925289154044,0.2958431930891366,0.04042689181864258,0.3154197017810003,68,15,0.003981533366255612,0.5797160904244966,0.39147936835375496,18.89957877452821,0.028556317090988152,0.15516651239424883,0.1501509547233581,3.811149698321449,0.2612470388412475,3.775398145859337,-0.00239932686090468,0.4910265277727053,-0.01652985811233515,0.36952824806404694,-0.1110960841178894,0.035751552462111744,93,51,12,67,0.7489138197005953,3.9859986455302137,0.049983157762376974,0.5819012282578353,0.03681103885173793,0.37937257105518235,0.028234057041117887,0.22767687016531032,75,26,0.0025505754197225478,0.3461156204362391,0.7808077162674616,-0.7181987400403753,0.01991511136293405,0.20029093595311748,0.1281368732452392,1.1214148709827392,0.20977038145065302,1.0582272730102829,0.011810386274009928,0.5240307094412856,0.01071659475564955,0.5440498566853899,-0.0816335082054138,0.06318759797245631,55,43,13,105,0.3418528493341578,0.38267729697205005,0.03825928638385104,0.2674087433101283,0.03849085606634603,0.315512704490286,0.022540755820809815,0.18289480055864551,82,21,0.001323259065435406,0.1901160387637915,-0.20464109405679576,-0.15377120149944634,0.01914953812956805,0.16333880951941787,0.0769087672233581,1.0106752562368844,0.14748775959014881,0.9361829835433156,0.002269534603692588,0.3777754264928442,0.00260350480675695,0.30304861496323343,-0.0705789923667907,0.0744922726935687,72,41,14,88,-0.10331105562241304,0.6532593124048222,0.028758567831657943,0.21771946606112463
BadRange,0.05837075926584247,0.8495895887586348,0.13608360245823836,1.3197594500146497,0.0511315464973449,0.3398566091546118,0.03494141006376591,0.31699684963696523,63,17,0.003437460025952989,0.5021051424666169,1.4582268477687252,10.24827274095615,0.02483940124511715,0.16932392607671715,0.1501509547233581,2.9472874740824766,0.2612470388412475,2.93906985001594,-0.0049765277653932415,0.48273265505976454,-0.016492784023284898,0.3248443013108511,-0.1110960841178894,0.008217624066536876,107,50,15,53,1.1732262600128005,3.022894750187947,0.046227729298511856,0.5187237474856604,0.04258716106414785,0.3479370481338059,0.02806562521494922,0.2045048720372092,69,22,0.0023045709152059424,0.3213382750285221,0.6153728254310296,-0.661116545737908,0.02114963531494135,0.15159022333286412,0.1217624545097351,1.098856457248118,0.2033959627151489,0.9568296392256497,0.008694567531347269,0.5127992442229069,0.0064263194799423,0.4344381379560489,-0.0816335082054138,0.14202681802246842,64,39,15,96,0.3455379644631227,0.5612674277337267,0.037058665949529244,0.24160962346921858,0.029495584778487627,0.28489219263259147,0.019973042700439654,0.17353765925990008,80,22,0.0010449167245813985,0.15000393079151,-0.16378832811124466,-0.31124250089613925,0.015033528208732598,0.13663249780195919,0.0596545934677124,0.8195486212738529,0.12559926509857172,0.7801280928499936,0.0037724209949374157,0.3242275507319785,0.0038020089268683997,0.279110052904827,-0.0659446716308593,0.03942052842385927,68,44,16,92,-0.2789705428303577,0.7599720696434661,0.025354677391171716,0.21185000858591516
BadRange,0.052564155163919546,0.7489056712537203,0.12160808198153951,1.1763462835016338,0.049135848879814106,0.3629961933625063,0.03488258573226626,0.31035564245938474,63,16,0.003290458373716869,0.48580815382829123,0.7545676931781045,18.889751171232543,0.022135168313980047,0.14087098370014028,0.1510202288627624,3.44405906804283,0.262298285961151,3.4103520616784775,0.0002550624310970334,0.46292879236267986,-0.0087921023368835,0.3028218677718799,-0.1112780570983886,0.03370700636435238,97,52,15,63,0.9065856006285056,3.910057065455213,0.04549071563832923,0.5210615002376611,0.04156328737735735,0.25267652695836723,0.0229587763547897,0.1585369838189564,68,24,0.0014882853909644845,0.19377058414945178,0.11976923726937638,-0.09708294003101159,0.019951924681663402,0.15111160451610864,0.093187928199768,0.9153544328490982,0.1528627276420592,0.8202941925771455,0.009285207837820046,0.3924105878452183,0.00584633648395535,0.38750207556421734,-0.0596747994422912,0.09506024027195274,63,43,15,97,0.4398393494240065,0.7332956289324598,0.029142258490866248,0.1994605592502486,0.02654060721397385,0.2534018274657698,0.017718532874132463,0.14392568808714887,77,24,0.0009087388318617646,0.13300546586021048,1.198846600957154,-0.5775460526807499,0.0134794116020202,0.1312096910799868,0.0731749534606933,0.7270689263544784,0.156263843178749,0.6333628653856522,-0.0015056479256600121,0.3210069032937357,-0.0018165074288844498,0.30100704089486563,-0.0830888897180557,0.09370606096882618,89,46,14,71,0.12727378154444136,0.6240136252428203,0.02385901555245175,0.1730896701076546
BadRange,0.04992708014220258,0.7117067765504378,0.11432499825954416,1.102166709290431,0.053361818194389274,0.38160359755392553,0.03392613485455508,0.30697412930989565,64,18,0.003199167630935622,0.47297202244969533,0.7839375437893144,13.823979855861179,0.02502819895744325,0.16336724494004612,0.1510202288627624,3.1029451060962434,0.262298285961151,3.062022618656289,0.002454075589776045,0.4656564555002182,-0.0036525130271911,0.288076104466526,-0.1112780570983886,0.04092248743995415,93,46,17,67,0.8379512851538693,3.4270722575927612,0.04478833273877163,0.506098891424066,0.028855815529823175,0.23571095157010305,0.018902872165199334,0.15243464068067578,78,23,0.0011661500736973975,0.1427327938097824,0.8571787087559488,-0.3129292519095004,0.014346197247505152,0.12473585437692575,0.0865363776683807,0.7720542855838387,0.14621117711067189,0.7605033652563831,0.009870035108178838,0.32474904057156373,0.0092006772756576,0.32017780006311075,-0.0596747994422912,0.011550920327455678,53,43,16,107,0.3385390353274996,0.4948626870475385,0.025207091006410772,0.19305660946373018,0.026705702766775977,0.29517272524519084,0.017363912111031794,0.14787346572824298,87,23,0.0009506186888783098,0.1308693642637189,1.517020045966202,1.3131834328592413,0.012264288961887351,0.15008554638531912,0.0731749534606933,0.9677698177615248,0.156263843178749,0.9589750787004354,-0.006456622714176767,0.31176121321864925,-0.004593160003423649,0.29920210953360793,-0.0830888897180557,0.008794739061089352,97,41,15,63,-0.0038937438351740084,0.8673159674767881,0.02357802417134702,0.183505613527638
BadRange,0.058440791356269096,0.8335459971570119,0.1349531783070413,1.2796143926849468,0.05516833066940295,0.3359440809413887,0.03945898670237507,0.3237358657806052,63,18,0.0044444558122916375,0.6780797664923907,0.3344768358285468,11.175738772349314,0.0275695919990539,0.16442116142720115,0.1320339441299438,3.2638429327244127,0.2590362429618835,3.1216172467957866,5.862973630429147e-05,0.5862476902098207,-0.0073838531970977506,0.44546035859207994,-0.1270022988319397,0.14222568592862606,97,41,15,63,0.5820410968006525,3.262058897329356,0.05287014061633693,0.5782675956821728,0.03231585025787347,0.2139843230737998,0.019000282919732832,0.14454730215053038,71,20,0.001237795626867903,0.1342470275549129,0.33385758099419416,0.8645213394057336,0.015842601656913702,0.11482958003586681,0.0721796751022338,0.8136221373328263,0.14085036516189559,0.7667179924770594,0.013325687404721958,0.3141498702477836,0.01100259274244305,0.2699126769405722,-0.0686706900596618,0.04690414485576685,46,43,13,114,0.02669430930673669,1.1146289703297303,0.024490754450789774,0.1885653376901853,0.030496102757751904,0.31568661733004755,0.023382245333559655,0.25493469253735396,81,19,0.0017387307203722963,0.2646200303241959,2.1697624506138107,2.4454464396268625,0.0169075224548577,0.13821773214711663,0.1145170927047729,1.5188599375841496,0.21839641779661167,1.4932801978957733,-0.00420548468246124,0.37921683222734265,-0.0022571682929992,0.24404487365208816,-0.1038793250918388,0.025579739688376433,89,32,12,71,0.5721125007527378,1.740374615157697,0.03279853653459002,0.3475839819089127
BadRange,0.06679724862197105,0.9209987284904261,0.15534741371870017,1.412852567183696,0.06966666877269732,0.4574546710127383,0.045887928339652675,0.41952266136080985,75,14,0.005451924359441549,0.8223322273455187,-0.25929484836500194,8.851772895035598,0.0333924293518066,0.20683687332549527,0.1320339441299438,3.686727573075411,0.2590362429618835,3.60432112501449,-0.005004795268177981,0.640065200352908,-0.010161131620407049,0.45836937181439574,-0.1270022988319397,0.08240644806092107,91,43,14,69,0.4419183526224584,2.7260536104441844,0.058341046740842756,0.642377433167379,0.04466696828603732,0.3483665726817201,0.024762416237499536,0.2010432010408821,73,19,0.0016976160568817156,0.2143339250127699,-0.17125305001014945,0.3740841479035639,0.02176158130168905,0.15596558097933594,0.0721796751022338,1.0885342896414518,0.1527317762374877,1.0588007538455428,0.011886334605514987,0.38754055836259194,0.009161755442619251,0.3295665299089866,-0.0805521011352539,0.029733535795909063,56,39,18,104,-0.3199877920735861,0.9585113922356329,0.030422187950489395,0.2532710813274592,0.03487588651478282,0.24486184817463888,0.02454497621190962,0.2301754764301565,82,18,0.0017183694691908003,0.265807787082633,1.7109366994662203,4.192496568408923,0.017144538462161997,0.12240349929847791,0.1145170927047729,1.649740970006593,0.21839641779661167,1.626676537613584,0.0012040360714308904,0.3852468084681961,0.00209003640338775,0.29249636085619896,-0.1038793250918388,0.023064432393008934,76,37,17,84,0.31587731007199643,2.079609613905731,0.032852346867841484,0.3426261572730577
BadRange,0.061916823366279294,0.8418095491978583,0.14430650294758357,1.3287822713237312,0.06615200638771043,0.309057491940721,0.04176417769864197,0.369472589704159,74,12,0.004917951535539438,0.6788692735373053,1.1818173512949315,11.638657301389689,0.0315504670143127,0.15649006612217148,0.2076508402824401,3.601982173142793,0.311613619327545,3.5868003313789902,-0.004287616163492195,0.5729033998013459,-0.01045098900794975,0.4079581653706913,-0.1039627790451049,0.015181841763802838,93,49,17,67,0.9900844590125785,3.0562052891186244,0.05544864297160856,0.5921578911349274,0.046318970620632074,0.3282095357818379,0.025589775333646654,0.20705452996234933,81,20,0.0018395379548709783,0.24279574466382337,0.11002467172361063,-0.0872434104411588,0.0238766670227051,0.13862097822449337,0.0785170793533325,1.1517777208708577,0.1722670197486877,1.129308831960868,0.012125593237578851,0.4216718662694252,0.01339671015739435,0.3638601392735526,-0.0937499403953552,0.022468888909989836,56,39,17,104,-0.442453428649719,0.6985093685328518,0.03176456172475752,0.2549285818826193,0.03246439201757305,0.24100449723200015,0.020192797674098935,0.1488148245903076,80,21,0.0009861607683836386,0.1442813151732636,-0.12443293925596066,-0.41531576949092974,0.016615753993391977,0.1120436365702675,0.0672793388366699,0.7863483447978177,0.1346960589289665,0.7462336656877439,0.0005799376696813865,0.33420700525296015,0.000871004536747923,0.2909636257013718,-0.0674167200922966,0.040114679110073874,79,41,15,81,-0.25946699754156327,0.7155795990274703,0.024897559225458554,0.1805186771863553
BadRange,0.05742444655362307,0.8405645176718589,0.13561854567378737,1.312615914899872,0.05370493233203878,0.3778252239430957,0.03642785511910911,0.3421297025336611,70,15,0.00400869833561074,0.5528622382761855,2.0239232607950344,7.101688835871579,0.025393813848495348,0.17008239847229223,0.2076508402824401,2.7826730950734495,0.27997678518295277,2.766722024991603,0.0013351649045944256,0.5247870967303537,-0.00438120961189265,0.39236645709224316,-0.0723259449005127,0.01595107008184648,88,46,16,72,1.3097137699566719,2.5273407877118554,0.05019362553864497,0.526745423692994,0.037545546889305004,0.3255091789065807,0.025352582016494086,0.22415722996231122,86,20,0.0017977748260553632,0.24969145997016678,0.34662741541434094,0.4353039501659559,0.020097032189369146,0.16552518324912824,0.0785170793533325,1.2029045531913998,0.1722670197486877,1.1261352461832979,0.008739730250090349,0.4149909225440891,0.0113928318023681,0.3234319569589162,-0.0937499403953552,0.076769307008102,61,45,16,99,-0.44787037488693465,1.0672108391906965,0.03246248158849348,0.2783415063841048,0.03490703552961335,0.3411505270838693,0.021485064145526804,0.17502562886869072,69,21,0.0012283864742543297,0.18191024664966007,1.4543606674182286,-0.6553255952837413,0.0179708376526832,0.15647117191123816,0.1145756393671035,0.8765791903360968,0.1792657524347304,0.8478338340817552,-0.0011707016732543619,0.37283789562542935,-0.0036399327218532,0.3336107200270083,-0.0646901130676269,0.02874535625434157,94,43,17,66,0.6213070428804927,0.46008117831220297,0.027770324942689936,0.207128342423874
BadRange,0.056301454625558765,0.8104609625465988,0.13493180476129032,1.2568909074756387,0.05732911825180048,0.35066861558899765,0.035767592908814504,0.3036438270842038,71,15,0.003520186850927795,0.4873001273974448,0.8495687482419663,13.862732436747166,0.0283989608287811,0.17153400644334993,0.1480001807212829,3.1261930647157037,0.2492875456809997,3.1090908552197902,-0.0006510578095912892,0.48477717640082796,-0.00755265355110165,0.3632311833237385,-0.1012873649597168,0.017102209495913668,91,44,14,69,0.8854197523475635,3.37364129712673,0.047048139730857384,0.5022859908839638,0.0428493507206439,0.33085824662006774,0.025847357553429862,0.21739991757433547,84,20,0.0018412843491865056,0.2454329141547766,0.4650838426057744,3.7979477559856285,0.0210558474063873,0.1481232207875317,0.1142038106918335,1.579713203302915,0.2054044604301452,1.5435655201727383,0.007965915929526078,0.3988512363622365,0.008873254060745149,0.3252164104624121,-0.0912006497383117,0.036147683130176876,64,44,17,96,0.01654883345411306,1.7012450114212638,0.033078475802310846,0.2938547352129823,0.03536043968051662,0.2740584969291197,0.02172186583484285,0.1662336224132144,71,24,0.0012536142851454191,0.1833636360926192,1.6091886020448838,1.2149019744398366,0.01804933138191695,0.13849338851633325,0.1145756393671035,1.0999151494917387,0.17523437738418568,1.0885480045277316,-2.2727646864942678e-05,0.3732624947125741,-0.0028537809848785,0.33803138306048774,-0.0606587380170822,0.011367144964007187,89,41,17,71,0.8069459213150424,0.7739234033474217,0.028079104998726623,0.20985410678269995
BadRange,0.054419891296189314,0.761373930951111,0.13033090021461224,1.179855522726761,0.05089642107486723,0.36040842385782523,0.033622507825493766,0.28460115215345644,59,17,0.0031919636450446326,0.4220996960945406,1.2288446962108823,12.07099969735402,0.0216513872146606,0.16711906920834815,0.1480001807212829,2.753047447514612,0.2492875456809997,2.6887962221205983,0.002540057897567757,0.4372680662536944,-0.0067682862281799,0.31325334278983813,-0.1012873649597168,0.06425122539401365,98,50,15,62,0.9673821164873003,3.29767593245069,0.04473289430593622,0.48051673678374146,0.04156383872032157,0.23720809638183643,0.024752589749405134,0.19939972752621066,77,17,0.0018805273765742105,0.2178045373869155,0.038532460969275206,1.6995982899258637,0.02132293581962575,0.12199338364806014,0.1142038106918335,1.2898416252957081,0.1721727550029754,1.239702624882205,0.013832225557416662,0.3804622405801583,0.0131272673606872,0.31926109809206615,-0.0579689443111419,0.05013900041350308,55,42,14,105,0.3734572261774063,1.428485839482479,0.031467249965081344,0.27028322345206934,0.035726889036595724,0.24349710548250297,0.02176873263786542,0.16621814231823692,76,22,0.001263214267529404,0.18404313334861097,0.9256310872496529,4.529650331738456,0.01720368862152095,0.11660769838947263,0.0977748036384582,1.3200778512412097,0.17731368541717518,1.2866214720559848,0.0009940604446455898,0.36212521589290836,-0.00126085430383675,0.3271939477452461,-0.079538881778717,0.03345637918522498,84,42,18,76,0.23951938824547964,1.6675650319897524,0.02816877723841934,0.23001839353218145
BadRange,0.050329817859538474,0.7253493446626115,0.1206080216169355,1.1647380294125176,0.034326046705245875,0.24253454437124414,0.024810251025482975,0.21384023554392562,74,16,0.0019706083783397645,0.2569489034397221,1.887484881768433,8.369446064980878,0.01681688427925095,0.11377579510951917,0.1209960579872131,1.9036942952311628,0.22703641653060908,1.8865959696627472,-0.010200056061148625,0.3953275050837029,-0.0125360190868377,0.30954915177226405,-0.106040358543396,0.017098325568415586,109,47,14,51,0.6743095924732556,2.495721665380967,0.03368502409250261,0.3172775869235281,0.03982741385698312,0.2023191689954123,0.023339157807640693,0.19379067697807478,76,15,0.001601995836873138,0.19348029755484167,-0.25464375626537095,1.630637768187114,0.019716411828994702,0.11032264159109671,0.0860722661018371,1.1834593044504529,0.14001029729843129,1.1303384344964094,0.012484233360737547,0.3543102962041501,0.011221446096897049,0.2806440176510282,-0.0539380311965942,0.05312086995404342,59,43,18,101,0.2433937637810309,1.4970574380576023,0.0291669031944182,0.26066168026499226,0.033880356699228176,0.3335763673698589,0.023725864525185852,0.20383325730326476,82,24,0.0015691824827131836,0.23414128803575093,0.8300574764025574,1.1981708904823964,0.017073251307010602,0.1773429038549697,0.0977748036384582,1.2416186029979157,0.2014617919921874,1.1675166285238805,-0.001753242732957004,0.41510022812466457,-0.0003659091889858,0.3548012209077468,-0.1036869883537292,0.07410197447403524,82,46,16,78,-0.2303599695116966,0.9871366502551456,0.03136580987792578,0.24866260001576923
BadRange,0.05994116181189561,0.8275522699216367,0.14163744363933778,1.3349733531354113,0.059657990932464426,0.31816551466705767,0.03624363238923247,0.2933836263541723,75,14,0.0035973982382235137,0.4962864107152928,1.1319176274084546,17.35250813944495,0.02985990047454825,0.14066933536078188,0.1769946217536926,3.3745034277909274,0.2830349802970886,3.323170198401714,-0.0004057295620441409,0.4775300915169386,-0.00406950712203975,0.33822795623010904,-0.106040358543396,0.05133322938921325,86,45,17,74,0.7228171868755614,3.7969967275747845,0.04756415628846621,0.5179299396743898,0.0448798462748527,0.34409846607013356,0.026842435365542733,0.1979240819469817,78,20,0.0020055417664174378,0.2509580865106746,-0.44434429296770084,-0.08101821600084547,0.0222582444548606,0.11930338079375356,0.0973837971687316,1.1120890528187724,0.158789038658142,1.0598625421038512,0.01312968544661997,0.438951292621332,0.01128934323787685,0.365203255361906,-0.0614052414894104,0.05222651071492103,59,40,16,101,0.09295486941047372,0.7785459130701248,0.032982937675323946,0.2414121977380936,0.0358042921870946,0.246338223890871,0.024264439338003242,0.1819421036443881,82,19,0.001555569589417565,0.23267191737115137,0.3453188850206588,1.4471744359411645,0.01859205216169355,0.12001752484500716,0.0747407153248786,1.2451846658692434,0.1784277036786078,1.1673385045918436,-3.365159500390152e-05,0.4184919689971406,0.0009779594838619,0.371191233353411,-0.1036869883537292,0.07784616127739966,78,42,15,82,-0.22780278979070484,1.103341267520515,0.03127849923141601,0.23986744100866988
BadRange,0.057551665591640044,0.8504385709335763,0.1365203145891426,1.3203510531122766,0.0426216572523116,0.3289110212831612,0.030526154525577987,0.279640090674249,61,16,0.002936540729258108,0.3943457601731405,2.961006411342403,7.968620648784228,0.022311478853225652,0.1479995149236943,0.1769946217536926,2.416624692260132,0.2762063145637512,2.376968854184216,-0.007342997193336469,0.43739143045491524,-0.014218658208847,0.293083287521821,-0.0992116928100586,0.039655838075916126,110,45,14,50,1.3040037569115048,2.744693610227806,0.04233936982273276,0.4505934938919376,0.04690735787153233,0.2659961713331571,0.027977116671390793,0.2042831864117619,77,19,0.0021523461924803436,0.29765236207844065,0.03777505477576781,0.451843595592333,0.0236219614744186,0.1305492653469163,0.0973837971687316,1.2144912310006541,0.1992405652999877,1.175802050364459,0.010295070335268965,0.478249432974373,0.009101882576942399,0.4092631170234087,-0.1018567681312561,0.038689180636195176,63,38,17,97,0.002585107256889556,1.0024406201380787,0.035313195596509146,0.26254493317931565,0.039818659424781674,0.26425939130574966,0.0238342566369101,0.17899742718988454,77,21,0.0014567223399274667,0.21558788337169463,0.5855815485024047,1.4020714798809646,0.019985638558864552,0.1250087941314858,0.0740734636783599,1.2010407000942225,0.187626153230667,1.1171850754278219,0.0021694537252187765,0.4047101896829882,-0.00028440356254575,0.3450035951853726,-0.1135526895523071,0.08385562466640056,80,39,16,80,-0.10755888364027824,1.1219964471377417,0.030190088472896354,0.22759074176788108
BadRange,0.058548314877254835,0.8156699093269849,0.13606653977185468,1.2861768267255584,0.05151794850826252,0.34862531781178074,0.034130979245528534,0.29673476634732265,62,14,0.00313306807900044,0.45742136594259053,0.7756614579208208,15.440732790774678,0.02368703484535205,0.11254505099056902,0.149283766746521,3.1625320635934426,0.2275823950767517,3.1441775585428835,-0.0005524013191461396,0.45620330545022414,-0.01008087396621695,0.3206357447651756,-0.0782986283302307,0.018354505050559248,102,46,16,58,0.9746615225922695,3.581186973252859,0.04438666468852387,0.49929941922545834,0.04388329386711105,0.3005671194169195,0.02584998352220279,0.1989339132539149,77,23,0.0021380223922806123,0.2600378778336971,1.0114949408339768,4.4807277468476405,0.02251283079385745,0.16069168128474726,0.1217362284660339,1.5790897716341594,0.22359299659728998,1.5311180059224372,0.015196126140654072,0.4326992433850374,0.013537824153900101,0.4076505751248464,-0.1018567681312561,0.047971765711722285,53,40,15,107,-0.03708030092282234,1.5749493572776492,0.033351065655688204,0.2698318784126761,0.031211582943797073,0.2698160378311593,0.022059695141797377,0.15493982838490117,77,24,0.0013861907472088714,0.1943743163074178,1.2762416644493166,0.25323359851057603,0.0164683144539595,0.12135598808775355,0.0777639895677566,0.9101775147273405,0.1913166791200637,0.8261990678146398,-5.152390804141474e-05,0.39727427789029696,-0.0008608028292655,0.3518985244648869,-0.1135526895523071,0.08397844691270068,83,43,14,77,-0.15512208913005754,0.6944971007069217,0.02952652042818745,0.19117391148941035
BadRange,0.05179004369978433,0.7226765962236358,0.1194200190529225,1.1327839133708717,0.05108349025249467,0.21879820623037932,0.033677119575440846,0.28016897771259247,63,12,0.003147990354838437,0.452691522007529,0.8871514681663983,10.05595127861783,0.0242519974708557,0.10666058909507943,0.149283766746521,2.67348495050137,0.2275823950767517,2.57241874372522,-0.0021143108606338362,0.45219549659480945,-0.0114617943763732,0.314218706992197,-0.0782986283302307,0.10106620677614969,103,44,13,57,1.005098330893675,3.2101040550553765,0.04444513159078158,0.49820754196108147,0.03272916004061695,0.2266620666549263,0.020958789116702948,0.16382271469960302,73,21,0.0014024733668434456,0.17966465287050148,1.7517673860082015,0.08684966411242989,0.01633097231388085,0.11018332219421875,0.1217362284660339,0.9029206975933062,0.17033338546752919,0.85614512057476,0.010348056629300103,0.3682897866159534,0.00835093855857845,0.3239226862618185,-0.0485971570014953,0.04677557701854617,61,44,15,99,0.6491412170352031,0.8538460552255445,0.027826300002839068,0.20982679987284034,0.029330981895327526,0.25113225039386294,0.01848210708703841,0.16273123135773535,80,20,0.000981192043423796,0.13892158782607308,1.1020013769477162,0.5371029253004509,0.013934671878814649,0.11829714769615807,0.0777639895677566,0.8478427799168756,0.169328823685646,0.7989030906787449,0.00038737088907510363,0.312298630160109,0.00025612860918045,0.2506401790808394,-0.0915648341178894,0.048939689238130794,80,45,15,80,-0.08009336218904174,1.1238345538608359,0.024838496616091565,0.20344815906316907
BadRange,0.05724285248646828,0.8029385929162313,0.13599955610930897,1.2454474233956043,0.04740768671035757,0.32988663170717447,0.03442389881238338,0.3021139611206881,60,16,0.0036404622530249804,0.5158554769517437,2.001474127255478,14.491614128755309,0.023503452539443952,0.16670892933991516,0.1825051307678222,3.2851195286813377,0.2957269549369811,3.227881471760641,-0.005332844331860528,0.4792040515274878,-0.0140626430511474,0.35117503043665843,-0.1132218241691589,0.057238056920696646,108,44,13,52,1.291995263464041,3.5711253922307074,0.04754977191882557,0.5349943494574355,0.039357446134090354,0.2870626849936882,0.02512749681249258,0.19666029035716515,72,19,0.0019172710140255636,0.2121539934506733,0.10469757154901238,4.471970813962029,0.01804953813552855,0.14816924496044498,0.1143656969070434,1.47173534159788,0.1820622086524962,1.430635414966663,0.013918944261968122,0.3654662450365247,0.010490030050277651,0.29614498923179955,-0.0676965117454528,0.04109992663121719,61,49,12,99,0.35905148724797636,1.9218086537892622,0.03179426591865846,0.2803362573581522,0.0340953851118683,0.24627777066608658,0.022679127604933416,0.1787272506559467,79,20,0.0014815183270278553,0.21354744618087157,0.8072838052440452,-0.08112742334958423,0.0164073482155799,0.11241120270513308,0.0903743505477905,0.9739131444540806,0.1790946796536445,0.9513788574520107,0.0015308999456465258,0.4007771268315918,0.0013331174850463499,0.36494153779155336,-0.088720329105854,0.022534287002069962,75,44,18,85,-0.15032426970332743,0.7486090263355237,0.030486294266637744,0.230054647398147
BadRange,0.06730720452958897,0.9604736768893809,0.16138625789433697,1.5102677202095598,0.04739135503768915,0.3958651500681073,0.035373535444959955,0.32360505128756445,66,20,0.0036297391650133497,0.5097308589444232,1.5657983374997313,9.794577883585175,0.02448022365570065,0.19836574239218607,0.1825051307678222,2.8723623948482233,0.2957269549369811,2.8612703775337427,-0.0009839829057454966,0.4996107239852348,-0.00828996300697325,0.3927613824760333,-0.1132218241691589,0.011092017314480476,96,46,14,64,1.0238074030569286,2.864066596650672,0.047769032949762716,0.510019591215252,0.05375968664884557,0.3715709541672598,0.03120943000540134,0.21725218374753288,84,22,0.003029356551845072,0.3279429736367326,-0.22734900814009062,-0.642111743681975,0.02783471345901485,0.17802697435076403,0.1224061250686645,1.107038222266915,0.20560130476951588,1.0137686336411158,0.0205677282065153,0.5125135199819855,0.0242833942174911,0.4683215114517756,-0.0831951797008514,0.09326958862579934,54,47,17,106,-0.1138399965521675,0.3832627567453934,0.03846509683193843,0.25548554846097965,0.04553017765283572,0.3975525875179905,0.028882838186400438,0.23592891844814207,87,19,0.0022406214195275047,0.32989614914575355,0.17263024224404244,-0.07259180116936337,0.0246402285993099,0.1768150558904683,0.0903743505477905,1.2272600814848194,0.2064319178462028,1.184509297216338,0.004458898608572774,0.4981434762423396,0.0059581734240054494,0.4201549253509492,-0.1160575672984123,0.04275078426848143,62,44,17,98,-0.43882638734607987,0.8445835304974462,0.03727182638287434,0.2859182159690971
BadRange,0.054322731224444344,0.7485469985563493,0.13181094679981448,1.1910310651393576,0.033343300223350525,0.29776603231485677,0.021655548671260457,0.18728768395361442,79,19,0.0017098216582711206,0.16792290120279932,0.2048810812100026,0.05555424668917297,0.01731252670288085,0.11194242130050988,0.068777859210968,0.9727728391934078,0.1506072878837585,0.9331691588686611,-0.017640566080808613,0.33994202215052816,-0.018116056919097852,0.2523435041040071,-0.0818294286727905,0.039603680324746676,123,49,17,37,0.3805910747345026,1.0000062420818598,0.027608201584586597,0.2288281511943169,0.0484402999281882,0.33664422740706895,0.02673650956479829,0.1992873528819301,86,19,0.0021963522361936705,0.26436256454527124,0.28151593584166523,1.5498417783617473,0.02289900928735735,0.1601012119452558,0.1224061250686645,1.3344992699929004,0.20560130476951588,1.2535321598102704,0.01647444507107137,0.44628873914546285,0.02000861614942545,0.3759380629823369,-0.0831951797008514,0.08096711018263002,54,43,14,106,-0.06166358926213968,1.1365376263983675,0.03329022833902161,0.25532122093007514,0.041581425815820625,0.2504350759360393,0.024775450234301343,0.20342522623445056,80,21,0.0016588154539053034,0.24783603211922145,0.7250606573350806,3.203330380957322,0.02085417509078975,0.12697981969194283,0.0836663991212844,1.3913686762244726,0.1997239664196967,1.3706112038290321,0.004590584780089552,0.4048003038433666,0.00461754202842705,0.34145253709084683,-0.1160575672984123,0.02075747239544042,68,43,15,92,-0.27653048172040967,1.7492536833884627,0.03196989448726989,0.28978051371260183
BadRange,0.05832056618890399,0.8376653718653578,0.13831868305802322,1.30552028621681,0.057366460561752194,0.362353415321255,0.03392049162182952,0.2723317422762993,63,16,0.0030154922537022648,0.4533783208423521,1.132248167698279,18.560527095958854,0.02535027265548705,0.17030290986618113,0.1528393626213073,3.1627582738447266,0.23555028438568099,3.120030611099584,-0.0018841635435819515,0.48225698602148737,-0.01118016242980955,0.38585545207073946,-0.0827109217643737,0.04272766274514232,100,51,15,60,1.0567145892120131,3.813775908237172,0.04350820162751305,0.4699005429618303,0.04209394007921208,0.3719042531567126,0.026122148227877885,0.21906397945883133,84,22,0.0022967184243382534,0.26157193382900273,1.0805804120358546,0.041346928608053,0.021643534302711452,0.17115114864247016,0.1533277332782745,1.1663579000761892,0.2242707610130309,1.0840797253465255,0.018166750948876122,0.4354077618117735,0.02033171057701105,0.3558711243671986,-0.0709430277347564,0.08227817472966376,48,45,18,112,0.13478520757451704,0.8762107744992796,0.03335221867792369,0.26831327731415866,0.030766729265451348,0.34257252335184596,0.02206240388681176,0.1787704823049227,77,23,0.0013636727229702993,0.19675275667586312,0.8546046820795246,0.5260718007063314,0.016233213245868648,0.16342061939118668,0.0880582332611084,1.0955143008849069,0.1776391267776489,1.0545103216262288,0.002764155250042675,0.3878555383835491,0.0012743696570396,0.3660413254463199,-0.0895808935165405,0.04100397925867816,78,43,15,82,0.17478774556251164,0.6329624684348358,0.02915419682590521,0.2152227637148785
BadRange,0.05826989892638229,0.8872995134316188,0.13914436079561687,1.374851043563511,0.04709988832473745,0.33473125317893876,0.03191199450753625,0.28403561874631983,62,18,0.002840139694909171,0.42277820979543457,1.7636279075607924,9.09212125552114,0.0205979347229004,0.16756952594197086,0.1528393626213073,2.55837675317714,0.24087131023406969,2.527382599344886,-0.0031038407236337493,0.46126241633621284,-0.014325737953186,0.37441903971983204,-0.0880319476127624,0.030994153832254165,104,46,14,56,1.211121008171421,2.799453577792911,0.04214922256815562,0.45827414619538914,0.04477511346340164,0.4425754459173589,0.027385788119863686,0.24634086454044543,75,19,0.0021531357243046094,0.2922123336452912,0.8435370683165053,-0.7203628897584595,0.022113010287284803,0.2161162485909905,0.1533277332782745,1.1141112938200552,0.2242707610130309,1.0604015472335528,0.011508522741496559,0.4567406271186287,0.00921842455863945,0.39372393660109917,-0.0709430277347564,0.053709746586502335,62,40,19,98,0.3827824184984579,0.6197358865748129,0.03494129822299487,0.2891372220669159,0.0367536693811415,0.31262369859835215,0.025785525559913324,0.17586582430534584,84,24,0.0017427949632488286,0.25736245487593024,-0.14538366139296333,0.5083441640775259,0.019347533583641,0.16245187421044613,0.0880582332611084,1.1546654559436247,0.1776391267776489,1.0692593532810764,0.001643516169860951,0.4568480001086695,0.0048944801092146994,0.450879465142872,-0.0895808935165405,0.08540610266254839,72,40,16,88,-0.1255217279284161,0.5764961641278399,0.033066286870864985,0.2205727990316106
BadRange,0.057732788663394354,0.8339115065970576,0.13699331179261182,1.308957693460762,0.05192969739437095,0.30824019762940663,0.03538091899361457,0.31851186622219685,63,16,0.003583601792122154,0.5286400144791019,1.9022361692234764,13.133641040782699,0.021692454814910854,0.15132157552773917,0.170566439628601,3.248061561219632,0.2609143257141112,3.2407561471503286,-0.0003384698182344298,0.5050800193949617,-0.0131664276123046,0.3706619700906907,-0.0903478860855102,0.007305414069303326,97,47,11,63,1.2686646407327185,3.2277347175542914,0.04747338541515488,0.5230049602891801,0.03967916965484607,0.3339328323654922,0.02525028888834637,0.205516670122745,81,21,0.0017849258432129265,0.23199065539577954,-0.167332959036945,-0.6443530394950403,0.0202502906322479,0.13752886189040472,0.1112618744373321,0.956862116520308,0.1756619215011596,0.9279235512087635,0.012087863124907009,0.4141584262752253,0.01279757916927335,0.3461244656271855,-0.0644000470638275,0.028938565311544442,58,36,13,102,-0.007906011367679208,0.5588562192172682,0.03123394729664991,0.2458931746531576,0.032541494816541575,0.27052279018249037,0.022618212910601822,0.17350198440326736,89,23,0.001348483327505291,0.2000244390586405,-0.21903547388351585,-0.34648769634562715,0.01692830771207805,0.13549627196885328,0.0770617723464965,0.8807185658062991,0.1502009034156798,0.8478042736131762,0.0032008382491767275,0.3897192477905748,0.0061903148889541,0.3754632518708022,-0.0731391310691833,0.0329142921931229,66,41,15,94,-0.1845070237236683,0.483614177246164,0.02894465270033583,0.2194159223032575
BadRange,0.05468348648334216,0.8115737637523618,0.12883759245276427,1.2768320685979393,0.04632622003555295,0.2941806268433654,0.033461160012520814,0.2951733667711912,59,14,0.0033831874865341,0.4814811897781983,2.0532948941502562,8.973257923284956,0.022350847721099798,0.1531254638619417,0.170566439628601,2.718501799238359,0.2696236968040465,2.6440381339340413,0.0042725268751382895,0.5086251696774194,-0.004639983177185,0.4006130658699517,-0.0990572571754455,0.07446366530431738,90,48,11,70,1.1765466665971893,2.79623378743684,0.045928439751942725,0.4719974857441665,0.038706429302692295,0.32178733414064503,0.02456240399391388,0.18433840080582453,83,20,0.0017733125559463792,0.22600391510810927,0.23799753472969787,3.06831175768456,0.019765868782997048,0.14553806427756488,0.1112618744373321,1.377310314128273,0.18562275171279902,1.3708612031531293,0.01222856426611541,0.40681355303262334,0.01490828394889825,0.36949134634278435,-0.0743608772754669,0.006449110975143774,55,40,17,105,-0.17509086455178371,1.3709997698854226,0.031061433361508264,0.24598099149544486,0.031202498823404225,0.2480652352669444,0.020470382208004553,0.14369123107840173,76,21,0.0012010014310223586,0.1635254653021978,1.3172820319508523,-0.0055728146208844365,0.0160408467054366,0.12393535990360105,0.1200780421495437,0.8172690596711362,0.1787659525871276,0.7650221920616155,0.00712987650185822,0.36139334588789673,0.00594078004360195,0.3461089046368305,-0.0586879104375839,0.05224686760952066,66,45,16,94,0.5457198364363173,0.6617110841089713,0.026536615367772146,0.18143956252744028
BadRange,0.052610824237735485,0.8118566788959783,0.12682142965495563,1.3117013150790522,0.029994964599609226,0.29553207826964006,0.023656670935451957,0.21340745436569972,75,19,0.00219868819845082,0.25735565580359926,3.751644483683016,1.0150389767121073,0.015150696039199798,0.1450799484007249,0.1352381110191345,1.2723910610380864,0.2681387662887573,1.2050634665399875,-0.013471040129661539,0.42550874144978557,-0.0152281522750854,0.3630603514153603,-0.1329006552696228,0.0673275944980988,118,45,12,42,0.5974835687267496,1.1514322284014475,0.03464408362434163,0.2762208658907193,0.0390924029052257,0.3145538815000395,0.025028527341783006,0.16945589521211013,81,25,0.0017825417388937386,0.23242754368323176,-0.1829747884493118,-0.918090060095099,0.01990396529436115,0.15848569944160185,0.0785322785377502,0.8126540249673351,0.1528931558132171,0.7461312651602048,0.010427884757518753,0.436494819864399,0.0106530711054801,0.4361365694281896,-0.0743608772754669,0.06652275980713027,58,43,15,102,-0.22123901459594378,0.09090302250788365,0.03180677205361202,0.20469444524651287,0.036734210327267494,0.39791986202669793,0.025030898730619765,0.19842594450492512,75,23,0.0018070084194806374,0.2570902600144964,1.2335450572113373,-1.0312306265621298,0.01870732009410855,0.20555953302817964,0.1200780421495437,0.9094735846824118,0.209608033299446,0.8459395191166741,0.004629068216308947,0.4496977537648677,0.00225920975208275,0.4431444209222132,-0.0895299911499023,0.06353406556573768,73,45,16,87,0.38276183100222716,0.09797809354698941,0.033390421397928284,0.23422679239004407
BadRange,0.06967646476569798,1.006762417815656,0.16743190146982645,1.6235345101898115,0.05862560868263235,0.45032917316135007,0.03956183934584255,0.31615575256957007,71,19,0.004364373635540057,0.5890367498227277,1.3175385981711596,15.1835284861831,0.0291824638843536,0.23085647716606328,0.2082901000976562,3.3569021797249246,0.341190755367279,3.3024938304590705,-0.00032870024442671896,0.5730161011233319,-0.005858540534973099,0.4791508378401654,-0.1329006552696228,0.05440834926585402,91,46,14,69,0.624678107850219,3.3550072914674987,0.05239065141400945,0.5105774159480061,0.052104324102401574,0.28591922505682704,0.03034870615345423,0.18174240240936113,77,25,0.0027927738945399305,0.32383744749436216,-0.42799714209502326,0.12440218129426661,0.026584684848785352,0.15573328137363612,0.117031991481781,1.1573180146378008,0.1848629713058471,0.9842014293661714,0.018968472909182292,0.5229725764891744,0.017492204904556198,0.5157719178702587,-0.0678309798240661,0.1731165852716294,50,39,17,110,-0.017630978006079163,0.7555846900468286,0.03734160806205593,0.224359380759167,0.0461092442274092,0.37605270923723605,0.030882902440498537,0.24237395063965395,79,23,0.002584074100882875,0.3732163605455005,0.3013234917823855,1.2149733112097172,0.025144737213849952,0.18780650576282035,0.11209137737751,1.584409205678327,0.2016213685274123,1.5109970890847575,0.000251654302701354,0.5275458325773053,9.744986891745564e-05,0.47888822878741155,-0.0895299911499023,0.07341211659356957,79,39,14,81,0.28530917450826954,0.9878756956757183,0.040313026540362895,0.3080775147196211
BadRange,0.07051060503974402,1.0459887613056293,0.17195460021495795,1.6856395130473023,0.0546987354755401,0.29717576462290074,0.03660319230984893,0.2845874923187135,71,16,0.0038889633787627127,0.5151950851121964,2.2040036772249625,8.060683425005562,0.02741131186485285,0.12470672415861767,0.2082901000976562,2.522981002734705,0.3279051184654235,2.454394607133204,-0.007797012105584128,0.5555969767702957,-0.015585720539093,0.40771219597112485,-0.1196150183677673,0.06858639560150136,104,45,13,56,0.9820192429786968,2.7218774781542043,0.04883352507522391,0.45443050570566207,0.06092937290668478,0.38328942470709637,0.03390158610418435,0.23134720465833078,80,21,0.003166468987780472,0.40950680271200673,-0.18797491382955833,1.0552586081854587,0.029965922236442552,0.19600702095643027,0.1393962800502777,1.4674086518525555,0.2272875308990478,1.430867260212947,0.014285200554877508,0.5685304483560981,0.01385161280632015,0.5057334379042833,-0.0878912508487701,0.036541391639608393,62,34,17,98,0.2038906800754431,0.8883143329919492,0.042262744049111706,0.2937344583191099,0.05491979420185085,0.4981472039633425,0.03329158480628389,0.27076245359853673,85,20,0.0029004261297828227,0.4205523549571268,0.6007527060363893,-0.1765220378550536,0.0288203582167625,0.22128285089220884,0.1272874474525451,1.4864310289114895,0.2720903158187865,1.378549494045489,0.0002025649882852987,0.5615120879209087,0.0032609105110168,0.45456111628652746,-0.1448028683662414,0.10788153486600056,75,35,15,85,-0.027947976385783703,0.7442266829826855,0.04270978911890008,0.3244326279458163
BadRange,0.06561522372983418,0.9654853060871242,0.15691552147269228,1.5237460392254216,0.059720739722251774,0.3340102837853133,0.03686368491500612,0.28211308352091075,72,16,0.003553841579273923,0.5114046182913969,0.14680643473498023,16.968750189723433,0.02958652377128595,0.15979113159812414,0.1294196844100952,3.209349107688445,0.264296531677246,3.1318191881301365,-0.004046843573451031,0.5279153556135622,-0.01007276773452755,0.40033727012169584,-0.1348768472671508,0.07752991955830833,94,45,15,66,0.32054981438143854,3.6902658430263724,0.04710244736274828,0.482400244194386,0.05036335438489908,0.40567247280960655,0.031111046489095285,0.23174559611627166,83,24,0.002942195310991772,0.35326015844364755,0.08924921490540205,-0.19923134320332236,0.025683514773845596,0.20499779281964003,0.1393962800502777,1.2737591711961804,0.2272875308990478,1.2663242675261333,0.017240784969180807,0.5220114198033614,0.020489133894443498,0.4935219343615279,-0.0878912508487701,0.007434903670047152,52,40,15,108,-0.12209004213890097,0.5432024648411506,0.039386840097253524,0.28419049251958844,0.036607712507247876,0.25286074091283517,0.025575888579478446,0.19990374365606325,89,23,0.0020275003933031698,0.2965779220223271,3.413154969693659,1.1597066697090739,0.017850629985332503,0.12751034109425047,0.1272874474525451,1.3021108837899318,0.2740592956542968,1.215643122492915,0.0014596742577850752,0.4738192638084982,0.00364292412996285,0.45139171184411586,-0.1467718482017517,0.08646776129701689,70,37,16,90,-0.7521423861332445,1.0090418930389753,0.035679313766078156,0.26846457357778125
BadRange,0.05568639921382401,0.7791491013864813,0.13059424236416795,1.2238555054316693,0.049741059541702125,0.2572010836468899,0.03362363521009679,0.25959843731167076,72,18,0.003072187908025259,0.4304174829692421,0.41770843761739673,10.630301378759922,0.02556228637695305,0.1325123525964726,0.1294196844100952,2.6261779846434496,0.264296531677246,2.5529675267838288,0.00231469236314297,0.4971306768162244,-0.00014847517013545002,0.40024091397162875,-0.1348768472671508,0.07321045785962099,83,49,14,77,0.23121858298751577,2.9306763422700857,0.04389535459761212,0.42811046838110006,0.04135245084762557,0.25782412414130224,0.024817962612723905,0.20007477233106247,75,21,0.002123543315988263,0.2276183526633346,0.02297469437046873,1.8340480591301196,0.0206500738859176,0.14121585648949703,0.0968108773231506,1.3090412108959877,0.16905349493026728,1.27133471894479,0.01801997637376187,0.39744975887379375,0.016633041203021948,0.31543871667681844,-0.0722426176071167,0.03770649195119759,41,41,15,119,-0.1671038026459537,1.337856295807692,0.03176161242966983,0.26391673276717004,0.027289964258670703,0.21864965105052575,0.018637724514119283,0.13965334692935005,84,19,0.001070795153481024,0.14072586822750607,6.323864857303409,1.7853243545139401,0.013650931417942,0.1087291692090198,0.063409686088562,0.984113807728221,0.21018153429031372,0.8999140271639883,0.0035056115128099833,0.3292750697416511,0.00400634109973905,0.2871606999678151,-0.1467718482017517,0.08419978056423272,68,38,16,92,-1.156091061208432,1.1476569085044408,0.0257116601568633,0.1797325698757373
BadRange,0.05944409405379745,0.9223035208438133,0.14292034119367575,1.4769992686441662,0.044435769319534205,0.38886676139032506,0.034047522055916456,0.3042920023418549,67,15,0.003733370649055873,0.5246022477984262,3.636898968541728,3.8217727586452677,0.0235416889190673,0.1610236684556456,0.2075461149215698,2.301905935256397,0.3573535084724426,2.2173697528678833,-0.008155368641018852,0.5896553889340526,-0.0181634426116943,0.4876435802688591,-0.1498073935508728,0.08453618238851371,106,49,12,54,1.1678691646115877,1.7576439587883057,0.04776089943622808,0.42060524259625853,0.03983020409941665,0.34517452064752746,0.02736156180500981,0.22014146675800297,72,20,0.0025326198261107534,0.2988955895829661,1.2518917272265142,0.8077335666263505,0.02141271531581875,0.14636154727965184,0.1590786874294281,1.3179837054963557,0.256913810968399,1.2950701702528757,0.014396951347589476,0.4729771379214708,0.0129180178046226,0.38402038648732006,-0.0978351235389709,0.02291353524348004,47,43,16,113,0.29386944952679056,0.9846473335568847,0.037205736802720636,0.27420469833060873,0.03791813924908623,0.24202234835385822,0.02354941349942232,0.15389435794307185,82,22,0.0014250799952026721,0.20834653463191008,0.8707626273146443,-0.28516546274505084,0.0191990584135055,0.12329422109596777,0.0760064721107482,0.8985822230541431,0.1827003359794615,0.7875491564673859,-0.0005191417410969755,0.4143667417886428,0.0018540918827056499,0.38547462867102095,-0.1066938638687133,0.11103306658675728,78,42,15,82,-0.4233413407662695,0.6004149642302711,0.029933351355560193,0.19143337726575874
BadRange,0.06817964801519569,1.011656365182025,0.16373010098934151,1.597351816388271,0.06229449808597555,0.35318114781455623,0.04045225389301772,0.3572350739990909,72,14,0.004516160237462253,0.6394422349014529,1.4200098094172073,6.297528289557588,0.030038386583328202,0.1814622525786132,0.2075461149215698,2.9018859816999143,0.3573535084724426,2.7124365297381074,0.002658353000879291,0.6126665055076288,-0.00281241536140435,0.4106427407364652,-0.1498073935508728,0.18944945196180704,85,49,15,75,0.6807705913877374,2.3079964072811125,0.05322819801936804,0.5138890813497827,0.04362707585096355,0.33334111144865936,0.030198521725833392,0.20191333176513956,70,25,0.0032008100789495363,0.34376303544497605,0.7510948898455427,0.5017358825997107,0.020009301602840347,0.17911013239391615,0.1590786874294281,1.3518029091274164,0.256913810968399,1.22784770203593,0.01970235854387281,0.5260068785765217,0.0154459848999977,0.5262208811909036,-0.0978351235389709,0.12395520709148636,42,44,17,118,0.2917842186072748,0.6283998303011148,0.040279818342287624,0.2589976817177336,0.044564090669154975,0.3188793916512182,0.0279362622275948,0.20528314927776609,78,22,0.0019423952373930841,0.28216284229219535,0.35599759989220203,2.540258944556782,0.02345231920480725,0.17622570808463034,0.0760064721107482,1.3858776038220442,0.1844828128814696,1.3485467295529139,-0.002629035711288451,0.4586784323041206,-0.00423786044120785,0.4028883425258514,-0.1084763407707214,0.03733087426913029,82,43,17,78,-0.3885550995623505,1.3091817524438936,0.03485221550178829,0.2679121834318657
BadRange,0.058785071737843995,0.9072978964826234,0.14075279422104336,1.444797534216166,0.04395245015621175,0.3445736206011084,0.030121441744267903,0.26601517166380656,70,17,0.002701984442916862,0.3621501161950244,1.0139081606732132,3.9971034816869073,0.022303879261016804,0.1480841389379205,0.1371006369590759,1.9296419486196101,0.2270818352699279,1.8459302064620104,-0.010386641323566422,0.4737444496492135,-0.015345424413680999,0.3559245404214614,-0.089981198310852,0.08371174215759972,106,45,14,54,0.7640065042754834,1.9166365602342323,0.03988483999873133,0.3711014856095139,0.0350922942161559,0.29657399030112824,0.02500918239122254,0.16976355693670173,76,25,0.002244150008587682,0.2742713300275417,1.9978281573935597,-0.9115595559267939,0.01788984239101405,0.14979074308018173,0.1556867957115173,0.8751975838051684,0.218433529138565,0.7636304986086346,0.015049434592947341,0.4841107339060152,0.01259872317314145,0.4731619341150952,-0.0627467334270477,0.1115670851965338,51,42,17,109,0.8008243091779444,0.15610164519575792,0.03440211012688452,0.19977018632549037,0.04233153909444795,0.40944977555010265,0.028057128414511634,0.23674038292176364,88,23,0.002112522704420501,0.31155782049973174,1.003436173761762,-0.9390427998483899,0.0213369727134704,0.20324946652693093,0.1152830719947815,1.0513468303194955,0.2365950942039489,0.9894626347911168,-0.00048498660326004394,0.48694235066093744,0.0052064731717109,0.41959753280873047,-0.1213120222091674,0.061884195528378656,72,38,18,88,-0.4998364472457409,0.45876773382161534,0.03644713898764726,0.27284605115803373
BadRange,0.061092299132249984,0.8976918670460025,0.14482970379292942,1.4077436765123903,0.06131361424922935,0.3089895586315586,0.03787617437541481,0.3072259044144935,69,14,0.0036839174170484002,0.5428466702706475,0.259604803497286,12.791184875071176,0.031201213598251298,0.1348778649832777,0.1418439149856567,3.166195140408105,0.2621848583221435,3.1100021747813162,-0.004712122678756703,0.5372773136762202,-0.012995570898055999,0.3866510793795138,-0.1203409433364868,0.056192965626788764,97,46,15,63,0.6053316122641139,3.199161222495448,0.04790183132766426,0.5041624326340787,0.04209924489259705,0.31546215422507995,0.024835124455275914,0.19451699156491142,77,21,0.002130039013447231,0.24315416814934074,1.5699933605613454,-0.5137988404223153,0.0203466713428497,0.14998158437943182,0.1556867957115173,1.035367997689459,0.214982509613037,0.9711622708302485,0.01695843492634592,0.43175432781341094,0.01626376807689665,0.3739030675113316,-0.0592957139015197,0.06420572685921046,49,42,16,111,0.5242158942948487,0.5792169555424683,0.03240755977110737,0.23820656700378867,0.033655788749456274,0.2884285247284293,0.023049200698733292,0.17040193198161152,93,21,0.0016178565949505875,0.23671883582414613,2.441918454350465,0.36990604363941015,0.01663944125175475,0.14137313116295974,0.1152830719947815,1.0182243021963044,0.2365950942039489,0.9182758760276095,0.003126770257949816,0.4387120350227592,0.0074447393417358,0.3888362018754238,-0.1213120222091674,0.09994842616869493,60,38,17,100,-0.7750388360593731,0.806038390282048,0.03174400242820095,0.21035823290362413
BadRange,0.058090111493118365,0.866928887429836,0.13884539797902085,1.3717366008994176,0.05350273847579948,0.38287434779634744,0.03464989297091957,0.2946373795299725,68,18,0.0031360279460476855,0.4568433168891587,0.5983321290715966,6.21959839377949,0.0258342325687408,0.182940025330757,0.1418439149856567,2.2978373944562502,0.2621848583221435,2.2797598070624776,0.0015768066048622228,0.5098734612619447,-0.00776410102844235,0.38419117544226455,-0.1203409433364868,0.018077587393772448,90,47,16,70,0.6074290142256428,2.4140154993110587,0.04438290959209175,0.4437030204877165,0.04786940664052952,0.24955389376922227,0.027565907221287454,0.20605302219936852,80,18,0.00228318687110028,0.2799194369131321,0.13367492586278962,0.020304338050264104,0.023915365338325452,0.13621898986299139,0.1069778800010681,1.144546515198158,0.1994253993034362,1.1090991020190082,0.014886551722884164,0.4602207027533553,0.01443719863891595,0.39125789561614355,-0.0924475193023681,0.03544741317914988,52,40,18,108,-0.038059171375367344,0.7921504007826486,0.03482762399947236,0.2609910758442516,0.03243046998977653,0.25569814997628015,0.022112723025493275,0.1739622934762573,84,21,0.0015743593407340913,0.20982052035902002,4.678386222813029,0.16754357359622674,0.015813894569873747,0.1303544119748581,0.1450547575950622,0.9915158138214084,0.2781613767147063,0.9471790027777888,0.0033897896297275924,0.4016424368841175,0.00505983829498285,0.36250617330523216,-0.1331066191196441,0.044336811043619674,69,42,16,91,0.06895231565531532,0.7555527238292373,0.031282585654927246,0.22023594904739707
BadRange,0.06053354464590387,0.9281895814121826,0.1441074291616676,1.4793399891465757,0.04184469580650325,0.4493660556474486,0.03311108045745637,0.30286434735090806,65,21,0.0033339757140560117,0.484161474741465,1.410690821853974,7.905458235079301,0.02086532115936275,0.20708692738532852,0.1587981581687927,2.57552371603551,0.2861945629119872,2.508935902851407,-0.00572766698896883,0.5482036260472715,-0.012822389602661102,0.42254644399515834,-0.1273964047431945,0.0665878131841029,104,49,13,56,0.9191267893127248,2.3440265018501623,0.045429369074300834,0.428525680829152,0.045364342629909425,0.37541054036662824,0.02706474745180455,0.20315732682619303,76,20,0.002233223508782771,0.27910743075881916,0.7906694050583019,-0.054214268019613154,0.02336718887090685,0.1731115153556167,0.1313549876213073,1.126703043210467,0.22380250692367537,1.0250271306907153,0.013741725962609039,0.46470440512787126,0.01187667995691295,0.4217630765483074,-0.0924475193023681,0.10167591251975167,53,43,17,107,0.2162228413348195,0.7462193596293905,0.03484997005938331,0.2513110554941236,0.04132141917943945,0.41341595432770917,0.026816153764957516,0.22299619568280624,82,22,0.0020389006145220844,0.2934985386233897,2.122426845452674,0.16075682559053162,0.020657137036323492,0.2145724529048178,0.1450547575950622,1.3224642636976562,0.2781613767147063,1.2387881191240036,-0.00078051188029349,0.46643195797143283,-0.00012996792793273926,0.45214513550012897,-0.1331066191196441,0.08367614457365276,81,44,14,79,0.29390108037016555,0.622684386201384,0.03580103909501498,0.27557170973509804
BadRange,0.06277498142240745,0.9101672897413492,0.1481895080953834,1.464613365200409,0.05605682730674735,0.28325884283524627,0.037109587062150194,0.2648101345208943,70,17,0.003695753712005109,0.5423696603369254,0.5091837770477414,19.770808396360362,0.027471184730529803,0.14532429940288386,0.1587981581687927,3.3366089719962253,0.2861945629119872,3.221328624371914,-0.0007773242890834729,0.5579563968843002,-0.0055959820747375,0.4547541897045442,-0.1273964047431945,0.11528034762431148,91,48,14,69,0.6215858288951376,3.997771443129322,0.048205449593573285,0.4806810996001557,0.04213391989469512,0.30652822521656853,0.0257961494522169,0.17200373742618563,79,22,0.0022000599512231656,0.24627080595332113,0.8328665384310141,-0.8371928569700562,0.02144420146942135,0.13593384415239324,0.1313549876213073,0.859848131555805,0.2024796307086943,0.7565926775866262,0.016306621208786943,0.45352300434558446,0.01566889882087705,0.3981639641314576,-0.071124643087387,0.10325545396917875,47,46,16,113,0.14295140817227667,0.4303490007052824,0.0334081912791763,0.2014638689261083,0.043629873543977626,0.31556196401027947,0.026077248341171026,0.18485068267501226,82,19,0.0017024846302429275,0.25824949460957397,-0.4163359869931069,0.37761540150343054,0.022059909999370502,0.15466308425206987,0.0753156542778015,1.1738813552065877,0.1535261720418929,1.0656440770318687,0.0027776826638728305,0.4531339639705246,0.004007913172245,0.4125815272542437,-0.0782105177640914,0.10823727817471887,68,42,14,92,-0.10558566209633967,0.7466762790081841,0.03260338945871856,0.23004152952441706
BadRange,0.05301156200924125,0.7417009347693013,0.12725377194583393,1.1721560380125289,0.04012198746204368,0.2261787287245265,0.025901564313098757,0.21699064944262747,73,16,0.0020150347628919672,0.24665574850624736,0.42657088605288784,3.1245621815765032,0.021110326051711953,0.12087647477274299,0.0924679040908813,1.528963047961425,0.1697986125946044,1.5008955390099046,-0.013634135574102382,0.37741930946590607,-0.018717616796493503,0.2979390862689997,-0.0773307085037231,0.02806750895152039,112,48,15,48,0.5548333876750273,1.9129589835860885,0.032867289069404546,0.32281637713803485,0.0467649921774863,0.3019204615315073,0.025218964240630127,0.18882719800480913,79,20,0.0018373856229570548,0.21416659147224543,-0.011152228982658663,2.1298662933891785,0.02417903020977965,0.12524618013937566,0.1016726493835449,1.1883221621476432,0.1727972924709319,1.1007752409528455,0.01319780298508702,0.39165188810398754,0.0128933936357498,0.3194738657401912,-0.071124643087387,0.08754692119479764,57,44,15,103,-0.13180111870408115,1.4375102952508774,0.031309917824526516,0.24652665173734675,0.031461633741855524,0.22795451523148766,0.02264644708484407,0.16572253706879247,80,19,0.0014179347824561988,0.20771907206711696,0.0800807160346082,0.5161541638494844,0.0159609466791152,0.11863439265532211,0.0699248015880584,1.0571512710980229,0.1481353193521498,1.0109100202654566,0.004268927685916415,0.4030848404426353,0.004050001502037,0.3582786361221919,-0.0782105177640914,0.046241250832566284,66,42,19,94,-0.06915104732209208,0.947278599881409,0.02955409487229808,0.21270092494498524
BadRange,0.059938811576889996,0.9286331085160247,0.14352312393486477,1.468197340064453,0.05664741992950428,0.4305865581659029,0.03789282374549653,0.29838580568288514,67,22,0.00399431013742951,0.5939221614750995,1.631306296403566,13.634127199265276,0.029018014669418297,0.22390850446224392,0.1725791096687317,3.1597902309082317,0.3176831007003784,3.142348813431929,-0.0010316710919141658,0.6015344040128701,-0.009543359279632551,0.5265807493636967,-0.1451039910316467,0.01744141747630258,94,48,13,66,0.9264241786083471,3.0981961197929286,0.05011061465682277,0.4817452877444478,0.04742501676082597,0.27275165916280486,0.025688079440151307,0.1567732137064535,77,24,0.0019279163012190035,0.2232480460250892,1.2927488922938446,-0.8944928411343,0.02395332232117645,0.13839438403641297,0.1572864949703216,0.8110963278321315,0.2220101356506347,0.7124290884312723,0.014316318510100234,0.4331176800510627,0.013195414096116999,0.41299699010203506,-0.0647236406803131,0.09866723940085917,61,45,13,99,0.5065736139222657,0.266254164671726,0.031721916120308495,0.1888309329857649,0.0367993600666522,0.2891120230167166,0.023910591574385725,0.183612662057001,76,22,0.0016017949785421648,0.23680844265375886,0.40910398009029914,-0.3158605606569962,0.018370419740676797,0.152177588373135,0.0942515730857849,1.019501175628593,0.17331776022911072,0.9823454399620702,0.003727987594902507,0.4335452560005204,0.0031680241227149504,0.4009010599843325,-0.0790661871433258,0.03715573566652278,69,44,16,91,0.08316520376967185,0.4347654834802154,0.03151877100820683,0.22101346939316166
BadRange,0.0570938647232633,0.9411497983175181,0.13571381010115124,1.4778205037406875,0.046089395880699074,0.3989218595514562,0.03544818440452214,0.2804747728221481,68,21,0.0039009714335647367,0.5802091921736497,1.8151802929979244,7.031079087875282,0.0224672853946686,0.20227626568322463,0.1725791096687317,2.415882857625687,0.3176831007003784,2.3363260648805175,0.0012180071324110072,0.6347430645884764,-0.0032038986682891,0.5613213670533067,-0.1451039910316467,0.07955679274516954,91,43,15,69,0.7926999962114227,2.2716422212249716,0.0495171513857761,0.421082455263193,0.0403794422745704,0.33199100226062034,0.02340011636028063,0.17481237774177483,76,25,0.0016881798882901944,0.20436400031678878,2.2684063178766687,-0.7005305750157182,0.0193210393190383,0.16766466529492913,0.1572864949703216,0.8973508527064199,0.22196397185325611,0.8357142107141152,0.01159387216903268,0.4024940229826827,0.010067448019981301,0.407876088050422,-0.0646774768829345,0.06163664199230468,60,47,16,100,0.5505366566740242,0.24962928288264644,0.030438217591093737,0.20582167470896842,0.041176427155733,0.21616059548374977,0.024740359820425467,0.17178042125186038,77,21,0.0016332462849511765,0.2423219604553843,0.450864119102631,0.11221416415684704,0.02024403959512705,0.10549383486757324,0.0942515730857849,0.9587522513124279,0.17331776022911072,0.8575948960919372,0.002114307880401604,0.44058341616952845,0.0008802413940429501,0.3831283260511211,-0.0790661871433258,0.10115735522049078,79,43,16,81,0.2984261625948402,0.8898345825932676,0.031979688998788385,0.2195636897389284
BadRange,0.05802873726807408,0.8518363269052756,0.13411001317203025,1.333585706907709,0.0436643809080123,0.3860888351393471,0.03584932491183278,0.3061814055071665,64,18,0.003880143882179889,0.5845047064268958,0.7421994997246011,13.971033052121491,0.02218130230903625,0.16341376075309202,0.1451620459556579,3.2810687185151273,0.2622608542442321,3.1803287521407,-0.0027453921735286586,0.5669110443594401,-0.01119709014892575,0.4393455795461785,-0.1170988082885742,0.10073996637442713,105,45,14,55,0.8429713509612549,3.390339040200638,0.04932299141821404,0.5129489001939518,0.03675995022058477,0.31410241887047763,0.023058938290341734,0.17685853160939127,75,21,0.0017828570857852004,0.20318445197867024,0.2895676478834548,-0.7698917757891852,0.019085466861724847,0.15800558817259014,0.0952909588813781,0.8588814842608086,0.1599684357643126,0.7666519526253328,0.014139826735481604,0.39781140554558503,0.01279485225677485,0.3789161545842292,-0.0646774768829345,0.09222953163547573,49,43,18,111,0.049451472818036774,0.5066761491896059,0.030333176780404245,0.21196824667038291,0.0360981002449988,0.33754398705925603,0.021496703475713686,0.16824978298075927,73,24,0.0011833438793632444,0.17534489784705862,0.5204498597416523,-0.9071328216003423,0.01816448569297785,0.17077842335049312,0.0890460014343261,0.8293922910716304,0.17318379878997792,0.7844943265237612,0.0006631612777709924,0.36886325700268396,-0.00195780396461485,0.3578816201871933,-0.0841377973556518,0.0448979645478692,86,41,18,74,0.25664208907106734,0.2285990085742476,0.02727267652342522,0.19820392397838799
BadRange,0.05745402512618247,0.8383745859058571,0.13332473605871178,1.3247741814565681,0.04752063751220688,0.26312422084424253,0.035640453598462005,0.26630344878759105,59,17,0.0036369978411743935,0.5351995615271281,0.7153093460149087,11.821145034331266,0.0220603942871094,0.13281917054235806,0.1451620459556579,2.8749307717362753,0.2622608542442321,2.829806709601844,0.0018850382417440546,0.5608630801853906,-0.008029013872146551,0.46799244884214286,-0.1170988082885742,0.04512406213443116,99,50,14,61,0.8103822865844835,3.191048256802176,0.04778958368189888,0.4697149846578074,0.03659662604331957,0.300691308548047,0.02355220243916845,0.17144559431332404,75,20,0.0018770548553688905,0.2055641890821418,-0.03255170933601814,-0.30042080218358747,0.0190283358097076,0.1278443546154844,0.0952909588813781,0.9283408213428038,0.1557130515575408,0.8752147395268722,0.016166199836879953,0.40232232199293483,0.01534503698348995,0.3545612802458483,-0.0604220926761627,0.053126081815931626,44,42,17,116,0.056942815947652985,0.5777213859633563,0.03029105382910281,0.20904769386040856,0.034516155719756976,0.2494083005706045,0.02076426249463107,0.1468923351251342,76,20,0.0011099798483334435,0.1618890770601779,0.3840211119607386,-0.6229596161009439,0.017842948436736998,0.11622466779576411,0.0758497714996337,0.7710635275557811,0.1599875688552855,0.6707167700349983,0.00271575497463345,0.3615887792782428,0.00092950463294975,0.3112708163439517,-0.0841377973556518,0.10034675752078283,76,42,17,84,-0.23607405646669447,0.5580131055154748,0.026280769067294412,0.17647275075843327
BadRange,0.056792068289593246,0.8925271052578526,0.13489473752677417,1.4135721999325854,0.037789151072502004,0.4062097212324308,0.0283364065364003,0.236350237398398,81,23,0.0033073524594398355,0.3842183523168468,6.084967593652232,0.2092697254443432,0.0198273956775665,0.2161082757678342,0.2153379917144775,1.3985675472826953,0.367651879787445,1.3380661555476239,-0.014974239468574495,0.5392588634047436,-0.014069139957427899,0.5187953696533452,-0.1523138880729675,0.06050139173507135,119,49,13,41,0.8792754113393746,0.7386464211370257,0.043063416036611894,0.30564396044461745,0.04159292578697192,0.3698347847030789,0.02613981086760756,0.20908845792830122,80,20,0.0022260281977099002,0.27209568819208124,2.1519363195595522,-0.41406579152462886,0.0208338946104049,0.16869289636804222,0.1306471526622772,1.0703276674362514,0.26923486590385426,0.9885929939731593,0.013446089252829538,0.4555338688951768,0.0133103430271148,0.3977844173141928,-0.1385877132415771,0.08173467346309218,55,44,15,105,-0.21545390049554866,0.6811147277774938,0.03490105053110467,0.2541349690252665,0.03705576807260505,0.284491042452119,0.023854655891773244,0.15865628428006986,85,25,0.0014862767538986413,0.21926255899825123,0.8714296146412011,2.410126814471414,0.019645951688289552,0.14309950021229945,0.0758497714996337,1.2206959057092817,0.1933344602584838,1.1528922274176727,-8.195606060326446e-05,0.418779467632665,0.00162246823310845,0.4245452409004421,-0.1174846887588501,0.06780367829160895,76,41,17,84,-0.47255422861811786,0.9885755701164681,0.03057382041852856,0.20949061193178306
BadRange,0.06953477554045036,1.0010742122021035,0.16417391672730422,1.5880641593705205,0.06953057646751393,0.47290660911058435,0.04290351385250683,0.33456395820844315,68,20,0.005097153404398356,0.663852630690245,1.2487293605844032,14.673140059596719,0.032141923904418904,0.23781502727141796,0.2153379917144775,3.498911640855655,0.367651879787445,3.3937637935366154,-0.0006586808711290277,0.6162356380879721,-0.0102401971817016,0.4902952183729513,-0.1523138880729675,0.10514784731903956,92,49,15,68,0.531790078696637,3.31017131761057,0.05661554794347446,0.5330161996042475,0.05031820014119138,0.2819287879591003,0.030071873217821093,0.20218956529387339,72,20,0.0028661645527755606,0.32518275836653965,1.2323434033787501,0.38531496194741655,0.0248118489980698,0.14937412409171508,0.1306471526622772,1.2734413758466203,0.26923486590385426,1.1717197765832188,0.01689345017075537,0.5103401022323335,0.013758435845374999,0.46299654479518204,-0.1385877132415771,0.10172159926340153,52,43,17,108,-0.09592250623083333,0.907935071914349,0.03892859693960172,0.25443218825461356,0.047940302640199606,0.29428782283814314,0.027182046417146877,0.16026180745822352,80,22,0.0017648619135620708,0.24765263104139307,0.05765914817514872,-0.6436692876659844,0.023854970932006753,0.13770326376755893,0.0658614784479141,0.9274563703815764,0.1833461672067642,0.8500072381849237,0.0009481845423579213,0.46148841905021504,0.00054992735385895,0.4134391445492549,-0.1174846887588501,0.07744913219665256,80,45,17,80,-0.2440644903386229,0.36959019176415076,0.03330272268016351,0.18622854272083586
BadRange,0.05815214984158836,0.7779100202548936,0.13857709087431408,1.232722733319477,0.04529979825019825,0.2688449275848057,0.03397401247639205,0.2833086279623604,65,14,0.0031830599659702884,0.4211574887460861,1.2635015171037987,12.628413469613802,0.0229873359203338,0.12160108746789805,0.1598259210586547,2.699110872734522,0.269477605819702,2.668135887322643,-0.0027477417141198975,0.40411505524295593,-0.015007644891738801,0.25295009298142734,-0.1096516847610473,0.03097498541187909,99,50,17,61,1.0314518302601932,3.4989153218937146,0.04465788774185013,0.5077878601070223,0.042332783341407706,0.2813369876755479,0.026391180959762978,0.18179351379527334,75,19,0.002082514466503021,0.24172503510499027,0.39191441290719853,-0.04624097574416419,0.0224238410592079,0.1324242859081156,0.1214062571525573,1.022542516331693,0.18414518237113942,0.9507534410532086,0.012072379607707243,0.43713105217982645,0.00917299091815945,0.3803029610778997,-0.0627389252185821,0.07178907527848447,55,42,15,105,0.41362949907003044,0.7225048575237685,0.034104230795611035,0.22503661552100396,0.04401244223117815,0.27341768097591296,0.024319752011797344,0.15326168768171983,77,21,0.0013596965340340623,0.18573687633809294,-0.7880213686192272,-0.8967497900219192,0.022758997976779903,0.1373201424148494,0.0658614784479141,0.8022875327671992,0.13198782503604878,0.7148099602638815,0.003274498740211129,0.3914766258966948,0.00024902820587154994,0.3669668073833292,-0.0661263465881347,0.08747757250331763,80,47,18,80,0.12069510474094053,0.34338991439351035,0.029057964050131967,0.18023020755309646
BadRange,0.055496373078401176,0.8168091714915342,0.13275938332080817,1.2695264792088907,0.041230097413063,0.32061341335835325,0.03356836416758593,0.28609718768572995,58,17,0.00329780613477904,0.47733075528421637,2.8200511823421897,15.848743497057537,0.0201204419136047,0.15488221812303732,0.1781319379806518,3.2127384489893065,0.2389131188392638,3.1328841295317282,-0.002305959537625292,0.47399386961632184,-0.0162323117256164,0.3691628948001476,-0.060781180858612,0.07985431945757827,105,50,14,55,1.6044912148924049,3.660785732078462,0.045483414737670896,0.502653525651976,0.03856778889894477,0.3205422486301764,0.02563009571516884,0.18560637812223948,74,24,0.0020625276721444926,0.24689493107324698,0.8050787812880205,0.17634228437269295,0.0197831243276596,0.1645508405746727,0.1295601427555084,1.108016828567131,0.209986001253128,1.0786472813375396,0.012485444825142605,0.4418811045769595,0.0111329555511474,0.4326890013907116,-0.0804258584976196,0.029369547229591314,54,44,17,106,0.3803361266263745,0.46956756042132525,0.03376863138355056,0.22723560568514153,0.03626013547182065,0.22155829744915456,0.021520843036705584,0.14404619167052832,73,20,0.001094228064674756,0.15603294168191023,-0.39539310464061606,-0.545473494326143,0.01723049581050865,0.12334822612474866,0.0830888748168945,0.7325942614931509,0.1338804513216018,0.6753959365245432,0.0022907401435077156,0.35365150501560927,-0.0009822770953178501,0.33128790569346706,-0.0507915765047073,0.05719832496860761,80,43,16,80,0.31513401293927856,0.295749103653761,0.026132609090528728,0.175964640431266
BadRange,0.05957287936985607,0.9002842141287976,0.142164783477783,1.4185643101942305,0.051296904683113,0.33756084920982204,0.03382644732482727,0.3014180902664182,69,16,0.0032745019121710995,0.46126286930868055,2.2433302539986713,7.0842185113728675,0.0239891409873962,0.13359278841901528,0.1781319379806518,2.366223257115651,0.2566221952438354,2.337036644872584,0.0038952343165874507,0.4935626224207019,-0.0048239231109619,0.36192994055748334,-0.0784902572631836,0.029186612243066887,84,47,15,76,1.240389367310782,2.5879803262140153,0.04521246385427813,0.4665391806246075,0.0453484617173671,0.30761695933075833,0.02745827256236223,0.1884947791335721,73,24,0.002401312021634277,0.28380515183890664,0.9422134734489291,-0.41139880729094935,0.0230432748794556,0.14363417673837459,0.146200954914093,1.0471378565861849,0.2266268134117126,0.9852353094500997,0.016144178435206397,0.4801448707225029,0.0124490708112716,0.46899990316501766,-0.0804258584976196,0.061902547136085076,51,45,17,109,0.5968104654281864,0.2613932299082436,0.03532683717912477,0.23079439975393165,0.043046098202466854,0.3531253673909776,0.026188177689909886,0.20809090915605616,76,21,0.001805699006030536,0.2663299688348768,0.5928516817014047,0.6354891705750263,0.0221813321113586,0.17992231749481521,0.1264542639255523,1.1876547652992129,0.20862558484077443,1.1212791489190703,0.0011923775076866081,0.4448568170510258,0.00018412619829170001,0.3946594750082799,-0.0821713209152221,0.06637561638014249,78,44,17,82,0.323478931483145,0.9357640348454799,0.03367831715194386,0.2615958355136926
BadRange,0.053383017587345274,0.7324164989307193,0.12918569400906538,1.161965675264106,0.04157146811485285,0.2948108735358172,0.02295767147094008,0.18264966048640044,72,19,0.0017462250204136923,0.17206312481602937,0.057240661077121224,-0.2809538958304896,0.019365966320037897,0.1592709805686905,0.0672734379768371,0.8550745819489958,0.1642162799835204,0.8271224931242547,-0.015063937380909897,0.34729548323786164,-0.01799246668815605,0.28946427699126753,-0.0969428420066833,0.02795208882474111,115,44,17,45,0.27741427633439497,0.7934863670539211,0.029494157670578405,0.22682365868358945,0.038671080023050225,0.29826960866444135,0.024126112526282634,0.17204939326141439,73,24,0.0018860329641770606,0.20534742249051946,1.4465128395365472,-0.4821950363356695,0.01946722716093055,0.15276302540939446,0.146200954914093,0.9075139439491133,0.1925469636917114,0.8413737490875817,0.013669327646493895,0.40247468186882446,0.010534718632698,0.39242027147402436,-0.0463460087776184,0.06614019486153161,56,49,16,104,0.9100721492447679,0.5464581740823103,0.03159364770645689,0.20823437023005595,0.05152520537376393,0.38959104946569534,0.027495790823595545,0.22336272865698945,81,20,0.0019256234505796342,0.2565550111579938,0.41422173963168074,2.5847243379113314,0.024701826274394906,0.14873881716840154,0.1264542639255523,1.4991230848037091,0.20862558484077443,1.457556106375156,-0.00047793174162507387,0.41219551015742006,9.423494338985879e-05,0.3202619730292353,-0.0821713209152221,0.041566978428553114,79,46,18,81,0.2449689705466237,1.51618837375406,0.03479732857327696,0.2943635041306208
BadRange,0.054527473414589814,0.7008844133383324,0.13133601188659644,1.1050092134637637,0.05876061320304858,0.2023685271804008,0.03428463280200954,0.22886565074111154,68,13,0.002792364009253982,0.38158686614729703,0.048232837146962027,25.990456697420115,0.0258021950721741,0.10721676499006746,0.1276588439941406,3.2509144146785753,0.2246016860008239,3.148836397878542,-0.0021793335676193125,0.4101833907786965,-0.0148016512393951,0.2910436840379071,-0.0969428420066833,0.10207801680003346,96,48,15,64,0.6673602983179664,4.798357633346504,0.04185002286223505,0.46188359147796976,0.03858997300267205,0.2780817303914242,0.02208771628793326,0.1588522816732155,75,23,0.0017209797728753534,0.15929635496881012,1.1311498580671522,-0.2875931526694302,0.019369803369045098,0.1459018141924993,0.0996652245521545,0.8550848994740294,0.198200911283493,0.8033584910180421,0.016523119434714295,0.35035178895490415,0.014070697128772649,0.32173730288717395,-0.0985356867313385,0.051726408455987305,48,46,16,112,0.09432222463239846,0.5097511587959551,0.028419125143205413,0.1911804878770539,0.035991959273815044,0.2499865902224336,0.02224465366452927,0.15166393390024505,80,24,0.0012294288830633846,0.1558419524005026,0.03697526350737945,0.5359749427817513,0.01807141304016107,0.13101466687273197,0.0824073106050491,0.945650253723663,0.1579764485359191,0.9269056515061632,0.0003250928595662098,0.3444740337301628,0.00027126073837277167,0.3340517772515962,-0.07556913793087,0.018744602217499726,79,42,14,81,0.041309443536389996,0.5556580866164855,0.02780502405255739,0.19282010394710716
BadRange,0.05069432011836532,0.7011326872505002,0.12246721956878878,1.0824894176068112,0.048531293869018444,0.2457462463334451,0.03047422182280566,0.23757925940822497,71,15,0.002396577726445161,0.3444369416930574,0.5672754656005097,14.64111434405664,0.02540144324302665,0.12196970724843834,0.1276588439941406,2.607525794963835,0.2105042934417724,2.5750432230885663,-0.002003824338316908,0.37811190710388687,-0.0065909028053283,0.280062291011936,-0.0828454494476318,0.03248257187526879,94,48,18,66,0.877699805182901,3.7494268896270926,0.03877165231771702,0.44885223336786356,0.037962727248668574,0.23395269319631062,0.02132880971330448,0.15564758567267023,81,22,0.001484233101474639,0.1657351379009825,0.9672101306746264,1.004496447871091,0.01897366344928735,0.11684984689793981,0.0775254368782043,1.0044826836087435,0.1760611236095428,0.9495340128301876,0.014149355120025558,0.3547963617661133,0.0145859271287918,0.3167047683130867,-0.0985356867313385,0.05494867077855595,47,41,16,113,-0.2921011011062045,1.0120606634169045,0.027055804210804557,0.19963636837638515,0.036442376673221505,0.2669394601007872,0.021005506920628202,0.16279874886247395,82,23,0.0010789484752572478,0.15945744868036085,-0.20642196615834818,-0.5013598355265527,0.01806575804948795,0.13029600955662873,0.0728474259376525,0.8104261677297541,0.1471235007047652,0.7506038390865235,0.001232761330902572,0.3495811487368111,0.0017979517579078,0.2998344419450037,-0.0742760747671127,0.05982232864323056,75,40,16,85,0.13921127282016457,0.5734766964835952,0.026020274563096555,0.1930038059941109
BadRange,0.06084240722428732,0.8644980173468683,0.1434030609205363,1.3374014701778882,0.0516058206558227,0.3616822954999108,0.03794124058447774,0.3342494397563106,63,16,0.004349063561518131,0.5984363876170647,1.8826177086624547,14.057199656589777,0.0255785286426544,0.1980554893952695,0.1907060146331787,3.428535569696075,0.34910112619400024,3.40957983714023,-0.000743455439805972,0.5564417032302074,-0.0107675194740295,0.4164889685601002,-0.1583951115608215,0.01895573255584514,99,47,14,61,0.9818948083131195,3.2839197942820917,0.05229439644291402,0.5374095445033803,0.03964833170175542,0.38528030431064453,0.025432774345972547,0.22491028918980194,82,22,0.0021873648382505044,0.251877089830462,1.1522992640844505,0.6787835973013081,0.0179007053375244,0.19632171631005987,0.1226249933242797,1.2954820169436525,0.2192217707633971,1.2583388511348057,0.014137363410554809,0.41600720573470595,0.01513585448265075,0.3686208940941409,-0.0965967774391174,0.037143165808846794,46,45,15,114,0.14583515130597474,1.005604989395534,0.034272132981092406,0.2807402618208939,0.03715376183390608,0.2799714354378917,0.02236626942758444,0.1838950664620226,85,18,0.0013344014247251789,0.18624040239980108,1.3030965208746368,-0.025616212252348003,0.0195340365171431,0.15196957565958352,0.1241925954818725,0.9746686715506324,0.205618917942047,0.954699179949382,0.003600832354277365,0.36495256121297504,0.0056026875972747005,0.3005403933167833,-0.0814263224601745,0.01996949160125044,67,42,16,93,0.20304915106431087,0.7793343518891511,0.028743671273847308,0.23032592225776674
BadRange,0.043891378934179846,0.5441251680061413,0.10191310692578531,0.8297202522977031,0.04739992320537565,0.19689272528607094,0.031086070491000973,0.2753602873044422,73,11,0.0026098996757402616,0.38799843811808077,0.9858398863938169,22.635158231903695,0.024360179901123,0.09944363542867213,0.1444705128669738,3.3941186784148156,0.211506426334381,3.384339828384643,0.004062793403863907,0.3590158846352173,-0.0014693439006805,0.20870295651100432,-0.0670359134674072,0.009778850030172561,82,49,15,78,0.8158453508321981,4.4090946602088135,0.04030925741755734,0.5090245894823481,0.03529958426952352,0.27741994967251055,0.02048282895237203,0.19912629703991042,89,16,0.0010437034113305868,0.15908738563604718,1.472394431796877,3.4952466779280753,0.0183133035898208,0.09618873222745133,0.0472670197486877,1.3173158549476884,0.1565082371234893,1.294933135902142,0.002604165673255909,0.28853137872034823,0.0081515163183212,0.18115329350166,-0.1092412173748016,0.022382719045546274,65,44,14,95,-0.8315533894722038,1.8994396013189536,0.025487112604383626,0.275385237675846,0.018619412556290474,0.10559725036537056,0.011825717979518188,0.10001129765506862,79,17,0.00038024356414429855,0.05516339832703454,0.9665504709361539,4.121309562070189,0.0093348957598209,0.054256796394233385,0.0490105673670768,0.7490026794173734,0.0921789929270743,0.7304533070327134,0.0026386654702946523,0.18217298894213765,0.0019539631903171,0.14401607261406923,-0.0431684255599975,0.018549372384660014,70,45,16,90,-0.06641026321185085,2.0105004034657585,0.015236159311555707,0.14824439425125768
BadRange,0.04752345156600866,0.6325984586702817,0.11001603983342625,0.9892952814662859,0.0508306622505187,0.28960947590661007,0.032708091423846744,0.2912026722628926,73,14,0.00287012263213565,0.4287663578707965,0.7268568612408033,17.158478559646188,0.024728178977966298,0.1233846105087644,0.1444705128669738,3.252941559887502,0.2332233190536498,3.2231883776130634,0.0031604569405317335,0.4052477252594489,-0.00097751617431635,0.2544291600459193,-0.088752806186676,0.029753182274438496,84,49,16,76,0.5710892403319549,3.837068732440431,0.042368116136046935,0.5143351427258678,0.03050981462001795,0.24454702268524323,0.019846979342400994,0.18786480010163725,80,17,0.0011902429360201932,0.17483839115615268,1.9836667822395562,1.928193999105491,0.0152696371078491,0.1382831735388421,0.0781737864017486,1.1082095787812773,0.18741500377655018,1.0873495985315536,0.005479936860501753,0.33299230808468244,0.005130723118782,0.26522774349802414,-0.1092412173748016,0.02085998024972381,63,40,15,97,-0.38498850582924443,1.4352625476036722,0.026802273948728243,0.2528922970606037,0.026391241699457023,0.14209001624997614,0.01601350882323454,0.1360692007585403,74,15,0.0006788014894806929,0.10214909752366365,0.8598994425424493,4.502765965362197,0.012692704796791,0.05915519844378669,0.0737019777297973,0.9837808903879928,0.12581229209899888,0.9277010009592186,0.0008530135266482861,0.2510552481221544,-0.00081314519047735,0.17606755986752332,-0.0521103143692016,0.05607988942877419,82,43,18,78,0.30188780064133136,2.168885565934172,0.020644296243636086,0.19778867488809154
BadRange,0.04742964675802588,0.6091100014363193,0.10895221583545187,0.9576224582159198,0.04783681035041798,0.23592023038353988,0.03286903429776426,0.30448186254514253,67,13,0.0029038697669550783,0.4351644563812042,0.2971919797757945,16.88127604655425,0.024043142795562703,0.09512368143005734,0.1254466772079467,3.36410321144111,0.2141994833946227,3.331927568357287,0.0020722061395645253,0.3802928432066206,-0.0027339756488799502,0.20849139995027738,-0.088752806186676,0.03217564308382294,90,47,13,70,0.6338082301557494,3.840956542739282,0.04268503416830374,0.5390193037239288,0.02972849458456025,0.2138088721284349,0.018400686327367986,0.1610766756678543,65,20,0.0009846817874640096,0.141601004392141,0.9103472689454142,1.7697527753540836,0.0139899998903274,0.09487055368642684,0.0781737864017486,1.0208452629270035,0.1517587900161742,0.9375902701223144,0.005248759686946866,0.3121590573242672,0.00123901665210715,0.22654445504530324,-0.0735850036144256,0.08325499280468905,75,43,12,85,0.31295373066221144,1.4866359590826834,0.024322293811755213,0.21013740105598971,0.027037786319851754,0.21794778639242895,0.01653527591028247,0.15772922797467037,66,17,0.0007654270046605622,0.1124620466951909,0.9195331590249793,1.8980949685166504,0.012615472078323298,0.09116022487169397,0.0737019777297973,0.9545369454823875,0.1284475773572921,0.9368141166989342,-0.0038856296334415534,0.26517055768503217,-0.0066016986966133,0.19764056272028566,-0.0547455996274948,0.0177228287834533,103,39,15,57,0.5160662112437231,1.5034184495809915,0.021591840067463924,0.20529642479156796
BadRange,0.04801018255782963,0.6337539693964613,0.10960055537521816,0.9747972254192582,0.042669281363487174,0.23049038784403136,0.031032041483558682,0.28009503130973884,69,13,0.0026493200445338832,0.3873792002462262,0.34154155193152214,18.449969274220656,0.022354692220687852,0.09605741946384694,0.1254466772079467,3.2315727434823858,0.1903541088104247,3.1943356570029966,0.005924379453063014,0.3622950513109833,-0.0007900893688201,0.21131172456979863,-0.064907431602478,0.037237086479389385,81,42,18,79,0.7343803374591569,3.98846272745607,0.04038465062331351,0.5060844752032987,0.03394344449043265,0.3064620771204838,0.02233507471624757,0.2137722428380524,78,18,0.0014119952891755412,0.21098142476792994,1.1070479482217168,0.7482443820080356,0.01682513952255245,0.13551087703499012,0.0928400754928588,1.1734394301791078,0.1930128931999205,1.1572646599582064,0.00426011029630899,0.3724928792005581,0.0040992349386215,0.27253166716653926,-0.1001728177070617,0.01617477022090149,74,41,17,86,-0.24016776413709087,1.1973960429973043,0.02949211199942558,0.26875728773897156,0.026153806596994324,0.2525335685569761,0.015439168782904699,0.14962555159238558,84,18,0.0006083936213279338,0.09155614365407114,0.3581434715722587,0.2135808349129067,0.01288169249892235,0.1106099623228528,0.050108328461647,0.7499307795069104,0.113473430275917,0.7294450962408795,-0.0022768732160329793,0.24000929490771686,-0.00142288208007805,0.1939373917160313,-0.06336510181427,0.0204856832660309,82,38,16,78,-0.37853298891118103,1.0237161614825463,0.01942731945795221,0.18425982202306543
BadRange,0.04871457157233576,0.5944018144719281,0.11374614082276797,0.9183885792408706,0.04742750525474537,0.18423485736468306,0.031062286328524306,0.26065141598456215,68,12,0.0024116031764183847,0.3676208280095532,-0.4593578747635889,23.530276016249292,0.0237972438335418,0.09945160671245473,0.0929083228111267,3.3672170912629067,0.15781575441360468,3.3587528789036516,0.003426221385598183,0.3366389492529358,-0.0023187398910522,0.2111657443959182,-0.064907431602478,0.008464212359254953,84,43,13,76,0.48577949943361215,4.534565166387549,0.038793282077805184,0.5042767552202189,0.037130117416381725,0.33808415926460766,0.024008067406248258,0.24339429961074036,77,17,0.0015781106933231521,0.23319974639826424,0.5728081480645346,3.3748652518524596,0.0186285227537155,0.13426789033375533,0.0928400754928588,1.6251103659039352,0.1930128931999205,1.5698470665267021,0.006204214878380289,0.35695062443641357,0.0048322826623916,0.2546385751500859,-0.1001728177070617,0.05526329937723305,70,44,18,90,-0.022177516106431466,1.8018577532064814,0.03088345959487508,0.32524759509136836,0.030439237132668374,0.16851292458080985,0.016196910673752386,0.1381014147260922,86,18,0.0005975302191708335,0.08946444197111943,-0.42212128866048015,3.83482940801024,0.0154534503817558,0.08393748249093172,0.0385131686925888,1.011728876056239,0.1018782705068588,1.008754361900483,-0.001760029047727582,0.22479900555152124,0.00026205740869044184,0.17434745165014234,-0.06336510181427,0.0029745141557560753,78,45,15,82,-0.2216614845114871,1.87500587403788,0.019305128454296976,0.19730648512952267
BadRange,0.05042454559267671,0.5926918928950936,0.11739871226251103,0.9107212566867781,0.05369830131530748,0.22857538994609933,0.03354714183602477,0.2927579931545209,77,12,0.00283481308880869,0.42278539531870735,-0.48274895107624083,25.141703116406244,0.026995748281478903,0.10254668306485759,0.0929083228111267,3.6729232628747175,0.1854485273361206,3.6689037312014894,0.0029314573854207935,0.35890934815287084,0.0018293857574462,0.18034738008390727,-0.0925402045249939,0.00401953167322813,77,46,13,83,0.1029017409336074,4.667365515069976,0.04212189246111879,0.5421895195659805,0.04007644951343528,0.19017470579850151,0.021728615665342618,0.2036759440693697,71,14,0.0011715818061563132,0.17204722030100691,-0.4314632413148316,3.1254856186186437,0.017995297908782952,0.08711378359684943,0.0743390917778015,1.3175400443872771,0.1267257332801818,1.3099865976736755,0.005255576781928536,0.29603222459667383,0.0022076368331909,0.18610342325446833,-0.0523866415023803,0.007553446713601677,76,49,15,84,0.26062671180652053,1.9498210330520478,0.026627975860022888,0.2905376779375635,0.0287043545395135,0.15795570516570762,0.01804832639230876,0.20139966608812226,71,13,0.000964909731513488,0.14796837765021553,3.043956657554669,3.804762266441478,0.01457660272717475,0.0659660735417771,0.097488984465599,1.3477384997525659,0.1625336855649947,1.3171244094078431,-0.0010286788921803128,0.25577968393723327,-0.0024251416325568502,0.142652180863137,-0.0650447010993957,0.030614090344722747,90,47,17,70,1.0580781250107196,2.084424113877942,0.02461293625059159,0.28730668445962854
BadRange,0.05244690396042969,0.6452785615935691,0.12114344943314767,1.0158154818537755,0.04908588528633105,0.2932340671482385,0.03513803352601822,0.34546492587462196,79,13,0.0034582081492373316,0.5236062108190331,0.5667053956852359,21.707638021135356,0.02572232484817495,0.10517009920253088,0.1488539576530456,3.9444662050235455,0.2413941621780395,3.9237633652101436,0.0037537373602390236,0.4063667759864798,0.00336447358131405,0.2208693803161282,-0.0925402045249939,0.02070283981340171,76,42,16,84,0.5183937448899798,4.280912124888786,0.04648434698714516,0.5987255249222196,0.03706701099872578,0.1900576886782295,0.02002356387674804,0.16751118184434585,80,17,0.0009312118651314067,0.13740927068376543,-0.6624761625370845,3.249887081581071,0.01835076510906215,0.09790091238175369,0.0613419115543365,1.0984530870818738,0.11372855305671681,1.0598747491197755,0.0034809831529855687,0.2865788216175438,0.0029805898666381003,0.22114264345593176,-0.0523866415023803,0.03857833796209828,76,44,16,84,0.0472034106203867,1.8414214779480913,0.023947325255943973,0.23512092566180798,0.025871288962662074,0.3136884826185683,0.0203308535055839,0.24392783112731548,85,16,0.0013364583216268868,0.20834886712419678,1.9133133692966027,2.962080050400858,0.012888064607977801,0.09081841582886907,0.097488984465599,1.478780467545352,0.1818532794713973,1.4418496847342634,-0.0016734451288357333,0.32286988424975155,-0.00106479972600935,0.17223347253218715,-0.0843642950057983,0.03693078281108848,84,41,17,76,0.20166208183297263,1.8105309925869428,0.02894342401354328,0.32265136752964313
BadRange,0.048818051331702125,0.6497567137907453,0.11245658379048086,1.0125409909415137,0.0531208664178847,0.26882416493645,0.03275393584743138,0.30598265746690634,68,13,0.0030092094544017867,0.4278919807768105,0.8478885784950245,14.661300139507027,0.0244726240634917,0.12789900696608106,0.1488539576530456,3.11075066561627,0.2341822385787963,3.080409565662646,0.008373821899294854,0.42168083881897844,0.00404596328735345,0.2730662880831599,-0.0853282809257507,0.0303410999536239,78,47,15,82,0.8121398509129351,3.4665445774639116,0.04268515734314226,0.5000772449829458,0.037645958364009746,0.19719139424549856,0.02033285009209062,0.1587171269576263,86,20,0.0010461187202146917,0.14999496329721215,0.20449520650878616,2.9667070174968293,0.018224239349365248,0.09960547042028878,0.0728176236152648,1.1032289089896277,0.1515463590621947,1.0797566659785964,0.00429030079394578,0.31784772345704354,0.006118148565292299,0.2417429791782184,-0.0787287354469299,0.023472243011031176,68,40,16,92,-0.21888335588638708,1.7217605908774785,0.02528663393634257,0.22128666473691289,0.022658224217593552,0.26668346195172865,0.01716022052394688,0.19698010899572665,94,16,0.0008887028179580963,0.1363363248252387,1.7083575221998686,1.0017902010463828,0.0111556109040975,0.09207206654028377,0.0616097450256347,1.0272317653988734,0.145974040031433,1.0189318942096595,-0.0017844231566414258,0.27301242866549175,0.0013482868671417,0.16934598602279843,-0.0843642950057983,0.008299871189214004,75,41,13,85,-0.823512399388285,1.3608924533603315,0.023573892290148526,0.2485971412132659
BadRange,0.043645862597096644,0.5831665178839779,0.10176569486968197,0.9073159932706817,0.04466629028320295,0.2340082448391735,0.02766080087050792,0.22406084298681475,76,15,0.0020144288551942283,0.26692089212766,0.16528070791616,12.265215474185313,0.02186602354049675,0.12390213829744014,0.1211873888969421,2.257403201978985,0.1945242285728454,2.2236960081168027,-0.0044963214546441975,0.3620945595521708,-0.006943315267562851,0.280407704087971,-0.0733368396759033,0.03370719386218238,96,49,14,64,0.47559368176257344,3.188727056204873,0.03530711443795701,0.36852194245442094,0.03462010622024525,0.23752217514230894,0.02155280024278905,0.18285589913471995,86,17,0.001273613352799062,0.17924971010448135,0.3026336140111212,2.377870001968528,0.017915114760398802,0.11307659323608206,0.0728176236152648,1.1437455662671436,0.1515463590621947,1.1299911115132495,0.005965232290327536,0.3474019954010724,0.0070572048425674005,0.28416143555334905,-0.0787287354469299,0.013754454753894238,59,37,16,101,-0.5207148742106986,1.5106370309229098,0.027662373222460766,0.24199496626135558,0.020856389543041552,0.20354571694843895,0.01273557057866124,0.12413287198548974,84,21,0.00041452969279028224,0.06004598862267506,0.2821073452591296,-0.6973720787274162,0.010159135330468399,0.09805128267473157,0.0518607571721077,0.5241927885296244,0.09135371446609489,0.511952357469906,0.0003881544980686133,0.19781943831743865,0.0013366937637328499,0.15137722020845956,-0.0394929572939872,0.012240431059718355,74,43,15,86,0.023607901792544878,0.6919096040171311,0.016141836547434157,0.1446148624673417
BadRange,0.04622144572112913,0.5952181486746357,0.10841149452142396,0.9144229858320083,0.0454169213771819,0.2331405948344083,0.031295299823395864,0.25669055160825655,71,15,0.0026738458215295278,0.3717673188921804,0.6089966456710845,24.98976605230889,0.0227981507778167,0.11991887722124368,0.1507109403610229,3.349188308383288,0.2202668786048888,3.3379942902815585,0.0050867523998022034,0.3643714065676407,7.408857345580003e-05,0.24111721711127887,-0.0695559382438659,0.011194018101729767,80,49,17,80,0.6229971882851637,4.623434571643139,0.04068938746844865,0.4888770775645955,0.0359638035297393,0.21932263825962223,0.021212443613912866,0.16533844439601644,87,15,0.001106341703313737,0.1648946768827453,-0.3748011431299574,2.8671091282539454,0.0184094756841659,0.0988314482714859,0.0573348402976989,1.125569598713518,0.1275796890258788,1.0940950736182529,0.0027281461283564503,0.3361726597231281,0.0051922649145126,0.2780350766484581,-0.0702448487281799,0.031474525095265,69,34,19,91,-0.34539791054000646,1.6829612126768965,0.02623590670775995,0.22777756636118318,0.028154110535979125,0.21270817187070606,0.015120413725162466,0.13770378989282595,81,17,0.000533715668809992,0.07797762255089923,-0.5942301317030507,1.3907296278499883,0.014317907392978599,0.08941581895089562,0.0489687845110893,0.7477043353674896,0.0897720381617545,0.7335502034556353,-0.0026747356459964006,0.21387891954123942,-0.0021790228784084,0.15966501519819415,-0.0408032536506652,0.014154131911854316,88,43,17,72,0.12227284189761739,1.421524057370224,0.018123769644962918,0.17953671024827006
BadRange,0.043632101943492874,0.5922229304992994,0.10423903986811615,0.9237472380831384,0.038834914565086254,0.21941551882981827,0.02644803805276747,0.22778532644389338,66,16,0.0020601684972116592,0.29167948933562093,2.117494262084713,12.151538226777232,0.018827944993972702,0.11674293612814009,0.1507109403610229,2.3370147339968876,0.2194909453392028,2.2946107457475744,-0.0012480966746807015,0.3558058012842878,-0.0053680539131164,0.24351442474711366,-0.0687800049781799,0.04240398824931317,96,51,18,64,1.0681755572018674,3.356379348294161,0.035974100613026645,0.4063024995099918,0.03764667361974708,0.2997205877278846,0.021223749862983782,0.19632922818215992,84,18,0.0011466482053667506,0.16518982578242444,-0.31911776335386444,0.9456850664138794,0.0181224048137665,0.1175116039655132,0.080217957496643,1.086355761108473,0.1320974826812743,1.0510227392216638,0.006419358961284152,0.3222963413636558,0.00962924957275385,0.23568975603002795,-0.0518795251846313,0.03533302188680933,63,38,15,97,-0.060600587485141175,1.279123166837588,0.026070961872577864,0.24761844464018884,0.028148999437689625,0.13591487100612343,0.015901071216212544,0.11083441087135253,77,22,0.0006314001395496935,0.09148845784438102,-0.3404622852230057,6.273557292174495,0.01359825581312175,0.06911512370711459,0.0435560271143913,0.9285371584303252,0.1006737276911735,0.9184094787023609,-0.00351686002686619,0.24564509543519492,-0.0049089193344116,0.22010971781855967,-0.0571177005767822,0.01012767972796435,94,40,14,66,0.05281695827280504,2.3012863327626283,0.019612774242295104,0.1764849708417547
BadRange,0.04400924793507629,0.5780094668770654,0.10191951684653736,0.900946890771004,0.041331112384796045,0.23016035297601897,0.03132659664377566,0.25316157804676204,66,15,0.002741508283003422,0.3879890578014853,0.7477258113617897,22.63744523031453,0.02083498239517205,0.11985159814751502,0.1496106386184692,3.2630764707558457,0.21839064359664911,3.235958240797419,0.00692556276917458,0.3957845735817253,-0.00083214044570915,0.26887213854966396,-0.0687800049781799,0.02711822995842692,82,50,14,78,0.8305273678024571,4.383453196687049,0.04093841679299338,0.4809819426093012,0.03207688778638827,0.23235559321718283,0.01932773185893889,0.17073866859708434,82,18,0.0010058763089899404,0.1342542529246778,-0.11412824971746671,4.6915265571262825,0.01573832333087925,0.08100882549789257,0.080217957496643,1.2583956182964913,0.1288520395755767,1.2395822619795007,0.0076759584248065876,0.2849931992398947,0.0090117305517196,0.1903123841885567,-0.0486340820789337,0.01881335631699064,63,42,15,97,0.09400467359690481,1.9274555062764553,0.023944429488429946,0.23028922969102888,0.02010903321206555,0.11123010841573669,0.012739449692889999,0.09659983071405297,80,16,0.00045160918340978975,0.06605952154935713,0.6393527794140157,1.5678647322122243,0.00954439863562585,0.05404817503452737,0.0435560271143913,0.6036787120124469,0.1006737276911735,0.5957641644145896,-0.0015087021980434649,0.220169117949384,-0.00152188539505,0.18185482254323682,-0.0571177005767822,0.007914547597857348,85,38,16,75,-0.24192910620010044,1.3971743122924563,0.016785125409947352,0.13260875178790935
BadRange,0.04468785232976043,0.5972793094974671,0.10406602986156917,0.9100727668579174,0.0472682267427443,0.18900716469039233,0.0326492392411455,0.2670885497305143,73,11,0.002858498942306329,0.4089253865008867,0.525316303438975,12.302001847517099,0.02445352077484125,0.10879049304540693,0.1496106386184692,2.805377797064118,0.2196054458618163,2.776913331282404,0.006081356480717665,0.4213877536190696,0.00018393993377683888,0.3090309715349063,-0.0699948072433471,0.02846446578171363,79,45,15,81,0.7721222145505355,3.4044798508090746,0.041959296746280246,0.48099661911572833,0.03200521320104592,0.19987577666677397,0.018998866227921057,0.1390177314829841,86,22,0.0009711477782107538,0.12793246545977122,-0.30679017257619945,1.8289606880922316,0.014901936054229698,0.1022242695797567,0.0600381195545196,0.9457019284619433,0.1149656474590301,0.8965101118425622,0.008175373356789339,0.3042877361797882,0.01114998012781135,0.2833744843855607,-0.0549275279045105,0.04919181661938114,59,40,16,101,-0.2196383912905883,1.2345724772265636,0.0233136801011323,0.1879931888935096,0.021230971440672725,0.1375225847569138,0.012151868781074836,0.10297808075835051,80,20,0.00038088732853947845,0.05388408430585552,-0.2555872612641239,2.33615850857662,0.01085552573204035,0.06921244368387922,0.0368062704801559,0.6750262121732747,0.0755666643381118,0.6597189385431684,-0.0012938619125634422,0.18439727705905967,-0.00131002068519585,0.14671602826501506,-0.0387603938579559,0.015307273630106331,86,42,17,74,-0.08380385475034664,1.5240639796942748,0.015422943023636289,0.14100258337725557
BadRange,0.04547264415247822,0.601698066179806,0.10915246605873086,0.9384127062063026,0.04929086565971362,0.20277217206537954,0.030846896325238005,0.2512297028005068,75,12,0.002395790306655488,0.3528398888062741,0.23514669604003435,23.94720143502202,0.0254594981670379,0.11305206144193505,0.1296049952507019,3.1822013231909216,0.19959980249404902,3.1489022472613692,0.003098939731717115,0.36920146702166584,-0.0015213191509246,0.2631921551039848,-0.0699948072433471,0.03329907592955225,82,46,16,78,0.6442961495010606,4.519757744795899,0.038692667651784314,0.46532801931038276,0.03176520764827723,0.24671231616504885,0.019838848357321658,0.14702233306730142,93,22,0.0010879388520295033,0.14273163310366394,0.6856337054548138,-0.37971210564097113,0.01450508832931515,0.13183631266065626,0.0600381195545196,0.7509040898452893,0.1354551017284392,0.6967212002415886,0.006855123769491894,0.3361162928909153,0.0122549086809158,0.27362141060443795,-0.0754169821739196,0.05418288960370082,55,40,17,105,-0.747145830422889,0.6056959231834091,0.025237868335332606,0.17250353838960042,0.027254927903413627,0.17574450352574994,0.016107530420413192,0.13438896868545447,75,14,0.0006442134568323296,0.08678977859510904,0.0780723569570112,2.8615390288084415,0.014061450958251901,0.09251827528128023,0.0439586490392684,0.9249555854850927,0.10885111242532719,0.9141719320310644,-0.0007515938021242599,0.23309494629372132,-0.0027958825230598,0.18908335700571002,-0.0648924633860588,0.010783653454028303,87,45,18,73,-0.20743110807272036,1.6069996166771436,0.020114602906591922,0.18015694437749602
BadRange,0.040495589523426856,0.5574174678658996,0.09562042534351325,0.8581061760793627,0.03602580726146683,0.2249147780483033,0.024626212865114176,0.21807050282823387,64,15,0.001853046122883836,0.23076604945573884,1.2621309050420715,13.551014218993583,0.01651120185852045,0.10164141539079646,0.1296049952507019,2.2307906428126536,0.1968809366226196,2.2097152697565905,0.011928701400756839,0.3113945682393501,0.0045678317546844,0.19990468973016373,-0.0672759413719177,0.021075373056063162,75,50,16,85,1.0099613912949847,3.383034133643301,0.0319726283831935,0.36578610187754207,0.03457486629486077,0.23950941644239987,0.01971975131891664,0.1659956384572206,83,23,0.0010075582055606494,0.13753033604222892,0.42923522195928854,0.5295612184781628,0.01721484959125515,0.1382959092774554,0.0561335086822509,0.897408302848811,0.1315504908561705,0.8887286166837253,0.005533125251531592,0.30512681071466013,0.0070014148950576505,0.29561702244288024,-0.0754169821739196,0.008679686165085767,63,40,16,97,-0.5442914078448534,0.9239001770032441,0.02455354110523182,0.2107794236288943,0.023330504074692622,0.19610961152266915,0.015371691745240196,0.11717542141408298,82,23,0.0006183889320506851,0.08505356790011591,0.46154921125559323,3.1090934797052165,0.011943779885768849,0.10036491922283183,0.0439586490392684,0.810507685620445,0.10885111242532719,0.7781701604458564,0.0003843258135020693,0.24158479712535233,0.0019068755209445,0.23705670887260297,-0.0648924633860588,0.03233752517458857,77,43,13,83,-0.43366136450652065,1.5238493939988762,0.01971738373451438,0.1633718265124629
BadRange,0.03798801515208907,0.5522262439811467,0.09079887099564052,0.8631229693801821,0.02181838452816005,0.14826201524097415,0.017721674712374763,0.18053786070743233,78,13,0.0010052534515941475,0.14233531244758252,1.0359807787578639,7.974649935608259,0.010849535465240302,0.06666269326055366,0.0581841468811035,1.5310968803516865,0.1345112919807433,1.5229184814484729,-0.0037545960396528104,0.2559115113230619,-0.0046222209930419,0.16460906714763124,-0.0763271450996398,0.008178398903213532,96,47,18,64,-0.4459429280035477,2.683285759499911,0.02486059579881516,0.277208605241484,0.040843628346919875,0.19546502954566275,0.02298283535987135,0.17153567782556953,82,17,0.0014152818907836606,0.1814401693067133,0.8188526398713702,2.316223886470226,0.0203873068094254,0.09899100040698652,0.0926869213581085,1.194920616973694,0.1910169422626495,1.1480328046249606,0.007959009706974024,0.35303858424550005,0.00886382162570945,0.30085223044881837,-0.098330020904541,0.0468878123487334,63,40,16,97,-0.1348376422049446,1.5672964669786904,0.028746654757072963,0.23833574499148524,0.024241391569375874,0.19624285274504555,0.014706470604869487,0.1068274498600921,81,22,0.0005620858472168081,0.08059584844813523,0.8836046652252465,-0.5407863370887611,0.012114733457565249,0.0954917401262317,0.0572665184736251,0.5847684017679962,0.1266749799251555,0.5351990135409163,5.154893733560753e-05,0.2541728738116202,0.00033123046159735,0.23469856153166502,-0.0694084614515304,0.04956938822707991,79,43,16,81,-0.10870583212005376,0.4536085701028713,0.018801873243154188,0.12645947440376876
BadRange,0.04675156908357432,0.6640081874538901,0.11180255897343136,1.0210163742775624,0.039183035492896895,0.18401709173251474,0.028147190436720815,0.2495059176925297,72,11,0.0024611943076065,0.3537886336630334,1.74777617341835,19.37645844057142,0.0191420018672942,0.08668708600094749,0.1509886384010315,3.082890662701358,0.22731578350067128,3.049691756419166,0.008233781903982152,0.3501857756491693,0.0045706629753111995,0.2272028489184698,-0.0763271450996398,0.033198906282192214,68,48,18,92,0.7151682602006935,4.179411547007822,0.038466861050205504,0.48078951340063886,0.047032952308654646,0.28788034135967444,0.02580731368158008,0.19294136232475761,77,20,0.001690091528297138,0.23300060829729802,0.13627845352848755,2.168064928391293,0.0239838659763336,0.14572571546278715,0.0926869213581085,1.261137690175393,0.1910169422626495,1.1951322047618602,0.005912136659026139,0.4058793056966244,0.005748584866523699,0.3473032174046634,-0.098330020904541,0.06600548541353284,69,38,16,91,-0.02748408205088386,1.430825568653078,0.03205896839264662,0.26127111877229003,0.026094499975442848,0.1997563994404934,0.015413670644629696,0.11069673695248401,76,21,0.0006101935233145697,0.08832931620948772,0.8520313357152212,0.3987665117542245,0.013204924762248951,0.08753448068858181,0.0572665184736251,0.6964601733643068,0.1266749799251555,0.6360217340926475,-0.0009805451612919544,0.26495129293176883,-0.0016343146562576,0.2356017422303988,-0.0694084614515304,0.060438439271659254,86,38,15,74,-0.048048375787908396,0.7929367419222154,0.019565326364045028,0.13464816591128062
BadRange,0.04272349660724828,0.5891010435922658,0.10199062108993506,0.911181217140479,0.04310698807239523,0.20803467941504317,0.02823453127872194,0.25199508251724206,63,11,0.0022819414548073836,0.34378564910864434,2.241088743334836,14.692888378873267,0.02075406908988955,0.1073006953350864,0.1509886384010315,2.758141373199374,0.2200702428817749,2.702963504130334,0.0028823610395193114,0.3595257656853839,-0.0040993988513945995,0.23323911921718593,-0.0690816044807434,0.05517786906903982,89,51,15,71,1.2494133636084934,3.70487215976208,0.037773311320870084,0.4631704577334168,0.03659316152334208,0.2782512267047982,0.021646108918357602,0.18947956499476845,77,16,0.0012230368107220058,0.17290123429492923,-0.1910672828118054,1.9849321255261083,0.01944257318973545,0.12786297659235402,0.0704721212387085,1.2101653219965374,0.1363709568977356,1.1618314144105009,0.007342693023383607,0.3306424736121818,0.00611990690231315,0.26247120423872783,-0.0658988356590271,0.04833390758603641,63,41,14,97,-0.1335907934636028,1.4718302145840612,0.02673857347658763,0.2521443811361795,0.022267498075961976,0.2404613122285552,0.013730950991157401,0.1273064641707262,82,20,0.0005037193494756886,0.07237635579601082,1.0959303551467894,-0.5966161226590372,0.011022198945283801,0.10019330827392539,0.0471144244074821,0.5601434869551586,0.1111391708254813,0.5471984072726237,-0.002567237708717579,0.2210129778429134,-0.0014552325010299002,0.18557015941161564,-0.0640247464179992,0.012945079682534902,89,37,15,71,-0.2795076879528674,0.670902802385944,0.01761171376828056,0.15339367464474768
BadRange,0.042168827619604915,0.5206212384325088,0.09986326381564117,0.8163784065514128,0.044139802455901975,0.1530807862432676,0.02844585734419521,0.22374420615410529,70,10,0.002278183028615817,0.32534543657939,0.8102409818997014,28.692486752564,0.0212685763835906,0.07579885849065457,0.1219224333763122,3.303519201332943,0.1910040378570556,3.279065243759578,0.006088870391249658,0.3171986892209439,0.00097486376762385,0.22213916685771387,-0.0690816044807434,0.024453957573364923,77,50,12,83,0.8801595484813377,5.089828066866546,0.037356552306723655,0.4740574101687528,0.03543608635663975,0.15374383192705476,0.020545034906826874,0.14502880305098909,81,17,0.0010774333231370614,0.13741171827030652,0.35856165162381304,11.08319095002687,0.0178898274898528,0.08778842346642979,0.0959934294223785,1.447223053920203,0.16189226508140558,1.4184826861505662,0.00648301430046558,0.2879907711188727,0.0070625692605972,0.23422466995154598,-0.0658988356590271,0.028740367769636756,67,47,15,93,0.08627776803450261,2.9698497504822217,0.025205896336051428,0.2333945886704821,0.020227614790201076,0.1264745013554533,0.013027458142023496,0.0963724595796237,81,19,0.0004799354236122014,0.060959193699251284,1.3613446753301677,1.0657971064458103,0.0100917778909206,0.06336217802672976,0.0534674376249313,0.5954760480103569,0.11749218404293049,0.5583813635755438,-0.0034648528322577406,0.2111889462115961,-0.0029019899666309,0.18337567007533995,-0.0640247464179992,0.03709468443481314,93,47,15,67,-0.029716075526678296,1.1702354368910783,0.017022498899643045,0.12790004963754653
BadRange,0.04461426493418415,0.5727508246978091,0.10510782420635201,0.8999060503510374,0.04247806966304773,0.15544618814463418,0.02733805400319394,0.21676059109734983,74,12,0.0022083530765383192,0.3046827690151115,0.8680273310685798,18.275583194935546,0.02150741219520565,0.09243992643756735,0.1219224333763122,2.7283016969696896,0.18491005897521962,2.6758906484952396,0.008792861923575396,0.3420736658110973,0.0057480931282043,0.23463615037820096,-0.0629876255989074,0.05241104847445008,68,47,18,92,0.8495370184564348,4.141390521000519,0.03620912358747404,0.4332070823216873,0.038987055420875424,0.3439718962049889,0.023901810431852896,0.21308926563044975,79,17,0.0014626316319899465,0.19315360554307223,-0.18814128434520905,1.468331107424647,0.0195916891098022,0.11867105792471017,0.0959934294223785,1.141619658161607,0.1631075739860534,1.0968610288554033,0.008298362046480174,0.34338705179502865,0.0077320784330367496,0.24809736500288243,-0.0671141445636749,0.044758629306203744,68,42,17,92,0.07740535788790932,1.4496134513138779,0.029165016647769257,0.2742971713353795,0.020353902131318925,0.13982873493560063,0.013393352366983849,0.12563445042514546,80,18,0.0005139167740417941,0.07206285058077572,0.6844714167747394,0.6961510272766813,0.0102138668298722,0.059487688352057214,0.0534674376249313,0.6792588917273683,0.1024326384067535,0.6544364528769181,-0.0011593328788876483,0.2144453327449114,-0.0012018606066702998,0.13945048948851518,-0.0489652007818222,0.024822438850450178,89,47,14,71,0.26392165168895937,1.3198253081551121,0.017940612893537804,0.16148080333185108
BadRange,0.046003251499427376,0.6204467743862634,0.1085909508913753,0.9758511826516912,0.04357905685901638,0.26920665441174596,0.029320279243402136,0.2241226443943507,63,16,0.002255116303793119,0.33450201373897853,0.9895271843276259,24.317436358331687,0.0186905860900878,0.11767568790631988,0.1379895806312561,3.0737955978979277,0.20097720623016352,3.0169628008465144,0.003946199640631684,0.3662303898953466,-0.00740247964859005,0.2688781100374506,-0.0629876255989074,0.056832797051413524,94,47,15,66,1.0857574251845312,4.634658631107034,0.03745185855131761,0.44763524800453425,0.036947958171367576,0.40570451230032234,0.023174966897349776,0.20937370583554032,79,17,0.0015595538877338077,0.20328623575019086,-0.08331796833294236,0.0972885539031676,0.018121570348739548,0.09440883079409279,0.0825253129005432,1.1397130078494062,0.14963945746421808,1.072744023508187,0.011087106727063638,0.3779251045898234,0.0108100771903991,0.24661403141700633,-0.0671141445636749,0.06696898434121905,55,40,15,105,-0.1474525672243268,0.9686811952823698,0.029277200337959424,0.24588381620383618,0.020236097276210726,0.17857271345225106,0.01432116315991147,0.1342673677780623,69,16,0.0005825627376771717,0.08592616247052215,0.416184409988519,1.628719738724329,0.0099898129701614,0.07179295266685215,0.0530633330345153,0.7687341742947926,0.1043721958994864,0.7346905689180319,-0.00019238819368182745,0.23169568816652122,-0.0018254667520523,0.18053491204554453,-0.0513088628649711,0.034043605376760766,92,46,15,68,0.3425907123885461,1.4988552164068565,0.01914038695825827,0.17956411266053218
BadRange,0.04282912397719831,0.6185458344584146,0.1012096223980186,0.9586894744296426,0.04425658285617815,0.26354986816213555,0.026777908350340985,0.21665819011932944,57,16,0.0020758794238031047,0.27354844200648826,1.158726662248915,20.400529825441424,0.01749396324157705,0.12764311064618283,0.1379895806312561,2.6604522484527853,0.1798245906829833,2.6443368539961583,0.011673084273934365,0.3338354232360261,0.00143674015998835,0.23928169682611727,-0.0418350100517272,0.016115394456627147,77,46,15,83,1.1822299063896633,4.211401601467163,0.0341828416027075,0.4026193639149906,0.03537730127573002,0.35616966784077575,0.022604849555063956,0.19364767630665441,79,18,0.001442256038221542,0.20561985252287995,0.6030983132212295,-0.15063136538023292,0.0176043212413788,0.15524619726905126,0.0967051982879638,0.9895952415327944,0.1741773784160613,0.9214990959392646,0.0053859496489167095,0.3853737544669064,0.00463932752609245,0.333033603680062,-0.0774721801280975,0.06809614559352978,67,39,15,93,0.01776417668067206,0.9447193938851525,0.029629181098986282,0.23897054607411466,0.024505693465471177,0.18062764747266782,0.014404256243142255,0.13228474261420223,69,18,0.0005868729920208997,0.08644575358461289,0.5403590572367234,1.4088024442637153,0.012302465736865949,0.09086203195038982,0.0530633330345153,0.8297246913714719,0.1043721958994864,0.8175908958297678,-0.00243295240215956,0.23948029672671034,-0.0043843314051627506,0.19592445924574164,-0.0513088628649711,0.012133795541704072,98,45,18,62,0.5696637256831824,1.252922809299503,0.019056390667696956,0.1705723924446734
BadRange,0.038887632361347874,0.5747716271280262,0.09385961845517136,0.9058110608671204,0.02824382483959182,0.1586553864767365,0.019158513215370442,0.14843952321330356,75,15,0.0011367298764991646,0.13712466375950763,1.2059384511643572,13.615308477407769,0.014439076185226402,0.07463914183875309,0.0810080766677856,1.5807693364151953,0.1732522845268249,1.5513815891529084,-0.0063735406845807875,0.27607526850655717,-0.00783765316009515,0.2165051388453827,-0.0922442078590393,0.02938774726228701,100,46,13,60,0.02508767784282778,3.271939157880203,0.025962414089650578,0.24679365850552162,0.03615063428878775,0.2897038553924817,0.022259528934955558,0.20745732964116267,80,18,0.0013239083542093833,0.19381282445085193,0.7086038463287765,-0.2049584116505283,0.018639370799064553,0.11079741349253296,0.0967051982879638,0.96815860494684,0.1741773784160613,0.9408174417357881,0.003997651860117907,0.36055813418559174,0.0034563392400740996,0.2682686588750523,-0.0774721801280975,0.02734116321105199,71,34,15,89,-0.2558898462823568,0.9673469161116739,0.028575602048581644,0.25260771231982765,0.028133586049079798,0.24749701934964785,0.015766077794833067,0.14033709170101358,79,20,0.0007105218619357299,0.10445215225254088,1.6856811280542487,0.5018714450964192,0.01419890671968455,0.11957778578995708,0.0592447370290756,0.7764802513501473,0.1483679339289665,0.7415076453254313,-0.00381007576361298,0.2691776581749715,-0.0045593976974487,0.23694943186673179,-0.0891231968998909,0.03497260602471593,92,37,17,68,-0.05226945659680956,1.000396839727889,0.020790890273752236,0.1788729733413605
BadRange,0.04717569755193637,0.6411661992224148,0.11059264585375764,1.006647778967848,0.04778568446636193,0.24313179815845856,0.030778336082585123,0.23763330860130386,65,15,0.0026891065350959625,0.3577867014418035,1.0099250783412508,21.110815595731395,0.022820204496383598,0.12470905776627335,0.1392132043838501,3.121676586015768,0.2314574122428894,3.1023356342940964,0.007305240258574486,0.36759286757684234,0.0016585290431975499,0.28381844401111234,-0.0922442078590393,0.019340951721671575,76,48,16,84,0.7625928171883856,4.317872596885984,0.04046677399962323,0.4718709411994317,0.03342168033123007,0.2598737938475929,0.02215862236917015,0.17825558207800032,75,20,0.0013417866646157927,0.1896081363598059,0.6254760766340737,0.6813117008397707,0.0183481276035309,0.12025539228836077,0.0904695987701416,1.047968858907112,0.1664309799671173,0.9852444354134136,0.005320209264755247,0.37021849665071266,0.0017541199922561,0.3095362531919914,-0.0759613811969757,0.0627244234936986,75,38,18,85,0.21389419278826108,1.0106769092551735,0.02855535573048731,0.22923001788049516,0.023883311077952322,0.20611362753464263,0.016761550395749465,0.15151957243681438,84,19,0.0007786533050427133,0.11207865594652519,1.2985592221346662,1.3996402984404783,0.012151319533586412,0.11052545205756553,0.0592447370290756,0.9108794333805535,0.1483679339289665,0.884984533173541,-0.001950187515467406,0.2688364147402932,0.0001182295382022621,0.2199223049813847,-0.0891231968998909,0.025894900207012555,80,39,15,80,-0.48095915493471036,1.3262676528381827,0.022042955989063938,0.19951350344302582
BadRange,0.04699569520510911,0.649217328530118,0.10910347841680026,0.9979523812867347,0.04244534671306595,0.1670234939563069,0.029272625176236,0.2515746865075776,63,11,0.0024818040064169323,0.35946435174125246,1.410260751171295,11.728331538934457,0.0202219486236571,0.05936115793658786,0.1392132043838501,2.6255608295201487,0.2172721624374389,2.551631972834298,0.004754628986120231,0.3656445596068438,-0.00293666124343865,0.2331483232833787,-0.0780589580535888,0.07392885668585054,84,48,16,76,1.1276120742443394,3.480959503331749,0.03921905591524287,0.47515093156929605,0.04050959646701795,0.2878886372067979,0.023814618391916113,0.1933865862141791,76,21,0.0015556154772478565,0.20765067301692577,-0.10907397067390878,3.5655529901725087,0.017790675163269,0.1553194543796938,0.0904695987701416,1.4110314981731231,0.1488138139247894,1.3494069152165977,0.008882991783320896,0.37888462462702566,0.005622029304504349,0.311114378071351,-0.0583442151546478,0.06162458295652541,66,38,17,94,0.25781642524941495,1.5562427341550535,0.029982840044170737,0.2531740789223171,0.02126863226294505,0.1997052775702484,0.015402846985380114,0.12754842805039185,83,21,0.0006513326128916223,0.09340252970555672,0.42225597060472886,2.269700477729095,0.010544620454311301,0.09843322210788921,0.0448260307312011,0.8604840625215103,0.11090920865535721,0.8416113438356299,0.00025654169730842004,0.2534231970528653,0.00158989429473875,0.21175091156882422,-0.0660831779241561,0.018872718685880426,77,40,15,83,-0.26067820583023366,1.477780227492395,0.020238006947258642,0.170819240429939
BadRange,0.0469191605442074,0.5743610154236339,0.10775015577673887,0.9043132932987298,0.049929559230804325,0.19664379902755882,0.030910088187083552,0.24568043781272766,66,15,0.002469215639036437,0.34215819693383315,0.3521748851834481,23.468243876056352,0.025382071733474648,0.0911243922979387,0.1447027325630188,3.185300359132752,0.2227616906166076,3.171726293458324,0.0051311109215021146,0.3417115380399876,-0.0026297271251678,0.20549661548783613,-0.0780589580535888,0.013574065674427803,84,51,15,76,0.7365343359854872,4.563120901374712,0.039070089898002563,0.4747540644419794,0.03910468518733965,0.315242648527837,0.022209138404577933,0.19768548821462276,77,17,0.0012986987483375111,0.17625472093892364,-0.46738042242403877,2.5599502054257526,0.0186254978179932,0.1452863402218393,0.0766048729419708,1.3114844728383868,0.1349490880966186,1.2685262481200308,0.008139629662036888,0.3296663987251366,0.0074421763420104495,0.26329991858660257,-0.0583442151546478,0.042958224718355906,63,37,15,97,0.01349615351255432,1.5095645747886035,0.027388344335865913,0.25995150795970173,0.021103374660015,0.18700281512722033,0.014181329659186254,0.11505276110180493,75,19,0.000549982884140935,0.07715877005150326,0.36162085931089516,1.2921961954523757,0.01011030375957475,0.09328530442529534,0.0535874366760253,0.7362273950126011,0.1034170240163802,0.7220376731795591,0.0007130723446607638,0.23293535653360553,-0.00031939148902885,0.20561041024641857,-0.0498295873403549,0.014189721833042039,84,45,13,76,0.24266804734060288,1.1324247043952969,0.01858465805139849,0.15132709515504927
BadRange,0.04502228552392033,0.584611655744485,0.1033203441649673,0.9104965794488044,0.04025132954120625,0.24238545652201318,0.027714475500397344,0.2358773593592001,75,15,0.002365674544203418,0.2910452610168599,0.5989705638176539,15.653846628443482,0.0203107595443725,0.10362875767575784,0.1447027325630188,2.534020674184326,0.2109500169754028,2.5041076665525344,0.012290976569056498,0.3617071286667068,0.009989768266677801,0.2246892522715874,-0.066247284412384,0.029913007631791562,64,48,17,96,0.49753807301647035,3.631059621280155,0.03654897271327903,0.4002664288802477,0.031061477959155925,0.20107146355448194,0.019803022732958152,0.1672570190160221,69,20,0.0009940724567491235,0.14595986838849137,-0.02304606485629268,4.615516584508999,0.01526801288127895,0.09347142687873759,0.0773119330406189,1.233674820516251,0.1298827826976776,1.199333458496973,0.0037024654448032366,0.29685129239679264,-0.00050662457942955,0.1980992100293148,-0.0525708496570587,0.03434136201927815,81,39,15,79,0.3960981739944637,2.0928510728901277,0.024726672586617395,0.24049777252782453,0.024083800613880074,0.21799600519023327,0.01618320828129067,0.15704972936752853,85,19,0.0007241220645530927,0.10418804720641633,0.45414900571621875,1.0796606938589468,0.0125863030552863,0.09090730757566232,0.0631749033927917,0.8468448556207386,0.1183533370494842,0.838423503049022,-2.4806382134557985e-05,0.25193815838530503,0.00162617117166515,0.17561876469166218,-0.0551784336566925,0.008421352571716582,75,45,16,85,-0.10478504758938442,1.3675947319616288,0.021340620021032694,0.20178010693781806
BadRange,0.0425119993365198,0.5753516817681164,0.10163837119936919,0.9106879069115099,0.03867913782596577,0.20305751163358154,0.023082274328917223,0.17348260266145296,78,18,0.0014094742303688396,0.18419137170446387,0.08528963965599345,13.171381219667278,0.019301593303680448,0.11538466648370599,0.088391363620758,1.8141014524002126,0.154638648033142,1.7904071667201897,-0.006556237488985052,0.32125668437379923,-0.0074577927589416,0.2562867775682103,-0.066247284412384,0.023694285680022752,97,43,16,63,0.38277551759291184,3.1547255343499474,0.029038030045083492,0.28457953975930356,0.033244818449020275,0.24543227425713968,0.019819274458568497,0.16548924312154012,73,21,0.0009499653474787684,0.13783648141455612,-0.30702144202362636,2.5534415849993346,0.0156618952751159,0.12663842323053787,0.0773119330406189,1.0772580889870098,0.1227861642837524,1.0554366314781862,0.0028519088402390452,0.2965381039371029,-0.00100953876972195,0.25577147415910256,-0.0454742312431335,0.02182145750882368,82,41,15,78,0.431234693495388,1.509495137880097,0.02427504779190594,0.22338673713527427,0.032613005489110794,0.26350873286511367,0.020358086732448967,0.1919212340781178,89,18,0.0010547807195937326,0.15165357827422907,0.21423440401964422,2.2758274958334432,0.015860915184020948,0.1273746071640452,0.0631749033927917,1.146339251345235,0.1497473120689391,1.128262638504252,-0.0022738003171980416,0.2928931186006081,0.0011424347758293,0.21583273868607739,-0.0865724086761474,0.01807661284098308,77,42,14,83,-0.15269219944063597,1.6098530680398677,0.025655046593444177,0.2566460585137422
BadRange,0.04710429246192357,0.6286240405736587,0.1087504348158834,0.978293249129464,0.053059324622154125,0.20181523405150095,0.03162344168871637,0.2280437021456151,68,13,0.0026202498655217665,0.3646800385343722,0.3257016379290838,25.385356121823996,0.026700228452682447,0.09974390749497743,0.1489617824554443,3.140680624261429,0.2125946283340453,3.058714128538118,0.0062933512032032025,0.40602015620641957,0.0018308460712432501,0.29793589275646215,-0.063632845878601,0.08196649572331077,78,49,19,82,0.7746747929548544,4.72129137719449,0.040101128723075224,0.4470208846222811,0.02908867597579945,0.16986285756226052,0.02010592058999459,0.1558922510343296,73,15,0.0010959146383087116,0.15919688330272405,1.1562988064453767,3.967219127604668,0.01458668708801265,0.08680880643708871,0.0878984332084655,1.1307075312941082,0.1729734838008879,1.0893876461748329,0.00084581170231104,0.32602127215051196,-0.0028193742036819,0.268797538699501,-0.0850750505924224,0.04131988511927527,86,45,18,74,0.46983311454966603,1.9226196327892058,0.026239942696424205,0.23001524603400927,0.027786351740360125,0.15061238974713084,0.016663063236046535,0.14592290352628123,85,14,0.000744094679475735,0.10491024192962899,1.292570023222722,5.050058785503163,0.013548731803894001,0.05996552251043391,0.060841754078865,1.0354173912491471,0.1474141627550124,0.9589684690265586,-0.0013996707275509862,0.2462518207725325,0.00034940987825385003,0.16492430106399475,-0.0865724086761474,0.07644892222258852,78,43,16,82,-0.25626182227449584,2.2538079091517575,0.021587326739321153,0.21040504436881147
BadRange,0.043079040997788594,0.5996848772390309,0.09940119653940177,0.9315279197434385,0.03584425151348108,0.3245012259396599,0.02872345662675794,0.2713191672569015,63,18,0.002348814302052485,0.3549628397769339,1.4824876526368325,9.720045069713791,0.016942262649536098,0.14596094465456272,0.1489617824554443,2.502813873818414,0.22071433067321772,2.4747077261240706,-0.0006556935608386869,0.4110626561072657,-0.011053264141082701,0.27365719617512463,-0.0717525482177734,0.02810614769434311,98,50,15,62,1.1695996218773217,2.841384309392076,0.038429273495222946,0.43126596495778985,0.026808507740497423,0.22148980808398677,0.01856188844307321,0.15473241752225259,83,18,0.0009599823649719133,0.13902987424378707,1.809252076236488,1.9485477589835414,0.01552680134773245,0.09867731571977434,0.0878984332084655,1.014413174945437,0.1729734838008879,0.986342628616576,0.0023437774740159415,0.3136864143734158,0.0036182850599288502,0.24221688352378473,-0.0850750505924224,0.02807054632886106,71,49,17,89,0.21919340864917164,1.3872844838794058,0.024458835864237322,0.20157060222496914,0.024187568575143675,0.13057572248921095,0.014566816891310693,0.12890293655972201,87,14,0.0005288986482133627,0.0761263386554483,-0.2055246471690797,2.7805239502821397,0.012242205440998001,0.06837068474613653,0.0361859947443008,0.8199971396957898,0.0939616709947585,0.8059249595715007,-0.0035917230881750565,0.20677884926275694,-0.0009488835930824,0.15207989922206755,-0.0577756762504577,0.014072180124289103,83,40,17,77,-0.41238386026851537,1.8215703373842536,0.017879011422623072,0.18267141580723115
BadRange,0.053169141012567186,0.7522655023601449,0.12413949713110903,1.1849754630124139,0.0541177392005919,0.34422958795917846,0.03688331587705757,0.2990875254971298,63,17,0.003687523660802472,0.5204767829049287,1.2346629008861898,17.88881462294517,0.024490922689437852,0.14283851976942658,0.152303397655487,3.347470560704497,0.2978361248970031,3.308415621482274,0.0037053931504488075,0.5189737217551887,-0.0091050863265991,0.36153801744130265,-0.1455327272415161,0.03905493922222264,94,50,16,66,0.8404010627932158,3.8034318387456207,0.04801438306103418,0.5011417554270415,0.0359177663922309,0.37346113163774886,0.023154905901756097,0.21572026273070344,94,23,0.001510077782236755,0.2153458323473545,2.23573383300499,1.4064358009243865,0.0175327360630034,0.16701395549983206,0.0813845098018646,1.255703707516657,0.2086313664913177,1.1965230726803033,0.002151036914437995,0.37790638184984604,0.00941072404384605,0.30201555992547846,-0.1272468566894531,0.0591806348363538,63,47,17,97,-0.8694143857865948,1.2515877375199334,0.030742127350811808,0.2693187681995315,0.02568087726831425,0.29372525442091574,0.017611410380341076,0.1658036160262886,81,21,0.0008793203488526497,0.12199333405235042,1.2291051589133426,-0.26932893253788937,0.013056434690952249,0.12445211656670255,0.0840725898742675,0.8249560507264718,0.1418482661247252,0.8153427253428438,-0.0029509741812944325,0.288095359407379,-0.0026343241333961,0.21366511109396358,-0.0577756762504577,0.009613325383627991,93,42,15,67,0.6127241853233764,0.8028136933931277,0.023329565972541356,0.19746999250590844
BadRange,0.05200337335484212,0.7599121911334431,0.12172010526061036,1.1646150829831825,0.0532840341329574,0.42843966244450654,0.037232343927025756,0.32525415541262004,72,17,0.0038342881931225704,0.5383797209731649,0.9276333507631986,9.67774106327028,0.028320223093032747,0.19671706628881663,0.152303397655487,2.962684708900472,0.2978361248970031,2.935988213844314,0.006434605270624163,0.5255193320003468,0.00055453181266785,0.4153451840926264,-0.1455327272415161,0.026696495056158013,80,48,17,80,0.6163871925366904,2.812462077553243,0.04868097636486805,0.5120636216985874,0.03288999944925297,0.37690750574073195,0.022321558587718716,0.22662324903616704,91,19,0.0015244698201789632,0.2143299198326531,2.6971763547406225,2.656093559169922,0.01654131710529315,0.1212786457107924,0.0813845098018646,1.4685821701138084,0.2086313664913177,1.4393655443132796,0.004946868307888493,0.36663985228574375,0.00882004201412195,0.2399787571778148,-0.1272468566894531,0.029216625800528844,58,43,16,102,-1.0172877766288821,1.4850283684542895,0.03056404154440823,0.28267496979488865,0.023508455604314724,0.20560890451970287,0.01560305600869465,0.13304342119304047,75,22,0.0007161188817508357,0.10168284291673951,2.0117505600750833,1.4134433895292826,0.0120581984519958,0.0842264185566462,0.0840725898742675,0.8445803189365159,0.1336387246847151,0.8083018574047094,-0.0009991091676056318,0.2724558986970919,-0.0023368075489996996,0.21581557249745775,-0.0495661348104476,0.036278461531806507,91,43,16,69,0.9480826624088728,1.2037268708072244,0.021198696577125566,0.165682304975213
BadRange,0.04418800217334804,0.5644064088212023,0.10314404316246487,0.8657114203976122,0.05028550326824175,0.24223308732026266,0.03330188123509283,0.2580738631828383,70,16,0.002897143538242014,0.43457305559789977,-0.01610606355726585,25.41569256974864,0.024038434028625447,0.11698812998953989,0.1296014189720153,3.6712155171076506,0.19565999507904042,3.660563333153189,0.0048832617700099975,0.3770769231907885,-0.00205749273300165,0.24256175258069673,-0.0660585761070251,0.01065218395446165,84,49,13,76,0.6742188834472276,4.8164187621622805,0.04240408744848704,0.5407273338706562,0.028197996318340197,0.18134068797112238,0.016875487272627613,0.13049811922332336,81,21,0.0006881997801953841,0.0990700203686631,-0.7976909280897018,2.074328883106203,0.0144271254539489,0.08659058983599308,0.0466663837432861,0.8553352470677797,0.08217015862464899,0.8484520298095387,0.0035856600850820443,0.2598009777683734,0.00403830409049985,0.22354833284431957,-0.0355037748813629,0.006883217258241051,69,43,15,91,0.06889322212279717,1.3576477930940112,0.02049127206444205,0.17768925774863334,0.024151228368282276,0.1385767844121905,0.014205852451268541,0.11852288790987821,76,17,0.0005328899193864894,0.07899086443530508,0.5874021513742029,2.50788807269247,0.012416720390319802,0.07244302267709346,0.0495370626449584,0.7687022894566475,0.1134675741195677,0.7337917550820673,-0.0026245662476867384,0.22883351943845034,-0.0034895539283752,0.19561012721780824,-0.0639305114746093,0.0349105343745803,92,41,16,68,0.1269009256666519,1.5725036556476681,0.018116821513833075,0.16317501284423858
BadRange,0.048156869648042985,0.688158078775147,0.11215314261615253,1.0672393648987906,0.045659571886062525,0.24853670318360055,0.030555501799099112,0.23526588177261115,59,14,0.002474593059610259,0.3564999801654238,0.4058176003200735,21.486646801241584,0.019239515066146802,0.11310658218119943,0.1296014189720153,3.115327176387709,0.1894442439079283,3.072184261181438,0.007619584724307066,0.3614398602938007,-0.0038805603981018,0.2523448511848335,-0.059842824935913,0.043142915206271185,88,47,15,72,0.9842485649235521,4.461650962065841,0.03870303114433044,0.47524857449151975,0.03544075042009345,0.20176804580080698,0.022359968908131078,0.15412039228158,80,22,0.0015155851889196385,0.2181096077996151,4.537179198650714,2.400967757652679,0.0192809402942657,0.10927060550224535,0.1405165195465088,1.1897962069583239,0.2779663205146789,1.1070530964359757,0.0010847149416804282,0.4154497217467258,0.0012199729681014499,0.3945407316745292,-0.1374498009681701,0.08274311052234816,79,40,16,81,0.27699667046100307,1.3045086958035945,0.0308547277654384,0.21333339283896274,0.028644610196351873,0.22860810484646796,0.017708829360199123,0.1573775760130689,73,20,0.000861251205037824,0.1276338495490044,0.4046728432583544,0.8193337722780005,0.01359576731920235,0.11571836062227649,0.0635188519954681,0.8933518439702044,0.1274493634700774,0.8846882152977797,-0.004220245266333211,0.2903497828582641,-0.00739792734384535,0.24542981981310813,-0.0639305114746093,0.008663628672424695,102,36,16,58,0.5601076807064292,1.147025856351678,0.022885474408646467,0.2081606426372749
BadRange,0.05196966854757412,0.7546739758031247,0.12260981261730172,1.1800145733226013,0.04678286612033836,0.21875373600785014,0.0325842513563111,0.2972777788814953,61,12,0.0030040876358461643,0.44103349569849243,1.0037543599873047,14.084663691734129,0.02030575275421135,0.09609286577704432,0.1263586282730102,3.0661495232211227,0.2667865753173827,3.027924952347397,0.002547384425997744,0.4385159508919165,-0.00747665762901305,0.26817828088629947,-0.1404279470443725,0.03822457087372579,95,47,15,65,0.5302180827099826,3.493375766187847,0.04339162722458701,0.49873565795103386,0.03702447563409798,0.34192454694529084,0.024047163873910864,0.18431412559413954,83,20,0.0017477909881846465,0.2414015131129331,3.246477556434744,0.14975412730449822,0.01809017360210415,0.12869726129324724,0.1405165195465088,1.0291381474505195,0.2779663205146789,0.9649394506671805,0.005284354090690603,0.43390954779658075,0.00779406726360315,0.37445045759329,-0.1374498009681701,0.06419869678333899,66,43,13,94,0.00472244860273357,0.7856437365293109,0.032728269002638026,0.23048647995902036,0.027832049876451326,0.24952044229593234,0.018750383914448283,0.177892508284142,70,19,0.0010141616294815907,0.14238651122467177,0.5531536851845256,-0.32541759806308157,0.0138422846794128,0.11306210208514733,0.0635188519954681,0.7828508618337439,0.1437657624483108,0.7588601231688874,-0.005706611089408382,0.3075890746341042,-0.0080628246068954,0.2351345952558705,-0.0802469104528427,0.02399073866485642,104,40,15,56,0.45853858775289685,0.9325973644197608,0.024598115350422476,0.21857601055561254
BadRange,0.04872692531548004,0.6519857721674953,0.11425497934222198,1.0222666798110605,0.04512557387351977,0.24531343054440957,0.031965310289524464,0.30413142460083137,63,13,0.003054659626511653,0.42453888557161046,0.962238091084135,11.997861078413402,0.020960688591003352,0.1091594286421732,0.1263586282730102,2.9399220824130157,0.2667865753173827,2.8894575807141907,0.008180690929293629,0.422299051998269,0.0022724270820617,0.2689813120574437,-0.1404279470443725,0.05046450169882481,74,47,14,86,0.28634971255118363,3.2221558446071876,0.04305606773199971,0.4961878638711086,0.038448050618171574,0.2572442875293799,0.02207696920726444,0.19215852001219744,78,15,0.0011804461455459379,0.16800957149578846,-0.554518478899634,2.464480078222042,0.0193479359149933,0.0988691552280315,0.0739202499389648,1.1735212060657982,0.1354504823684691,1.13105547687272,0.0037359217181801747,0.31706584218313194,0.0034859031438827003,0.23099480341579,-0.0615302324295043,0.04246572919307826,72,43,15,88,0.009302700148312823,1.6740137329666276,0.02698840617386707,0.2597668631994654,0.025225546211004174,0.18788476272030774,0.01747856726753521,0.1560801954697634,83,16,0.0008745669550417374,0.12398751108021631,1.1811224724965008,2.1143218079762764,0.01262387633323665,0.08760185697909598,0.0788242220878601,0.910818423004512,0.1590711325407028,0.9035094919154347,-0.0028808166272938176,0.2829017856296596,-0.0020432621240615,0.21201660154483765,-0.0802469104528427,0.007308931089077223,89,43,16,71,0.08916561645384427,1.6226226423328414,0.023274252083013133,0.2096523092354731
BadRange,0.04312529519576822,0.6303372226479987,0.09986490383744215,0.9959572310414198,0.03413541615009302,0.35050212136854575,0.027614015042781787,0.23439994753160584,72,21,0.0023606206997339244,0.30834554508483764,1.9528518020244983,5.683337181791725,0.01755145192146295,0.1790305283472403,0.1390901207923889,1.910082475856758,0.2764702439308166,1.8625926962967452,-0.004470336437225333,0.4450247429749772,-0.0092942714691162,0.3912723609898687,-0.1373801231384277,0.04748977956001283,93,44,13,67,0.5478228424113971,2.0116907439659975,0.03826953767598721,0.3321122148083282,0.032267905771732226,0.26020856516460333,0.019292355799116152,0.169288028790702,83,20,0.0009770402321482644,0.13983307165117134,-0.049455220425767,2.277434913980705,0.0162497758865356,0.11128970797058596,0.0572401881217956,1.0182067034506268,0.1255144178867339,0.9606510095948841,0.0036704812198877267,0.3022447518303468,0.0043500959873198995,0.2325896690922496,-0.0682742297649383,0.057555693855742635,67,42,15,93,-0.2791571022812139,1.5129994765611727,0.024513945977305055,0.22018442642971686,0.02101363986730565,0.16150250702798155,0.014443124430254051,0.11393777806964973,88,18,0.0005962818952231075,0.08402807330685741,1.6260179466993643,3.1232899743321285,0.0111393779516219,0.07481507128005958,0.0788242220878601,0.834595523066144,0.13872349262237538,0.8032247634033406,0.0009188291616737827,0.24868773623609575,0.0023186951875686,0.2107980315062889,-0.0598992705345153,0.03137075966280348,72,41,19,88,0.08020837545573299,1.487911216533096,0.019343487357006407,0.14893784996643225
BadRange,0.047833273514041194,0.6881747281774263,0.10772379025816896,1.0187391906788372,0.0567650496959685,0.4222242936056702,0.03680951713118698,0.29309176798082204,73,18,0.0037054490960946695,0.49261576315638356,1.4098216922620193,15.075971662384266,0.029445469379425,0.20091703163985453,0.1882966756820678,2.9898388260757156,0.3256767988204955,2.9110911306843628,0.0048222463577985795,0.5394492197257104,-0.0028893649578094,0.4307282457181075,-0.1373801231384277,0.07874769539135287,85,45,11,75,0.7036039737873224,3.2719156485106544,0.04803197703337547,0.44901035900489616,0.02957240492105475,0.17091593377283498,0.019078438302967658,0.15570045510047825,83,17,0.0009786482690379444,0.13673673835994987,-0.06874261804925341,3.6641233963522817,0.01520524919033045,0.08661226489360505,0.0579010546207428,1.1828074219166496,0.1261752843856811,1.1513185939965154,0.003809984959661952,0.2947646250228448,0.0048940479755401,0.23042930174361248,-0.0682742297649383,0.031488827920134105,69,42,14,91,-0.10395887050049567,1.8201287365122418,0.024513155143723167,0.22327237669512895,0.019596118479967,0.15698684495032,0.011369234840385573,0.09499456841174268,84,21,0.00034196193619010764,0.04808032455738661,0.3125143521900662,0.8073468095212704,0.0097856447100639,0.0805206964572024,0.0417406111955642,0.5351324489226615,0.0871029496192931,0.5064014517579863,0.0014616464264690801,0.18452534593028186,0.00200462341308585,0.155688583400802,-0.0453623384237289,0.028730997164675243,70,43,17,90,-0.21800205527386865,0.9850994710351496,0.014591797466417164,0.11845134556726832
BadRange,0.04114868255505576,0.5937507613910596,0.09440997734665849,0.9037021899762391,0.04178453981876365,0.24697908348092876,0.027471311981789724,0.21637012646328052,59,18,0.0023136207610025,0.3286843427032838,4.708887295458088,12.01930777485021,0.01987788081169135,0.12116964948245175,0.1882966756820678,2.250574489155159,0.25486165285110457,2.222624573977061,-0.00014901645481585208,0.42622233834493783,-0.0073880851268767495,0.34329899563321487,-0.0665649771690368,0.027949915178097872,101,45,13,59,1.7198525490522978,3.3063790654923575,0.0381455770869093,0.38343038611859787,0.03640604019165033,0.20457109113040178,0.02110684735467654,0.18002550624706273,83,14,0.0011073878767728577,0.15776657413908293,-0.6802235387145696,3.94422626470669,0.01845791935920715,0.08125754967899179,0.0579010546207428,1.3123943277343129,0.11740079522132871,1.23820628147001,0.005932912789285172,0.313745937771154,0.00680053234100335,0.2228355607389627,-0.0594997406005859,0.0741880462643028,66,43,17,94,-0.01736426857121381,1.8829026515459606,0.025710883461485437,0.2435776276080832,0.015497002750635074,0.09494988595149662,0.00967922431649636,0.07813465720317052,74,20,0.0002534768365911118,0.037788351189390446,0.15754551104785675,1.662466533254559,0.0076784789562224995,0.052321614324482686,0.0359733700752258,0.5049438082655477,0.0711939334869384,0.4643112568781151,0.0009568913839757394,0.16373391386014713,0.0005721598863600999,0.12984885792527753,-0.0352205634117126,0.04063255138743267,76,42,15,84,0.21229536719598344,1.4042858044759667,0.012589598651765921,0.10478337960491807
BadRange,0.04462154037253101,0.6249593973488611,0.10511769257485844,0.9777440619333949,0.04780377447605125,0.2247819374903639,0.028607669305056295,0.21823497405362172,66,14,0.0022809336031987424,0.3367651343827178,2.3561543055614553,26.880897223225375,0.022137463092803948,0.09643555517297918,0.1719239354133606,3.062056346581609,0.2265703082084655,3.017810009501358,0.003955031186342243,0.3891042244390421,-0.0024928450584411,0.2769071519926668,-0.0546463727951049,0.04424633708025099,86,46,13,74,1.247176022429204,4.823201662918159,0.037667078267658506,0.43053807834663044,0.038778357207775074,0.29357855415043554,0.021613225340843163,0.1944041894105133,88,17,0.0011066285263473764,0.15853814608793834,-0.6727080589142274,0.5621538031693056,0.0190942287445068,0.12755475145342893,0.0608189105987548,1.0459025550265373,0.12026342749595631,1.029431682990182,0.0037155151367187396,0.31375353432316766,0.0051509886980056,0.23899239752816187,-0.0594445168972015,0.0164708720363554,65,42,16,95,-0.08185422126113315,1.1546606527214016,0.026117061605473054,0.24514662099988083,0.020073551684617875,0.2196985633869533,0.015443413567263586,0.1546078601805279,84,16,0.000761082976190163,0.11458055159177277,2.2547070099833055,1.0938794848504099,0.0102686807513237,0.09287203898611474,0.0569927543401718,0.9361637537323604,0.13396055996417988,0.9079473286180049,0.0004287082236260183,0.274886303171185,0.00074936449527735,0.21354946981560616,-0.0769678056240081,0.02821642511435552,74,42,14,86,-0.6898293088503455,1.2671208940676364,0.021874267800929124,0.19752992664569116
BadRange,0.043078809007148826,0.6280628831288668,0.10060878254473186,0.9889139891348215,0.0408572703599929,0.2598636394593046,0.026465132515877447,0.22376576137055398,67,16,0.002132987765816448,0.302752586652375,2.849623571052587,14.348520508915012,0.0181183218955993,0.14514798612456703,0.1719239354133606,2.437873917926354,0.22735506296157829,2.3957329756622654,0.007025615870952603,0.3839800321938086,0.00040680170059200003,0.31690094669674373,-0.0554311275482177,0.042140942264088835,77,47,15,83,1.280636188859401,3.533016160472483,0.03594206484647236,0.39409633534050614,0.038361191749572726,0.2351938509939511,0.02127628805115815,0.1771729904316363,83,16,0.0010920871120697452,0.15614139174258257,-0.6334930741486313,-0.01759860969398197,0.018742561340331948,0.10028925772228864,0.0608189105987548,0.8574503247327334,0.12026342749595631,0.8523226434702524,0.00476214438676833,0.3262268517907896,0.0070169568061828,0.25105989855712024,-0.0594445168972015,0.005127681262481016,66,38,14,94,-0.20329089220419455,1.021759656965777,0.025768713434777542,0.22297406331959949,0.021342650055885273,0.2204135153381654,0.015195761292125054,0.1498609486435419,81,16,0.0007531345222187362,0.11303378633964767,2.482061494179818,0.5403113094195384,0.010738462209701451,0.0746779328911308,0.0569927543401718,0.8416678389779332,0.13396055996417988,0.8258916784334009,0.00071381055749953,0.27870710515022334,0.00134375691413875,0.2047481752911981,-0.0769678056240081,0.015776160544532184,76,43,16,84,-0.6555682991732855,1.1835757517803867,0.021752167265687055,0.18803227350226345
BadRange,0.04373306256668431,0.5931487624378667,0.10148689001798608,0.9175775463919114,0.0397116243839263,0.2545625812319322,0.027370608272030906,0.23534497488969974,65,15,0.0021381318831907195,0.3216835787251697,2.281835275668792,18.870462743146522,0.01813316345214845,0.12801147991735382,0.1642485857009887,2.9336062225628274,0.2324519753456115,2.918692630525889,0.002223446220159536,0.32782332734618364,-0.0051305294036865,0.22749186603059943,-0.0682033896446228,0.014913592036938587,90,47,16,70,1.2117498048434636,4.139025434455993,0.036602762570933894,0.46283414391426075,0.03599140793085093,0.20400864966201973,0.02039304033154618,0.15520226247395558,91,18,0.0010664348942767412,0.1487989836979224,-0.3979320651912932,0.8773980935671593,0.0171788483858108,0.09692447802145954,0.0586463809013366,0.9201613438874187,0.114539474248886,0.8694850349138539,0.0070392156019806725,0.33170255541531285,0.00988173484802245,0.26786091260209444,-0.0558930933475494,0.05067630897356476,60,43,16,100,-0.43162904399637286,1.1659797684602937,0.02491689336525305,0.19690708069765733,0.021006014198064724,0.23986584725286972,0.01489448188804086,0.17198988292374195,70,16,0.0007891786075729557,0.11914184950474953,5.12773559708557,1.6108139686625922,0.01061111688613885,0.09077294321069344,0.1127040237188339,0.9777986471300477,0.1691967695951461,0.9443568129088002,0.0029311101883649805,0.2580516636304149,0.00121641159057615,0.1794560704108608,-0.0564927458763122,0.033441834221247524,77,43,17,83,1.5183718987785426,1.53363631713404,0.022083779249915628,0.22924045978475258
BadRange,0.04713801309346933,0.6568095073598285,0.11130408734083154,1.0380937450100913,0.04886560142040245,0.18641754769994484,0.02977556769736107,0.24090124986899292,71,12,0.00240673276472783,0.34523932033611904,1.3915497167971642,16.223718158021374,0.02470940351486195,0.09825350841113004,0.1642485857009887,2.73114503709187,0.2324519753456115,2.6743293268896986,0.007837305217981334,0.4026098003555259,0.00414475798606865,0.2961435065628828,-0.0682033896446228,0.05681571020217179,75,45,14,85,0.937494202805992,3.7381993002951996,0.03810326419104636,0.4279540500962722,0.035280395299196174,0.2251733935398278,0.0205927409464493,0.14067654834329496,86,20,0.0010168278201206705,0.14687322165743816,-0.49574440286646215,5.294767953816773,0.01760689914226525,0.09706255490750924,0.0589702725410461,1.1901464526803491,0.1148633658885955,1.1609049465673529,0.002997969277203074,0.32596513781308173,0.0067193657159805,0.28963847613201044,-0.0558930933475494,0.02924150611299636,67,45,16,93,-0.16745775890157513,1.8803440446628494,0.02510916178054588,0.20154391726851198,0.028279159218072822,0.2508724360145271,0.018985700821503953,0.20367243872936822,74,17,0.0010568398327667667,0.16325729442652517,2.350656781402363,0.8014254316649496,0.014106377959251449,0.10874039400067446,0.1127040237188339,0.9948747003970787,0.1691967695951461,0.9632403278043641,0.001650929823517801,0.3095188068414835,-0.00106999278068535,0.21878740196820337,-0.0564927458763122,0.03163437259271466,82,39,17,78,1.1119161923190803,1.332407175771894,0.025728125249958135,0.2597217792907433
BadRange,0.04451556969307694,0.6141772236398247,0.10672777429223038,0.9708984388124541,0.045564338564872645,0.269083565203147,0.027857009600847915,0.24807360744393697,70,15,0.002104596716606575,0.30675341515267773,1.71674376612925,9.716280757273644,0.020085334777831997,0.11105383498614212,0.1395270228385925,2.232521273425565,0.2230872511863708,2.142649460953647,-0.004268095642328254,0.3931414787043802,-0.01104298233985895,0.2555022138956076,-0.0835602283477783,0.08987181247191817,96,46,13,64,0.8972367400932093,2.929707255762825,0.036129136762968486,0.390119459748948,0.03589074313640578,0.19227532480122542,0.019867861146340093,0.15985292464371867,81,20,0.0009414771291408586,0.13598940930207137,-0.4261596032603494,1.7824595647886978,0.01759034395217895,0.09846897905715292,0.0589702725410461,1.0321724181114278,0.1211557984352111,0.977143053809802,-0.0003653590567410013,0.30419232671028995,0.00086563825607295,0.22006181832892524,-0.062185525894165,0.05502936430162572,79,41,12,81,-0.08391089565324246,1.4248703003360992,0.024330837507348574,0.20846207730100838,0.030940108001232022,0.26204788386415667,0.017922689730767122,0.16614365463064792,75,18,0.0008219728566395833,0.11880502417107187,-0.008874911387888318,1.1951802933617284,0.01536167412996285,0.09970902163845022,0.0632996559143066,0.9910888580602764,0.117248237133026,0.9502020670417379,-0.0030912881717085725,0.2735646333977838,-0.0048281550407409,0.19911837141264688,-0.0539485812187194,0.04088679101853837,93,39,17,67,0.3349272503665997,1.2595473357321398,0.022524384502060724,0.20968408505417857
BadRange,0.04592723384907005,0.6313651855427893,0.10838312327861763,0.9745448065654382,0.04369735717773427,0.25352304929772423,0.030483756409957964,0.2595176213420906,67,13,0.0026288288384404934,0.3939416104130662,0.4637508022628829,23.11475004531037,0.02089014649391165,0.11379732796364823,0.1395270228385925,3.3850982974633497,0.2230872511863708,3.346622584584237,0.005898816138505934,0.37284390902796355,0.0003261566162109,0.23242216326847198,-0.0835602283477783,0.038475712879112466,79,47,15,81,0.6014992665701654,4.530757188662938,0.04022855448451848,0.5049049711716194,0.033233206719160004,0.23830804443458542,0.020612620818428646,0.16273663860987578,76,19,0.001138108318508707,0.16710143481791964,0.5069289654246698,0.8552151454502002,0.0165602713823318,0.11514615636883216,0.079971820116043,1.0299412546990825,0.16244181990623457,1.0074275382184803,-0.0017656837590038755,0.3507732733401625,-0.0028837025165557497,0.3106128785377329,-0.0824699997901916,0.02251371648060229,85,37,17,75,0.09468559404671553,1.0321101286811272,0.026695582937227118,0.20990365772931932,0.030580580234527525,0.20983010470625424,0.016949922201456462,0.14423622971039918,81,20,0.0006927756382091577,0.09478081733552622,-0.5135637446409764,0.8277808170765231,0.015363201498985249,0.10636719202864567,0.0494965314865112,0.8463960943866452,0.1034451127052306,0.8123745725845907,-0.003257176373153919,0.25092762419731207,-0.0026004463434219,0.19047068467434494,-0.0539485812187194,0.034021521802054554,88,43,15,72,-0.19410947675150353,1.090851904023243,0.0206163048609136,0.1783708068889603
BadRange,0.045161564155118794,0.6280680563812588,0.10868709430098511,0.971388110405339,0.03462979197502125,0.18542284708461998,0.026344886459410143,0.24588533158288467,67,10,0.002050323963972001,0.3006123708145161,0.7426059402509342,12.310746227520584,0.0172429978847503,0.09575744500834536,0.0984303951263427,2.5019427827828227,0.1810767650604247,2.4655230487185755,-0.0009556502103805472,0.3419139354581964,-0.005978882312774599,0.23551903445799766,-0.082646369934082,0.036419734064246985,95,47,16,65,0.7453629898514816,3.3528323222735814,0.03589697641699317,0.42861081595545897,0.04185623675584785,0.27325778417173524,0.02449266234412785,0.2078782795527626,82,18,0.0015450789026426124,0.22587774597382337,0.3443731027556325,2.937232848209712,0.020477280020713803,0.12101300062004579,0.079971820116043,1.3403389751303092,0.1830633878707884,1.3072914146418626,0.002527321130037304,0.3769786150138734,0.0040309131145477,0.2782763367591169,-0.1030915677547454,0.03304756048844663,72,36,16,88,-0.26161958201731483,1.7972542333159371,0.03106960272341752,0.2894216125240912,0.026589710265397876,0.19502447979964324,0.016146995734889022,0.12300449041629845,74,20,0.000728832274402946,0.08962003580227593,1.9337280546315645,1.196069472349472,0.01335729658603665,0.1028036283324057,0.0818287432193756,0.7948011056426406,0.14711993932723988,0.7807921505416986,-0.004720266256481396,0.25249555993326916,-0.00631664693355555,0.23110453679986573,-0.0652911961078643,0.014008955100942034,99,43,18,61,0.5013285505220851,1.0877741314424574,0.020879751750849943,0.16082918894361442
BadRange,0.05216519927094495,0.65684104537745,0.12194845348596552,1.0024895357381798,0.0522412508726119,0.2540283361981119,0.03372979087289418,0.23984074168564665,69,14,0.002774771550838681,0.36573687437492297,-0.26119157021810535,27.95857256105459,0.0264578461647034,0.12086271875598605,0.128693401813507,3.4221230789995087,0.211339771747589,3.38604247116651,0.0052973870187997835,0.3548855597689266,-0.0045825839042663,0.25617628919922986,-0.082646369934082,0.03608060783299857,86,50,15,74,0.5456677782038715,4.982364031147987,0.0414354985297909,0.4896867507319538,0.04460480064153668,0.27094188980438566,0.02613609078340228,0.2070195857000388,84,18,0.0017512868983800896,0.24225446786017077,0.29174754313428464,6.733204598193483,0.021779432892799447,0.1405056577321393,0.0851666331291198,1.718464062288678,0.1882582008838652,1.657424970515261,0.0019125008955597877,0.39166263035457105,0.0046929568052291,0.3088361869479135,-0.1030915677547454,0.06103909177341693,74,41,18,86,-0.2555907975198483,2.3027671223317325,0.03313242576455218,0.2980853096747798,0.025849379599094353,0.17235543918869817,0.016294198760297113,0.13127553340228001,77,19,0.0007773429875587707,0.0945114159640939,2.1886741353692916,1.519043701394068,0.012880608439445402,0.0850104460200248,0.0818287432193756,0.7835385738044532,0.14711993932723988,0.7474576289322793,-0.004225475154817089,0.25594134561468207,-0.0052820071578025506,0.19166291562102483,-0.0652911961078643,0.036080944872173976,101,44,16,59,0.7612949024314085,1.3659058987804553,0.021700876182995255,0.1703098457783336
BadRange,0.04894121169384466,0.6122414575095019,0.11287501238286475,0.9503041167222945,0.048410356044769204,0.2004922623604692,0.03274047619663174,0.23766063592998235,63,13,0.002609102090599431,0.35843440011358363,-0.12462695289236381,23.940854337974734,0.0240838229656219,0.09050811901689125,0.128693401813507,3.2611489562772085,0.1997811198234557,3.255738178094166,0.0044191174209117935,0.3501526219335194,-0.006656676530838,0.23816850521357077,-0.0710877180099487,0.005410778183042332,91,51,14,69,0.7462553132125561,4.678373464650269,0.040265286425319825,0.48562077948401816,0.035989925265312125,0.2843971789863575,0.02166962428600524,0.177030347604898,85,20,0.0013723002370117357,0.17748882607911998,1.0098843607290595,1.5843396691746374,0.01769439876079555,0.1503956336067181,0.0851666331291198,1.1426046805339367,0.18274688720703108,1.089162082300385,0.007317623402923341,0.34942854973343906,0.010177344083786,0.30694018634177284,-0.0975802540779113,0.05344259823355176,63,43,15,97,-0.25701920937571476,1.238726023309231,0.028446397317896357,0.2353476464940864,0.02609393745660775,0.19775766461357383,0.015841039718943607,0.1346818585027955,77,17,0.0006646000600456708,0.09276284121355417,0.42479637881721954,1.2279890323281704,0.0129295289516449,0.07003519733087404,0.0721590518951416,0.7571253864197305,0.1267261952161788,0.7117743651196597,-0.001340507669374339,0.2507229450553358,-0.0016655921936035,0.19282417186517542,-0.0545671433210372,0.04535102130007076,90,39,16,70,0.20756825836878393,1.382293639941281,0.020400470501835105,0.17291861101782316
BadRange,0.048042361151962164,0.6112913389781321,0.11402671724557853,0.9454233204203681,0.053235054016113226,0.23118058359711638,0.033050543568097016,0.22348421533737794,69,14,0.002650418115248203,0.3541741683329229,0.034122376949340616,30.113747782171274,0.027205020189285247,0.08206223776346605,0.1337368488311767,3.3357643059301134,0.21106362342834462,3.326898952968941,0.003435320034623153,0.37119523229864554,-0.00409087538719175,0.2594274455950478,-0.0773267745971679,0.008865352961172244,86,51,16,74,0.6161779090641426,5.1975602236517915,0.040682354721678436,0.46517552370226606,0.030604351311921997,0.21741243259659673,0.020162689700955493,0.17417472447215826,83,18,0.0012686194899121917,0.1599353511741413,0.3421655844730602,1.4164554864511283,0.015478536486625701,0.10369417746175888,0.0930885970592498,1.0368263271025226,0.1503102183341979,1.01992447859136,0.010676410887390358,0.32389337637236537,0.012227833271026549,0.2790832194541996,-0.0572216212749481,0.01690184851116272,52,42,12,108,-0.057044579657609853,1.3536517715109593,0.0261375448748397,0.2345813972084117,0.0261038355529307,0.1714862017548956,0.01611103648319836,0.1338099519706529,80,18,0.0006621116817542657,0.09413690260848438,-0.1545301762395197,1.0013619932153635,0.013662017881870249,0.0764149930789427,0.047732837498188,0.7630195969359466,0.1022999808192252,0.7377650609728922,-0.0009235590696334793,0.25033471174935734,-0.0009077489376067499,0.19991408285639997,-0.0545671433210372,0.02525453596305437,84,39,16,76,-0.0943415252250662,1.3011281342200403,0.020385389754992603,0.17739626462203362
BadRange,0.046246413685540014,0.6233953757515655,0.10939074918627714,0.9495206327679189,0.05853547155857075,0.31714141055132705,0.03253336172550913,0.2630785148534136,79,17,0.0028032939281981534,0.35476673484990023,-0.1407781629130156,14.459005443610078,0.029363214969635003,0.11773898561922037,0.1337368488311767,2.713079945374432,0.2200559377670287,2.666202623967831,0.010338601469993585,0.41000762873177676,0.00964772701263425,0.28255048617379086,-0.086319088935852,0.04687732140660118,62,48,19,98,0.22603608972474362,3.467533425083055,0.0406880697334607,0.43204221926988307,0.032405585050582726,0.1904234263561575,0.020097744534723416,0.15016006509870483,86,23,0.0011058014940927806,0.1591020790095663,0.6717585538693003,7.075876984258073,0.016106903553009,0.0960101027323225,0.0930885970592498,1.3406551501882726,0.1647390723228453,1.3351757883229358,0.004197365604341018,0.3214288831347337,0.0068312287330627,0.2912621795178292,-0.0716504752635955,0.00547936186533671,66,37,14,94,0.02135109574280225,2.310277664633687,0.026033516003671917,0.23618965281384363,0.021204642951488425,0.2185100000336439,0.013982156652491496,0.13032072656257,85,20,0.0005458634876289461,0.07572010995981036,0.44854482278771135,0.5328665445902354,0.01085794717073435,0.1118479910039436,0.0513070821762084,0.6808060306576758,0.10488541424274431,0.6709966021084462,0.0008334891870617813,0.21808412090140838,0.0015502050518989,0.19981181187397337,-0.0535783320665359,0.009809428549229502,71,43,19,89,-0.3173743747168073,1.0574576218229217,0.018509762184967225,0.16780770593292266
BadRange,0.04930871721386027,0.6861107617432513,0.11611860290169694,1.057166391842973,0.05587269365787495,0.3109261450622291,0.034397069658152715,0.3047820728635362,73,14,0.003183139837329238,0.46364999279636104,0.8543306584945518,11.196413556753503,0.02882900834083555,0.16005864704988298,0.1260858178138733,2.953132598727932,0.29231053590774525,2.8911735023635474,-0.0005495216697454363,0.4653186549893827,-0.0023575723171234,0.3359062058232035,-0.166224718093872,0.06195909636438479,87,46,16,73,0.3301252146354484,3.073587991667433,0.04474003651300657,0.4971202491502764,0.035621136426925576,0.2812262155501015,0.022167171379551244,0.20669871178883295,84,20,0.0012631398037746431,0.18384662506923408,0.804692978481532,0.1551301397874516,0.017424382269382498,0.15242790788678942,0.1095178127288818,1.0783061749282343,0.1811682879924773,1.0540377138535713,0.0018485816195607143,0.3410189406783357,0.004237860441207801,0.26574041311864915,-0.0716504752635955,0.024268461074663163,75,37,18,85,0.13912988377813915,0.9587152296415872,0.028124523167088085,0.25990903633359846,0.022600073367357226,0.1805413720527845,0.015892977343173652,0.14502068993452774,85,18,0.0006970255457835095,0.09946039065580037,0.4271608470627317,1.4785901173305964,0.0114820525050163,0.08509019586754407,0.0569702386856079,0.8532422544855912,0.1196145415306091,0.8195860093623173,-0.001824950892478229,0.25082879617525455,-0.0006571933627128,0.18140095231673156,-0.0626443028450012,0.033656245123273976,83,40,16,77,-0.2407159471351213,1.4076682396941802,0.020857359718934168,0.19116826531899317
BadRange,0.050167456277779854,0.6982388819289962,0.11864144578576065,1.0793028672970706,0.04660660028457635,0.26151955487658296,0.03130897093564268,0.2728771068186062,72,14,0.0028771612016943804,0.404691112721273,1.476223397932877,15.994137700433473,0.02325490117073055,0.13256180855911814,0.1260858178138733,3.0499415338575826,0.29231053590774525,3.031130316073832,0.006276055797934528,0.41614065368408437,0.00345066189765925,0.29613330341879884,-0.166224718093872,0.01881121778375029,72,44,12,88,0.10111306937308019,3.6797426081299665,0.0420701645090265,0.4811632457624501,0.04339799284934985,0.3737520168310092,0.026197236408479464,0.22167415032538024,81,17,0.0017206761949270805,0.257162478006155,0.5146529012075889,2.0131925940012527,0.021718740463256753,0.11245497136529402,0.114881545305252,1.3370750538975442,0.19238820672035212,1.281465596336135,0.0016245987266302064,0.4192213220562544,0.00185745954513545,0.3101241835030707,-0.0775066614151001,0.055609457561409115,78,38,17,82,0.2642446303686162,1.4878141012186228,0.03285620741339154,0.28533482286528095,0.026817318052053375,0.24086447857328203,0.016643355523701713,0.16017922766039702,82,18,0.0007087447438038904,0.10275014420135666,0.14358059174946058,2.5595395580885043,0.013551801443099951,0.0993006431565139,0.0569702386856079,1.032818950021344,0.1196145415306091,1.010751430921911,-0.001543056871742013,0.2439408915567316,-0.0005872510373591999,0.18142723813015346,-0.0626443028450012,0.02206751909943298,82,40,16,78,-0.2118771046958349,1.5359425225606693,0.021056006546614447,0.20794947854674603
BadRange,0.04583718374198624,0.637101035537641,0.10938553869724249,0.9969128941837986,0.03976148366928088,0.23189600788739284,0.025914501687511755,0.19773021684548422,78,16,0.0018664328115762486,0.2394156601416927,0.6574537825440601,11.15255650556438,0.019360959529876747,0.11900873536233318,0.0742457509040832,1.9894182056669858,0.19372826814651478,1.9598909098027875,-0.005811694636940953,0.36587911480144514,-0.0076754987239837005,0.30131111082560214,-0.1194825172424316,0.029527295864198246,90,42,13,70,-0.3333255736051352,2.978745482641322,0.033761944453259994,0.3248817223141425,0.049274634569883194,0.32357398185479946,0.02704588724300261,0.20831220930693056,80,18,0.0017898607481093112,0.2534249024423328,0.29673519986916475,7.523152696887649,0.0246427431702613,0.16686165431476457,0.114881545305252,1.7825851933718424,0.2090557813644408,1.709587793190052,0.0005448839627206301,0.4087904169463802,0.00041379034519192824,0.3253401463107384,-0.0941742360591888,0.07299740018179038,80,36,15,80,0.09003015183688808,2.26697021329107,0.03354697926635643,0.29379465184910597,0.02505673840641965,0.20763902563972042,0.014989914186298798,0.13318122245066766,80,16,0.0005672438081981912,0.08056471879563293,0.5660900061254304,2.392081532975145,0.012577563524246101,0.07099159914262065,0.0485052540898323,0.8095028075981676,0.12050826102495191,0.7660516914374714,-0.0017340670339763167,0.22224336243597317,-0.0017369166016578,0.16002977194703735,-0.0720030069351196,0.04345111616069617,83,40,15,77,-0.23081901081881842,1.630531413560492,0.018807743397834534,0.17655765814256144
BadRange,0.05228495815122729,0.7065805828042684,0.12217673532664752,1.092870671649053,0.060126557946205056,0.2425996699506975,0.03456025766208763,0.2516405942402212,70,14,0.003114020359741113,0.42557460814932285,0.064067829251377,22.451285660013266,0.027220427989959647,0.11619829633068174,0.108014166355133,3.276452472325286,0.2274966835975646,3.1848484027970083,0.005297020822763442,0.44610775602009817,-0.0012578964233398,0.34228160691146764,-0.1194825172424316,0.09160406952827763,81,45,15,79,0.15219486338436902,4.383486240861289,0.04393482073707482,0.47598579618307446,0.04688030481338485,0.2650589421457731,0.026357405888847957,0.1957902124160859,76,18,0.0017121331116093708,0.23420920037439624,0.11841187974446132,0.5485552832761269,0.022630855441093403,0.1286634124672124,0.0889161825180053,1.1128232421769586,0.1842512786388396,1.053655752718623,-0.001771405804902311,0.41479836980862317,-0.0035135895013808996,0.3482104997273344,-0.0953350961208343,0.059167489458335554,86,41,18,74,-0.0024131117609921533,1.0339033386434222,0.03276668527835909,0.24930205129221256,0.028525430709123473,0.19834216176179448,0.015442528483108574,0.12901464513006294,79,19,0.0005924719281756879,0.08213202624280719,0.19723475251508837,1.389487441502145,0.01427825540304175,0.10143852452147104,0.0485052540898323,0.7661074687733257,0.12050826102495191,0.757818145535279,-0.0031890235375612907,0.23196454582033157,-0.00341908633708945,0.20086484952962885,-0.0720030069351196,0.00828932323804664,88,40,15,72,-0.08041958921479696,1.2610842702053418,0.0190365443718607,0.1682987692325005
BadRange,0.0447264040179901,0.5984894543791274,0.1054876914620397,0.9255531223054688,0.04346834123134605,0.14967424280210365,0.029313479959964715,0.23159677228950865,56,12,0.002258408804088599,0.32217048807738347,0.4343232772176764,16.183221800349052,0.0185108184814453,0.08428230047273798,0.108014166355133,2.725059080252686,0.1647925972938537,2.714703115163266,0.003867079317569738,0.3394176690649114,-0.0062210857868194,0.2405825260897022,-0.0567784309387207,0.01035596508942022,96,42,15,64,1.0812175046456127,3.9467877695257023,0.037487791892670534,0.4549353074931925,0.035559579730033826,0.23160546879403027,0.021264838830102183,0.16332943422825605,89,16,0.0011915852145766214,0.16187361258081623,0.8528961415467413,-0.06531707420445176,0.0165938287973403,0.10104274797611576,0.0812765061855316,0.8639767860298536,0.1766116023063659,0.7706087279339081,0.0020025303587317377,0.3464892007564683,0.005831643939018199,0.2761832078255961,-0.0953350961208343,0.09336805809594552,67,44,16,93,-0.4405011676838952,0.999425188654698,0.027301818886079698,0.20449656803956395,0.027799993753433103,0.21421123125176178,0.01586209737230088,0.13139913917231547,78,20,0.0006082415867398681,0.08490060523969623,-0.24504265383867496,0.8350321991759864,0.013898141682148,0.09092952256146977,0.0445819497108459,0.7625313192419656,0.10618375241756431,0.7404133920647259,-0.002953798882663243,0.23964625248408905,-0.0040238276124,0.18687230715470102,-0.0616018027067184,0.02211792717723966,87,39,14,73,0.024327098543976602,1.0938925909702528,0.019332927270683288,0.16574160283413594
BadRange,0.05004089297359836,0.6572083538925608,0.11945203855633713,1.0160782575140797,0.0565084069967269,0.22727952801249535,0.03209234993904825,0.225462021084186,63,16,0.0026358429220766717,0.3381810831207443,0.49832098603998176,24.261226576597757,0.0235653817653655,0.12089354105151973,0.1318550705909729,3.1310300098766928,0.2196446657180786,3.0977106923032887,0.002877852320671087,0.35780839530187064,-0.00650897622108455,0.2671704250408793,-0.0877895951271057,0.033319317573404256,95,44,12,65,0.8280777305757405,4.608363315274977,0.040613159466234144,0.458425823195252,0.03824628889560695,0.18125715253914199,0.024220381684135598,0.16787057205816983,89,22,0.0016143056609402302,0.20845241857810526,1.4728538855221176,2.640219317126336,0.0176803097128867,0.09157714018196847,0.0867561697959899,1.1905388517668383,0.2173152863979338,1.1515427467775101,0.0008621612563729213,0.38887729796945,0.005404151976108501,0.34181524009755315,-0.1305591166019439,0.03899610498932823,70,46,18,90,-0.4259384986198293,1.4841310063277688,0.03185182227431216,0.23922137384039271,0.030355844646692227,0.2091975502503247,0.018587168020894707,0.1565478090701748,75,19,0.0008783671984733305,0.11553439719231552,0.35158445115196857,2.252484240635778,0.0154911875724792,0.10241684753710677,0.0631257444620132,0.9999217050381356,0.14142602682113642,0.9608593479435057,-0.0022100598551332866,0.26939256424275904,-0.0060564801096915505,0.21484944153621746,-0.0783002823591232,0.03906235709462995,91,44,20,69,0.2268308601776192,1.5240335498802189,0.023399083667110503,0.20727287213484175
BadRange,0.050308560063560916,0.6805227169707748,0.11914376452565172,1.065471094841637,0.04910832643508903,0.2300871447577248,0.03075928650796409,0.2086842393543744,72,15,0.002574456202111217,0.2951525260910593,0.5169247843163212,13.861942120311266,0.0249740183353424,0.10903217110732095,0.1318550705909729,2.333973646538337,0.2196446657180786,2.2820178079053064,0.009103011339902876,0.39064553641766436,0.0013879239559173,0.3173131084588076,-0.0877895951271057,0.051955838633030625,78,50,14,82,0.540227235300232,3.490790824059308,0.03918888702526976,0.37755607658732565,0.04404133558273303,0.2930949563496235,0.026055080071091606,0.2039127346532944,80,19,0.0017849943339635526,0.24097457783295895,0.8729236942856455,1.617053654111313,0.022640943527221652,0.14599429561497848,0.0867561697959899,1.2798284432414802,0.2173152863979338,1.2288726545204705,0.0008700042963027957,0.40997051189090183,0.00104300677776335,0.3477822736961788,-0.1305591166019439,0.05095578872100965,78,39,16,82,-0.11612879322832453,1.3527717080830997,0.03349442159508157,0.2699976985325447,0.0311150439083575,0.27128244766705456,0.018018975201994143,0.1689682689622602,80,20,0.0008269372485442347,0.11117371944013811,0.2997898081098431,-0.2905629262478904,0.01566493511199945,0.11331845923782732,0.0631257444620132,0.7575028496844833,0.14142602682113642,0.720738025702229,0.001855636481195686,0.26485504653307074,0.0018610581755637498,0.1838855521160453,-0.0783002823591232,0.036764823982254335,73,42,16,87,-0.07926983777739671,0.9350900366772639,0.022729304357334713,0.20254758395523517
BadRange,0.044365037820039796,0.6389079612901907,0.10357566431164716,1.0163657223935458,0.03742253780364978,0.3212344757444532,0.027322663585655355,0.23152738087176808,73,18,0.0026153424241875767,0.312944180115154,5.952413829017759,1.9182069691212495,0.0187884569168091,0.17039699110507664,0.1622050404548645,1.5597843821544946,0.37291419506072987,1.4914065922145423,-0.005483731254935252,0.4651874528166321,-0.0091301500797271,0.4222466453423678,-0.2107091546058654,0.06837778993995222,102,48,13,58,0.2991536199581926,1.3420546728721272,0.040182197712070905,0.31071661342311224,0.03642583638429627,0.2958593847729207,0.020133787931408687,0.17506580094165403,83,17,0.0010335572279033714,0.13852141991276234,-0.3327132067347214,0.5532571134567186,0.01830790936946875,0.12931644673146087,0.0721613764762878,0.9112843610836139,0.1272331476211547,0.8769933286069765,0.004631996713578694,0.2995150757272082,0.00549878180027,0.2360222334603882,-0.0550717711448669,0.03429103247663732,69,43,17,91,0.24587814907014718,1.107759640738227,0.025068818465483155,0.22093469470612143,0.02330450341105455,0.17061093633750907,0.015672434736043177,0.14771435966060234,78,17,0.0007601935511392333,0.1042337873864708,2.4406897220852946,1.6152563310334997,0.01172786206007,0.09489382180145137,0.0896226018667221,0.8670653359125892,0.16469979286193842,0.8410540799601118,0.004311731457710258,0.25166319384970565,0.00376478582620615,0.2146951228710426,-0.0750771909952163,0.026011255952477344,68,41,14,92,0.32663868873884583,1.438397744800654,0.021433646418448186,0.2022360607009449
BadRange,0.048732046655831654,0.7251246719291967,0.11345277845859504,1.1181717437189445,0.0548530668020248,0.3852335628725936,0.03403904665261503,0.2775469220616536,73,19,0.0035373918017615534,0.44363190720651713,3.0265975974942325,14.137933681852001,0.02732083201408385,0.17502538511776305,0.1622050404548645,2.8228899353478556,0.37291419506072987,2.7770957508455694,0.006712862849235532,0.5075320415801372,0.00446969270706175,0.39933189286793,-0.2107091546058654,0.045794184502286374,74,44,16,86,0.15310315636385494,3.18703213888969,0.04668435260698069,0.4313271774141003,0.028894737362861522,0.2725295797620381,0.019389232913963446,0.14665171657225906,77,24,0.0009721827902542979,0.12662634323871605,0.13345900975331926,2.3491833297708347,0.01470248401165005,0.1363766906148926,0.06863334774971,1.0106039535047004,0.1346843242645262,0.9650489548754436,0.0030205029994249326,0.302205977692328,0.00054663419723505,0.28660309649235377,-0.0660509765148162,0.045554998629256875,77,47,17,83,0.2753008247978156,1.2775493488212901,0.024540882189848047,0.18787732775867402,0.023816097527742275,0.21699235185615715,0.017527924830792428,0.16635905640866328,73,17,0.0010739877874132938,0.14910532939281118,3.549402893458149,2.4533670707932203,0.011887073516845651,0.10037962021119781,0.0896226018667221,1.1493434903423803,0.18867197632789612,1.115923756386901,0.0038312011398375007,0.30843372444647904,0.0013294294476509,0.2574529792877584,-0.099049374461174,0.03341973395547938,73,41,17,87,0.3551456557682091,1.5773689192610405,0.025703960783489407,0.23232297995868728
BadRange,0.06891409862095461,0.9887664487885621,0.15985143832862353,1.511547264653295,0.05944895744323715,0.4775694261806862,0.044473892226815186,0.4401849062943592,68,15,0.005979924663550088,0.8563783742096028,1.1337764205325378,9.930176606015733,0.0304707288742065,0.22059070959963664,0.1676664352416992,3.899703520216886,0.36216014623641957,3.8557241550938266,-0.003187181055545793,0.6047164765556604,-0.0113793015480041,0.40617475566446076,-0.1944937109947204,0.04397936512305977,97,46,15,63,0.7429917083526109,2.9740476803984577,0.061243260014843766,0.7004972214018484,0.04405460506677615,0.2879289625432474,0.029592524734325665,0.21561106352046944,74,20,0.002509536450884644,0.34158696775675357,0.35371852345676036,1.0607209734007066,0.02251591533422465,0.14511980033564661,0.1202935874462127,1.3965768377869856,0.1850883066654204,1.366972232233755,0.009954858385026452,0.5102022572343977,0.00900755822658535,0.46137184052191993,-0.0647947192192077,0.02960460555323057,73,43,16,87,0.7463433983051796,1.0624355609525487,0.038452598624384556,0.2850975700872932,0.04250226914882653,0.30008509547436424,0.024773570999386676,0.19980342692388497,77,19,0.0015399279470275523,0.22213784609855328,0.2127085615323594,0.9713879500512266,0.02179511636495595,0.14219885032773488,0.1050039678812027,1.1756035517086594,0.18437190353870392,1.134422638474323,0.0007870585191994883,0.3966285308632369,-0.00018174946308130002,0.3226248463054519,-0.0793679356575012,0.041180913234336286,81,43,14,79,0.21949900446634846,1.1489366474697429,0.031110846753023922,0.2546048990177203
BadRange,0.07062753344565884,1.0459549203435645,0.16369278542697407,1.6272956768459963,0.05720569193363178,0.5580179732783166,0.045094900056719726,0.44637473021217905,72,16,0.006116040323665282,0.8987313284569816,0.6210460474834822,9.640345556791356,0.028087466955184798,0.18873065923409238,0.1676664352416992,3.856966936809615,0.3015480637550353,3.756489468864337,-0.001429756730794901,0.6200809804801627,-0.0064450800418853,0.38323990743533937,-0.1338816285133361,0.10047746794527808,89,47,12,71,0.6660657025910912,3.020898122592274,0.062004106157244054,0.7170989514033205,0.04962646588683117,0.32902068380392946,0.03218127992469814,0.19292170203563905,76,21,0.0030742072679116345,0.4089224369152987,1.3376496012271835,-0.3413974809718896,0.024104833602905253,0.1736111675902105,0.1202935874462127,1.1764526658468164,0.274663358926773,0.9438573935742882,0.01049476312473416,0.5935394379653836,0.00908239185810085,0.5634346484949528,-0.1543697714805603,0.23259527227252824,70,45,17,90,0.08807648245823417,0.569347369788848,0.04269228188712867,0.23797767226157002,0.03866851329803465,0.3312888591559815,0.024263311544782437,0.1763914470634701,79,21,0.001489268564130028,0.21842031095396222,0.3073778423840894,-0.15079988924180343,0.0199356824159622,0.14383948535888916,0.1050039678812027,1.0251809366473301,0.18437190353870392,1.0105671106311795,0.00034068110398947986,0.41367525840045,-0.00015312433242799998,0.3681092000818705,-0.0793679356575012,0.014613826016150468,80,40,15,80,0.03226598505263894,0.52707716239939,0.03060277931993771,0.21746974856582518
BadRange,0.06764132737730591,0.9738027926812637,0.157149385474622,1.4914589066762354,0.05700986087322225,0.506329448318305,0.0452424191171303,0.45844495525337087,75,14,0.005857028923155056,0.853745476321958,0.3175068885652692,9.183549946428519,0.02973017096519465,0.182988446266188,0.1625823974609375,3.8472795735780654,0.2983673214912414,3.7767590747235715,-0.0017211016267538015,0.6112766300394509,-0.00536435842514035,0.3670220520587003,-0.1357849240303039,0.07052049885449366,87,46,14,73,0.44384177848167944,2.8518808671116287,0.06066865062340849,0.6928826436631028,0.05381140112876878,0.3549655882970558,0.03200136561645191,0.23790916761691613,82,24,0.002763724004069316,0.3723694010799907,1.2295513317031128,0.2993441141615465,0.0266867578029633,0.1883609775451921,0.1156318485736846,1.416683336651888,0.2700016200542449,1.4014156380279255,0.009707563091069455,0.5314560436909191,0.0111500769853591,0.4896996366321216,-0.1543697714805603,0.01526769862396257,66,40,14,94,-0.4135779756291804,0.5522825084200527,0.040538398244164685,0.2998730976669742,0.029786790721118353,0.22501362448984522,0.019773302391986318,0.13920732554943302,78,22,0.0010570612061865444,0.1498344624780095,0.2123095343587762,-0.40260047817249456,0.01398652046918865,0.10830873818420887,0.0743341892957687,0.7775654739071334,0.1515227258205413,0.7085347738685149,0.0029767882777377913,0.3487262329458657,0.0020462591201066502,0.31609779637717184,-0.0771885365247726,0.06903070003861843,72,43,18,88,-0.0860320820785012,0.5594617343981907,0.025610571430020636,0.16800141943863267
BadRange,0.06311941548737053,0.9022640280183832,0.14708873156458116,1.3935962729839502,0.06411415338516223,0.43140939717696647,0.04212087954394515,0.4277343678386435,67,14,0.005080779538934615,0.7512156550572544,0.71472566567541,9.905958676410618,0.030307412147521952,0.1317056078661577,0.1625823974609375,3.7068762600828062,0.2983673214912414,3.677465030620354,9.542033076287148e-05,0.5807303121874435,-0.0066493451595306,0.32465251721770294,-0.1357849240303039,0.029411229462452313,93,44,15,67,0.7218955840681558,2.8861310776002953,0.056528308547264206,0.6434034189868195,0.047207422554492874,0.348024268736813,0.02809884425718333,0.1980511569145796,79,23,0.0020363642894792155,0.28030228476581387,-0.38248034292819977,0.4910668002365952,0.02352148294448845,0.16183301481035656,0.0868318676948547,1.177666060046612,0.1693695187568664,1.1219269955081501,0.009757599607110017,0.46495866089018534,0.009093567728996249,0.4578195993653324,-0.0825376510620117,0.05573906453846192,68,40,15,92,0.09025951064161869,0.7324770938064886,0.03442270613552069,0.25321083789802423,0.03138729650527222,0.27986282666432083,0.020788346097106076,0.1694342399015623,76,22,0.001171492633601119,0.16521583262418546,-0.08623005886599922,-0.0558590105799226,0.01531353965401645,0.12492030586732189,0.0758134722709655,0.9004835084159446,0.130015194416046,0.8684674201966411,0.005214558565057807,0.3479072999063213,0.00395591184496875,0.3046766312890997,-0.0542017221450805,0.03201608821930348,68,43,14,92,0.09260237979134438,0.6995648783337731,0.02663503674414669,0.210181691153341
BadRange,0.060614759844238586,0.8739646374580124,0.14129167836159445,1.3631975998421249,0.05403582751750935,0.42842422721951384,0.04041398486122485,0.3771569687569559,66,15,0.004678031148529692,0.6792702704300663,0.6572438172307002,10.74224273046211,0.02828869223594665,0.17150768044764372,0.1708536148071289,3.591895089671071,0.2832643389701843,3.568219181834997,-0.0017748080193996318,0.548842727430047,-0.007551372051239,0.36086979825164095,-0.1124107241630554,0.02367590783607418,97,43,14,63,0.8321305487684294,3.057106394317829,0.05421243584805013,0.6148511453817206,0.040863811969757,0.24965429025400898,0.024982036212459167,0.17421342842996546,81,24,0.0016394375039721393,0.23240612354052506,-0.17466317988635094,-0.4281932739799301,0.020499482750892598,0.16017058014831853,0.0891434550285339,0.9047146177019165,0.161712348461151,0.8340408347982301,0.005852853506803509,0.43066441045727233,0.00623327493667595,0.4241181517850471,-0.0725688934326171,0.0706737829036864,67,42,16,93,0.021012609319924366,0.5943607140929844,0.031569311518409776,0.21664323000272823,0.03475113119930023,0.2738436353679326,0.021660335104679646,0.15100402538056254,78,22,0.0012666215705062786,0.18257458332065277,0.5101120967350243,0.182610524652993,0.01737368106842035,0.12360647747705197,0.1015857458114624,0.9014220674635913,0.1694276928901672,0.8597323629436415,0.005177255673333995,0.38369046195480544,0.0042728222906589005,0.3589457576921306,-0.0678419470787048,0.04168970451994981,69,42,15,91,0.18200338268965677,0.6549228026535506,0.02774247258566991,0.18803247784773988
BadRange,0.06265356087668544,0.9348679900990687,0.14853842277079798,1.4548334158794196,0.0611356943845748,0.4671406742041574,0.04143051003105934,0.3947274849394516,62,15,0.004670960566554457,0.6731292065674682,0.3717085639956874,7.759083984769857,0.02727532386779785,0.19245602294125252,0.1708536148071289,3.253969590747249,0.2763376832008361,3.200681323437032,0.002434964850544939,0.5791511115206488,-0.008806169033050499,0.37212001434424935,-0.1054840683937072,0.05328826731021688,93,46,12,67,0.815260576668158,2.5324124305406834,0.05414558804443239,0.5811309633738896,0.05018556863069523,0.3669815218525083,0.030234159471001443,0.23964135451028956,73,23,0.002564794022059833,0.3594972434841843,0.3217407821784337,0.802567311001738,0.0240496098995208,0.1842912490377134,0.1390894055366516,1.494874712300564,0.21165829896926872,1.4582210318778421,0.010838863439857951,0.5188175397728761,0.0072803199291229005,0.45741510716198497,-0.0725688934326171,0.036653680422721845,64,41,16,96,0.48183635190088775,0.9426338584437373,0.0386633956949094,0.30054218324255993,0.03392800781875833,0.26503851418240165,0.02089951898087743,0.16131173607754212,77,19,0.0012043892790886562,0.17021656830101628,0.8052264011593029,-0.024479734978813283,0.01636329479515545,0.13703570108764845,0.1015857458114624,0.9043316487878745,0.1694276928901672,0.892821303739874,0.004048676695674656,0.35686476458589483,0.0021496750414371,0.3337624627066129,-0.0678419470787048,0.011510345048000569,72,45,15,88,0.31465183589950063,0.7604030694120586,0.02722099663967446,0.2070364897743154
BadRange,0.05744466327878184,0.8579368440083535,0.13577120058238484,1.3626224788946844,0.048405766487121527,0.4238556079891387,0.03365447117015715,0.2969727549837192,62,19,0.0032715169848924514,0.4509188430716987,0.5653662340177523,4.607174553056402,0.021555870771407998,0.21384811479960578,0.1253899931907653,2.2547728391919817,0.2308740615844725,2.220583486353895,-0.010297799855470639,0.5322366787952177,-0.020041584968566853,0.4288064669361584,-0.1054840683937072,0.03418935283808673,110,46,13,50,0.8424395630067356,1.8304748718434882,0.04416838487635258,0.40944225577819265,0.04913772642612453,0.4101401684883123,0.02990556836128232,0.25536806182967714,66,20,0.002566645160755594,0.3520911156931668,0.5553961670101608,2.4344299543624457,0.0214941650629043,0.19801889478740284,0.1390894055366516,1.6259186710619449,0.2056514024734497,1.558876543142935,0.012795647978782645,0.4918464572370247,0.004973873496055549,0.4113534246749855,-0.0665619969367981,0.06704212791900992,67,43,14,93,0.7462767774201124,1.4330835084944349,0.03807208810407038,0.3319309840863828,0.028142791241407325,0.18246285203019674,0.018788614583318083,0.12713693021872774,69,24,0.0009966535621816928,0.14266874682450015,0.9359627236416914,0.9041447498769615,0.01319722086191175,0.0900138177505508,0.0843343213200569,0.7886998488502549,0.145756609737873,0.7532175000594773,0.0035508907865732958,0.3385393428624419,-0.0007031783461570499,0.3241448400322305,-0.0614222884178161,0.03548234879077761,82,45,17,78,0.7156361858130915,0.7850220900192201,0.02478180811745181,0.16751077624668267
BadRange,0.05581058735999771,0.7995330796074671,0.13039632625877834,1.2582664956783498,0.06376171112060536,0.2993888288369802,0.03757324974983926,0.2780119055421688,68,19,0.003518152620954987,0.5058986635927457,-0.05390355133595692,15.038563502728994,0.02765533328056335,0.1558278980128078,0.1262004971504211,3.096915485672519,0.2387055754661559,3.043055388769429,-0.0013602666556835044,0.5302645471503133,-0.0116801261901855,0.4271627092886706,-0.1125050783157348,0.0538600969030902,97,44,16,63,0.6036080497107406,3.417569307333851,0.0470192794684599,0.4740444848621475,0.038928583264350794,0.27667862995810066,0.02366100868210193,0.18385816474284847,74,22,0.0017669069383437152,0.21348601571299042,0.5281107578725281,2.431775123290275,0.0194153934717178,0.1509429448055042,0.1258131265640258,1.295965057101724,0.1841878592967986,1.2677539146751575,0.01463505402207373,0.39796558745008676,0.0121698975563049,0.3655665615516752,-0.0583747327327728,0.02821114242656654,55,42,16,105,0.49728829095089055,1.086834151126307,0.029928754482794247,0.23475392844103332,0.027500819414853928,0.23706862765549683,0.01833515338250432,0.14070090366061688,74,21,0.0009782333102513895,0.13900614545295478,1.5707197497608858,0.263800881228927,0.01328032463788985,0.10701204548786564,0.0847217440605163,0.8536057301130918,0.15415620803833002,0.8030111048569863,0.0037112582009285688,0.33003636107794987,0.0009430423378944,0.29189383007128467,-0.0694344639778137,0.0505946252561055,79,40,14,81,0.35008812507286935,0.8077864498299716,0.0245230710312387,0.1734420532033101
BadRange,0.05891485596576033,0.8699685130272887,0.14125852761324473,1.3702662699352963,0.05683149397373191,0.3523544819956257,0.03762245423626151,0.33374843563342343,67,18,0.0038786819836888085,0.5524086778913881,0.40623679836242976,7.0110052809319985,0.028940916061401353,0.18351858420454892,0.1262004971504211,2.782457647041851,0.2387055754661559,2.7229118631845934,-0.008503474667668327,0.5444984735281349,-0.0154645442962646,0.4110565561116114,-0.1125050783157348,0.059545783857257756,104,44,14,56,0.7734802408692854,2.484351795951499,0.04864831729597789,0.505895335239335,0.04595761001110065,0.36373128700894564,0.02822194603271778,0.2143585072987025,77,20,0.002398941888482606,0.32008079233272524,2.881462570852877,-0.26880839653100885,0.0232555121183395,0.18704924939726766,0.1949642896652221,1.1377858993812504,0.2494568228721618,1.0436877167356924,0.013069485872983922,0.4990949508758936,0.0113318413496017,0.467256976685327,-0.0544925332069397,0.094098182645558,62,40,13,98,0.9433837043326229,0.6622209373134884,0.03656340706799803,0.26643014533440956,0.0300161018967628,0.26329407290768814,0.018728203601385718,0.14513393932384736,87,24,0.0010411663611318137,0.143830618238302,1.2819101238516923,2.065749269361146,0.01498712226748465,0.1267604030388434,0.0847217440605163,1.0396141571546575,0.15415620803833002,0.9711047357549304,0.005003351336927143,0.32667284553126785,0.0075038708746433,0.32221387928732526,-0.0694344639778137,0.06850942139972717,62,41,15,98,-0.43937399979179825,1.105867180757607,0.025092441942207357,0.19265375737526236
BadRange,0.06493268814592112,0.8963616967397644,0.15280235712882106,1.3941688641436567,0.06298449635505673,0.40663676064901744,0.04183733757585282,0.3328210689631776,68,17,0.004527466412134509,0.6436704397247648,0.29652047255393166,16.44363464391506,0.031318128108978195,0.17261226379340835,0.177070140838623,3.7654770307834067,0.27612990140914906,3.690029452999115,-0.002815832942724218,0.542111255793317,-0.0139025449752807,0.3619568632531036,-0.0990597605705261,0.07544757778429151,94,46,14,66,0.8863666461923648,3.7768936727092663,0.053286812343520534,0.5914269405995619,0.057771816849708474,0.47100746036930496,0.032075568437576266,0.27438445645477133,72,23,0.0029985741963379333,0.37802854741851016,1.374906132921348,-0.8455927197475672,0.02744960784912105,0.24221906000833593,0.1949642896652221,1.2749293752339996,0.261224865913391,1.2201994536804361,0.015898635238409033,0.5231552237744889,0.01049925386905665,0.48015274233454786,-0.0662605762481689,0.054729921553563446,58,39,16,102,0.7028474057992449,0.47546790380553206,0.04039231847101471,0.32301263018026793,0.030364689417183323,0.21953443597823652,0.01974323834976526,0.1376013975046077,84,21,0.0010529420613445812,0.1434994992714283,0.37071387039281545,3.6430997632825273,0.0157799050211905,0.11827197799130669,0.0711327791213989,0.9957650063139111,0.1424447894096374,0.9334362642970078,0.002674544267938464,0.32890238457585097,0.0064539015293120505,0.2980297555072904,-0.0713120102882385,0.0623287420169033,69,44,16,91,-0.35693879080122687,1.619814406685248,0.025593544809161678,0.1879433975742359
BadRange,0.0594601914627515,0.792046105099611,0.14088280551135518,1.2633638730429846,0.05005709826946252,0.3018909774547218,0.03503991691395637,0.28456770872423653,60,16,0.0035143710514922632,0.46596175758509945,1.6980062251826498,15.377208729996632,0.0211333930492401,0.1256640710401234,0.177070140838623,3.0937105254137203,0.27612990140914906,3.0217446883971224,-0.009775525704026202,0.4757267221816946,-0.0258450806140899,0.336636072946461,-0.0990597605705261,0.07196583701659776,108,48,14,52,1.29462643401704,3.6565742233317033,0.04597971665901015,0.48953635553180336,0.04250746965408317,0.31659536774766844,0.026493846401572197,0.18067575782053574,78,23,0.0022613158029903026,0.26337298859253466,-0.07018126088276899,0.3241413624451299,0.021719440817832947,0.1612991664064912,0.1110999584197998,1.1040952941871325,0.1773605346679687,1.067265604156506,0.016740179061889633,0.4566744348907501,0.015361070632934501,0.44538763506251344,-0.0662605762481689,0.03682969003062646,51,41,16,109,0.3342989932861929,0.7001748664167148,0.03376707162880305,0.234139806760296,0.03354722168296565,0.2256419314407532,0.020689765578135795,0.15461817408862974,76,21,0.0010671253300624172,0.15041947218173532,0.0044238870851329715,2.6729831524104792,0.01697295159101475,0.12723828614683275,0.070473313331604,1.114518856982432,0.1417853236198425,1.094901460212278,-2.7450174093247413e-05,0.33096271597053994,-0.0022196695208548996,0.30097122496339934,-0.0713120102882385,0.01961739677015408,84,47,18,76,0.10639341384780218,1.2268626399036504,0.025906509762556536,0.20219582789745935
BadRange,0.06493660925949377,0.8656713366467048,0.15403605490922906,1.3651101003360087,0.06606014072895035,0.3742950005315515,0.04341467498801645,0.3341657108308812,61,17,0.004912919336094312,0.6849573931233627,0.8775677830213033,15.794968548875275,0.02590325474739075,0.17339999653424143,0.1861181259155273,3.785054272987382,0.3060171008110046,3.726123281418082,-0.005653508752584438,0.5805870837112329,-0.0220980644226074,0.41903838295732065,-0.1198989748954773,0.058930991569299984,103,49,16,57,0.9802408579510195,3.6575102888299886,0.055296683388831515,0.5898101655202702,0.040242165327072074,0.35504534248064423,0.025487758119124893,0.20193444405194153,79,23,0.0021574157302616335,0.23740177175679983,-0.35112106189899484,-0.23283681649150934,0.020678281784057548,0.1573932258952497,0.1052517890930175,1.0409294383241166,0.1541092693805693,1.0134721604188033,0.017996079660952076,0.4192935759826561,0.0176523923873901,0.3642793641842017,-0.0488574802875518,0.027457277905313358,53,43,15,107,0.29804721756937347,0.7502861431822133,0.03210871389005086,0.2481827328733334,0.034685576334595576,0.3136593156830526,0.02212217140302523,0.17744179053049422,77,22,0.0012282416957296854,0.17966804296059802,0.3128134109777001,-0.41062390370075974,0.01822626590728755,0.13844347088883555,0.070473313331604,0.9296136023955669,0.15756546705961222,0.8949323934901553,-0.00038190749473869523,0.36522944064211965,-0.002242624759674,0.30769455156692727,-0.0870921537280082,0.03468120890541156,85,46,13,75,-0.047334387681409955,0.7199896763836727,0.027790866903839723,0.2151174066616704
BadRange,0.06525152340318263,0.8714552216714402,0.15220651997253276,1.347087268397988,0.07729195058345786,0.3982908751053707,0.04676731714978809,0.36429104101748444,68,19,0.0055456380253695705,0.7725925347841318,0.292344722632647,12.36172530305741,0.03550559282302845,0.21079153666363332,0.1861181259155273,3.7371845358595683,0.3060171008110046,3.707040987498396,-0.005895306542515738,0.6069761862468267,-0.01508000493049615,0.4626635374808646,-0.1198989748954773,0.030143548361172487,98,44,17,62,0.7558223336672233,3.3068290126700157,0.05876095162264002,0.635745581277125,0.037353150546550654,0.2957755267350796,0.022061319728381906,0.17116592911435863,77,24,0.0016883590672662901,0.17665932922321148,-0.09926227916648678,1.7165532421376701,0.017643794417381148,0.1581014138715748,0.0913723707199096,1.0876848357522482,0.1428725719451903,1.0536500554308144,0.01680805496871469,0.35849514518490255,0.013244852423667849,0.3436630797106962,-0.0515002012252807,0.03403478032143383,46,42,17,114,0.22781709441158926,1.12649785624366,0.02788500564522194,0.21940957158261612,0.03482177946716535,0.2521724023095707,0.02174980567404414,0.1525353142576886,81,23,0.0012834924536395229,0.18809261744046746,0.6292861905275031,2.706493120133217,0.017443738877773153,0.12283761528535873,0.08013516664505,1.15916391542509,0.1672273203730582,1.1118788011596195,-0.001230752363335337,0.38161593696625873,-0.00113650597631925,0.36893232723428704,-0.0870921537280082,0.047285114265470475,86,44,16,74,0.0150734570062328,1.3181683917374774,0.028384919942563817,0.20606284015763712
BadRange,0.06662742952848996,0.9347187654578772,0.1594890020973978,1.4619031209815705,0.06954997777938832,0.4057639488405672,0.04410130493342872,0.3472844120545123,62,16,0.005346543727499615,0.7520227726367729,1.7743750203184536,12.770665974604647,0.03125053644180295,0.2113737226344017,0.2151697278022766,3.6812217696036282,0.3242045044898986,3.637567158925531,-0.007933303713798506,0.6062543600083189,-0.01934212446212765,0.4990472064282229,-0.109034776687622,0.04365461067809713,106,45,15,54,1.1484162378839278,3.3868904163317093,0.05743929820240052,0.6200632416194954,0.03422117233276367,0.27808927944103456,0.023887289287522415,0.17064485140149097,76,27,0.0021574860277798224,0.2380736861251175,0.5623214152865872,0.8163318663933476,0.018388018012046804,0.14971137142125338,0.1092487573623657,1.1396100388596442,0.1911169290542602,1.1230994257601945,0.018763776309788198,0.43642077391087325,0.017818808555603,0.44576403446152035,-0.0818681716918945,0.016510613099449577,36,42,15,124,-0.04989314986430851,0.7272593003811157,0.03166410925324013,0.21819852021531205,0.03859653882682318,0.34972880583971605,0.024357222754188074,0.1757427140110751,77,26,0.0015585131783493742,0.22159287616926687,0.32043031622980456,0.4227782899268817,0.019546749070286702,0.172007308535269,0.0833927989006042,1.0930122603913122,0.1775564998388289,1.0145485160443446,-0.0010861462564207575,0.4192279870623785,-0.00173938833177085,0.4273558345293187,-0.0941637009382247,0.07846374434696757,86,45,15,74,0.0720340654098917,0.7149336016222957,0.03128913284579863,0.2141045796635212
BadRange,0.06807676545918813,0.9395097208242954,0.1617744273971764,1.4850022802162486,0.07414087653160084,0.2864691747976649,0.045377966407686425,0.33309104882677754,61,15,0.005456094910742657,0.7961662878588948,1.4408341983282238,21.54401847067567,0.0339877307415008,0.15069070832255954,0.2151697278022766,4.389178195117818,0.3242045044898986,4.3557117269866215,-0.0032187119126319773,0.6193144895855438,-0.0151265263557434,0.46017774965611435,-0.109034776687622,0.03346646813119679,101,48,14,59,1.0662138069987357,4.313932586904161,0.05849000742770703,0.6423518123647601,0.04241943359374997,0.30968779072792757,0.02675349340774117,0.20067515171749004,76,24,0.0027016251035855672,0.2895946718041678,0.21917504483677508,1.573167675044071,0.020435869693756048,0.17880850035607815,0.1097407341003418,1.3491736153588516,0.1916089057922363,1.2864863413987588,0.02183851245790717,0.472473898888708,0.0193855315446853,0.46610713465488396,-0.0818681716918945,0.06268727396009267,37,45,20,123,-0.10019110035924515,0.9603348412081467,0.03491726160661756,0.2576103388318697,0.032724894583225174,0.3359851047463771,0.022068690683081472,0.16572423246857798,78,22,0.0013301086654738815,0.19184224349219625,0.6287341393854953,-1.0214751481640378,0.017461653798818498,0.15148711866063658,0.0833927989006042,0.7647014023234994,0.1775564998388289,0.7385380440763479,-0.0009222051652613968,0.39321389174199667,-0.0016246065497398,0.3564657329521732,-0.0941637009382247,0.02616335824715146,85,43,16,75,0.03117568784629976,0.1131698793844052,0.02890831228729837,0.19293801811283742
BadRange,0.06020346270126851,0.8004170115630902,0.1405157412122933,1.2611571298142155,0.06053319573402392,0.2694731496627441,0.039359436035156216,0.32256576390063435,62,12,0.004223875975684871,0.6186172000797758,0.4980796301526662,16.60091692732138,0.0281818807125092,0.1351969027022159,0.1496544480323791,3.667446571788938,0.2572838068008422,3.563775224062858,-0.00699298977851866,0.5396928070900191,-0.01588484644889825,0.39444546535040537,-0.1076293587684631,0.10367134772607965,108,46,15,52,0.8965086647597279,3.8062269409039633,0.05106188701635518,0.5721441025258159,0.03760927170515053,0.24095746024635536,0.023203092608600828,0.19026181318392024,76,16,0.0020060051593980034,0.20437524157859624,0.39112045273104634,-0.22025549276628098,0.01849299669265745,0.08284771257490188,0.1097407341003418,0.9321540318278827,0.1711376309394836,0.8688168185184294,0.018766734376549698,0.38598498344608667,0.0172050893306732,0.28709558467542906,-0.0613968968391418,0.06333721330945326,40,45,15,120,0.03044709781175603,1.0161771989326425,0.03012031062948027,0.23535257409410326,0.028760788962244876,0.20463120833574708,0.018636117000278278,0.13337793371561968,82,25,0.0009814283775474641,0.14040149102313731,0.7940214071351654,-0.2354494731454535,0.0145532563328743,0.10831921209471294,0.0662170648574829,0.7786782027996105,0.1426180601119995,0.7294399946530699,-0.0023660330625716523,0.3354793392781097,-0.0016246065497398,0.3401418320015005,-0.0764009952545166,0.049238208146540695,87,41,14,73,0.002858017319157376,0.3634226720195001,0.02473089628802481,0.1668984839375729
BadRange,0.05701346855790033,0.7643824256014355,0.13388855602592206,1.1873718066910015,0.056512862443923846,0.35021259632605356,0.0376982774585485,0.3240496481691124,60,17,0.003922706023422785,0.5534127187075966,1.003573389772317,13.579297952313993,0.025670409202575704,0.21071079521951802,0.1699692010879516,3.327331307299151,0.2620765566825866,3.303404931010485,-0.005953414738178239,0.5134881454832456,-0.016353160142898497,0.38165818579836264,-0.092107355594635,0.02392637628866592,107,49,16,53,0.9862439458586557,3.3342639206840348,0.049309681064025924,0.5382774778455568,0.041645713150501126,0.29857846523721576,0.024062848296016428,0.19751888126341263,78,19,0.0017952152880714104,0.19968617904975003,-0.3178475142541721,1.2106720807604106,0.02128307521343225,0.12446771106003934,0.0836346745491027,1.2174942283171752,0.1450315713882445,1.1774686758921862,0.015296512097120268,0.37079954849750196,0.0148028284311294,0.29111087917355993,-0.0613968968391418,0.04002555242498906,47,42,13,113,-0.06792074900603637,1.20816638166087,0.029893332761751656,0.24938699622032964,0.027153898030519354,0.20120074339531868,0.017130676914530303,0.1226490608720124,81,25,0.0008319532901427573,0.11427708366797404,1.0419369601313733,-0.5954010542491646,0.0136055722832679,0.10179075277946144,0.0619826354086399,0.6452228246069035,0.1383836306631565,0.6202058088476177,-0.0019469932885840487,0.30308411271025393,-0.0015686899423598502,0.3047260469156555,-0.0764009952545166,0.02501701575928578,88,43,16,72,-0.31196597441037527,0.05692635782708619,0.02279092886907866,0.14972342599143307
BadRange,0.05532436891555832,0.7785903657456467,0.1291070823371408,1.2117777619478287,0.04489196836948385,0.268949447343292,0.03674649617634709,0.2909366522885177,61,14,0.004202958001059253,0.5837126338392298,3.263606982518467,14.446394378186667,0.02111858129501335,0.1466794886289202,0.1938188076019287,3.3463585055342673,0.2859261631965637,3.3279408736344003,-0.0026618860661983407,0.5450155381883475,-0.01614084839820855,0.44400177327462675,-0.092107355594635,0.018417631899867035,101,53,15,59,1.555072543264438,3.5813456156907906,0.05134432403684085,0.5354163771986207,0.04497411102056495,0.31206440138805963,0.02602782403118905,0.2044125142180712,83,21,0.0018525387503095872,0.24158249623193703,-0.43577108324533764,0.7958781836292683,0.022691145539283697,0.14730390741528515,0.0837886035442352,1.1257292147230062,0.1568358242511749,1.0715633165134386,0.01170499995350836,0.4134052429044342,0.01276026666164395,0.3377136795051128,-0.0730472207069397,0.05416589820956764,56,40,13,104,-0.06287842065690023,1.221618917465709,0.0320507411393127,0.26585447404748114,0.0285674529150128,0.1756309802918518,0.01540249824523921,0.10076719693649348,72,22,0.000598051516022374,0.07992538753243823,-0.0519398158825819,0.05035474855977684,0.0133936703205108,0.0849795653419016,0.0503195077180862,0.5860064011246403,0.1045808345079421,0.5658685412601601,-0.0002809775993227899,0.25335698085504715,-0.0015405304729938,0.2331522786904034,-0.0542613267898559,0.020137859864480277,88,45,16,72,0.04855032191225789,0.6709864137985881,0.019392101072412946,0.12544173063400207
BadRange,0.06308671513069065,0.9017304771877929,0.14825405269511951,1.4138629709946642,0.0547119826078414,0.5139947016873883,0.043553021377883805,0.38349114438943,59,18,0.005458310789913867,0.7844385851436759,1.7082229203127657,13.60240071819754,0.0247266590595245,0.22040742711078976,0.1938188076019287,3.896335069429301,0.2771556377410888,3.852961213007524,-0.0001238945871591457,0.5984895085900316,-0.0195177495479583,0.42876800012650984,-0.0833368301391601,0.043373856421776893,101,49,15,59,1.4060802578089746,3.474363112781503,0.058590821989980425,0.6528773952675481,0.05272942036390292,0.33967713969614255,0.029802410053089222,0.22242313202139619,77,18,0.0023517963392483974,0.313092042497999,-0.07439505448475003,1.9295185762648925,0.0263368487358093,0.15844201904255945,0.1160433292388916,1.422527039834907,0.1897732019424438,1.331761689412775,0.011120759695768343,0.47806742326960844,0.00914357602596275,0.40173724776037045,-0.0737298727035522,0.0907653504221319,66,44,17,94,0.3410912344393189,1.3879650437598983,0.036805815999518515,0.2907637895377551,0.029690025374293227,0.23804843004214837,0.018470383956564508,0.14702892344164784,81,22,0.0010240538317136992,0.14562481650889877,2.5875643083607143,-0.12745946032406552,0.0152908079326153,0.12592091797039284,0.0904029011726379,0.8436018470390831,0.20257949829101551,0.8023838941015626,-0.0012520608237537023,0.33730603913502394,-0.0012411288917063999,0.2971700068678278,-0.1121765971183776,0.04121795293752052,85,43,16,75,-0.15300426193665345,0.6708896878046836,0.025347218740453772,0.17846414898219884
BadRange,0.06463679171528278,0.946280947236316,0.1541344178433062,1.49753171155449,0.059372156858444124,0.30518873951513925,0.04224253803025927,0.34831188905134747,57,13,0.004944301230059509,0.7272046879473169,0.8324278717386497,13.5342475962937,0.027699977159500098,0.14367204854177673,0.1837067008018493,3.6716558163746362,0.29675692319869984,3.5830229757586043,-0.003090557083487494,0.5940855742056526,-0.0163130462169647,0.40864039662069207,-0.1130502223968505,0.0886328406160321,107,50,15,53,1.031479019371844,3.510024310747689,0.0556777495903655,0.6117736660465672,0.05368058383464802,0.3888586453431859,0.03149833045899865,0.23184093582750226,70,24,0.0026046873816825446,0.3617164158962494,0.13301208855597713,1.9752223276156116,0.024975374341011,0.2037909418959848,0.1278078854084015,1.535663077641042,0.20153775811195368,1.4737439150072509,0.010594311356544489,0.5232286329997269,0.00387427210807795,0.47470682973729567,-0.0737298727035522,0.06191916263379123,73,42,17,87,0.6960085832732706,1.1870873323653275,0.03905410123247506,0.29656064051975356,0.03379448968917127,0.3174722293792724,0.021580508412771416,0.17196414425708234,84,23,0.0013123903569350285,0.186643708322067,1.127662828978166,-0.18415252120273262,0.017926275730133,0.16171527497549043,0.0904029011726379,0.984496963670307,0.20257949829101551,0.924433279879031,-0.004490517799422373,0.3802175043491106,-0.0031794272363185,0.3566818658135714,-0.1121765971183776,0.06006368379127605,90,39,16,70,-0.06602969194889591,0.5248161378780489,0.02837448092522688,0.20513009947007046
BadRange,0.057982408158317476,0.853852350146564,0.14041925062425412,1.3625908387221355,0.05177514255046835,0.3796327883063434,0.033591367425397,0.2927141054082621,63,17,0.0033029209308421004,0.47046678710122,1.202049116196628,11.560376455119227,0.02234226465225215,0.15077403652822374,0.1421467065811157,2.7964751475608494,0.2551969289779662,2.725120577519754,-0.006881155818700774,0.5018258389654067,-0.01573246717453,0.3593977058063633,-0.1130502223968505,0.07135457004109573,111,50,17,49,0.9423130726570887,3.1423657582674123,0.045051755298453934,0.46758701270232655,0.04518355429172503,0.316417932207706,0.025831561896484313,0.20154273089751762,77,20,0.0018853625232090343,0.2627058634073461,0.6181196411566852,1.3389060919765443,0.02302259206771845,0.1426446188116147,0.1278078854084015,1.2632018918252619,0.1917647421360016,1.2094429659253592,0.009506468661129464,0.4432219818443147,0.0071109682321548,0.36508940390407363,-0.0639568567276001,0.053758925899902686,63,38,15,97,0.641204685024758,1.1521447372198095,0.033088083406227514,0.2574104469856342,0.041301657445728675,0.26206725662554164,0.024827291802648647,0.19480869773205228,78,18,0.0016295988619510243,0.24031334643703228,0.4564553343271367,1.8730807801142175,0.02140840422362075,0.12465868443639987,0.0995711088180542,1.27514983038712,0.1817786693572998,1.2214521008126653,-0.0043879727309104,0.41754301791241394,-0.006490078754723,0.3522947917350505,-0.0822075605392456,0.053697729574454685,91,41,15,69,0.2193348712862739,1.4257708658835682,0.0317100858352698,0.25684854414542785
BadRange,0.06073640766162756,0.9006321507565289,0.14512915653176583,1.4375481578037723,0.05162706971168507,0.22843136363676503,0.037260186532512264,0.31212702916542645,61,12,0.004020945476374033,0.6127960206004025,1.7507439552019015,11.670295954530252,0.023783892393112148,0.11400260640481047,0.179162323474884,3.1650581159349223,0.26537907123565674,3.0205099843205883,-0.0020888485014438516,0.5715225673104243,-0.01442697644233695,0.4192170922075909,-0.0862167477607727,0.14454813161433416,101,46,16,59,1.3426148230986563,3.2919987557286214,0.05024446035033253,0.5349373567580638,0.051454193890094674,0.3675295895583797,0.027290739105083013,0.1978703346403984,73,19,0.00204655851961641,0.2712999311092752,-0.15538353148157302,-0.2887339644099094,0.02603274583816525,0.17360859849580135,0.1092266738414764,1.1072640770630076,0.1791798174381255,1.0018801751336328,0.011058990284800518,0.4631509897483669,0.0090464055538177,0.40862813909093143,-0.0699531435966491,0.10538390192937486,60,41,17,100,0.28615012275231505,0.6243319593819409,0.034118517941975804,0.23830881604418933,0.03634093794971692,0.37550908639979286,0.02433968138873747,0.23201711573865338,73,20,0.001639667156059027,0.2477239320791271,1.015694873886292,1.300777019876584,0.017968624830245902,0.1706107635846964,0.1020888686180114,1.4161410637841219,0.18429642915725702,1.3298593249348196,-0.0014313469117041625,0.40287460074498105,-0.0059449337422847505,0.31713867306464516,-0.0822075605392456,0.08628173884930225,88,43,15,72,0.45202472889061757,1.238199835850963,0.03208076629137399,0.29226013781167487
BadRange,0.05882398392584472,0.8605919463799157,0.13847236755769676,1.3437984773191167,0.05161064863204945,0.29838043418558685,0.03787454816978421,0.34917190185005187,63,12,0.004279868038460565,0.6484406152028231,1.5297523776528275,11.509532138520166,0.025238811969757052,0.15964021408444393,0.179162323474884,3.4422870221387694,0.2910745739936828,3.3687195220462924,-0.0034830305725335907,0.5412225175297926,-0.012544065713882401,0.39513162847837857,-0.1119122505187988,0.07356750009247694,101,46,15,59,1.147753800335357,3.2343345520800812,0.05176420678392022,0.5962539741767231,0.04864995926618565,0.3389479752591027,0.027790230351965838,0.20158125927952208,69,21,0.0020483033872622735,0.2706346157507159,-0.18453302672178262,-0.07215058147731312,0.02430653572082515,0.1971755080699324,0.1092266738414764,1.159016905091582,0.1791798174381255,1.0825268286904268,0.011201173253357403,0.45695782946172103,0.00555412471294395,0.42705683964340224,-0.0699531435966491,0.07649007640115521,65,43,13,95,0.36318191899217805,0.6353816899397685,0.03408791201727972,0.24864464169643516,0.029331878991797476,0.267744672847053,0.019931858347626938,0.1598101070692098,74,20,0.0010933275086312836,0.15839833653746713,1.3158996577997435,0.17096778019653813,0.015755035448819302,0.1216803055215716,0.1020888686180114,0.9008591680902936,0.1606117449700831,0.8351195188470159,-0.0011122100549982809,0.3456181303276031,-0.00369486957788465,0.29190796143605646,-0.0585228763520717,0.06573964924327778,88,48,15,72,0.7517603934801977,0.9071915764938616,0.026198904037533943,0.19734853565790436
BadRange,0.05638578460559516,0.7550885597246143,0.13245195859577485,1.198349070677564,0.06617754697799672,0.2020120579505955,0.039662761390209154,0.26199007570859173,64,12,0.003928997983637247,0.5625690823476581,0.9849334902976024,24.24362270445019,0.03324049711227415,0.11418180955177326,0.1862626671791076,3.8495585941301647,0.2981749176979064,3.836555751382034,-0.0032999116927385193,0.5061889155861917,-0.0158371031284332,0.37676749548846505,-0.1119122505187988,0.013002842748130584,97,48,15,63,0.8591644538438126,4.643951117362779,0.04959949606756995,0.5534815842332366,0.04025498777627935,0.22547167581123428,0.023420569987501916,0.14483851392790234,75,18,0.0015780085283801757,0.191769050303481,0.29416118601749863,2.239371963210396,0.01991026103496545,0.1138704903407172,0.1056302189826965,1.0272282690751013,0.1524631977081298,0.9122441511095435,0.01147009339183568,0.39127713336832826,0.0083920061588287,0.35335166433923837,-0.0468329787254333,0.11498411796555785,60,43,12,100,0.5423932938234538,1.395610962159691,0.029326911037714405,0.19665008315926163,0.028504047077149076,0.2425061987686444,0.01834083306355747,0.14514743336167282,76,22,0.0008823634821116255,0.12081809255867848,0.10000527822611982,-0.2517521815680963,0.014556767418980552,0.12151363628619127,0.0651415586471557,0.7661209213572474,0.11651986837387071,0.7077173283447878,-0.0005527085071662376,0.30088302172304404,-0.0023993551731109003,0.2563887384570314,-0.051378309726715,0.058403593012459586,87,47,15,73,0.3421027980731078,0.7336590573304845,0.023550757487602627,0.17403304225775248
BadRange,0.055783609520283314,0.7890865631317797,0.13023113559931496,1.231579719031821,0.06651529669761648,0.3182887024684069,0.037395147792994944,0.28861057809107843,60,20,0.003746974981464811,0.5450364494022818,1.4277332512728975,14.075818306359842,0.0279064178466797,0.17911661744560664,0.1862626671791076,3.254846397715045,0.3010617494583129,3.1777895998941847,-0.0058608509600162366,0.5153685902169624,-0.01578435301780695,0.4420895929766373,-0.1147990822792053,0.07705679782086015,105,51,15,55,0.9974497263294746,3.529390421505583,0.048187367946642835,0.528612963916004,0.03570754826068868,0.3145212161677219,0.023385754141490873,0.18573988553765422,79,27,0.0016316785347379134,0.20538582785042167,0.8603251937466045,-0.025203448734736345,0.018385902047157253,0.1622606971018664,0.1056302189826965,1.020798827061106,0.1700083315372466,0.9928397368917784,0.00939608421176671,0.39080146640187297,0.009100601077079749,0.4113316170228364,-0.0643781125545501,0.027959090169327547,62,43,17,98,0.5971703613263325,0.5637523903530138,0.03061651933265565,0.229477758635924,0.027951959520578225,0.1566314593518607,0.018056983982387417,0.10691050325709325,75,20,0.000892380125189182,0.12543794156088153,0.5139951022170384,0.6290714879728592,0.01429474353790275,0.07158229915780555,0.0665816068649292,0.749625584609768,0.1443477869033813,0.65944127637117,0.0003690237877890476,0.3254096624129854,-0.0009481906890868499,0.3038299713305501,-0.0777661800384521,0.09018430823859806,83,42,16,77,0.024977233920032985,0.8479888701580367,0.023687725233321643,0.1398087735771557
BadRange,0.057339692694085544,0.7587906920735782,0.13464090470224596,1.1868390871283192,0.06220659613609307,0.35277464789007584,0.038345472565852065,0.3336124429945939,57,16,0.0038806626734878636,0.5448981704912108,0.505463054541587,18.384826793209932,0.026959329843521097,0.157652926031244,0.1686568856239318,3.7456719627263473,0.2834559679031371,3.7189589611014933,-0.0004215847700834163,0.45229680978402326,-0.0107166469097137,0.251948738845736,-0.1147990822792053,0.02671300162485413,103,56,15,57,0.8002431568831351,3.95101788227557,0.04940131067659116,0.5833744649454635,0.0431213378906249,0.31084960995455835,0.026346687218174302,0.1985118245988685,78,20,0.001978124768742631,0.2523535608071451,0.05341579713105782,-0.6419532504976493,0.02153185009956355,0.14999002621525603,0.1045739650726318,0.959951524336375,0.1689520776271819,0.9384363011216695,0.010084896907210341,0.4420822905340435,0.00988970696926115,0.38193506157056023,-0.0643781125545501,0.021515223214705427,63,46,13,97,0.33277393999920357,0.5074834480027364,0.03378992198136897,0.23857244015878828,0.0296002030372619,0.24526021034961223,0.018226407531183163,0.13898964794450225,81,20,0.0008846593368291626,0.1195050558460156,0.437617854778642,2.1359567322193405,0.0147526860237121,0.11651531781417197,0.0665816068649292,0.9474671302134877,0.1443477869033813,0.8773392294579712,0.0002814704552292762,0.29245998681025237,0.0004672706127166,0.26299618707402994,-0.0777661800384521,0.07012790075551656,77,44,16,83,-0.17337613253847298,1.314659657282141,0.023586220471428918,0.18431552284320116
BadRange,0.055382606357767504,0.7319770205785525,0.12882026810199,1.1273678660019393,0.05604977905750265,0.3041376571146925,0.03745090208947654,0.3226903047051406,68,13,0.003774029354779381,0.5358117844390319,0.48716719901460115,13.918143440971413,0.028029620647430403,0.14722406120124154,0.1686568856239318,3.3887059659378562,0.2806224822998046,3.350236202991663,0.002211768925189975,0.4534272749314753,-0.005390465259552,0.29936322188684583,-0.1119655966758728,0.03846976294619326,90,49,16,70,0.7081815918566647,3.5772399462492865,0.04866909367559355,0.5746437947000281,0.038695752620696924,0.3407622188843108,0.025627740554045847,0.2324667003302928,75,17,0.0019105942858294656,0.24904487194030708,-0.0007367845919539207,0.8343799009650357,0.0194246619939804,0.1432367776374464,0.0997766256332397,1.3255302621825766,0.159296154975891,1.2957664838826604,0.00947968196123837,0.4027780678364062,0.00668749213218685,0.31057808073098436,-0.0595195293426513,0.029763778299916246,61,45,16,99,0.3983596813634819,1.2112100151351672,0.03333469771130508,0.294643343739984,0.028825189918279575,0.23200372560517696,0.017037176410376515,0.12302465686770031,79,23,0.0007455376195575342,0.0986779959217312,0.44933327036869075,1.5749925983192847,0.01411488279700275,0.11707189324116124,0.0522669553756713,0.8361476169494927,0.1258186697959899,0.801665985953927,-0.0007759593660011894,0.2711625232340576,-0.00148320384323595,0.26392736797663174,-0.0735517144203186,0.034481630995565636,84,41,16,76,-0.3022817301463348,0.9921221145578016,0.021639909538070465,0.15858399009695265
BadRange,0.054261023239640147,0.7571510235347394,0.12671724012121535,1.1905958600719149,0.06256622076034535,0.2225811468870908,0.03689618754666294,0.2765723717813161,69,12,0.003634245541541604,0.4994515181582784,0.18329384078119393,15.63822752975576,0.030582427978515552,0.1109884730744711,0.1377204656600952,3.231398370939467,0.249686062335968,3.169472300279309,-0.0018947821110486928,0.4922553274508754,-0.006790518760681151,0.37080426472700945,-0.1119655966758728,0.061926070660158386,94,48,16,66,0.6289623580724928,3.7138442170362254,0.047771081636484324,0.507085999367474,0.033419117331504725,0.31862938342529207,0.023513783689122613,0.17916829247490745,75,22,0.001600111063824579,0.19754637595209995,-0.1775909783822791,-0.47382662246033513,0.016490608453750548,0.14344592592562255,0.0865963399410247,0.9216902080986419,0.1446906030178069,0.8463185342256913,0.009107518009841428,0.39048267630080885,0.006324753165245,0.33716037912888963,-0.0580942630767822,0.07537167387295059,57,46,14,103,0.1580625576774106,0.6259603733627097,0.03037911448381777,0.21229615036796512,0.029646739363670252,0.16832575345397177,0.01763597831595684,0.1045289338290603,76,22,0.0008479582105277281,0.11426778015314401,0.8770546630435168,2.5455021684616685,0.01390945911407465,0.08579884336030855,0.0589919090270996,0.8383752986913691,0.1325436234474182,0.7670741551690736,2.6445602998139554e-05,0.30785785632023055,-0.00134208751842375,0.2953254972306759,-0.0735517144203186,0.07130114352229543,83,41,16,77,-0.27962724588299476,1.188880703461452,0.02309342648629473,0.139611319222534
BadRange,0.055250782023570456,0.7861175536044493,0.13043080650269961,1.2305164026596158,0.058326318860053926,0.3434957218331238,0.036159872193820726,0.27388548364584286,61,20,0.003363476120179486,0.4714629496356386,0.18433770736090072,16.98498304313,0.02903264760971065,0.18594515353920663,0.1377204656600952,3.122151397056302,0.22696775197982777,3.0173583444215186,0.0013458710163831793,0.5005201909567724,-0.00694698095321655,0.430451387065751,-0.0892472863197326,0.10479305263478338,97,50,14,63,0.717454518994965,3.641595357537583,0.045973590519200344,0.4700451979121101,0.045661889016628154,0.30955585566457156,0.025310289681656252,0.18975098277320832,77,20,0.0017179016157790302,0.2133984988455277,-0.6283750005788478,-0.4463798039953124,0.022750735282897852,0.16412293756116222,0.0906299650669097,0.9093069362522916,0.14763790369033802,0.8786895798367037,0.01084460588172077,0.3974744475818661,0.009263530373573251,0.36119803286656527,-0.0570079386234283,0.03061735641558789,60,43,13,100,0.049804467014239885,0.6877591179532172,0.031017674541611744,0.2353987305934721,0.033658190164714996,0.21994172918081076,0.01913223483497855,0.12912340669534186,75,25,0.0009735850932642265,0.13727259660508734,0.31585728884276465,0.09392432053827182,0.01674756314605475,0.1151796970532104,0.0589919090270996,0.755096042123979,0.12749700993299481,0.7161426473576111,0.0014575943932868512,0.33252176412097734,0.00031105522066350003,0.32738384054644265,-0.0685051009058952,0.03895339476636789,76,43,16,84,-0.3234304107545999,0.5790017900137588,0.024701816231950065,0.16340707754243847
BadRange,0.05706481136093502,0.8002040503774669,0.1317031056131234,1.2294340069540293,0.050192609429359325,0.41246963695730204,0.036996588427573404,0.34947186025971483,61,16,0.004322909757615102,0.6190430842984964,3.108816893300707,12.666307386348043,0.0253952741622924,0.19380252527258557,0.2172229290008545,3.496020514426955,0.3122162222862243,3.434155737166353,-0.004882808029651628,0.5427296855049737,-0.0131702125072479,0.3885607741508109,-0.0949932932853698,0.06186477726060185,108,46,17,52,1.4551211943997706,3.223630110376335,0.05191164999823865,0.569638106845187,0.04076977819204319,0.2813408354040349,0.024161739445989917,0.17034857818958699,79,19,0.0016610034967519144,0.20662456129540693,0.61178142899182,1.0399853122456317,0.020507305860519447,0.14725862054285882,0.1157131791114807,1.0450490667417407,0.19704571366310109,0.9331835397148107,0.010454482119530428,0.395925821971093,0.009481057524681001,0.36141000258724665,-0.0813325345516204,0.11186552702693003,60,45,15,100,0.10105090660207641,1.1401632258384713,0.030572417199433485,0.22330988511913494,0.030667481012642273,0.2160494561408797,0.018284743779113294,0.1500965666673023,78,20,0.0008925192287801236,0.12225718480078546,0.6071205651609151,1.6626712965562875,0.01521064341068265,0.11161571078099157,0.0709799528121948,0.9818687716298692,0.14319139719009388,0.9479856284918703,-6.609383708564634e-05,0.29077849947796236,-0.00086060166358945,0.25442972045271134,-0.0722114443778991,0.033883143137998874,82,43,16,78,-0.21860645050832067,1.196245266486218,0.023692371186099143,0.19417787989915358
BadRange,0.0580671031090859,0.83880986836728,0.13475580565398534,1.3154501567928132,0.05556276440620407,0.4193022145631298,0.037503011021763046,0.30327186108965853,68,18,0.004106937533597903,0.5857044378284203,2.7711986631752543,12.286697820704239,0.026785314083099403,0.21662848197607124,0.2172229290008545,3.1300164727992064,0.3122162222862243,3.083395210068533,0.0025034885853529006,0.5812191510017398,-0.0077808499336242,0.491277050961297,-0.0949932932853698,0.046621262730673234,90,47,18,70,1.2543981100210002,3.094495952680688,0.050760936829668604,0.49788425998141095,0.04030418395996082,0.2948243515826764,0.02460472129983824,0.17605634016894456,86,22,0.0019086997211789991,0.22924960824998358,1.0002122435688934,0.8165714620475302,0.02033685147762295,0.15110792407674675,0.1157131791114807,1.1560181895561403,0.21257397532463068,1.1112031897292765,0.012609856482595185,0.42024235609318,0.014785826206207199,0.39184517865507734,-0.09686079621315,0.04481499982686395,47,45,16,113,-0.41118507428839496,0.8177470363060584,0.03225572107960087,0.2294470971601874,0.03273432189598667,0.25410119826435296,0.019174379988926328,0.15157253208819607,83,21,0.0010119406610805226,0.13709093432571043,1.5816623502320448,0.78686692901536,0.016714185476303052,0.1267709474789661,0.0942443013191223,0.941220567144643,0.1664557456970214,0.9149215256937964,0.003337255494261621,0.3139886496978932,0.00413170456886285,0.30012613147064615,-0.0722114443778991,0.02629904145084656,73,45,14,87,0.4596980465012316,0.942423100888095,0.025004666511720605,0.1962194235711749
BadRange,0.05274172470873052,0.7447506084500275,0.1258077443670479,1.1813976227315184,0.04151591658592212,0.3756227132083082,0.027916696779429883,0.2385769000588984,72,21,0.002567793850376776,0.31099806452226364,0.7946705502131621,3.9533227041091,0.021314233541488602,0.18726061701905644,0.1077374219894409,1.7533066311911,0.2301486730575561,1.6997658915778164,-0.015224668011069278,0.4613238277642322,-0.01752752065658565,0.39299384549522737,-0.1224112510681152,0.053540739613283705,111,41,16,49,0.055849530974164174,1.6248644356752842,0.0371714455965404,0.3133343110149615,0.0378034114837646,0.27592795612318244,0.025001811414258522,0.21643144057137143,81,18,0.001908797478194229,0.24170684698481262,0.5774700740790135,0.24613567251456647,0.019295036792755103,0.13203845966931654,0.105940043926239,1.0980850729965719,0.20280084013938898,1.0682471625137042,0.011902817245572789,0.40615630407969777,0.0128826797008514,0.3124705517965153,-0.09686079621315,0.02983791048286755,57,39,14,103,0.0435154336786107,1.0507765070952853,0.032525888912519715,0.2770269005730901,0.03235579933971157,0.18931513652899468,0.01916151189339867,0.15495500485364874,81,18,0.0010588523730648961,0.14506223165372004,1.2984266133210474,2.800465668027858,0.015395162627100901,0.08393709370459297,0.0942443013191223,1.13274471637898,0.16716319322586048,1.1111079364238843,0.005935727636096988,0.3139174908875883,0.0061738421209156,0.2586821443248208,-0.0729188919067382,0.02163677995509576,68,43,17,92,0.319894853830866,1.5715947097598355,0.025109568610780758,0.2156804130387388
BadRange,0.057185991312982895,0.8253180379599792,0.13397666104137876,1.2656546701941063,0.0552456080913543,0.37311940941282623,0.03774783993139859,0.2997246004202622,68,16,0.0038952382587146006,0.5799013464342043,1.0597910070943675,20.692995487958108,0.02870002388954155,0.160616690301216,0.1667008399963379,3.6307941301165654,0.2891120910644531,3.5751297735125296,-0.0019726473838090814,0.5495018048675882,-0.0103427171707153,0.41973052013984735,-0.1224112510681152,0.05566435660403594,92,43,16,68,0.6108706478903576,4.100372284493471,0.049456238952396134,0.5272087943893458,0.04496682807803146,0.4040802488763073,0.026570115215145018,0.21250842882892823,75,19,0.0020387836408284656,0.24868529260447317,-0.1192982377661651,1.4303470197363533,0.023046851158142048,0.15578982146307063,0.105940043926239,1.2537992073908382,0.16693323850631708,1.1746782903498978,0.01351707838475703,0.42010783768321763,0.0111625641584396,0.3480093464010329,-0.0609931945800781,0.0791209170409403,65,38,16,95,0.3661020994297118,1.2229807055586082,0.033142017526759375,0.26869070940693934,0.02678531222045405,0.24250854785857867,0.017954153665341394,0.13166957243778138,74,17,0.0008364271997447657,0.11576068113701089,0.30553676647808325,0.36136206111449054,0.014803528785705462,0.10799844387436525,0.0613487362861633,0.7336263989279387,0.1342676281929015,0.6649451002479788,0.0029218452051281915,0.29604502764330043,0.00010317936539646193,0.25653648986709904,-0.0729188919067382,0.06868129867995987,80,42,17,80,-0.24527504008597406,1.0313872992888469,0.02274783440795677,0.1676842948659425
BadRange,0.05214786029184537,0.7488684650750776,0.1223985563125459,1.164819538321502,0.05074703693389884,0.38556921744053924,0.03284807539544995,0.31515683540644907,63,16,0.003053355315384744,0.46449003431679153,2.0768560188376863,10.910558605670106,0.0230607390403747,0.15168944231885317,0.1667008399963379,2.9090862395198727,0.245678424835205,2.8659381752203408,-0.0026389308273792158,0.44775525234906316,-0.011726707220077449,0.29206133318565053,-0.0789775848388671,0.04314806429953178,99,43,14,61,1.2361669292681388,3.114055211543341,0.04374175923053865,0.5138144298388458,0.0423693358898162,0.3267511477851577,0.02482098395004865,0.19009034420517204,72,24,0.0016742500331489657,0.22954420748309212,-0.23111797795717148,0.7883587033859341,0.01940612494945525,0.16916195908709808,0.0960690379142761,1.109237018686614,0.1623964607715606,1.085150559315779,0.008705142699182026,0.4122528202763627,0.00493149459362025,0.411442321994703,-0.0663274228572845,0.024086459370835037,68,39,16,92,0.3284125047967763,0.7805872937516705,0.03125270119734931,0.2441143577450476,0.026996794156730074,0.22548896415490843,0.01801281606574771,0.1358709279851296,76,23,0.0008604469612194879,0.12168341556996769,0.42238095064997827,0.582505755874176,0.01372641697525975,0.11259332006458496,0.0689389258623123,0.8351657563498405,0.1231950670480728,0.8082104828539631,0.0031369791191536945,0.30481146569607614,0.00120785832405085,0.2883282945782677,-0.0542561411857605,0.026955273495877386,78,39,14,82,0.13743993014609704,0.7568942376732052,0.023049058159301576,0.16962719696492515
BadRange,0.05876664337579933,0.8481510978581421,0.13595973323332122,1.3123411247940298,0.061790600419044425,0.37478799874235463,0.03927907420322294,0.31232358554119594,58,15,0.004186132090892224,0.6202953336091057,2.894303188038908,17.437426065002892,0.02541184425354005,0.21446472000821482,0.2533665895462036,3.659849661753889,0.3323441743850707,3.5966251357668035,-0.0014384768903255268,0.5598300730094387,-0.014495253562927201,0.459141918938139,-0.0789775848388671,0.06322452598708557,104,40,14,56,1.3439189633143855,3.749157286200725,0.05129040113753201,0.5539725832235312,0.03915577381849275,0.35577689987354383,0.02592235346091908,0.20821170587485086,71,21,0.0020580728361185062,0.263864302543599,0.33784660901933217,1.7459518958986049,0.019663259387016248,0.1763462402649387,0.1115640997886657,1.4037671999067485,0.2017209231853484,1.369409749863403,0.011607839725911607,0.440716321288522,0.0092146694660186,0.40882055957740504,-0.0901568233966827,0.0343574500433454,60,45,16,100,0.16919953761800877,1.0033723233969372,0.034041093619538776,0.26388146333820267,0.028529763221740622,0.2793361921371427,0.018061778510618708,0.14311103953520138,77,23,0.0009260604980542724,0.12804539390280156,0.7271669161059573,0.9982096212545022,0.01361346384510385,0.14711916663043473,0.0689389258623123,0.9177541365162428,0.1383817940950393,0.8736103328083453,0.0034086364597897033,0.311794730496069,0.0025662519037723,0.29751839468260854,-0.069442868232727,0.04414380370789746,74,42,16,86,0.20453147257705645,0.9446536219028925,0.0238900839147332,0.1755831425213857
BadRange,0.057920130574793706,0.8423394182854289,0.13360324170673243,1.3127997114334924,0.06037051975727075,0.3338711938323671,0.03912361544556912,0.3022492577565616,57,16,0.004174391778258831,0.6179179867657016,2.849885396931816,13.888263236268514,0.026348829269409152,0.15534487134182626,0.2533665895462036,3.259508542945602,0.3358016014099121,3.212206814999238,-0.0006810225546359822,0.568338269975134,-0.01408457756042475,0.42546404898686896,-0.0824350118637085,0.047301727946363975,104,41,16,56,1.3038879705723665,3.599617758560351,0.05123413828177528,0.5430557960719813,0.034379348158836226,0.2673039398181616,0.024604172527324376,0.160312225291302,79,23,0.0019441797515150992,0.2352581579288287,0.6239011179445684,0.009457973871219938,0.01719689369201655,0.1404987570889295,0.1115640997886657,0.9600464108445785,0.2017209231853484,0.8607138533150215,0.010961062274873246,0.4396435635100709,0.009971529245376549,0.41676220865557634,-0.0901568233966827,0.09933255752955707,62,46,14,98,0.17996398148345974,0.6602868594379758,0.03319418693525444,0.20486994653436838,0.028504850342869703,0.23223300329081398,0.01809767928471042,0.14233875310516753,81,22,0.0009106830802475814,0.12487089921054548,0.8766218975575168,-0.1820004415254961,0.014540199190378151,0.11575465196498265,0.0624365136027336,0.7314825827906661,0.14222114533185948,0.705432959361329,-0.003218001547793384,0.30481787794828763,-0.0028528310358524,0.29416883782143644,-0.0797846317291259,0.026049623429337143,91,44,16,69,-0.2189495514311518,0.708433431782216,0.023713624588783316,0.17876509864525655
BadRange,0.060688191696914286,0.890700096059941,0.14222502668271747,1.408651531103311,0.053370296955108545,0.23699722197070627,0.03965836927294727,0.28869797715430123,61,12,0.0044595323713797035,0.6313194559548228,0.7434227074042785,16.354121477535983,0.028384953737258852,0.13738133590568724,0.151850163936615,3.518082797802664,0.3062121272087097,3.418643287797784,-0.0028725981712341155,0.5686080906440756,-0.01343595981597895,0.45569321506407423,-0.1543619632720947,0.09943951000487984,106,47,14,54,0.698182776682803,3.8987849058096624,0.05288131637919402,0.5549813467216007,0.03294851630926125,0.4248508838416282,0.0241983660124242,0.21261402615016306,74,20,0.001963172799078766,0.24724473982154213,1.7123521593448583,-0.3104158295501014,0.0171307027339935,0.20027648839835938,0.1485210061073303,1.1143917804341181,0.23029389977455128,1.0486155533343469,0.011248663812875731,0.4263488766829229,0.00908924639225,0.38752645997772406,-0.081772893667221,0.06577622709977134,55,45,16,105,0.5344279414461723,0.678190944192011,0.033277193910622345,0.25587374850256117,0.03312192671000948,0.2959819311604828,0.02191262484335308,0.17302278400344928,76,23,0.0015124882032873047,0.21395307312689427,2.606317965718735,-0.814405885628009,0.0166087709367275,0.15512258883896562,0.1151103973388671,0.8838917023790884,0.2014388442039488,0.8013252890350893,-0.006157279131730307,0.41369456377631275,-0.0076249726116657,0.39140296451975465,-0.0863284468650817,0.0825664133439992,103,41,17,57,0.7897074670372897,0.26818490984784316,0.03021754316979857,0.20690548815539078
BadRange,0.06261497428867235,0.9208910058548807,0.14784248500014632,1.464322317407007,0.04792080819606767,0.3355394722457412,0.038059407449327363,0.2947656010470486,61,18,0.00416528575624898,0.5843655655047637,0.9890575327530637,13.6840438025602,0.023213446140289352,0.1770898893641608,0.151850163936615,3.200603018751929,0.3062121272087097,3.1348551875503436,0.00065104104578496,0.5540371013795439,-0.0089778304100036,0.42868388695844695,-0.1543619632720947,0.06574783120158513,99,49,12,61,0.6319489939282773,3.5131667183589412,0.051178609360383244,0.5266957905657846,0.04552838951349253,0.30026803221416987,0.02753024871926752,0.20135329950118727,78,21,0.0023619834013609386,0.29364204806368366,0.9329790018712161,0.6673258175317391,0.02295182645320885,0.16475027071397746,0.1485210061073303,1.186899632504518,0.23029389977455128,1.1611627767678288,0.013559418730437738,0.4729306782258405,0.011582538485527,0.45528024023319796,-0.081772893667221,0.02573685573668938,51,41,14,109,0.19522718369454367,0.941516132236719,0.036062584168343494,0.2645347267496845,0.040018091443926,0.3872051659137377,0.024570488484241607,0.2053493547183167,72,21,0.0016655012810810163,0.2504590301448359,1.1864471890139727,-0.7689806554715375,0.020094805397093348,0.1632547333167595,0.1151103973388671,0.9526284894008108,0.2014388442039488,0.8980155855090106,-0.0015465102282178045,0.43735453780162287,-0.0038020089268683502,0.384042100450796,-0.0863284468650817,0.0546129038918002,92,42,14,68,0.6769709281253841,0.43708869917457066,0.0323276715285063,0.24326947693692424
BadRange,0.058631812893066626,0.8569359187729062,0.13929927056189603,1.3679431812858425,0.038101404905319075,0.3845298755352356,0.03086045016534623,0.32183800116472383,61,14,0.003548292759862969,0.5018365480818021,5.669356726091994,7.705632009801786,0.01937538385391235,0.17898540965441623,0.2296288609504699,2.730444716450341,0.3294790983200072,2.6900208594256734,-0.007322151213884333,0.5204348474492896,-0.0142232775688171,0.4005969591730826,-0.0998502373695373,0.04042385702466772,115,44,13,45,1.9125023347045373,2.532409624370862,0.04666561446988503,0.48060807072107803,0.04556592553853983,0.3332896512722574,0.02679936977801841,0.19642888752443433,79,24,0.002085543039312783,0.2672653060493083,0.46045522414011675,-0.05472720989779711,0.02258144319057455,0.17431438530866708,0.1089581549167633,1.126908070899705,0.20280522108078,1.0766709149681615,0.011237203143537034,0.4554247595097505,0.01112830638885495,0.4401139194372899,-0.0938470661640167,0.05023715593154346,59,41,13,101,-0.13776034196720882,0.4297005659317323,0.03441792227411162,0.24464994272387292,0.044202194083481944,0.26808276392142416,0.02509626527928043,0.19225146850144714,72,20,0.0015031692349857996,0.21567105242234444,-0.28222281784005165,1.7758478676472906,0.02193072438240045,0.1355353415069362,0.0799389034509658,1.257617695097775,0.1638823896646498,1.2248668719106135,-0.00035727562208193755,0.39208357432680246,-0.0037495186552404503,0.3183808067690108,-0.083943486213684,0.03275082318716157,88,43,15,72,0.3063628827297453,1.2788205872736758,0.030745097288698942,0.24888053994931633
BadRange,0.06302814831366624,0.8977858976899604,0.14899534077849216,1.4234871818672539,0.053309381008148124,0.36951874158207,0.037353906454518394,0.3044629016382766,62,19,0.004015170864145818,0.5730508332179514,2.837959601785178,12.83990457797013,0.0264310240745543,0.18757908232674936,0.2296288609504699,3.220205769029183,0.3294790983200072,3.190531366763675,0.001033382490277301,0.5535397346031247,-0.00925549864768975,0.42591531934303417,-0.0998502373695373,0.02967440226550786,97,47,16,63,1.2990809613923453,3.260527875826406,0.0502413186415092,0.5163764086724466,0.040511421859264325,0.36686536534759034,0.02792119346559045,0.23903692462088266,80,19,0.0025021622365626996,0.2898847250970025,0.5490175447979868,0.47692169019489716,0.020100191235542297,0.1865246488699664,0.1174640655517578,1.300320953211171,0.21131113171577448,1.2709732233732502,0.015396574139595016,0.44961105197525386,0.015448555350303601,0.34944613604044605,-0.0938470661640167,0.029347729837920822,51,41,18,109,-0.04975856601390176,0.9651169195398802,0.03653958862963959,0.2962003157302639,0.04230097215622655,0.21193265598054306,0.025353733470401447,0.15344189470062378,76,23,0.0015821885388146697,0.21785176609967194,0.11167613226165907,0.1250770321839232,0.02178291231393805,0.1261398515278452,0.08821851760149,0.9336695901697238,0.179935835301876,0.8437157279659921,-0.0007045229460345572,0.42033639528887545,-0.0035075834020972,0.4159723627719808,-0.091717317700386,0.08995386220373172,85,42,15,75,0.05329860826350641,0.5855290750852626,0.03153708383846139,0.20290165325897716
BadRange,0.0623660992886337,0.8797503336330795,0.14884926509577756,1.3814327085504012,0.04947735369205468,0.4510991805664109,0.032798644341528384,0.28066463723250307,72,19,0.0031954648932719055,0.4016297914538004,0.40724532731193674,5.112282648965209,0.0247132778167724,0.21503750507510114,0.1151418089866638,2.1573733843261245,0.24493908882141108,2.1008505951854204,-0.01417909748852251,0.49502181490462727,-0.018299639225006048,0.4059570407216357,-0.1297972798347473,0.056522789140703876,109,47,15,51,0.3110073589663033,2.010744843631306,0.04251370481459545,0.3957059441331775,0.04406931251287447,0.37363306711504035,0.028715905919671027,0.23003262781119765,80,20,0.002626674591125168,0.3194155914221698,0.34717640349960854,1.8041036643697597,0.021798089146614002,0.19239114275565727,0.1280235052108764,1.4321414106520378,0.2092720568180083,1.3261114783385453,0.015967302024364454,0.4770500561619275,0.015908971428871148,0.4195835867036212,-0.0812485516071319,0.10602993231349248,55,40,16,105,0.268328303117017,1.366950309488214,0.037355566859063584,0.3030492292319378,0.042648029513657024,0.35665394033013753,0.025761835152770758,0.20883720491617336,83,20,0.0016912629233394349,0.23863193551925263,0.005197906885492376,0.8576291305864654,0.02141126990318295,0.17591482953660953,0.08821851760149,1.2020567959367061,0.179935835301876,1.1559496665223048,-0.0017688122490653797,0.4093608374838464,0.00021486915647985,0.3735741114037749,-0.091717317700386,0.04610712941440142,80,40,17,80,-0.2602228253888032,1.1175028709100896,0.03256591775244206,0.266562638518185
BadRange,0.06455972593698961,0.907879034036828,0.15405818162951596,1.4467380363061688,0.06409756839275352,0.35355212251218054,0.03875621447805311,0.2926957167071412,75,18,0.0038874468891524866,0.5535695560711497,0.2770557406647409,16.45373196086463,0.031621396541595403,0.20123252365999794,0.1457504630088806,3.3545758136564023,0.2755477428436279,3.3191492130533673,-0.005108368024229995,0.543886397675833,-0.009170174598693799,0.4519906786438638,-0.1297972798347473,0.03542660060303491,91,45,15,69,0.3754566198440526,3.5565290536145073,0.049180032578036006,0.5076978850599589,0.04321978241205205,0.39423266491400116,0.026532912324182655,0.22183690463307248,82,23,0.0024312485734584253,0.2676124436262254,0.31763927474466325,-0.44403101562756087,0.0214032679796218,0.20301109101909026,0.1280235052108764,1.1542323199358238,0.2013670802116393,1.1257502080402677,0.018664081580936888,0.44654388720012556,0.0195643305778503,0.3715072245337322,-0.0733435750007629,0.028482111895556134,45,43,17,115,0.08324129242938855,0.5322495580215637,0.03432999190654646,0.26117235770737074,0.042836397886276176,0.22557224692442024,0.02560676071818302,0.14914077208404142,79,23,0.0016692763282732442,0.2427922639091304,-0.18619513156750456,-0.528414178907914,0.02281088009476665,0.12025596278159309,0.0842019319534301,0.9180180125267247,0.1620617508888243,0.785457614135484,-0.0012132734322221946,0.45630775143020996,-0.0023349151015281,0.4452455834022572,-0.0778598189353942,0.1325603983912407,84,40,15,76,0.016505639432083406,0.3709082750149836,0.03237866636338094,0.18594488402168016
BadRange,0.05715071706648729,0.8090856602330381,0.13610084190964672,1.273384847552115,0.06087756156921377,0.409960699993692,0.03630535997450347,0.31468816265071964,76,16,0.0034964087655367073,0.49562730680201755,0.4563148760971063,8.891373723710545,0.0305991172790526,0.14946547327014834,0.1457504630088806,2.6815881765469354,0.24596256017684928,2.618729268652835,-0.008276726305484764,0.516228301642427,-0.01068085432052605,0.35905399031076624,-0.1002120971679687,0.06285890789410031,95,44,12,65,0.570193247871951,2.778479153748504,0.046152618357547144,0.478681154199111,0.03662845492362963,0.26469833042465996,0.0220762956771068,0.15846473211323772,85,24,0.0016049500541059603,0.16968913891901136,0.06373002069074607,-0.5105947002269042,0.01762008666992185,0.1461155844896246,0.0830413699150085,0.8295434803261063,0.1563849449157714,0.7334632497745863,0.015200135298073264,0.3639678016070388,0.01690892875194545,0.35438301879408707,-0.0733435750007629,0.09608023055151996,42,48,17,118,-0.14589449326898601,0.5636963959937633,0.027873021526971402,0.19291598770540153,0.03495321795344345,0.2713194867231081,0.021930470156948965,0.15465918832050196,79,23,0.0012789522929686718,0.19204555695753261,0.3098062193692672,-0.14730824053666058,0.0178468227386474,0.11624760512455015,0.0737788081169128,0.8885009757167586,0.15614600479602808,0.8312618032119499,0.0009573364630341523,0.3931887443026491,0.00039279926568268597,0.37450523309295336,-0.0823671966791153,0.05723917250480867,80,42,16,80,-0.026504681121274007,0.5000501512463624,0.028345198078158277,0.1935152921896319
BadRange,0.05815381521333418,0.7733850606503185,0.13598561067134116,1.2127864338676235,0.06448274850845329,0.34499984713587634,0.03896683568134899,0.2696620812498853,76,16,0.0038256695231381178,0.5392497692794138,-0.2482593310797947,26.204854858611274,0.032173037528991644,0.1653865519326508,0.1228659152984619,3.742182556897571,0.2286957502365112,3.641057801503193,-0.0031109448522329275,0.5154675016015348,-0.0062390565872192,0.4128542373227837,-0.1058298349380493,0.10112475539437754,88,46,14,72,0.34730379225332314,4.739907193614247,0.04895245259876315,0.5230134071628428,0.03654801100492465,0.33198668040136725,0.023485485650598974,0.184009728370179,82,20,0.00187990793972618,0.19112584491721626,0.5618403812628321,0.7486886843115759,0.0186527371406555,0.14501851869823967,0.123578667640686,1.0499249600092806,0.1718467473983764,0.9759987932960374,0.017025507986545542,0.37388443987935127,0.01770161092281335,0.31995896691154324,-0.0482680797576904,0.07392616671324312,44,48,18,116,0.4149562244466068,1.0827254699513176,0.029843609813000636,0.22657508806865795,0.02914618514478195,0.20800631071084008,0.01835351720656031,0.13834506309213934,85,24,0.0009317678041363473,0.13438054958435725,0.9598079592695541,0.8154798564990986,0.014555633068084651,0.09934655459972136,0.0654491186141967,0.8778782381003207,0.147816315293312,0.8213573940806693,0.002786157024092961,0.32343449238673755,0.00403363630175585,0.2932982749168014,-0.0823671966791153,0.05652084401965138,66,44,15,94,-0.6006631245746555,0.8816800421929245,0.024045914290900812,0.17254181730493812
BadRange,0.058566553512410156,0.8302669611791333,0.13702809836715435,1.2877003060486383,0.060729369521140976,0.26339319724832855,0.03698312565218653,0.24990236599068552,71,17,0.003486537420680692,0.4961037690694217,-0.04216420978531232,19.07229763264006,0.02786195278167725,0.1424317947616746,0.1228659152984619,3.313288561346755,0.2286957502365112,3.2848525154544452,-0.0028358731418847956,0.49046033670252437,-0.01220437884330745,0.39738212043988164,-0.1058298349380493,0.02843604589230954,94,45,14,66,0.5463269393300876,4.179861270928113,0.04674075389222616,0.5055219354202825,0.0351853147149085,0.25358281400713495,0.02510002556955439,0.19959852416139004,78,21,0.0020925761668190894,0.24846926049472948,1.082037826437249,1.627434965689397,0.0179166495800018,0.1366134490332817,0.123578667640686,1.3491873012417204,0.21016950905323017,1.3336593299881647,0.015036401804536562,0.42081470635231955,0.01420789957046505,0.3728430225383039,-0.0865908414125442,0.015527971253555761,45,44,18,115,-0.04931531371759245,1.1247405935508696,0.03299348859006657,0.2671782989172971,0.02978917583823193,0.24871213143102555,0.02040111297392282,0.1468704561085388,76,23,0.001209193436597245,0.1757370780113493,0.9927115407864173,0.156488855984521,0.014806713908910701,0.10894427381496805,0.0904721319675445,0.870621489778238,0.1632221639156341,0.801116644477996,0.0029989589238539234,0.3764252629937944,0.00222635641694065,0.3450474586165532,-0.0727500319480896,0.06950484530024197,73,44,16,87,0.20238439295988664,0.7423006221692637,0.02741256459374706,0.18450230185935895
BadRange,0.07007002425663236,1.0318512785521827,0.16533097609877564,1.6195881960796226,0.0709839314222335,0.5524797942996873,0.04678962481208142,0.39740074126331526,66,18,0.005858668952632471,0.8107362021272715,0.34097666710337204,11.569995461403625,0.034386485815048204,0.24281469273569695,0.1720917224884033,3.712787708120523,0.3481078743934631,3.618657305125017,-0.0050258982926606995,0.6774360150512203,-0.0157866775989532,0.5038878113153259,-0.1760161519050598,0.09413040299550629,98,46,13,62,0.4764336242733334,2.940058409065605,0.0604919741378263,0.5931413386696246,0.039674110710620755,0.3046632303736616,0.027554957803804396,0.19754728451326273,78,20,0.0023538951323553354,0.2869652702407318,0.4918783719867239,1.0246438195928382,0.020358934998512247,0.15482514246544885,0.1117496788501739,1.3078155032539138,0.1983405202627181,1.2787958616741661,0.012297382671385988,0.4673985280132205,0.010898545384407,0.4362722742078791,-0.0865908414125442,0.02901964157974776,52,45,18,108,-0.22029373557604645,0.88491566521642,0.03644530786071396,0.26173247076319445,0.03762320242822155,0.35841634064861405,0.026407977005001117,0.20325214958506088,66,21,0.0019932789004556313,0.28747975277699206,0.9917293565710557,0.5265895331096098,0.01840762048959725,0.16060169003008948,0.1266756057739257,1.2428188382161287,0.21589528024196608,1.1989406674154852,0.003352345619350672,0.4747536530151817,-0.0017083771526813,0.42406327886172385,-0.0892196744680404,0.043878170800643504,85,43,16,75,0.621671174585994,0.8136249215764593,0.0352466399363215,0.24917608578218844
BadRange,0.07109768978519784,1.036903601198104,0.16860997304320313,1.6105114087674797,0.06625464558601372,0.4738698200132731,0.04355900238733735,0.33621149105425596,65,20,0.005229863433887831,0.6787559088373325,0.7317870409462617,11.112475750003618,0.029703915119171097,0.22980404325290613,0.1720917224884033,3.300636682134643,0.3481078743934631,3.18612554734886,0.0028131876140833,0.6278527655356415,-0.0060409605503081495,0.49286716898778105,-0.1760161519050598,0.11451113478578268,92,46,12,68,0.30251400060086575,2.952697633670548,0.05728227026901685,0.5334386690581957,0.04800906777381885,0.5234408396266131,0.030811233248095937,0.2533081450229215,75,20,0.003168327546740182,0.3583643515251781,2.3501738204683287,-0.627725800308554,0.02543310821056365,0.19523679880927483,0.2098835110664367,1.2619594234978309,0.2964698672294616,1.1527262790226596,0.01773742418736218,0.5145899296774178,0.01374985277652735,0.4416174827585545,-0.0865863561630249,0.10923314447517131,53,42,16,107,0.600904235753972,0.6557146385945378,0.040939759394514,0.3058783349630507,0.04460274428129185,0.3179281032582333,0.02870462036109525,0.230015518743837,77,20,0.0023107494102040426,0.3195269206936078,1.0584209377356304,1.6149667921964763,0.023009642958641,0.1647247768817123,0.1296419501304626,1.490893115239039,0.218861624598503,1.4860465917190788,0.00581001797690987,0.46806871355442015,0.00319395959377285,0.42087046414065754,-0.0892196744680404,0.00484652351996008,72,42,18,88,0.6947255091770372,1.3505766997328348,0.037674034866603735,0.31692049489598806
BadRange,0.067838747159674,1.0505231416979843,0.16289146265014984,1.6896395554434092,0.03439609706401822,0.547272904815842,0.03153553212992845,0.3436064399544633,66,22,0.004056351518558219,0.4836160899072932,3.2937668731237526,-0.26406472956527294,0.01643091440200805,0.2962289473214327,0.1627722978591919,1.6492869944496689,0.357695996761322,1.6106284373603945,-0.016068534180521937,0.5565336300583991,-0.02179819345474235,0.42113281098970506,-0.1949236989021301,0.03865855708927432,124,46,14,36,0.38037618440620247,0.8092824221570746,0.047867972600621714,0.41699689269983076,0.04547680914402,0.3854735390070342,0.03236527079832738,0.24671843290011305,69,20,0.00390383130271885,0.4769548202641225,3.3659509825104745,0.6615733336459315,0.02310428023338315,0.18224759232913376,0.2098835110664367,1.480796589072261,0.30969277024269093,1.3766401448913392,0.01877583293244241,0.6139938015884043,0.01241896301507945,0.5197370587816649,-0.0998092591762542,0.10415644418092172,52,38,14,108,1.1456565798161915,1.0090174570160342,0.04583111092858451,0.31617468569628,0.04730254784226405,0.3351610723744014,0.030294142419006638,0.2265416781188922,80,24,0.0025830301198555604,0.36791079196766113,0.8768249782419155,0.9387615785811407,0.02353606373071655,0.17159919315082464,0.1296419501304626,1.4675539197346106,0.25391405820846547,1.4375333723464863,0.005393643502611662,0.5191121237966059,0.0055532753467559,0.5107605310489924,-0.1242721080780029,0.030020547388124423,70,42,16,90,0.340047917257709,0.9170152972468374,0.03994086741973017,0.3137409678302128
BadRange,0.08181026639256768,1.1777201340197287,0.19789964189752912,1.8750849151247944,0.07994800806045518,0.7576109342277524,0.048834490003064224,0.44736546965820784,71,18,0.006212264855070011,0.8731394869784525,0.21675244550352302,7.65480694773556,0.03662699460983275,0.35830221010132063,0.1627722978591919,3.665257278864376,0.357695996761322,3.604152553615502,-0.00027265176177024286,0.6778114888311494,-0.0070398747920989505,0.549599419861668,-0.1949236989021301,0.06110472524887423,89,49,17,71,0.09576175612416554,2.3686618031059665,0.06250607976817511,0.6432037566642105,0.0615929104387759,0.5093148087212368,0.039822107334621215,0.3297215762938317,76,23,0.00482753467321595,0.6605444462814556,0.7999294569401245,4.003224126722032,0.0296591520309448,0.2705646551645169,0.1892481744289398,2.5306630816072175,0.3013165295124053,2.504091042761783,0.017736272234469636,0.6798427297290257,0.015841856598854002,0.6459428340500377,-0.1120683550834655,0.026572038845434784,57,42,14,103,0.358668254585361,1.5511789835730243,0.05215008643284503,0.44537434716880886,0.05674709379672998,0.28278673952141087,0.032797776314691836,0.22818257359455216,75,19,0.002764494972648523,0.3918744272518237,0.01508811720896519,6.615883385049344,0.02897354960441585,0.1460391012644096,0.128019317984581,2.0647482139195685,0.2522914260625839,2.0214507998754727,0.00726214238675311,0.5174306965646192,0.00489241629838935,0.4738472864135431,-0.1242721080780029,0.04329741404409579,72,44,17,88,0.122708219805897,2.245858486230978,0.04105612842644084,0.3523349280222962
BadRange,0.06891457023816965,0.9990200606950294,0.16718011163175084,1.5775595040420183,0.05351357161998737,0.3570185866034239,0.03840292518958445,0.3684635167946112,68,16,0.004136223651437122,0.596268452323437,0.3536647236992181,5.230859246602185,0.02719983458518975,0.17944833845167096,0.144906461238861,2.7019892794311384,0.26760321855545033,2.6729601452752196,-0.007712055370211588,0.5501024877985892,-0.01366317272186275,0.36850679252620466,-0.1226967573165893,0.029029134155918592,103,47,13,57,0.6909191037020721,2.2200083753187534,0.050413774538913166,0.5419000878771288,0.047088064253330106,0.3894599828829751,0.032369369905209125,0.2556548080375805,81,21,0.00316623611558831,0.40786807715260315,0.4618930619005215,1.0914563057948197,0.0235572829842567,0.19130586974394675,0.1373666822910308,1.6075344298693266,0.2494350373744963,1.5332932401569603,0.013818466383963812,0.5502608425719646,0.0144124552607536,0.4680009901786738,-0.1120683550834655,0.07424118971236619,58,46,14,102,0.007950856637313817,1.0844035935657994,0.04241688946916608,0.3241621234576839,0.0547171980142592,0.2261311425869551,0.029502707301871812,0.20719529779595627,82,17,0.0022222620853657215,0.30726759749496796,-0.3936162391842286,1.2952643899027976,0.025519598275423046,0.11184555172129251,0.1027854979038238,1.373639558145152,0.18087823688983912,1.2902324949828332,0.006799204228445878,0.4771961736714646,0.0071721300482749505,0.4049151119829474,-0.0780927389860153,0.08340706316231876,66,41,18,94,0.07815601376997305,1.3118550005484768,0.03675770915882461,0.2820485939129664
BadRange,0.06558265543356796,0.9486490381862922,0.15638084135949587,1.5016650461741066,0.06352390348911274,0.3744224023157454,0.03944291966035958,0.31440365270923293,70,21,0.0042563295875643736,0.5908233133735287,1.1907765311254392,20.070911706829744,0.029541671276092547,0.20198303805224305,0.1904324889183044,3.7364566406411766,0.3045227527618407,3.716525560231436,-0.0019365869462490055,0.535861332554456,-0.010032266378402651,0.4499877187266518,-0.1140902638435363,0.01993108040974052,92,48,14,68,0.82281250983443,3.9564636340625405,0.05170263911347238,0.5510680045570524,0.04500278085470185,0.2410217646021235,0.02780739217530933,0.17340242395666763,76,27,0.002692806042219047,0.2943027745213025,1.0209102015075073,0.43162284902197046,0.022804707288742,0.13903508056617372,0.1561214327812194,1.125671990594111,0.2528198063373564,1.1098426674269328,0.01909717535600064,0.4949556571480882,0.0177957117557525,0.5154660093596832,-0.096698373556137,0.015829323167178284,45,47,17,115,0.1546962210634383,0.46673518559382715,0.036422422699205,0.22208483059049025,0.0416182288900017,0.3630168350629226,0.025713409738382282,0.19725562067321484,81,25,0.002009720360678218,0.28141618206906427,3.266080610671115,0.6345050109861341,0.019713949412107398,0.14407118211326153,0.0911348015069961,1.2635524572758137,0.257925048470497,1.1554645027138397,0.0052206461317837165,0.4708480564715623,0.00598600506782525,0.4906316999313678,-0.1667902469635009,0.10808795456197391,68,43,16,92,-0.8731224763885466,0.6425118465320148,0.03516459167348379,0.24437325914677477
BadRange,0.05981358461584021,0.9015346675384255,0.14234865695238091,1.4302892586699198,0.0562654882669448,0.30508804254754607,0.0364980074157938,0.2617610535614401,69,18,0.0037034108473964567,0.4936765780143196,1.7068917812585278,14.238332085832255,0.02535864710807795,0.15425464270907482,0.1904324889183044,2.905907673781091,0.3045227527618407,2.8574092632375656,0.002173319831490514,0.5350645569961724,-0.0081385672092437,0.43882721331653285,-0.1140902638435363,0.04849841054352523,87,49,12,73,1.0090473100355446,3.468759683182277,0.04821240697890646,0.45539268533959726,0.0437900088727473,0.27934718396718483,0.026749096191488176,0.1861229634034585,76,25,0.0025150406859432966,0.27702531512679107,1.2949051663153357,0.31471103458321803,0.0204757079482078,0.12978734234265718,0.1561214327812194,1.1663902910806823,0.2528198063373564,1.0983045579673805,0.017612901236861926,0.4690953014259257,0.016164869070053052,0.4668300378764966,-0.096698373556137,0.0680857331133017,48,46,16,112,0.23967346783066376,0.6091118913360206,0.035631745279780046,0.2386941836470067,0.03566364105790845,0.26056446233907227,0.02238396626140452,0.1564642254124221,77,23,0.0015584286102632227,0.21691306337439972,5.816410406141834,-0.36591425730230576,0.0172921251505613,0.13375553216755476,0.0830326005816459,0.8781849159421714,0.24982284754514678,0.8264595640333986,0.004806482838466758,0.426129400247822,0.00317132659256455,0.39533794674627903,-0.1667902469635009,0.051725351908772844,73,46,16,87,-1.054092385063949,0.40145270587803866,0.030933738949922067,0.1879542434179959
BadRange,0.060260451283195834,0.8618324668596987,0.14468357041478136,1.3680357287851086,0.050209298729896525,0.324286775752723,0.036303180698305335,0.28120733288706734,58,18,0.003874504397054815,0.5420570731618397,1.354341522521068,8.782118810794904,0.0241245627403259,0.17946650189340954,0.1576788425445556,2.6433224369816495,0.2634529471397399,2.592150046569513,-0.009483350068330752,0.5931406860788844,-0.0215910971164703,0.4992605120650008,-0.1057741045951843,0.05117239041213666,111,49,15,49,1.2380607473384584,2.5648075284173006,0.04843857623385539,0.4361664816096142,0.037023473531007725,0.3370587873629982,0.025660801436752055,0.2139951403842582,74,23,0.002165024856884044,0.24734433253494037,0.17865119428572562,3.933125378698805,0.01969167590141295,0.14349178467066087,0.1122514009475708,1.5682977404102925,0.1753663420677185,1.5387657801025167,0.016078083962202054,0.40906854744792165,0.01290778815746305,0.33349487993705684,-0.0631149411201477,0.02953196030777569,50,47,15,110,0.3534949237566306,1.6218834169815541,0.03318915867025943,0.28285553914284206,0.03821459040045723,0.3293085395696754,0.022998055908828925,0.18985966858374248,77,22,0.0012778911782989485,0.1859984442181799,-0.36480202631241676,1.0232256162403806,0.0203466117382049,0.172680105195894,0.0797563791275024,1.1528221200840665,0.1490847468376159,1.0885639169124222,0.0012056082487106334,0.3658264952583027,-0.0011954754590987999,0.30017808307195226,-0.0693283677101135,0.06425820317164423,82,48,16,78,0.09062890776782033,0.9603986004060987,0.02832388587183063,0.22840625995188243
BadRange,0.06622285856731894,0.9467169974394115,0.15851338692009428,1.4656532737918768,0.0669405758380889,0.3774809609424276,0.039564757458865604,0.31685088945622286,68,16,0.003975516964549963,0.568509191247758,0.310488402992402,18.182433790860536,0.03147453069686885,0.16881103677762163,0.1576788425445556,3.5228798617087245,0.2634529471397399,3.4469458076149793,-0.0005503468215465508,0.5407396672820366,-0.0114683508872985,0.406008458052082,-0.1057741045951843,0.0759340540937454,93,49,15,67,0.8047043954782302,3.7758102006124323,0.05000020348355817,0.5254615147424883,0.04872004687786098,0.3366170974512249,0.030011616842821214,0.23643277305506252,72,19,0.002782149857851895,0.33573852217714917,-0.010208780184716382,3.131742921140118,0.024704948067665048,0.16451948095799146,0.1311521828174591,1.696544588950551,0.1942671239376068,1.6776865028343466,0.01752796871587633,0.4823786968925198,0.01477165520191185,0.3865636609634284,-0.0631149411201477,0.01885808611620451,57,42,15,103,0.45722483049616186,1.57875596781933,0.0379554717441829,0.3210129513920329,0.0417204331606625,0.4008602653027871,0.02718958514975379,0.23631980325836932,84,23,0.0018950945720972389,0.2882344622307575,0.6277267419319004,3.694737543063291,0.0212016887962818,0.19773175158266426,0.0797563791275024,1.674945792492776,0.19452576339244831,1.5963351340660865,0.0009196102153509803,0.4425349096173204,0.00462784990668295,0.3938365509100602,-0.1147693842649459,0.07861065842668949,76,45,18,84,-0.5339332221123415,1.5375518881411752,0.034511336933950414,0.30396926818470904
BadRange,0.07020298310493081,1.1312521926322896,0.16549965567886804,1.7624152579384025,0.059000819921493475,0.5425904151305132,0.04184360518120226,0.3619644891082921,70,22,0.005843946971672153,0.8623926992873254,4.371625031328156,8.731444590931758,0.029193490743636998,0.2749932039981687,0.2775892615318298,3.3217644822443697,0.39829927682876576,3.22789389743802,-0.006643619015812857,0.7564283701662156,-0.016887873411178547,0.6796267978450518,-0.120710015296936,0.0938705848063498,103,48,15,57,1.5947027137495404,2.4107955587633345,0.06025797107358271,0.5387103304142291,0.042814448475837624,0.2930445631952843,0.027439382090233232,0.20011097167639239,75,23,0.0022951429999525136,0.2920019591429987,0.3475445549566527,1.0898696427680816,0.021737545728683447,0.14746692663793198,0.1311521828174591,1.2075454287566998,0.1927364468574523,1.1073717251719932,0.014151849970221512,0.47317385628999714,0.01195730268955225,0.4316337865995296,-0.0615842640399932,0.10017370358470666,61,37,17,99,0.5174519897739371,1.0824388617068819,0.03524133532676146,0.2609759775662347,0.0474076271057128,0.34385014909479483,0.03092069849109972,0.24374354355281916,87,22,0.0025361742728940706,0.38691251931703236,0.3405529788989714,1.0416487169275452,0.024013520218431852,0.18359127844755835,0.0934367179870605,1.562710368979208,0.20820610225200642,1.4983855450649377,0.0031229976331815044,0.5328130314821898,0.00858700275421135,0.5073029439362501,-0.1147693842649459,0.06432482391427014,69,37,16,91,-0.43285594297778707,0.96362302732055,0.039815370204169025,0.3209716386221553
BadRange,0.07281175487136989,1.1698482632395666,0.17221066314727043,1.7928183231175057,0.0610556006431578,0.5996316488774507,0.04439755618572231,0.3653750337475956,66,19,0.006212577527619694,0.9242404217513895,3.336576377137365,9.7257389143052,0.0302313268184661,0.2697523401009345,0.2775892615318298,3.4731284430211025,0.39829927682876576,3.407193645748077,-0.004152458906173691,0.7834497192391234,-0.01379346847534175,0.673769905795748,-0.120710015296936,0.06593479727302537,101,48,17,59,1.3815994300591703,2.654594684017274,0.06236930417231069,0.5571776728975489,0.05185951292514793,0.4134720973971687,0.0321265580016188,0.23646331015239308,77,23,0.0030741633644113305,0.3929124243292027,0.493811236392681,0.08236598245268612,0.026392444968223502,0.2245897729248501,0.1236491203308105,1.3478351080134967,0.2486116886138915,1.1992077253269244,0.01622091699391602,0.5544056254285084,0.01299674808979025,0.5326082239612917,-0.124962568283081,0.14862738268657222,54,40,15,106,-0.17238753598240875,0.7173971579469691,0.04084927293113468,0.29248389156059046,0.046753343194723025,0.42253327349781084,0.028159611170995004,0.2483941668668487,81,22,0.0020737714409616373,0.3051972379894499,0.18601054751743673,1.9400676175715903,0.023713413625955502,0.1915092099814681,0.0934367179870605,1.6135490462343103,0.1960116028785705,1.606344528391893,0.004491192335262892,0.45496297844987366,0.005118757486343351,0.3662307427230541,-0.10257488489151,0.007204517842417314,73,40,17,87,0.019690408861987266,1.1853109916891678,0.03583240291798302,0.31337824785627627
BadRange,0.05530640724874418,0.8275973066681099,0.13217048103921092,1.3006336069685642,0.03661584854125963,0.2465828246147183,0.026241220030933588,0.21878861564502672,66,19,0.0023266396759345958,0.2958476510337199,0.8147232708391847,4.24617403757731,0.0186761915683746,0.12536026147705692,0.0886328816413879,1.6615516161594615,0.1911737322807311,1.604133921745715,-0.013973072916269275,0.4322396923194906,-0.018161237239837598,0.35877827297194875,-0.1025408506393432,0.05741769441374646,118,47,18,42,0.7315823148544705,2.0482076577315658,0.035592424191952264,0.33017646708581766,0.04805257543921463,0.3067546124056559,0.02977720703696829,0.208646719565874,74,21,0.0026700755558799714,0.3412669598929783,1.0306327257225858,-0.4023877997736607,0.021624848246574402,0.16076822759091877,0.1236491203308105,1.120983573041432,0.2486116886138915,1.0447457015747887,0.014548429567366827,0.5217176905254511,0.00749042630195615,0.5016052897683114,-0.124962568283081,0.07623787146664315,60,39,12,100,-0.14134749058066903,0.5815686717681542,0.03829235987377561,0.2628261997704336,0.0377152515575289,0.22530026539866532,0.021299282925756367,0.13865261715246963,82,22,0.0011167138694269576,0.15385573139068526,0.19290457278036532,0.705422075892653,0.01900245621800415,0.11291143715538468,0.0885562300682067,0.8732875426900136,0.1477087587118147,0.842162453835523,0.001995558670023454,0.34667622412362253,0.0022858008742332,0.3253112174024292,-0.059152528643608,0.031125088854490657,77,46,14,83,0.2744694233938316,0.8291139313012664,0.026425905223936907,0.18349748504563515
BadRange,0.061264145878577383,0.8867657997119964,0.14638356740586436,1.3784674234885594,0.05542825162410732,0.3550159781536184,0.03640033757314082,0.295286506603041,61,18,0.003589937679012104,0.5194857986003647,1.2877846621051834,17.30258048356134,0.02588534355163575,0.17422314717812015,0.1716480851173401,3.297308391923148,0.2741889357566833,3.280837719460731,-0.0020102009177207767,0.5248142314820294,-0.0127799808979034,0.4171393985068417,-0.1025408506393432,0.016470672462417,99,49,14,61,1.0430257801893992,3.63731769925311,0.04747374134599701,0.494020061368252,0.04516077786684028,0.29828490982189804,0.02914155915612352,0.2052242038788752,74,22,0.002745390833475676,0.30584756342399916,0.6180066911339046,-0.7700018928382732,0.02237063646316525,0.15159888467564836,0.1326784491539001,1.0256212002125769,0.21700572967529289,0.9734351091917735,0.016725261788815244,0.4948953626647688,0.013747766613960249,0.4660684773220088,-0.0843272805213928,0.05218609102080345,51,42,15,109,0.09394503561903082,0.317912601438436,0.03801535458097659,0.24683221717779488,0.04285945557057845,0.2654850868808464,0.02347300302601065,0.1681157673360187,78,21,0.001311291662249985,0.18050135766453515,-0.23441578081138603,3.806971007830537,0.02102754451334465,0.1149087813394347,0.0704094767570495,1.2819835616025799,0.1578772068023681,1.2399157225122204,-9.298268123529834e-05,0.3587578293417613,-0.00089663639664645,0.3031029471797646,-0.0874677300453186,0.04206783909035959,82,42,16,78,-0.08210019464289578,1.6308109247237261,0.028717643307018825,0.22758334198821067
BadRange,0.06283099907722448,0.9708487450399411,0.1494716954603789,1.5025856833135935,0.05480512976646412,0.398635441951821,0.037182081788778264,0.3042899269350908,64,19,0.003700347984630521,0.5275772689964606,1.0545896412830995,9.960010600127367,0.02755314111709595,0.1990162877150649,0.1716480851173401,2.7951198186641846,0.2537071108818054,2.7311223047180055,-0.0015205763280391569,0.5351811459557324,-0.01151290535926815,0.44085339854395644,-0.0820590257644653,0.06399751394617889,96,49,17,64,0.9433481691463261,2.908909495406516,0.04821759211332755,0.49107882260383584,0.0391080081462859,0.3840530817588711,0.030300076736602906,0.23507549033329597,74,24,0.003360655402855566,0.40598011314007876,4.112702399107908,0.6742658255871521,0.020221516489982598,0.19846115586797075,0.1892986744642257,1.5028050780163456,0.3797872215509414,1.410204133518947,0.015619918238371593,0.5666096314645097,0.0118840485811233,0.5318353595751806,-0.1904885470867157,0.09260094449739861,51,42,17,109,-0.08586582565721676,0.6316816144619398,0.04322156206608884,0.2914337637812945,0.04213016293942917,0.27580526750731893,0.023712992260989215,0.1604889382613987,71,22,0.0013671605286647236,0.2038768945375283,-0.272369336159088,1.0046678868114531,0.020143657922744702,0.1352570798744213,0.0658124089241027,1.0788980050605723,0.1532801389694213,1.0043110012877874,0.0008461412275210043,0.40079490589335187,-0.0013936161994934,0.36808751140140983,-0.0874677300453186,0.07458700377278502,87,37,14,73,0.06078264349332929,0.9510379839165609,0.02931090123586973,0.20794311228667214
BadRange,0.061023259261539696,0.9303444041972013,0.1464363121660424,1.4586242044689763,0.0575117468833922,0.3299830166710352,0.03531893255189057,0.28635482745343505,68,16,0.0032296401287202365,0.46672881511447284,0.19026397587191246,12.723661571085447,0.0283136367797851,0.17322683348941034,0.1295140981674194,2.9110878043075177,0.2097355723381042,2.830133250185499,-0.005815583840012536,0.4994647157988665,-0.011922806501388501,0.4085070167211172,-0.0802214741706848,0.08095455412201867,98,43,15,62,0.8014280603537642,3.2002375184331933,0.04468989237571949,0.4661156646009984,0.044660791754722526,0.37370335239134445,0.03012975086923685,0.23012748697073587,68,23,0.0027401001278409055,0.3849466672609016,1.4658944086633632,0.1855150053650152,0.02220536768436425,0.18753071287898085,0.1614721715450287,1.3036882475492582,0.24826779961585999,1.2033324323470473,0.01102932142093777,0.5488756273105347,0.0071720778942108,0.49090405042602314,-0.0867956280708313,0.10035581520221089,67,35,15,93,0.7702627418698416,0.7215393207083258,0.04001152851343715,0.2892787807727495,0.040045711211860076,0.34664830533765856,0.02460209071497952,0.19575167018683778,78,23,0.001507965980433269,0.2237382300191243,-0.1421024650002214,-0.13658702144027313,0.0204069316387176,0.16032400614103048,0.0787069201469421,1.1057365227730458,0.1731253266334533,1.05055024673254,0.0006272226717555864,0.41028386135957484,-0.0014383979141712,0.35592409581496676,-0.0944184064865112,0.05518627604050581,81,39,16,79,-0.034081516246665194,0.6613651646602112,0.030789777434339794,0.23538348099856443
BadRange,0.07198999237925008,1.1169310240410042,0.17071957145351896,1.7138054833221217,0.07811078429222097,0.47120731981775177,0.04445998196955766,0.4202074642466082,69,14,0.0049764117292181295,0.7274331714320295,-0.11512022612436645,7.700240573861985,0.03637000918388365,0.16615672049849117,0.1316480636596679,3.4313324755299974,0.2945029139518737,3.3804067730285827,-0.0006448563188314341,0.5912795717756868,-0.00832274556159965,0.384843475305382,-0.1628548502922058,0.050925702501414545,92,45,14,68,0.2891990514553104,2.5500545397798007,0.05594104255915937,0.6146719771006239,0.04903729259967795,0.3195482444289385,0.03740990352118384,0.26087773688529425,74,21,0.0044509614318176466,0.6169971702508065,1.2567948270467832,0.04771284651729957,0.025158293545246103,0.16529969888801105,0.1927134692668914,1.639301874720617,0.3348571956157683,1.5155899136529125,0.013698110263794649,0.7084627461285691,0.0092349275946617,0.6589786774835416,-0.1421437263488769,0.1237119610677044,56,37,13,104,0.26484158067493563,0.6367845772009793,0.05109333100360041,0.3392310534116435,0.0330002233386039,0.3417658854731652,0.02328414980762314,0.1827908645133067,83,25,0.00151354249478462,0.2165904008088387,0.5713959013932493,-0.9230799091866957,0.016118798404931998,0.17691734346015378,0.0958355590701103,0.8760885839767951,0.1902539655566215,0.8266453024542888,0.001818995914072724,0.4140631654178659,0.0039812959730625,0.4147502266410315,-0.0944184064865112,0.04944328152250634,73,40,16,87,-0.1489260914460404,0.2550984047964056,0.030799090292944212,0.21246669351447942
BadRange,0.07178918966029771,1.0714357790816336,0.1721209891885517,1.6627714949756012,0.06679059565067283,0.42274960734791134,0.04049859357997772,0.36829463191576584,67,16,0.0044562337536134975,0.6317342551688266,0.25890353329381277,5.404177970470643,0.03107377886772155,0.17700734709638466,0.1316480636596679,2.798320133313459,0.2945029139518737,2.709890569650217,-0.009063096344470967,0.5732230002205091,-0.01580768823623655,0.3764191691389578,-0.1628548502922058,0.08842956366324178,107,47,17,53,0.42677574004115854,2.3149792175041632,0.05215368079809138,0.5505902716058694,0.0520950406789779,0.602280519112584,0.036298982985317675,0.31283195842135786,80,22,0.004115873463683005,0.5585592687395813,1.3213829885472785,-1.1079914741612145,0.0258122533559798,0.33588174370860446,0.1927134692668914,1.449338479086049,0.3348571956157683,1.3656721975883817,0.013888102024793611,0.6537986341897826,0.0138988494873046,0.5718475812122599,-0.1421437263488769,0.08366628149766742,57,39,14,103,0.08917724562515567,0.14882528772794956,0.04893370215908988,0.362086474024032,0.04334469512104985,0.3326158798627231,0.026322374457376962,0.22704522915722708,84,19,0.001813466473803703,0.2703280304049323,0.17671184279795416,-0.43818821995731483,0.02176017686724665,0.1681682616733003,0.0958355590701103,1.1150978472944066,0.1947514340281486,1.0689304851724146,0.002309005486313252,0.4357498605653094,0.00444274023175235,0.37895111633025336,-0.0989158749580383,0.046167362121991934,72,42,16,88,-0.24699459068390883,0.7361475015854839,0.03369243111227783,0.2836372497085772
BadRange,0.0655970461475177,0.8826849972896262,0.1559405070543287,1.3950595408720048,0.06698153913021077,0.2730176602161627,0.03968730822205539,0.2885436237312276,68,17,0.003909094087623182,0.5645423848900205,0.06489096296166519,19.78467160678386,0.03196182847023005,0.13776787930857554,0.1418370604515075,3.6801897169781075,0.234748601913452,3.634318975017268,-0.004089537262916557,0.5086349504481542,-0.0142937302589416,0.39081923726808804,-0.0929115414619445,0.04587074196083923,95,47,14,65,0.7352383267518098,4.128317754153293,0.049413765706000416,0.5530215837312538,0.04382200539112077,0.3745174310307305,0.027089885408058734,0.21305572153770214,76,23,0.002440224916953553,0.28265811305808347,1.6225348054772502,-0.7520247670027032,0.021938532590866,0.1867802967582712,0.1699469685554504,1.0406351404205978,0.2353286743164062,0.9757774887321146,0.016980952955782398,0.46637457396044296,0.0138988494873046,0.44262352316816655,-0.0653817057609558,0.0648576516884832,50,43,15,110,0.41261545243661196,0.4193039116216793,0.03527841194688066,0.25525060199987537,0.0487718833610414,0.3644001525889138,0.02688214049238008,0.2374010003729033,78,17,0.0017686377391264154,0.2651944146891661,-0.17805608568804487,0.15403879932491105,0.024623006582260097,0.14488924317045587,0.0795374512672424,1.2045568926392984,0.1784533262252807,1.1602689996540452,0.0007439093780703881,0.42005001646340745,-0.0007250346243380999,0.3260245350019789,-0.0989158749580383,0.04428789298525331,82,40,14,78,-0.1140484867979089,1.0534806918569066,0.033343573558506756,0.2979134074832102
BadRange,0.061142360711341916,0.8314441624411293,0.14326997749507403,1.3157939677674737,0.05912832915782923,0.298043047896555,0.03859601567964997,0.32838065556086876,71,13,0.0040942381969869095,0.5874325594672867,0.3431866336621323,12.869842304135519,0.029332101345062252,0.15240779841307178,0.1418370604515075,3.3669178633540926,0.24905651807785023,3.240915572660827,-0.00743996538221835,0.5374155525104797,-0.01115801930427545,0.3974432541478135,-0.1072194576263427,0.12600229069326566,96,42,16,64,0.5125037588167138,3.3078120962242283,0.05019254286468615,0.5464586749125159,0.043232344090938526,0.3872351395960427,0.025209747636690705,0.210492362471331,78,21,0.0020575958811562337,0.22983902920288404,2.125820386743393,-0.34418821780605047,0.02183640003204345,0.18716834594479692,0.1699469685554504,1.0523994358765867,0.2299708724021911,1.00319308098926,0.016648069396615013,0.40706379164417555,0.01526297628879545,0.338493449646887,-0.0600239038467407,0.04920635488732677,51,43,17,109,0.5437195069348056,0.6985857962609204,0.031861953985699056,0.25325500732493195,0.03419489134103058,0.2699611766521612,0.02126757000864013,0.16267078103692825,79,21,0.0012183352431330526,0.17605568902255733,0.19816956648628103,-0.640702065306265,0.0173141099512577,0.13698444154531325,0.0795374512672424,0.798028874150532,0.14665979146957392,0.7584638737095796,0.0032602744642645084,0.37131462361281853,0.00256821513175955,0.340288155104282,-0.0671223402023315,0.03956500044095244,74,41,16,86,0.23565271254159872,0.3656080280694115,0.027487312336743352,0.19539994706710706
BadRange,0.06873278720014112,0.9197145701812757,0.1597875083237884,1.4305267889673665,0.0683064460754394,0.45061848255157133,0.045105649232864344,0.3996909112218809,64,18,0.005370887845674156,0.7876618213491677,-0.053025264005356565,14.55153233010087,0.0311360955238342,0.2235765409279331,0.1683949828147888,4.121284971015802,0.2951882481575012,4.0979962078515,-0.0071202903985977065,0.597418158772967,-0.01800754666328425,0.4174378261970729,-0.1267932653427124,0.023288763164302558,103,39,13,57,0.6000834573897311,3.4185554814040366,0.05767928128885167,0.6563180364103107,0.05217799171805375,0.32927254624289853,0.029652652528602597,0.23466345825690765,85,19,0.0025443693686893988,0.3233185410859099,0.022261152444257082,0.4138631057110542,0.02735728025436395,0.16609576613972185,0.1218605637550354,1.2154684768577906,0.2197623550891876,1.16634782467114,0.016175737790763367,0.4785860959949655,0.01906697452068325,0.4202969041484682,-0.0979017913341522,0.04912065218665046,54,38,16,106,-0.06270316805939455,1.0229560943720617,0.036564083313186994,0.3070405344676946,0.03047575615346417,0.29676830387408787,0.020294915218255445,0.15994042131856454,81,24,0.0011513069247747023,0.16159433490687633,0.6017014480679324,0.008282021456052835,0.0155362226068973,0.14321822542230317,0.0759013891220092,0.9237797998060021,0.1515762656927108,0.8923572401075067,0.0034424189943820177,0.3545225341994342,0.0034616924822329998,0.32130155106849045,-0.0756748765707016,0.031422559698495424,67,44,16,93,-0.18363224030688824,0.5875912244290112,0.026686468989373845,0.18949434728162032
BadRange,0.06687245910681232,0.9181907154406729,0.15448904860764717,1.438214970893996,0.05795484781265258,0.4256345911453332,0.04192411839962002,0.37923064616832286,64,17,0.004787391178013104,0.6918994140837522,0.3239218493299245,13.17095408331246,0.0282295942306518,0.19807857143457452,0.1683949828147888,3.7538110202447235,0.2951882481575012,3.7459324936652703,-0.006158887594938264,0.5696948816611637,-0.0153520107269287,0.39250690111803777,-0.1267932653427124,0.007878526579453057,102,43,15,58,0.7413073442211078,3.218663160004752,0.05452309039309576,0.6060917058439464,0.0481988862156867,0.2907402030327648,0.028920310463290633,0.2008805934505812,79,21,0.0026367787615672223,0.32113749464921165,0.4340230233451514,-0.20232607614603415,0.024334311485290548,0.15706837551984867,0.1218605637550354,1.1531620203448503,0.2197623550891876,1.133976998392486,0.016977213881909828,0.5044906016860707,0.01640172302722925,0.47059554995336406,-0.0979017913341522,0.01918502195236436,51,43,15,109,-0.01504087815322956,0.6823902260149701,0.03699071356911222,0.25812153621818906,0.0364735089242458,0.27406810571124135,0.021807325081317646,0.17600818966578693,78,23,0.0012711839731890783,0.18109760363155783,0.34338514918113994,-0.20944022497303205,0.0175637677311897,0.14049231344071383,0.0846328139305114,0.8627681201461807,0.16030769050121302,0.807716211203743,0.0033941598376259173,0.3640294875467615,0.0017941370606422,0.33892146266118245,-0.0756748765707016,0.055051908942437625,72,44,15,88,-0.1574571430519684,0.7943269208582202,0.028069449580249786,0.22040901938895324
BadRange,0.06103261822438377,0.8140456799820839,0.14275333780795313,1.247797582676579,0.057602673768997074,0.34038675263249685,0.03828690065070982,0.3364484569000173,68,17,0.00391429102730217,0.5471901293006501,0.19206530215666762,13.682109933769226,0.028541624546050998,0.16009339856669352,0.1291512250900268,3.4319833409173843,0.2543297410011291,3.399412821251408,-0.004255380854010571,0.47324884376415194,-0.01070877909660335,0.29472890052435663,-0.1251785159111023,0.03257051966597604,97,47,12,63,0.6996383515943424,3.4461686906767017,0.049432743212221804,0.5685293846201298,0.045289680361747596,0.3657077022197066,0.026769798516761478,0.23457477025125797,85,18,0.002336369654322863,0.27634164825693786,1.229709362684579,0.7031969057091163,0.02265277504920955,0.17289518881758364,0.0983878970146179,1.3468631396113113,0.2173669934272765,1.2982385442746154,0.016433637030422672,0.4328142090923027,0.01817278563976285,0.3708759810605172,-0.1189790964126586,0.048624595336696025,50,47,17,110,-0.4520618628519473,1.1102825150455733,0.034607108120762176,0.2983513175180264,0.032724373042583396,0.23157952579433727,0.020313107543915934,0.1475596430742647,73,22,0.0011471570859410906,0.161931998981702,0.3586997163993404,5.964013096891421,0.01655817776918405,0.12025805192327614,0.0846328139305114,1.1817652183690943,0.1402300149202346,1.0921619694062685,0.004514360218308866,0.34173452982012464,0.0017227344214916,0.3190403711526467,-0.0555972009897232,0.0896032489628259,75,41,15,85,0.45784841770973644,2.133052911277845,0.02647592912774527,0.2124841408442532
BadRange,0.06084516152054749,0.8315575716690788,0.14250478528439975,1.2790876949734384,0.0652594566345214,0.35149182073760593,0.03992697347421195,0.3501059582645937,65,17,0.004152401307320759,0.5801995887349373,0.09822576586555165,7.42346233859157,0.029486894607543945,0.14079837756165614,0.1291512250900268,2.8998714388294378,0.2155142426490783,2.829414372220743,-0.008401373401284204,0.5236135878566932,-0.021486431360244702,0.3423300337501807,-0.0863630175590515,0.07045706660869458,105,45,17,55,0.8827122802606174,2.6787437964252545,0.05040383076235046,0.5531983363557579,0.04160436987876885,0.2122110008207383,0.02454654456232671,0.17758292938189274,85,18,0.0018768453474990326,0.23221227743543174,1.436175405110328,4.7982341162949504,0.02066501975059505,0.10532378551756424,0.0983878970146179,1.4842534359851454,0.2173669934272765,1.464796755814782,0.013305407296866167,0.40932171900393116,0.01510213315486905,0.36381978040799495,-0.1189790964126586,0.019456680170363245,54,45,15,106,-0.3862179459549678,1.7327897120682638,0.031658467983630964,0.25429905188006224,0.027328960597515,0.2564907315864408,0.01997656505904156,0.16645015183257592,74,19,0.0011718175835376673,0.16506440164856914,0.9358836362829028,0.2992467166456403,0.013725377619266451,0.10322884463436166,0.0976471379399299,0.9375224700124557,0.1532443389296531,0.9168859838753602,0.004584232391789553,0.34615238811281407,0.00242062658071515,0.2841615006429128,-0.0555972009897232,0.02063648613709544,72,40,14,88,0.6993525798969259,0.9468343414874408,0.026755276737444093,0.21270384541038478
BadRange,0.058724085867691886,0.7477405985950939,0.13554878629744033,1.148301524211392,0.08159118890762318,0.3547121970137129,0.04322444368153806,0.33060405805661,70,16,0.004226556668039331,0.5992307645914972,-0.6613789585720404,16.00185416736288,0.038319706916809096,0.19815615929461633,0.1247256398200988,3.5876145132288735,0.22732073068618758,3.5404707691385573,-0.0025448188185691724,0.5413479894065268,-0.0101646780967712,0.3821174382957958,-0.1025950908660888,0.04714374409031639,90,45,16,70,0.39045016275846317,3.5396268515676423,0.05149461047410189,0.5533291235395151,0.034203130751848124,0.1993093861382826,0.019356220535701112,0.1235143124035747,83,20,0.001253942337810491,0.1256947112282397,-0.3623875709341977,1.8061058169399642,0.017058782279491348,0.0912267243138172,0.0756555199623107,0.8962583693915551,0.11580792069435109,0.8829204918114368,0.014065036084502918,0.31224834749733366,0.01511257886886595,0.3029861270697708,-0.0401524007320404,0.01333787758011825,47,46,16,113,0.15728160196043744,1.0964085543366657,0.024281135801212397,0.16791569525635186,0.028809363022446525,0.2816425653486311,0.018233737324480855,0.15640277040791012,79,18,0.0009407334931747634,0.12230628180347701,1.2314378957747296,-0.08140592830492688,0.0148484036326408,0.09223822824964525,0.0976471379399299,0.8194409139965462,0.14585179090499872,0.7897144473211942,0.005717271799221628,0.29470518730753154,0.005038391798734649,0.2329991976208543,-0.0482046529650688,0.02972646667535198,69,41,17,91,0.5621522376314538,0.9350762359455003,0.023638179040170307,0.18829533817253613
BadRange,0.059651544771224495,0.8024552697067041,0.1390188262518493,1.2198110972233511,0.07821990549564353,0.531203857847686,0.04354477435350414,0.3581144034681508,72,20,0.004365221706300625,0.6240005694949102,-0.6614632606583855,10.39425454271897,0.036448866128921495,0.20984961509930922,0.1247256398200988,3.169299432341461,0.22732073068618758,3.070932377614942,-0.002143183350563038,0.5613176348757786,-0.00982224941253655,0.38834100970747853,-0.1025950908660888,0.09836705472651898,90,46,14,70,0.29673532912783984,2.973140316189519,0.05235265354926211,0.5558084942427314,0.03622023761272417,0.2740084643461983,0.020629777767462627,0.1569100262547525,79,22,0.0014378119921675024,0.15793512247089858,0.4000691431685226,0.2564834303678394,0.0179154127836228,0.12843641708824902,0.0928267240524292,0.9435579136494544,0.15782690048217768,0.900232085759051,0.014290236588567479,0.34908837577348584,0.01377232372760765,0.29390083388873245,-0.0650001764297485,0.043325827890403415,50,41,15,110,0.04156035337586805,0.6715197951325006,0.026434618684666702,0.18992742922160588,0.03026821324601755,0.2706147331134981,0.019320732855630875,0.15853094049015615,81,23,0.0009823803129996092,0.13903975473941174,0.22936237673586968,1.8709673827217,0.015511732548475252,0.1284030418530782,0.0634220838546752,1.0542951660624056,0.1393328309059142,1.0316271616304944,0.0023657498008105857,0.3094050865740865,0.0026832669973373,0.2742470712380889,-0.075910747051239,0.02266800443191117,74,40,14,86,-0.12755693961526052,1.2146115501961143,0.02474302490630812,0.20810633613970952
BadRange,0.0608628144618135,0.8359927619242628,0.14151327876374103,1.31014482965687,0.06304387748241412,0.36343525918393527,0.03935813838616009,0.3553696319124336,70,16,0.00402715587630197,0.5830049296011939,0.6397396563585751,12.89175204531927,0.031078428030014,0.17826642058698544,0.1605345606803894,3.4391442340793197,0.2544714212417602,3.3782142265078905,-0.004713778942823402,0.5249413440848207,-0.01267108321189875,0.35465054419582764,-0.0939368605613708,0.06093000757142905,94,44,16,66,0.7825963646500709,3.170466094540775,0.05010432096524312,0.5544740885484332,0.04249441996216767,0.24712183392853343,0.025300034566316732,0.18407177410974446,70,20,0.0020554053771934806,0.23505061218569293,-0.038248667779576806,2.1512847525614918,0.019394025206565697,0.13688209831880338,0.0995849967002868,1.3095001381350997,0.1645851731300353,1.2093251096050381,0.017008776683360323,0.4205837411233924,0.01286912709474555,0.3525181223269067,-0.0650001764297485,0.10017502853006162,54,39,14,106,0.4223737422315264,1.365962409749068,0.03164790376646731,0.24116369728535872,0.0320951901376247,0.3219901485158355,0.02141215464798729,0.17672137571892374,80,24,0.001209294944702834,0.17844427045202976,0.2822739588246548,0.022924045276970784,0.016726220957934752,0.16762153242958683,0.0806874632835388,0.940535215276708,0.1565982103347778,0.8822731348721051,0.000793903972953558,0.3646197444486571,0.0007503312081097999,0.32365995370969725,-0.075910747051239,0.05826208040460291,79,44,15,81,0.12922799050350145,0.6418662686934856,0.02756680269342299,0.2132995837085151
BadRange,0.060692374542030206,0.8094376506928879,0.13975995234213748,1.2673389063549765,0.06855447590351095,0.33090275256761986,0.03890137133188541,0.34411271550394995,79,15,0.00391344881158552,0.5557885676483215,0.4965363674546923,8.918708153518585,0.030926108360290402,0.14127812794294214,0.1605345606803894,3.0697618328899066,0.2513350248336792,3.064751864487824,-0.0007429860532283783,0.5125490321395766,-0.0018664300441741,0.34198977644294126,-0.0908004641532898,0.005009968402082336,82,48,15,78,0.6257136306761202,2.793488669273006,0.04960577648413915,0.5413705360481902,0.044266387820243724,0.240378903400836,0.02519932973082175,0.1990458256944963,73,18,0.002143935473794472,0.22977083225966186,0.025665132366416543,1.9027883841277102,0.0203061625361441,0.11821143982399873,0.1143665611743927,1.313971744959573,0.15066486597061152,1.2625874324906248,0.019347196910530308,0.4029343016433551,0.01359524577856055,0.32200037062736037,-0.0362983047962188,0.05138431246894812,47,40,14,113,0.640015153216661,1.3350310870159778,0.031172405840155445,0.2596435649478792,0.032863486558198846,0.2483269598225509,0.020815070653406972,0.14894493871765468,81,19,0.0011112005968629886,0.16221173485348614,0.5165039622450665,0.9899380512122904,0.016927532851695952,0.12030004407674204,0.0806874632835388,0.944850823922144,0.16705142706632609,0.8927168277769204,-0.00016468661488033622,0.3518555725720448,0.00021552294492719996,0.31969669511141807,-0.0863639637827873,0.052133996145223634,80,43,17,80,-0.09013498173103048,1.0782355076505858,0.026435601140433668,0.19598313933470063
BadRange,0.059611866207477916,0.8068884786393983,0.13771043159067609,1.2353288068241317,0.05821976065635674,0.38831782870826204,0.038459250219166234,0.3280154604287561,71,16,0.004219731590982144,0.6030739045104009,1.9263820098075355,13.666188815759668,0.0298662483692169,0.16154633190867917,0.2052501440048217,3.510174423650976,0.3147664666175841,3.434339815502259,-0.004229745268821706,0.5208231585957553,-0.01097121834754935,0.36231033812524677,-0.1095163226127624,0.07583460814871702,96,48,14,64,1.0299355421296943,3.487207998045687,0.05134117230998178,0.5760357124178515,0.0432120673358439,0.3162967102107889,0.02398390349117105,0.17425173480524184,75,21,0.001964021945137102,0.20788416397202394,0.21729145796290483,1.7071682686693181,0.0219919383525848,0.1538719716470846,0.1143665611743927,1.1760204121969668,0.1765633225440979,1.0988425861036522,0.01840663822367785,0.39677796141183697,0.015971302986145,0.3554066354535227,-0.0621967613697052,0.07717782609331464,44,42,17,116,0.24630145394995956,1.1354941289439289,0.029904828242520838,0.22461392056123922,0.028536204248666725,0.2356469605341808,0.019005197572987482,0.13575482949709794,84,23,0.0009063098454732874,0.13077420071303447,0.13737992057741755,0.26937636760656725,0.0150312706828117,0.12343892540690737,0.0447841435670852,0.8067234645956898,0.13114810734987248,0.7492290133768379,-0.0017428390216082334,0.31772768681653946,-0.00042876601219175,0.2979316441718697,-0.0863639637827873,0.05749445121885186,80,43,16,80,-0.4203897411561945,0.8177185293837844,0.02381070348748901,0.17269428983972088
BadRange,0.061529392715345146,0.8902502517277386,0.14514410160481905,1.3825024740399579,0.057395949959754805,0.444240906444096,0.039468944012187375,0.347398255061021,63,18,0.004417270443149335,0.6241403348484073,1.724165110307383,6.631008909452824,0.02609655261039725,0.1825454420965661,0.2052501440048217,2.8678891361093686,0.335066795349121,2.79211256633019,0.00036783926188946743,0.6034804918471466,-0.0099775195121765,0.4201697834493704,-0.1298166513442993,0.07577656977917888,96,47,16,64,0.9104039624686526,2.3341357488633503,0.05270693839251813,0.5098545192585167,0.04584074392914762,0.30779777186756035,0.02650649587623772,0.1760912344879907,88,23,0.002271319242729126,0.25897827485429503,-0.25176800647849973,0.22032390686434855,0.02344366908073415,0.15112404301664006,0.1067933738231659,1.0477759066626746,0.1706720888614654,0.913499866382437,0.01769438451156018,0.4566962852575699,0.01959687471389765,0.4375610864270489,-0.0638787150382995,0.13427604028023762,45,42,14,115,-0.24175977105898935,0.719094422711508,0.0333682828120382,0.2245145382513823,0.0321693718433379,0.23334107909571478,0.01935496935911938,0.14405546742090064,85,24,0.000992088316052445,0.1356301721519152,0.18437180292357258,-0.026786944340143837,0.01576266065239905,0.11763648027678811,0.0611623600125312,0.8384239050329558,0.1378506496548651,0.814346480523293,0.0029004714917391476,0.3223256969352413,0.0044675804674625,0.3110863730846399,-0.0766882896423339,0.024077424509662892,69,46,14,91,-0.2315390408739519,0.41427988754652545,0.024809056221461432,0.17814689794415775
BadRange,0.056635481985055594,0.7962240575956429,0.13547382343560432,1.276187278204806,0.04390257596969595,0.42750403188245123,0.03213401435408738,0.26178410658547446,67,20,0.0032008074898694206,0.390095412396583,1.5526637735547295,1.1677896854448768,0.02055892348289485,0.1569656213836794,0.1450285911560058,1.6309497181799255,0.27484524250030506,1.5030269966897611,-0.0142393823713064,0.5246004391017429,-0.02496871352195735,0.4165817402260248,-0.1298166513442993,0.1279227214901643,117,46,16,43,0.8783893736060481,1.2812483823851166,0.04253294301020149,0.3389539669200548,0.03792849928140628,0.28342206891234756,0.02439451782731337,0.17055399630248494,82,24,0.0019321946449170674,0.22395734470301673,-0.002406934857952514,0.9016864526390966,0.0194095969200134,0.14974447020410536,0.1067933738231659,1.1283906061686293,0.1706720888614654,1.0909695637075798,0.015880466718226648,0.4210854285594888,0.017055362462997402,0.37471538448593866,-0.0638787150382995,0.03742104246104946,41,41,17,119,-0.08327130566378063,0.8417643034397287,0.03100711916443459,0.21597316166109234,0.031823819503187994,0.24540401645224233,0.02021415351948231,0.15877075462605578,78,21,0.001108549803680212,0.14679499940756574,0.30178132288554105,-0.6247114408941767,0.0163640156388282,0.13976801965414734,0.073304533958435,0.7637483755898891,0.1499928236007689,0.718428230580079,0.004435734660364683,0.3305014105435742,0.0040563568472862,0.30514640111960917,-0.0766882896423339,0.045320145009810055,72,47,15,88,0.13146906333037955,0.4830588687413314,0.026026940765445754,0.19381387214612256
BadRange,0.06005327002126874,0.8543523474247462,0.13945735223591305,1.3389620484413065,0.064378261566162,0.34513563968601846,0.03716246114112433,0.3083958007786437,66,17,0.0034169920181697524,0.4971496028707951,-0.053682407191925297,14.433985616557031,0.02894824743270875,0.17974462420151838,0.1353589296340942,3.1941119672571974,0.2213420271873473,3.116006293348079,-0.0016329351812600992,0.4942432861972153,-0.010735332965850799,0.36143325661759534,-0.0859830975532531,0.0781056739091181,97,43,15,63,0.7916807507871392,3.385671132291561,0.046328914687815005,0.5028649688731287,0.03760400414466857,0.2802922596462873,0.026528093148954195,0.1788837027506769,70,23,0.002392109347687597,0.2829510336814882,0.7333227071908901,2.024958331133753,0.01967343688011165,0.145625346411747,0.143906831741333,1.2779649396517905,0.21273145079612732,1.2496235689672281,0.01789210680872199,0.47568567014354096,0.0121075063943862,0.4589559596896683,-0.0688246190547943,0.028341370684562404,40,41,18,120,0.5689877928109357,1.1242175812075834,0.034385031938093065,0.23806338841068866,0.029535479843616378,0.19145730916534004,0.020956007064669345,0.147077311014408,73,25,0.0012274472785860112,0.1739837416030916,0.5092835946879397,0.2114608469610717,0.0146732032299041,0.1003086965550318,0.0865246579051017,0.8985959698940464,0.1506195366382598,0.8706734386924599,0.0038845975417643773,0.36903309210055013,0.0017188526690006,0.3655687503699324,-0.0640948787331581,0.02792253120158646,77,44,16,83,0.5069030268758951,0.45419877085568067,0.02750989669474876,0.19441789664997
BadRange,0.06164241592978006,0.8953378962734003,0.14386694259941554,1.4116301082760774,0.054286137223243575,0.32716185569654577,0.03460801713634279,0.2718638049757589,69,15,0.0031817919048905043,0.43043345441337616,0.43804175894256314,14.09881528820739,0.0260130763053894,0.17126549204161734,0.1353589296340942,2.8536749461486677,0.2301703691482543,2.8213632860453095,-0.008974098041653618,0.48465611667943653,-0.018298655748367247,0.3873741026103049,-0.0948114395141601,0.03231166010335822,103,45,14,57,0.9011413096438772,3.2535347076498495,0.04381878641247371,0.4422012019189734,0.047668460756540174,0.36645582926095316,0.02967989491880869,0.2114163884923605,69,20,0.0028658166972482264,0.3582485879567656,0.3982848967504169,0.6718841497210213,0.0231139212846755,0.18496349224840822,0.143906831741333,1.3189059307374424,0.21273145079612732,1.1991183561741412,0.017548935022205094,0.5335199038006982,0.01143412292003625,0.48735559499570513,-0.0688246190547943,0.1197875745633012,51,40,16,109,0.5722937163430522,0.7878988001741241,0.03863286723189918,0.2713025989651764,0.030121592804789404,0.3027783893443918,0.021720096123754,0.1654008731378701,79,24,0.0012959721590355452,0.19447853740626525,0.3315418823937093,-0.7489791922846933,0.01525489613413805,0.14697776880857347,0.0865246579051017,0.8371733516567117,0.151644043624401,0.7916353087984169,0.0024266823660582283,0.3934540877959427,0.0021203234791755503,0.3688445581074322,-0.0651193857192993,0.04553804285829475,74,39,13,86,0.14409452010531487,0.4696123630694424,0.028445579724769486,0.19917936189005067
BadRange,0.05915673806871473,0.8302339725883077,0.13947107879444934,1.3066713099325526,0.05336908996105183,0.3970112006750269,0.035474834195338145,0.3009489855280536,71,19,0.003672043207013361,0.5269472972339817,3.5112948682445113,19.497977129176576,0.02576866745948785,0.18989428728044777,0.1977690458297729,3.5795898996197257,0.292580485343933,3.527288488175574,-0.00470094569027423,0.4876563536406417,-0.01449325680732725,0.376960974120733,-0.0948114395141601,0.05230141144415177,92,50,15,68,1.4970869596717815,4.0059945422756815,0.04782492299389007,0.5377160756271802,0.03809028863906865,0.363893504906389,0.025332097428617983,0.18442896563696373,69,27,0.002419223377030151,0.2510277543250528,0.6160377499939478,-1.0122019568119742,0.0190575718879699,0.18392787781142,0.1280973553657531,0.8625575410215567,0.193194419145584,0.843928527429661,0.020357909519225337,0.4498200014641962,0.01753383874893185,0.490855672761088,-0.0650970637798309,0.018629013591895713,39,43,14,121,0.3174995844907246,-0.17051325669131243,0.033233613818653925,0.22065747349184273,0.0354129029437899,0.2973494911454241,0.0217395556713745,0.15782338413447738,79,23,0.0012067266475225698,0.17626062748201637,-0.004605901448219818,0.8005716085317585,0.0177820939570665,0.15408772196609716,0.0748471021652221,1.0329856366017025,0.1399664878845214,1.0036143880276642,-0.0007550495094619646,0.3691949548277147,-0.0013431385159492,0.34681513848442314,-0.0651193857192993,0.029371248574038295,84,42,15,76,0.07327797073657674,0.7742893198510296,0.02753858913894081,0.19988925136629554
BadRange,0.05385258934163285,0.7689009013206496,0.12663787225261308,1.2254012597166315,0.051937773823737945,0.3090151723532846,0.03289420944172884,0.297638594144684,69,14,0.003345730257624697,0.4910736546251638,4.061747917052165,13.39834273075438,0.0244589447975158,0.141061924466238,0.1977690458297729,3.113827201281277,0.2857176065444945,3.09458339681104,-0.0012112636119127177,0.46580491839392296,-0.00998431444168085,0.3304177398927641,-0.0879485607147216,0.01924380447023677,93,47,16,67,1.5672186029147315,3.4634921220231716,0.04585582274340531,0.523545062650002,0.03495831042528145,0.3059629065414471,0.02259807508438823,0.17999334733118194,73,23,0.0017269311722417375,0.2045647380554221,0.48030905778913535,1.634449446439099,0.01781538128852845,0.13735518944062997,0.1025410890579223,1.2055996115970833,0.16600644588470448,1.1363698690759971,0.013945600390434248,0.3933820165653909,0.01159499585628505,0.33157910040982175,-0.0634653568267822,0.06922974252108606,49,41,16,111,0.31462644851131727,1.0494044329617593,0.029839861270714765,0.2231934745873379,0.034839045256376225,0.22770705101240804,0.021180965555249665,0.1512225043665482,76,20,0.0011977473649315154,0.17424365477989665,0.701626229341012,1.137724003157194,0.01696939393877985,0.11576672684648752,0.0864393189549446,0.9366637630367685,0.1488514617085456,0.8708944602355192,-0.0011580371879972447,0.3662143247573176,-0.00301222875714295,0.3335063466637225,-0.062412142753601,0.0657693028012493,89,45,18,71,0.515261424577977,1.065163521426708,0.027421720316390657,0.200326541233154
BadRange,0.05431652640169761,0.7636199534720316,0.12815096331760262,1.2146535302451966,0.05369029939174638,0.29012093716102283,0.032505698325112416,0.25065197151998786,66,16,0.0027746678084056547,0.41934679790056373,0.802253948285784,18.0748071306046,0.02537581324577325,0.1465025215673909,0.1374615430831909,3.0956016220272566,0.2254101037979125,3.030662848121609,-0.0015893269330263028,0.4363619273230989,-0.00946667790412895,0.3591886099969611,-0.0879485607147216,0.06493877390564787,96,47,15,64,0.891665563133846,4.003123213694351,0.04174364917799278,0.4784715940193673,0.03638956695795052,0.3288409151105398,0.02318784712813791,0.19721934466577767,76,20,0.0016042795799438509,0.2119210106507081,-0.10356408314758703,1.4281843416514821,0.01852598786354065,0.1729803704601608,0.0792478919029235,1.2627710134778962,0.1539060473442076,1.243341009035068,0.01070719715207814,0.38545569478753655,0.0082921683788299,0.352230279513028,-0.0746581554412841,0.019430004442828077,57,41,16,103,0.13990202656354672,1.1181215437609486,0.02989340671692646,0.25168416320175085,0.035193927586078526,0.2736252561765311,0.0229335156755405,0.19966356528920978,74,22,0.0014872505324840012,0.2247692943087972,0.877148344018873,1.484422364168494,0.0175600349903106,0.13973761450847544,0.1027607321739196,1.1937911178200493,0.171156346797943,1.1412344812865232,0.0019728474901057804,0.3928359081345612,-0.0009832307696342,0.3543243218213702,-0.0683956146240234,0.0525566365335262,85,39,17,75,0.7427706670183146,1.3088293197598597,0.030519847433750476,0.265422763886016
BadRange,0.0585628396853279,0.8183768732902695,0.1369856964051721,1.2842883162467886,0.046276718378067,0.3388298899721136,0.03360504444688554,0.3136763799977512,72,17,0.0029736825745323918,0.4428102189675909,0.702459720088644,14.610240133636758,0.02394485473632805,0.13118464853979794,0.1374615430831909,3.160490781241828,0.22337532043457028,3.155276657519307,-0.0037871550768613775,0.42664067336004796,-0.01026988029479975,0.25643734280879377,-0.0859137773513794,0.005214123722520773,93,46,18,67,0.8281229515096807,3.476916427892163,0.043079088484561476,0.5106740200974352,0.043804556131362825,0.31438492277590735,0.027711437484249445,0.26270556371097,68,17,0.0024738381494161794,0.3314417756013718,1.4495350979104789,0.6587237719716352,0.020797431468963498,0.1444933402978789,0.1505643129348755,1.4231332022294332,0.22522246837615958,1.3674969381448296,0.0134258160367608,0.4639852352252265,0.00796435773372645,0.37482863069198846,-0.0746581554412841,0.05563626408460354,59,40,19,101,0.8484977934379531,1.23972973893254,0.03707407247584652,0.34082176734235015,0.0387430619448422,0.2696970949333832,0.023082004344905684,0.1902008826921316,70,23,0.0015020549034957247,0.21799172453087856,0.572299552840358,1.4816475887888716,0.0195802142843603,0.13963063671962156,0.1027607321739196,1.1984844179970067,0.171156346797943,1.1204192527149899,0.0061770569300279,0.3936624076615141,0.0021126000210642502,0.3364736269593067,-0.0683956146240234,0.07806516528201689,78,37,18,82,0.6257246365927239,1.2973608153773124,0.030104694171971706,0.25104109887629644
BadRange,0.06119927402418157,0.8674829918785784,0.14433785097673513,1.347093901658558,0.04999551177024832,0.4039880282113493,0.038257649983279365,0.3496950990407424,65,15,0.004076829727117784,0.5713682919081853,1.641047964189414,10.641239799576274,0.0265969038009643,0.1685623513883242,0.1843899488449096,3.230791400552818,0.297784924507141,3.1120071553856983,-0.0059473510831594325,0.5164016926906075,-0.0222957134246826,0.33997701897484844,-0.1133949756622314,0.11878424516711973,102,44,13,58,1.1102621653530673,3.0285844498832524,0.050283699243415574,0.5519941880984441,0.039745390415191525,0.437766393047849,0.02675449775997546,0.24952366077814947,70,21,0.0024536599054817694,0.30415384653956257,1.788306856111923,-0.34505208920387753,0.0199619978666304,0.19553685173384133,0.1505643129348755,1.2457444285896875,0.20837241411209098,1.2050146869183835,0.013982033915817727,0.4609327013505329,0.00912010669708245,0.3868194378378301,-0.0578081011772155,0.040729741671303867,57,42,18,103,1.0398436706563543,0.7254371446757604,0.03669408011484612,0.3028116433779637,0.03492293320596215,0.29424183987093894,0.022289260011311807,0.16427980856430086,79,23,0.0013833834374447785,0.18119150637425066,0.5777798119594086,0.6923271864267222,0.0176836326718329,0.1451432526252727,0.0820700675249099,1.0391124098474904,0.16006547212600702,1.0272511260437112,0.0038008308154530795,0.3697595076174174,0.00374681502580635,0.3466907542852087,-0.0779954046010971,0.011861283803779193,73,43,16,87,0.06319954634990844,0.6952623556024309,0.029249193222486126,0.21087772025696727
BadRange,0.061586790311677485,0.8537315461559,0.1487571134790776,1.327539433961578,0.06463927030563343,0.45880874271063216,0.039722345899790484,0.36193427345733215,71,19,0.0040402626998851995,0.5656504837016199,0.9760661837132951,5.631161905499688,0.03163996338844295,0.21470420506149202,0.1843899488449096,2.787309972709812,0.297784924507141,2.7479127885042756,0.0018209561705589377,0.5408032683954577,-0.00599059462547295,0.39387331532889625,-0.1133949756622314,0.03939718420553623,88,45,14,72,0.8241364022659259,2.188030498563267,0.050375678528663995,0.5226684499703522,0.03764631226658805,0.2922241527506546,0.023444452548865208,0.15850538920205073,78,24,0.0019482813001414437,0.18371118702660197,0.09757537261507698,-0.8940776940295301,0.019079327583312898,0.15947833596114996,0.1026709079742431,0.7752229613792091,0.1511630415916442,0.6915344355508596,0.018294555786997062,0.3847533661048883,0.0176485478878021,0.37346401951631925,-0.0484921336174011,0.08368852582834954,41,42,17,119,0.14113320930622286,0.23704049412841216,0.029808361346835243,0.18888100565583552,0.03848109394311895,0.29980625126549587,0.02521561773348362,0.1997173239838924,83,18,0.001642101116264721,0.21912848582520256,0.009564198059332618,-0.49928387198081525,0.01948855072259905,0.11946332840857611,0.0942346528172493,0.9566171591329619,0.1722300574183464,0.8883018804053054,0.0022996166488155672,0.40198279946123217,0.0037458240985869503,0.3065906507099038,-0.0779954046010971,0.06831527872765643,73,47,18,87,0.0703937394652057,0.8033377737923745,0.03205380635070889,0.23987145466377058
BadRange,0.05765935094888515,0.7743314760429137,0.1411502243578432,1.2464846032017558,0.0523865967988967,0.3644056556786234,0.02870374554768202,0.23561257788436799,73,20,0.0024763853406649574,0.2932205718225253,0.060751079178499534,2.256162930967351,0.025817453861236447,0.15196621320812936,0.093858778476715,1.4929239482920384,0.20592802762985218,1.4435011020211006,-0.015970058739185316,0.4420081286637332,-0.019798994064331,0.3550011276767693,-0.1120692491531372,0.049422846270937806,110,45,15,50,0.46780664762012525,1.5189929282590626,0.03606699652413224,0.31280886499220256,0.039696235209703376,0.27915714921767104,0.023497462377417806,0.1737441206640924,84,16,0.0019506494005236607,0.20200152224277823,-0.2676246169373746,2.104082618264923,0.020412053912878,0.13528852398304766,0.0938442051410675,1.1427847648031733,0.1426551938056945,1.0214440547160484,0.018642549170181145,0.3840984545931413,0.01982483640313145,0.3313165267169097,-0.048810988664627,0.12134071008712499,45,40,14,115,0.021562049829790805,1.493513468766408,0.02961575708024602,0.23338787333950925,0.04759048111736765,0.3576766685003304,0.026891141867963552,0.21659328022412438,79,21,0.0016920195605386237,0.24640098619634224,-0.5203091430009432,-0.06569922287393126,0.02331892400979985,0.17451277286803532,0.0942346528172493,1.1184088905824143,0.1571639701724052,1.0674022904866765,0.0030062026344239707,0.4203780199448811,0.0018231570720672,0.373341097430559,-0.0629293173551559,0.05100660009573797,77,45,16,83,0.25825398618268525,0.774538160258996,0.03248182804685307,0.2639759582681031
BadRange,0.06380504082222588,0.8787100237806231,0.1524380475655196,1.38298169422537,0.05738171935081472,0.3570871639208999,0.037819200158119154,0.2954841594807659,64,16,0.0038086267254262944,0.5481415930384084,0.8434680047645657,20.203342352673573,0.027952879667282098,0.1875288354320939,0.1576477289199829,3.6024696900259543,0.2697169780731201,3.5735353847457505,-0.0023953627794980918,0.5147549695403473,-0.013895809650421101,0.40702378663337546,-0.1120692491531372,0.02893430528020378,99,47,12,61,0.9727932442369726,4.077012554992224,0.048883421228364476,0.5321361802883963,0.04295251518487923,0.3385242732383237,0.025984026817604873,0.20408345702350125,80,23,0.0024845176382151265,0.2689571103079683,0.46532295529362333,4.337306492397568,0.021782934665679852,0.17717225856291838,0.14081472158432,1.5838593354177792,0.20437294244766221,1.527475704512377,0.020106815034523592,0.4438386943573833,0.0200344696640968,0.3900551658430981,-0.0635582208633422,0.05638363090540232,47,42,16,113,0.2697722194731059,1.5193522212478494,0.033996514997892385,0.2682616702011333,0.044806119054555824,0.2746404422441219,0.025752931305032645,0.17047323495832167,75,20,0.0015626754979539642,0.226214554073954,-0.37970021303967716,-0.3013113266645586,0.021311003714799846,0.13543508759313636,0.0868836194276809,0.9493550026764421,0.1541532427072524,0.9408505835827338,0.0022055947454646244,0.42438803032763966,-0.0005086548626422999,0.40813702894862347,-0.0672696232795715,0.008504419093708391,80,42,17,80,0.19310469183541415,0.4057339043927077,0.0312717050244242,0.21473088689934766
BadRange,0.06361935520600849,0.8694228231402183,0.15024854452349223,1.3733695999407673,0.05002491176128383,0.34474000127751603,0.03464805001392957,0.31112681139337023,62,16,0.0034654837179458244,0.4912251726289297,1.5999824996281546,10.290763149763574,0.02387237548828115,0.16094091298507857,0.1576477289199829,2.6883264894716183,0.2511044740676879,2.656742021214974,-0.0048948608338832715,0.4675866762207701,-0.01591491699218745,0.3332255394146367,-0.093456745147705,0.031584468256644044,106,43,14,54,1.2399278282905337,3.08447144444138,0.04642670735532688,0.5220994855865522,0.04823608696460715,0.31930992174838174,0.02844520532642488,0.19127857826513878,83,21,0.002607156093515056,0.27750025294988306,0.19000044695550944,-0.12000556580874955,0.023624874651432003,0.16776952722607097,0.14081472158432,1.1085633542772715,0.20900845527648912,1.0052461821419207,0.01830422999337314,0.4745057216401842,0.0207442939281463,0.4052728116277694,-0.0681937336921691,0.10331717213535065,51,43,15,109,0.09321453844361799,0.6441566750886105,0.03609111771138386,0.22878936400237462,0.039552439004182746,0.30150028309717236,0.024990043001453112,0.2002883209191008,78,19,0.0018254053909018157,0.2580397583883123,2.672616726049945,2.8075245285778045,0.01983047276735305,0.14549962430720673,0.0920241624116897,1.4469616633416906,0.249280884861946,1.4162974070910557,0.0009099039423745108,0.43127720207981296,0.0005964562296867,0.3646741935746348,-0.1572567224502563,0.030664256250634972,79,41,15,81,-0.40677374864410065,1.4323581022553993,0.03387064470465118,0.2684021858229186
BadRange,0.06505189620618865,0.9445751563258703,0.15415553453378356,1.5015881304682561,0.05434906482696525,0.4146963360323731,0.03825705603696401,0.3106637710840247,67,18,0.004276636674963748,0.5722873094483293,2.5221245446518834,14.372907279035282,0.0278621912002563,0.18932666592393854,0.1903047561645507,3.1582862428785945,0.332803964614868,3.076702023528778,-0.0029058299958705847,0.586967072666553,-0.01035827398300165,0.4451085773979385,-0.1424992084503173,0.0815842193498166,94,43,13,66,0.9628760616910151,3.260774734799269,0.051780417598539956,0.4772388972554383,0.053709585219621526,0.3855549863728305,0.030285079497843946,0.21075755155446402,80,23,0.002774571283546436,0.3162214857928413,-0.16424210917616788,-0.5233008606239515,0.0264726728200912,0.1956379998040656,0.1259900331497192,1.1441623526626479,0.19418376684188832,1.0384872944800487,0.018145308550447208,0.499818818316176,0.018600508570671,0.4824404390463032,-0.0681937336921691,0.10567505818259923,52,44,16,108,0.1427313883740196,0.4345706670890251,0.03759907438745064,0.2576870866959823,0.03909169137477865,0.23375131088815287,0.023845069034723516,0.18668908590616148,80,20,0.001654395826521402,0.22851216778006422,3.1608093487801012,0.17823902162707927,0.01991508156061165,0.12612994723054732,0.0920241624116897,1.0615361791739195,0.249280884861946,1.0302974775890588,-0.0014428043679799918,0.41480223948552697,-0.0009893495589494,0.36355404107781514,-0.1572567224502563,0.031238701584860758,82,43,16,78,-0.50198715293539,0.7852334216272179,0.03222430360807699,0.23759475982827527
BadRange,0.05906367497396338,0.8760643115733859,0.13879810790531313,1.3830604430466942,0.052198916673660146,0.3513776237350844,0.03828064630273725,0.28024230286501967,67,17,0.004420405062430491,0.5765270315364343,2.3299222760708593,13.070570925889701,0.02492499351501465,0.15972394012137672,0.1903047561645507,3.0035410850223525,0.332803964614868,2.8448327261282085,-0.003465559706091875,0.5973507038434966,-0.0108055174350738,0.47730026632431216,-0.1424992084503173,0.15870835889414403,96,49,16,64,0.8977297501090215,3.313466339132081,0.05261219754733514,0.4687207784535624,0.046359129250049445,0.3467961913336761,0.02852950511500236,0.20276257025227074,77,21,0.002284264835204724,0.303620274846923,0.2085826207756445,1.5883783655474666,0.02336400747299195,0.16013145179149424,0.1259900331497192,1.318658150530433,0.1879843175411224,1.2817269830879254,0.012025059759616841,0.4812528186764997,0.0094731450080871,0.42032110137641254,-0.0619942843914032,0.03693116744250747,65,41,17,95,0.5167805832498131,1.2455712851395637,0.035932339769191905,0.26835796869637957,0.030107049271464202,0.22598384074152342,0.018397866583909444,0.12972373473597815,83,24,0.0008820789436457463,0.11953459389966596,-0.027680756789011607,0.9532664869119931,0.0153409242630004,0.1135401864640119,0.0550367832183837,0.8477151193323001,0.12722820788621889,0.8238375870620117,-0.0010609019489493249,0.30445692052669776,-0.00037586688995354996,0.28760717736881103,-0.0721914246678352,0.02387753227028839,82,43,17,78,-0.03931808562995697,0.6270751527859129,0.023529429223436045,0.16383094165348003
BadRange,0.05855579654926678,0.79668481313008,0.13727226988412417,1.2311445711515305,0.05097077786922445,0.24102492369921458,0.03894240870140488,0.3536955816947098,58,12,0.004316219005300923,0.6413306719458902,0.8222258084160052,14.259752848115216,0.02322673797607415,0.1174130103287874,0.1639514565467834,3.70457915851691,0.2556179761886596,3.6752614305738205,-0.002311972901225076,0.5365420259304401,-0.01378458738327025,0.3706519730720753,-0.0916665196418762,0.029317727943089403,104,48,13,56,1.0155309534765946,3.462430149657235,0.05205020952469217,0.5945194078887158,0.048474084585905,0.31067593757754197,0.02654619902139526,0.20698291331268542,81,21,0.0018993101671254836,0.24176018723077752,-0.42863410335853924,2.0746079851392025,0.0249449685215949,0.155621852089736,0.1072963178157806,1.4022675963606632,0.1636494696140288,1.3478289488703745,0.01214474756270646,0.41003113989486295,0.0126489251852035,0.3612238206645021,-0.0563531517982482,0.05443864749028871,61,42,13,99,0.17394291971243162,1.2613826619848252,0.03234365721597849,0.2713570554588491,0.0300627853721379,0.14810477391365368,0.018068159242466166,0.13606171011226034,85,18,0.0008269786105222864,0.11406224647210088,-0.22225094455598038,0.9912654904865223,0.01576245017349715,0.07861924957427731,0.0550367832183837,0.8506940166917685,0.1239325925707816,0.8107270782094124,-0.0007910632353741699,0.28457140532622743,0.00062631815671915,0.24403017479563846,-0.0688958093523979,0.039966938482356135,79,41,17,81,-0.08100553602874717,1.1793147013182692,0.02279216130360674,0.1818828242104154
BadRange,0.06240451768038722,0.9043823220767093,0.14886865884065606,1.439807853394868,0.06342740356922137,0.3249034778342406,0.03936473699286576,0.3225636085735404,65,16,0.0041395421718109955,0.6078432750630626,0.6581432522492179,10.445131970625702,0.029580295085906948,0.17225104327734686,0.1639514565467834,3.124035985939755,0.2560131549835204,3.0660986522032143,0.0017034396529197748,0.5812588962230748,-0.009828001260757401,0.4393833321197955,-0.092061698436737,0.057937333736540704,93,44,12,67,0.9801340987435478,2.957344501164358,0.0509957418444905,0.5195973158365962,0.051107753068208604,0.23270985352692675,0.028119607251719546,0.16347956093285237,83,20,0.002294871548953431,0.2782131384879888,-0.34758495278242085,3.1382369527212584,0.02500253915786745,0.12287708134520187,0.1072963178157806,1.3410481221630721,0.1924538612365722,1.1465142171775518,0.015740403765812504,0.4791757268338419,0.0179461240768432,0.4364211120940047,-0.0851575434207916,0.19453390498552048,54,42,17,106,-0.06609662347886763,1.5337121975112054,0.03455426005479905,0.2204626074899054,0.040638820268213624,0.28041995219265975,0.02284529465483497,0.16405422657291108,82,21,0.0013023526302809235,0.18898116303866014,0.056711513164636074,1.2276441056179284,0.02026752009987825,0.13043698586515182,0.092855580151081,1.0749093142598556,0.1648219898343085,1.0164161664444786,0.0007142386399209474,0.37937323033795134,0.00128930620849125,0.344879180486382,-0.0719664096832275,0.05849314781537692,78,40,15,82,0.08532396426003072,1.004503717438292,0.028610773483718946,0.21226661334653613
BadRange,0.07027539477181378,0.9633109716711613,0.16894133076071716,1.5361772510851823,0.05970221757888784,0.42594270300347764,0.041372866649180606,0.3183129600192066,70,19,0.004612233493669245,0.5740179115131264,0.5129798299021462,10.86412273443713,0.0303731560707092,0.21928336800460158,0.1599897742271423,3.0467097182550096,0.2659350037574767,3.0110133085214468,-0.006955756992101661,0.5793037722840202,-0.01583334803581235,0.4683543450412448,-0.1059452295303344,0.035696409733562695,99,44,14,61,0.8976722648526787,2.791020579768619,0.05340495233635085,0.4882878771079929,0.05733988806605328,0.347441403730251,0.033380941919167496,0.2597263153490661,87,18,0.003064342237299367,0.38683572087295054,-0.49545107406945865,0.7191114740803086,0.029857821762561795,0.15669393844929036,0.1035811007022857,1.5399270869790305,0.194471776485443,1.4933574743356686,0.015913285175338375,0.5252264286916644,0.021197691559791502,0.422461147328366,-0.0908906757831573,0.04656961264336201,59,42,14,101,-0.14259769730154673,1.0997894698896673,0.040895402743156735,0.3331259813895497,0.04385990276932705,0.30083584999171553,0.02676922328479118,0.1958515497693465,81,21,0.0018589646501071544,0.26332185177062895,-0.15392332190669444,4.703928940268462,0.022169522941112497,0.15078601909381453,0.092855580151081,1.611847603837012,0.1849957183003424,1.532735412108961,0.0018011117819696644,0.4316470501094976,0.00272262841463085,0.40678759284317756,-0.0921401381492614,0.07911219172805098,76,45,16,84,-0.1425643624119326,1.7320099595982732,0.034145215640119485,0.27749356010977594
BadRange,0.07699119882577297,1.0484993956437068,0.18475539989769435,1.679510910719712,0.07713887095451347,0.4458005202778574,0.045166414449922684,0.3644907554269181,79,16,0.005222799563953473,0.7036930860827421,-0.168564518203548,8.49212851305983,0.036993443965911796,0.22936606303347934,0.1599897742271423,3.252264681100834,0.2985112071037292,3.1027031833771885,-0.0006284240633249282,0.6294139893976661,-0.0008895397186279,0.5093910507497783,-0.1385214328765869,0.1495614977236457,82,45,14,78,0.3883067244880063,2.6283945456791815,0.05730952974343701,0.5545548809930868,0.061428271234035395,0.45958230451271914,0.03547560068080198,0.27274027711583754,89,20,0.003783915002412892,0.44158706797029895,-0.3463128635561996,0.4097079912577257,0.0291785001754761,0.22832602637865,0.1287876367568969,1.5292462436906857,0.21967831254005418,1.4520081525863064,0.02005444150418042,0.569691855702341,0.02542497217655175,0.5100930281236052,-0.0908906757831573,0.07723809110437925,52,44,18,108,-0.10856427276884327,0.8486850719138582,0.0444422174773363,0.3421085463953246,0.04960569925606245,0.3722894171582092,0.029498794287210285,0.21982611113709094,82,24,0.002207302440550683,0.3061709122536964,-0.34578108721457346,0.07906148915966238,0.0256350859999656,0.19278460375464734,0.0945112779736518,1.1989273887322247,0.1866514161229132,1.1343453039822773,0.001816677534952757,0.4804050656197046,0.00289338827133175,0.45207999892881856,-0.0921401381492614,0.06458208474994741,76,47,16,84,-0.17724778219292978,0.7374575519274604,0.037214505971057334,0.2745576172329293
BadRange,0.060665494528981866,0.8509997128451013,0.14588727131485918,1.3578486985567826,0.04829387366771687,0.3414758294533468,0.029559878539293975,0.24874834378115906,74,16,0.002705138483162268,0.30242197485657074,0.3629872932896485,1.4728104173899998,0.02215752005577085,0.16634383586901227,0.0932364463806152,1.4744656701650551,0.2317578792572021,1.4465448331922905,-0.015923019498586637,0.4364081952566986,-0.0200776159763336,0.3734211974846897,-0.1385214328765869,0.0279208369727646,111,45,15,49,0.1866408716924909,1.4120385592572446,0.038029038914741395,0.33461898028856935,0.04766059666872015,0.441172605004204,0.029385421890765394,0.23641916331605534,80,19,0.002752564480180061,0.31987520820411414,0.24853275401349295,-0.6708239892040222,0.02329476922750465,0.1619482388190236,0.1287876367568969,1.1717263013675503,0.20982736349105818,1.062394232498999,0.01728967567905782,0.4898118249001621,0.017765149474143947,0.40373452710942237,-0.0810397267341613,0.1093320688685514,50,43,16,110,0.16852566107215572,0.6835227349673454,0.03782009601942831,0.28277125807282305,0.037919681519269804,0.2534701717894722,0.024613618343137158,0.1681615754533825,84,25,0.0016974902661097354,0.23163350471010727,0.9985462081573702,-0.007509383366687494,0.019158948212861952,0.13117328926937383,0.0945112779736518,0.9873002297603478,0.2141734734177588,0.9653604559676674,-8.710753172640195e-06,0.43162867839992175,0.0025420561432837998,0.4263579635322765,-0.119662195444107,0.02193977379268046,76,44,14,84,-0.3282666945735467,0.3208174432996265,0.03267420794135771,0.21290887415240392
BadRange,0.06328528359478354,0.8746262668856314,0.14920292831957319,1.3629822675904355,0.05964732170104975,0.32579935750787037,0.03937309003435071,0.33389288233033815,58,13,0.004482894939965506,0.6042796008110402,2.4299631571324536,13.488831895306333,0.02584677934646605,0.15531925710829403,0.2075646519660949,3.4747565230572497,0.364720582962036,3.3791370611005216,-0.002093292400240887,0.5445170269719238,-0.0144329965114593,0.39263333938701905,-0.1571559309959411,0.09561946195672816,105,48,14,55,1.1709977904015854,3.320178638377834,0.053056774759020826,0.5547799637231839,0.04911000654101361,0.3756090886848757,0.027738828253932268,0.21932256582485324,84,21,0.0024721497486310078,0.26463606191376055,-0.23673953711492768,-0.2630327993853312,0.02455452084541315,0.1731606828952751,0.1127390563488006,1.1596652440775803,0.18769401311874379,1.1360930474094655,0.018606604170054178,0.44125638243630205,0.01931233704090115,0.3830758660646891,-0.0749549567699432,0.023572196668114803,48,43,15,112,-0.09202867323346539,0.7209603149993186,0.034733673135193203,0.2644406679635121,0.03245712444186205,0.3367178535438454,0.021307536886306433,0.16684006193606954,82,21,0.0013122962517523847,0.1807262816311722,2.208604669974509,-0.9038717671191674,0.01676893234252925,0.1443095225488134,0.089893989264965,0.8076304828371201,0.209556184709072,0.794130210231448,0.0013245243113487904,0.3772088581822096,0.00350906327366825,0.34467444271621045,-0.119662195444107,0.013500272605672145,73,41,15,87,-0.5487618110994024,0.28783192584156736,0.02869805143507044,0.19606060017261454
BadRange,0.06531549873480909,0.9346463124838693,0.1543447633087633,1.4490391661282134,0.051974862813949474,0.39560831480112535,0.03841167889069761,0.3460956562538543,57,18,0.004478651037750255,0.602692822809887,2.550690568416395,7.373428730310428,0.024731427431106602,0.20257337462472635,0.2075646519660949,2.8985642784504155,0.364720582962036,2.875266321144135,-0.0028791215270757564,0.5285215733888667,-0.0122333168983459,0.3810413339272027,-0.1571559309959411,0.023297957306280346,105,49,14,55,1.1798387833301052,2.6687421822711412,0.05299452975521237,0.5686455568035714,0.053242344409227295,0.39986497128831233,0.030737892396282374,0.21171238959494815,81,26,0.0027824782132124426,0.3504008818196242,0.25288043660575044,-0.8329816429891492,0.0271398648619651,0.19424455622433667,0.1299490332603454,1.0436299944820764,0.23089036345481861,0.9451331097072014,0.015876989997923363,0.5351358979870446,0.016675166785717,0.550366236744791,-0.1009413301944732,0.09849688477487492,58,42,15,102,-0.07589034711642183,0.22241331305639922,0.03868232264089383,0.2530423927037198,0.03832022473216042,0.30173834874287,0.024190316628664693,0.2095310489014994,76,17,0.0016077141798912576,0.22299477156563313,0.6784982259293426,1.214062908955877,0.02001856267452235,0.14526875648711285,0.0924931317567825,1.2262443806861243,0.1826201975345611,1.1918439063530857,0.004917381331324573,0.3853816947523023,0.00361993908882135,0.3133860323734069,-0.0901270657777786,0.03440047433303871,70,41,18,90,-0.18451133239359302,1.2591014257655708,0.03141350465951043,0.2729024018133158
BadRange,0.06910633615664266,0.9843002609240723,0.16417000740766502,1.546487710527653,0.05999831855297085,0.47254351838816855,0.041775614619255025,0.38713496245729234,58,18,0.0048794738724338,0.7036641714795863,0.8962121103849592,12.497399740448728,0.0297928452491759,0.21220066278223887,0.1678654551506042,3.7538309736189275,0.285156488418579,3.656799685930353,-0.00208727121353148,0.572128194830873,-0.013763070106506299,0.3824862536649773,-0.1172910332679748,0.09703128768857457,104,48,14,56,1.0502907087881401,3.1582560780237148,0.05535763172627533,0.6134602677917722,0.06103021651506414,0.3619029367364227,0.032234478602185826,0.25043859089916204,77,19,0.00295008224389,0.3652993451798517,-0.014133593301982383,0.38832955093139176,0.0279245823621749,0.15710042768856852,0.1299490332603454,1.3913376232070125,0.23089036345481861,1.3239944089974067,0.01615595445036887,0.5119284977558706,0.01279701292514795,0.42408343580417696,-0.1009413301944732,0.06734321420960575,56,42,15,104,-0.10377737475760979,0.9805868468573352,0.039909161486365016,0.3212920141635476,0.04614070802927005,0.31814065508042966,0.026089914008043658,0.16698232046112604,76,25,0.0017286258595780384,0.2532758892104209,-0.02369831350934204,-0.7863702722070633,0.02338911592960355,0.15667041165200782,0.0924931317567825,0.899741458188865,0.1826201975345611,0.7916530885854279,0.0021136450581252593,0.4624310179409092,-6.191432476041679e-05,0.46330293843008896,-0.0901270657777786,0.10808836960343701,80,41,15,80,-0.021565035759130158,0.30709030410423255,0.03290426237311864,0.1985785558829437
BadRange,0.06593078243747148,0.9557306010242571,0.15635215066373326,1.4970726505627225,0.05582450330257405,0.4949470075408146,0.04035450834780928,0.377889615073687,60,16,0.004694389759589081,0.6656794268203656,0.9119396092699388,7.225731136107667,0.02512526512146,0.22320541555016582,0.1678654551506042,3.03000785273285,0.285156488418579,3.007654773883241,0.0019486732780933478,0.5939719338270621,-0.0083672702312469,0.4408516818051798,-0.1172910332679748,0.0223530788496087,97,46,13,63,0.9267632239366149,2.475262009438836,0.05430124473316185,0.5593538849834743,0.05006993934512132,0.36456380716906156,0.02927712217671794,0.22719530517020656,78,21,0.0025646067168370546,0.295006477218688,-0.37177115972062147,0.8691840547830787,0.025264613330364147,0.1973870094143,0.1056596040725708,1.2883961667828943,0.1889092624187469,1.2742916785799496,0.017021666001528483,0.45985099041227556,0.01515413820743555,0.3999072534142222,-0.0832496583461761,0.014104488202944604,50,40,15,110,0.06548274416587825,1.0010468685878713,0.03635107756042929,0.28903900054410864,0.04515119642019258,0.34417787226100005,0.025932263710419602,0.17928692994466433,77,23,0.001703173142982957,0.24604562689274864,0.044215381002314924,0.15923747977870617,0.0228605419397354,0.16174074107180583,0.0958141684532165,1.0856268419008,0.1630610823631286,1.060650521921891,0.0010123175103217393,0.4432497263233849,-0.0006802901625633,0.4165269824547452,-0.0672469139099121,0.024976319978909114,82,41,17,78,0.21581884816521496,0.6061362821420299,0.032713098988118416,0.2226551302058705
BadRange,0.0634441288129984,0.9729110938311634,0.14708394423127152,1.5196248522177414,0.039620220661163226,0.5188713748979126,0.03679420933593062,0.36740274942855566,59,16,0.005072390614855594,0.7187278373057712,5.119339815881112,3.274277698558401,0.02017739415168765,0.2163365599740902,0.245180070400238,2.506311253165101,0.3417591452598571,2.3867798473979756,-0.010022241994738558,0.6769236324399273,-0.02239745855331415,0.5335742509380585,-0.0965790748596191,0.11953140576712543,118,47,12,42,1.983093026766157,1.8147932930729094,0.055579723914153084,0.5103941938836152,0.04336975514888755,0.3688855220223558,0.02741886963834983,0.20633912362372722,71,23,0.002346394159101161,0.2755518995251409,0.02910370331223744,0.12384767505725058,0.0224158018827438,0.16505479428242104,0.122424304485321,1.21566000867546,0.1819502115249633,1.0814436609343503,0.01632948797196148,0.4629798916339673,0.0114199966192245,0.3752217490934007,-0.0595259070396423,0.13421634774110988,54,43,17,106,0.4874362983718415,0.8107092908112675,0.0347475231027029,0.24738940856015007,0.03232888691127292,0.30456861926452167,0.02173654101788993,0.1833132138701593,80,23,0.0013432879219519812,0.19596734279266884,1.0690378324791787,0.862003938401084,0.01638264954090115,0.16288881533327365,0.0958141684532165,1.1341546400505205,0.1704305410385131,1.0941745182791633,0.0025498637929558697,0.379721328143847,0.0028603374958038,0.33180903978011334,-0.0746163725852966,0.03998012177135712,69,43,16,91,0.22095971776111895,0.797776916931144,0.028953280881771033,0.22755011699698535
BadRange,0.06320746884529423,0.9398645956500036,0.14736725255846955,1.4795771582442279,0.04874189198017115,0.4454898091514985,0.041705564036965334,0.3525987311606628,60,20,0.005259591906895332,0.7569037996319302,3.2904420546561086,11.02694499206823,0.025224357843399,0.23198037404455463,0.245180070400238,3.498772099386056,0.3388124704360961,3.372912427190397,-0.0023010179400443894,0.6615908216850593,-0.01649108529090875,0.5503523333339873,-0.0936324000358581,0.12585967219565905,105,49,15,55,1.5844671611776568,2.9108142848569893,0.057468177758146624,0.5649791007586195,0.045015703886747305,0.2968388767213349,0.02743520388030444,0.19676066661201477,69,21,0.0023697058639517207,0.2819208846221304,0.4560817377546429,-0.5261733945999394,0.02284251153469075,0.15184404696655107,0.122424304485321,1.0557160582677243,0.1984533369541167,0.9733346614851152,0.016789471264928562,0.47310162232265573,0.0132413506507873,0.4290295770496022,-0.0760290324687957,0.08238139678260918,57,43,16,103,0.47090659682048003,0.5763567035081676,0.034737901938057175,0.24103057809705705,0.0314268022775649,0.1994842745812451,0.020169404501793865,0.14559633040727035,77,23,0.0011211079276800984,0.1557937871686465,0.49818220206365016,0.5013120436615681,0.015948738902807152,0.12086468766675294,0.0916061475872993,0.8792012735734996,0.16622252017259592,0.8359051015442752,0.004958251584321252,0.34488471423651257,0.004495944827795,0.3337982050278546,-0.0746163725852966,0.04329617202922438,65,44,16,95,0.05981576839272098,0.9084544140962312,0.02608371999604037,0.19195916507071395
BadRange,0.056365131080445975,0.811132406000833,0.13423898767679907,1.2880520327461165,0.04282285273075093,0.3821455610774786,0.030707186292856903,0.2568003100443739,76,17,0.0030620432966381676,0.3520496084627232,0.8518601827854151,3.35347120519648,0.021244674921035753,0.1567391334718663,0.120721697807312,1.8294704551480256,0.24150270223617548,1.7720115473277045,-0.015352245047688465,0.479990078900309,-0.016921401023864698,0.3671335148331143,-0.1207810044288635,0.057458907820321196,114,45,14,46,0.4918273717850771,1.678735389572784,0.04109306060738961,0.34879669238683786,0.04043761640787118,0.2999966529254504,0.025392025664914365,0.19038272748501409,79,25,0.0020806744876801495,0.2554446751655155,0.7451252588577963,0.7791209104017001,0.0203027576208114,0.1566608170611177,0.1208201646804809,1.2488912038913722,0.1968491971492766,1.2295982358266249,0.015173342265188678,0.4420543168027413,0.015075504779815601,0.43137335355714757,-0.0760290324687957,0.019292968064747347,54,39,15,106,0.22148213852252918,0.7577400846217655,0.03281648978508938,0.24501562432134227,0.037644051015376975,0.29128950227005257,0.02186998517514435,0.17400447655412227,79,23,0.0013166005932648453,0.18141484096237157,0.7356453794639646,-0.28704652843495193,0.018361952155828448,0.15286089848928464,0.0838738083839416,0.9406509125652854,0.180483192205429,0.9073137206778787,0.0034010557690635295,0.36600763704306616,0.0027812235057353496,0.34555717824562415,-0.0966093838214874,0.033337191887406685,70,45,14,90,-0.01678113012569117,0.587947849130222,0.028572902507126553,0.217837670269682
BadRange,0.06996586955470181,1.0012769133863269,0.16320479255169607,1.5707772849641577,0.050067275762557845,0.5122192978368496,0.042872185958549344,0.3799530355758749,65,18,0.0059963353697210595,0.8090195590341059,2.6653065879687965,13.283878374547168,0.025044858455657952,0.2389228973602517,0.2235846519470214,3.8249390501887617,0.3443656563758849,3.717508787372038,-0.0034123621881008022,0.670045692359198,-0.0118489563465118,0.5178021123799808,-0.1207810044288635,0.10743026281672392,102,45,15,58,1.3762534610325547,3.222733466281831,0.061315272624192105,0.6000486056853968,0.040070001035928574,0.25473416008721883,0.02573458954459053,0.17497223757795255,89,21,0.0022781613934250134,0.2389892964390619,0.12968737974998534,0.7242466510161258,0.020264148712158172,0.12027258196034829,0.1117342710494995,1.0947475570563485,0.18245764076709742,0.9935020459201107,0.017909239418804627,0.4304674634205462,0.02009795606136315,0.403768844253444,-0.0707233697175979,0.10124551113623786,44,44,18,116,-0.10153191603519361,0.9512407151007424,0.033317380046498785,0.2317046813841763,0.04326430521905415,0.34345964364841725,0.027433952667924998,0.19355012560460033,77,24,0.002054217437288897,0.27798550125641036,0.14158326954049238,0.196241553869565,0.02263298630714415,0.17939414480303714,0.0993402153253555,1.1599554172306206,0.1959495991468429,1.058316770547398,0.003830517386086282,0.47026412918441307,0.00211498141288755,0.4550542143518006,-0.0966093838214874,0.10163864668322263,71,45,18,89,0.06028190405049976,0.646419067994701,0.035737872163543995,0.23840543210849038
BadRange,0.0665828474604517,0.9624393156972704,0.15713382765650724,1.4754474672506048,0.048256903886794975,0.44415616160732857,0.03891537021845576,0.3590489702029587,60,17,0.005207289553459441,0.6961774702932051,4.246010634621753,9.270332273199266,0.026124268770217902,0.22234534792240984,0.2235846519470214,3.1306027882355885,0.3252431750297545,3.085508531004061,-0.005296657234430298,0.601601326813665,-0.014165490865707349,0.4514393140397842,-0.1016585230827331,0.045094257231527525,109,47,15,51,1.839250362369086,2.8815234303989676,0.05698064456150558,0.578146446732351,0.04146430268883695,0.30683014501289796,0.023788590449839803,0.1854240686471063,80,21,0.0018094892508924406,0.19724768816165028,-0.06915312715325417,0.10820304244192469,0.02044293284416195,0.12160961845404328,0.0938978195190429,1.000822545411711,0.1529614329338073,0.9596128080824896,0.01461524320766328,0.38330060507722974,0.0147464871406555,0.3030324183906651,-0.0590636134147644,0.04120973732922137,47,45,16,113,0.10517158590746674,0.8245901207110992,0.03038247505104793,0.22433977424674353,0.04893326759338365,0.4847594656011555,0.030667991159716572,0.26136124395666455,79,21,0.002407131979697206,0.3400581277923828,-0.2730291556920621,-0.4259276775098164,0.0245650075376034,0.2500466846904022,0.0993402153253555,1.2525324874673989,0.1893437355756759,1.1835050623424022,0.005297367740422482,0.4905455353597102,0.0049949772655962996,0.4363161546751755,-0.0900035202503204,0.06902742512499664,70,43,18,90,-0.09333775150171886,0.6462754985650939,0.03854453123184601,0.3153144549985588
BadRange,0.07024344276463304,0.9961403862821612,0.1653240692615507,1.4964992645967994,0.06235241889953602,0.42744080602906576,0.04449883894994851,0.37425823324491014,62,15,0.0059043453193221695,0.7791108040869998,2.1688981636435303,12.249012045843363,0.03164771199226375,0.21699048250099306,0.2269182205200195,3.7836567331650395,0.3468729853630065,3.7545360530068406,-0.00410969182848929,0.640663246836541,-0.01327845454216,0.49092610727628727,-0.119954764842987,0.029120680158199047,102,49,14,58,1.2653402065842765,3.10176976644222,0.060798264272238355,0.607174940391862,0.04949958622455589,0.30491646823726665,0.027811603262089167,0.22647680346384946,76,20,0.002534872407824079,0.29436756805551456,0.051814958392537136,3.630548947070121,0.02453124523162835,0.17392083133173927,0.1293602585792541,1.5348933723076654,0.1946366131305694,1.5169119359422467,0.018895631935447438,0.4449801944717737,0.0175697803497314,0.37342164794044025,-0.0652763545513153,0.017981436365418785,47,41,16,113,0.27368861242575865,1.5659266775737717,0.03514212435670382,0.3104193849993537,0.043703608214855076,0.4353265318937962,0.02668088095611888,0.2551571304589789,81,22,0.0018659572775239256,0.26718487902965654,0.1772563945809722,0.15830000237671227,0.02267316728830335,0.22052690793468707,0.0921726822853088,1.2383722194118305,0.18217620253562922,1.229105676173736,0.0014006880111992316,0.4108558232884847,0.0014838874340057,0.3393853822694024,-0.0900035202503204,0.009266543238094506,77,40,17,83,-0.03223585627443995,0.8749527751902447,0.03422840589497164,0.3136596427652082
BadRange,0.07393138612470232,1.1240577154599605,0.1750219415873287,1.7491884926323,0.05669915676116928,0.5234058386643454,0.04411920148879285,0.3751078221168821,68,20,0.0058503850907223355,0.7279088775285842,1.8753643762288474,5.433583434100875,0.0288508534431456,0.29618931118494246,0.2269182205200195,2.923215007006611,0.361203908920288,2.8283054420764295,0.002981512993574148,0.672985534270088,-0.0069741308689116495,0.5352511886781353,-0.1342856884002685,0.09490956493018181,88,47,15,72,0.9434057190159685,2.026049149490526,0.060584999384424146,0.5244038026099624,0.05365306884050363,0.3520549395112147,0.03340613902197217,0.2689243441028766,81,20,0.0035843846549623113,0.4339831507029864,0.506676046245659,1.0262989765561334,0.02663180232048035,0.15869939716689932,0.1424474716186523,1.5618599204508359,0.266843557357788,1.4433621048897174,0.02104713423177599,0.5539309437857739,0.0222702771425247,0.4473630668293769,-0.1243960857391357,0.11849781556111848,50,39,17,110,-0.057000391993625665,1.277938579681788,0.0425271920407874,0.35657209680454255,0.041779477149248,0.3921194525088826,0.02801953988790042,0.24445024223177858,77,19,0.002612858067109207,0.3687035150775695,11.276698643919914,0.7730146894373808,0.0223515965044498,0.2014914594036655,0.1523414850234985,1.4396023632500647,0.4151289463043212,1.3122425088077363,0.0030320141930133037,0.522272014576438,0.00245156139135355,0.43982271724364475,-0.2627874612808227,0.1273598544423285,74,42,15,86,-1.4435671754265527,1.067139749234451,0.040423458932618596,0.3097344957666782
BadRange,0.06520247373791954,1.0313323829455,0.15644507551565745,1.661359171254769,0.04234448075294485,0.4349200798711065,0.03190025113057342,0.27025269081117687,63,23,0.004284820001114257,0.5112957919532579,10.962259558521728,0.3975012234437889,0.021241992712020846,0.2470719250481802,0.2679890394210815,1.639222647690995,0.40227472782135,1.5743739836764814,-0.014924782887101157,0.6250753798136485,-0.0227226316928863,0.6071472225805925,-0.1342856884002685,0.06484866401451357,117,43,12,43,2.4299521825956973,0.7285333547334449,0.04970618939701197,0.3472413591496281,0.0486743003129958,0.3856289218351546,0.030437174194958033,0.21990809107029882,77,20,0.0030287886731533175,0.35873888083460526,1.1648853662049277,-0.23018372789442676,0.02328345179557795,0.15844560817963213,0.1424474716186523,1.2454079012333306,0.266843557357788,1.173861681450505,0.017452948726713644,0.5348735178039015,0.0153440684080123,0.46961430274227994,-0.1243960857391357,0.07154621978282559,52,41,17,108,-0.142377622226022,0.6948995935272343,0.039979711854430604,0.2695351568658247,0.043633634690195225,0.367486678813613,0.0268079868634231,0.2283537598948784,80,17,0.0024236449191622246,0.3352564956870437,13.258413968848515,0.48983476618753974,0.0226631760597229,0.14247570993199501,0.1523414850234985,1.3098891589054646,0.4151289463043212,1.1750912175110884,0.003189855616074045,0.5014102736372187,0.0032612681388854503,0.42814767077556704,-0.2627874612808227,0.13479794139437637,69,42,15,91,-1.6936549803899206,1.0979029018114055,0.03891099853406784,0.289558686932534
BadRange,0.07034421678696087,1.1004419095000646,0.16583917090669253,1.6827909207234772,0.0632073432207107,0.5301087604441528,0.04305912325158711,0.3825816394388124,58,18,0.00548165020352662,0.7712044168045393,4.537342791378574,11.123964503199053,0.0290662944316864,0.24386417292388227,0.2679890394210815,3.5398010613652717,0.3692156076431274,3.46879389498633,-0.002929533272981633,0.6737605461484525,-0.01945689320564265,0.49810977690584607,-0.1012265682220459,0.0710071663789417,104,45,18,56,1.7240548149438968,2.8253653104450867,0.05864249826940453,0.5632505155419554,0.04963146522641175,0.3493045654469758,0.03257291187997905,0.24076177225683368,76,26,0.003656783224112996,0.4580687634079071,1.228098583791847,-0.4512371549277461,0.02345940470695495,0.18711197959514536,0.1633917987346649,1.2884635018324349,0.2682365328073501,1.2619804322423727,0.018150514271110276,0.606963446424848,0.0153440684080123,0.6212114434695157,-0.1048447340726852,0.026483069590062237,51,42,16,109,0.38596230499501816,0.2273822480990387,0.04436609671387602,0.29943970697283595,0.044805885758250855,0.25095161960214074,0.024007183223875427,0.17596340277858083,81,21,0.0014568285395613364,0.21144738856430995,-0.14015878321363529,0.7514983181380455,0.02250351849943395,0.1233625070871682,0.0641841739416122,1.123120468276184,0.1502704322338103,1.0453173707696513,0.0017623460735194337,0.40206692815017675,0.0020551756024359998,0.35201693484100505,-0.0860862582921981,0.07780309750653265,74,41,19,86,-0.2747722378191238,1.003835537580334,0.030217858413317138,0.22313577447865798
BadRange,0.0656613958664014,1.044910481687979,0.1553184626996515,1.668764640906756,0.0562628656625747,0.5410331071194885,0.03656819661613551,0.32829436268629403,69,19,0.004196700356161814,0.5520234949470821,2.4254997292608937,3.8092891727992297,0.0260703861713409,0.26569685826436584,0.1894677877426147,2.329822825982091,0.3738063573837279,2.2577456709206967,-0.009754949435591681,0.60070750538302,-0.0153904557228088,0.49458174766443797,-0.1843385696411132,0.07207715506139414,111,43,16,49,0.7890610729901545,1.7140453018184023,0.050434875465847344,0.43723447705274937,0.043274581432342474,0.4392081929431709,0.03228327156975862,0.23628610700347147,68,25,0.0033724235352551313,0.46639604135631757,1.4470344513567142,-0.7458868573730366,0.02308210730552675,0.23216395328772577,0.1633917987346649,1.317144574666768,0.2526015937328338,1.162807844937839,0.012295385822653758,0.6236423568096674,0.0071640014648437,0.628019031563003,-0.0892097949981689,0.15433672972892917,62,44,15,98,0.7606390655714714,0.18370218123999946,0.044372218596225685,0.27832759861214107,0.03996228985488405,0.3293850661397312,0.025212888275273092,0.1828541973242544,82,25,0.0016647048597535413,0.24952228415392938,0.045470290105019906,0.09833121973105019,0.02003426849842065,0.16301478343143416,0.0782778859138488,1.1089337978369609,0.1658189594745635,1.0686309392378142,0.001119552366435526,0.4444147787140685,0.0020580291748046498,0.44348506898105017,-0.0875410735607147,0.040302858599146646,76,41,17,84,-0.2426356094756265,0.3726633066305235,0.03233763918439156,0.22807408580208097
BadRange,0.06722557471625906,0.9853478066497321,0.15640666969120479,1.5502061218816263,0.06619632244110098,0.4441653126527708,0.04281690723728385,0.3731803645753486,63,17,0.0055448483403768315,0.75131080372713,1.5025296398358927,9.276984810076993,0.03120923042297355,0.2306879602506567,0.1811021566390991,3.4007136894106513,0.3654407262802123,3.3454341661848552,-0.003101879730820642,0.6597345309814266,-0.01068824529647825,0.5027401439650055,-0.1843385696411132,0.05527952322579612,101,43,15,59,0.6309951243972154,2.6282480273151396,0.058971551012340265,0.5621931628522768,0.049236491322517326,0.30515778924481685,0.029232111899182178,0.21973318604893496,70,22,0.002612283510489868,0.31128693977984356,0.08612923872761424,-0.05328183484918814,0.02369445562362665,0.16485204724747293,0.1162646412849426,1.2144593349260409,0.2016193568706512,1.1513920188856275,0.01713056229054926,0.488677939322262,0.011515960097312851,0.4104090765884253,-0.0853547155857086,0.06306731604041337,50,45,14,110,0.32670753344672304,0.7743929563069898,0.03671026836509455,0.2692226056622869,0.03640583343803873,0.21782095466994866,0.023287839366821526,0.15268579262968154,86,18,0.001399381242443582,0.19854503867130202,0.1128042285848938,0.5782180683730713,0.018162555992603302,0.10810715935152186,0.0782778859138488,0.9990998304181345,0.1658189594745635,0.8806842599164832,0.00041821761988103043,0.4017936515779377,0.0021572113037109,0.3355288839985694,-0.0875410735607147,0.11841557050165133,74,42,14,86,-0.2014615744882579,1.075179616424475,0.029663748632683864,0.19263151409613338
BadRange,0.06611585543562862,0.9715221962164026,0.1549846065789459,1.4881442490069243,0.0608730018138885,0.45502854411400867,0.040705494433641395,0.360458630355338,64,17,0.004827293897246812,0.6449459850414536,1.708141252924154,7.267311504708957,0.0288327634334564,0.2355204549299702,0.1811021566390991,2.953825855297432,0.3606757521629333,2.8927006243575417,-0.00185928940773009,0.5920364457780865,-0.01231393218040465,0.4623865426055283,-0.1795735955238342,0.06112523093989031,98,45,17,62,0.8817166908165999,2.5113523987237656,0.055068640791917534,0.5426221815516801,0.04622208327054963,0.33836107141094124,0.027189598318655018,0.20543677027358023,73,25,0.00231612410314475,0.27956153413747353,0.10393096141019287,0.4504117402380525,0.02286136150360105,0.19716503075521338,0.1162646412849426,1.2478993005949293,0.1926097571849822,1.1649783086712828,0.016467893682420236,0.4564574733238201,0.01280523836612695,0.45716280676828785,-0.0763451159000396,0.08292099192364637,50,45,15,110,0.30130140226184304,0.8327890034413361,0.03440617236024651,0.26684847607641987,0.04469874501228318,0.3411995167823847,0.026158638825290792,0.19031645111074041,81,21,0.0018135718529387996,0.25498123697915626,0.9005036390495857,2.538594240190416,0.0218463577330112,0.16778221117158437,0.0859155058860778,1.3990373630452624,0.2109318077564238,1.3269738357188898,0.0026488516014069293,0.4396503299050176,0.0033194720745086,0.3951883116503833,-0.125016301870346,0.07206352732637254,74,37,16,86,-0.3632175203209387,1.1436728876910034,0.03366824446065033,0.24837235030003943
BadRange,0.07201583105206703,1.0888331069374484,0.17102630615234352,1.7062551233287486,0.06463423371314987,0.5717976370688411,0.04597442332189526,0.434055367232746,63,17,0.006125309872226155,0.9009459666670833,1.3129539490176025,5.658066073577407,0.02660933136940005,0.27308221061595184,0.2030040621757507,3.376063794045815,0.3793786168098449,3.287823968803349,-0.005804321542382225,0.7302752270026405,-0.019637107849121052,0.5740525475823364,-0.1763745546340942,0.08823982524246618,104,45,14,56,0.8715877118460308,2.113574320649959,0.061793964994649626,0.6063365892747404,0.04473191127181042,0.28525756292871834,0.027431610859930483,0.18909157518664185,72,23,0.00228635925428371,0.25349728757084494,-0.08905216703321983,0.07877354990396812,0.0216486603021621,0.145797888276264,0.1127890348434448,1.0543436733788607,0.18913415074348439,0.9971180836940494,0.015054191276431067,0.44322719762276025,0.0096909254789352,0.40092923882509224,-0.0763451159000396,0.057225589684811305,57,47,18,103,0.42784882266424834,0.7355033582085057,0.03478372870439679,0.23884501011810885,0.04603374004364,0.30787065354319787,0.030465443637222006,0.19246739223612078,82,25,0.002475932943998019,0.3456865369513649,0.36078395199840285,1.1027605745241953,0.02312739938497535,0.15041333004837357,0.0880717486143112,1.3604066326979796,0.21308805048465723,1.3139112810481584,0.003610453754663459,0.5327526987033481,0.0050352662801742,0.5237111213718154,-0.125016301870346,0.04649535164982128,72,39,16,88,-0.32714800589552434,0.48881500852021353,0.03929469647424404,0.24871891559683287
BadRange,0.07393912164387081,1.0925655079936838,0.17483018584549406,1.7272908819354273,0.06682850420475,0.497912852974448,0.04497975429985668,0.42546979239081667,69,20,0.005892024874029887,0.8591010386021308,1.2508471358819842,3.461355816482093,0.0335120260715485,0.2500306028179915,0.2030040621757507,3.0052288139036802,0.3793786168098449,2.9219609247430745,-0.00030491687357424855,0.7163636767405965,-0.0072614550590514495,0.48850990705670017,-0.1763745546340942,0.08326788916060587,92,46,16,68,0.6829938941841611,1.7974172559971837,0.060873495565464536,0.588153144384033,0.052709303796291275,0.4363927127059781,0.03141879094298926,0.23991073713297884,74,21,0.0031242066629032584,0.3500181045037714,0.4864757437640659,-0.054306175653751065,0.025463059544563252,0.17293562979363147,0.1562614440917968,1.3495386544788692,0.25815165042877186,1.2844616410156149,0.018869316764175872,0.5194839606735112,0.01661728322505945,0.4254205234229132,-0.1018902063369751,0.06507701346325444,54,46,18,106,0.24678621627200406,0.7039109043672618,0.04008265735384995,0.283115734473966,0.0484146252274512,0.35202151332522735,0.02974872146558478,0.23998823631324165,87,23,0.0024124826516320357,0.3278567932508246,0.9405865730054428,-0.6240646044833436,0.0234932079911232,0.16716739600605013,0.0880717486143112,1.1126467110418896,0.22090034186840052,1.0783457686043294,0.004504706198349581,0.4914432445213193,0.0097683817148208,0.4165555628611537,-0.1328285932540893,0.03430094243756023,64,43,16,96,-0.5639827360076775,0.6382845309188142,0.03868933552814174,0.2938372520038657
BadRange,0.054847973244090166,0.7847853199676514,0.13063878938555695,1.255731408754303,0.04128500819206228,0.32080507514251033,0.02431278738658873,0.18615270734215847,85,21,0.002069276334307406,0.1945561198745875,-0.17814409833503486,0.03175175630190763,0.020581275224685648,0.15937942069786276,0.0590376257896423,1.0356909579192282,0.1556223034858703,0.9637809048798706,-0.019680957123637176,0.37433266695174017,-0.0169786214828491,0.3529316779724181,-0.096584677696228,0.07191005303935756,120,47,15,40,-0.06020981209280813,0.827767460095119,0.030193633143507478,0.23330489563527185,0.04621388018131245,0.4430433696943155,0.027225582166574856,0.24502010080245212,76,19,0.0023002683076237293,0.291644961955217,1.6064160961184228,-0.7851531290290485,0.02275745570659625,0.14783414266663686,0.1562614440917968,1.0762681982589057,0.25815165042877186,1.0356870657916755,0.013697582390159358,0.4586459690778263,0.0118261724710464,0.3547327391547944,-0.1018902063369751,0.04058113246723037,61,45,14,99,0.30443798987660986,0.6965138578380069,0.035466968300551564,0.2851119727473375,0.041168786585330894,0.33936445320898595,0.024321160982362883,0.2045363844657497,81,22,0.0016757820137509624,0.23998461241281752,2.3625581056330356,-0.3496835615289813,0.020365297794342,0.17687242021226657,0.0878833085298538,1.0667544505093964,0.22071190178394312,1.0517028516289308,0.0032250095158815315,0.4227527727247365,0.00398519635200495,0.39739030681617726,-0.1328285932540893,0.015051598880465561,71,41,14,89,-0.5879850049990879,0.5420264845980313,0.032303016152446705,0.2475170813628118
BadRange,0.05792723918580336,0.819878117257676,0.13534544393420195,1.2973594746467652,0.05343988537788377,0.33343905282908864,0.03590789453126485,0.27969405736755903,67,18,0.0034822371859890866,0.5094627089186726,0.6622367018553819,17.216028175446915,0.027184605598449648,0.17001085465801663,0.1605942249298095,3.2293335902956475,0.2571789026260375,3.1769304411857453,-0.0014935813844203908,0.524673171572527,-0.00872603058815,0.41821331990225774,-0.096584677696228,0.05240314910990224,96,48,12,64,0.7677973613290716,3.710939113705035,0.04677436760713971,0.48392227883276684,0.0465538911521434,0.26241274139237336,0.025621899124234886,0.15872110945829196,80,22,0.0019683592809112116,0.21720849825305794,-0.41582705923358754,-0.3131733888500845,0.0232725143432617,0.13618434480425076,0.0827357769012451,0.9481597568618257,0.1543284952640533,0.8133996438359239,0.016392690036445844,0.42487681880951883,0.0167537480592727,0.39802387488284113,-0.0715927183628082,0.1347601130259018,53,45,19,107,-0.15063354527338052,0.5495047837577046,0.031105489235295117,0.1915416066847129,0.0308861304074525,0.252809259722396,0.019921393385156947,0.14687145336993793,74,23,0.0011556203313493323,0.1538831440844593,2.039702084763957,0.022255029724683073,0.015390038490295351,0.12995852148649323,0.1172029227018356,0.889610791444938,0.1853029429912566,0.82574546434319,0.0037600543349981296,0.34780948426471925,0.0017189681529998502,0.3358763967943696,-0.068100020289421,0.06386532710174812,75,41,14,85,0.7605192074051839,0.585729341240189,0.026694162525674296,0.1814158392753216
BadRange,0.05812232658925023,0.8655563782222545,0.13654289603233313,1.3749256256781957,0.05348865687847125,0.26899863671138874,0.03505088955163951,0.2566493698643247,64,19,0.00327105449956082,0.4821306546284179,0.8844666877774077,11.416204033318587,0.0252574980258941,0.1463039807540501,0.1605942249298095,2.629104643526155,0.2456249594688414,2.6084954252735044,-0.0015992630273103617,0.5182877866209905,-0.01084399223327635,0.4129277735009806,-0.0850307345390319,0.02060921825265033,97,46,14,63,0.9664064449574462,3.2046245604387407,0.04532872436794519,0.4620697186225608,0.04486886039376248,0.3592616751773937,0.025578308850526775,0.1805401520154722,80,22,0.0019142083804382939,0.2444011785926406,0.4336106414561445,-1.1061736565111897,0.02206902205944055,0.17589762606768833,0.0827357769012451,0.8592896187533496,0.1800332069396972,0.8215433739246801,0.01194731052964924,0.4473682916420305,0.0120216235518455,0.4401346670991831,-0.0972974300384521,0.03774624482866954,55,43,17,105,-0.44763297599115176,0.05663164993586559,0.03256176727671904,0.2103872387430657,0.03246413916349403,0.26064858647926303,0.022244551654439376,0.1614184902294831,81,22,0.0014631219977726117,0.20750915730755182,1.937909752077294,-0.3042371368003982,0.0162720009684562,0.12368109467991777,0.1172029227018356,0.8978630206361863,0.2191384583711623,0.8212759053026799,0.0022604266181588195,0.4092695474151748,0.00254826992750165,0.37292747209134525,-0.1019355356693267,0.0765871153335064,75,41,13,85,0.20351175112639402,0.6634342038671218,0.030249972734317794,0.20001898626412906
BadRange,0.06298589656011996,0.9162787509281339,0.14980762392282462,1.445014454795526,0.05868317186832413,0.34523872547278345,0.03749754275195297,0.2778005218657287,65,19,0.00417428336638252,0.5373932973417708,2.216748671841576,12.840409406385378,0.0267979502677917,0.16762876047761363,0.1725301146507263,3.019738201751344,0.3142045140266418,2.9446277616442105,-0.004243119806051239,0.5552834404258885,-0.0143964290618896,0.4551998991810918,-0.1416743993759155,0.07511044010713337,102,47,14,58,1.1842919435745536,3.26410332833888,0.05106092588025605,0.4785954430733325,0.0448536574840545,0.3195362540743496,0.027912154491059455,0.21331869600371506,70,22,0.0024432205562219035,0.2888139924405724,0.884207931007571,-0.005306760995082982,0.0219689905643463,0.15657018250928675,0.1367035508155822,1.155679165777733,0.2340009808540343,1.1216441237509478,0.0137602975592017,0.4655376597492993,0.01068091392517085,0.4334337146682854,-0.0972974300384521,0.03403504202678523,57,45,14,103,0.15253080689304277,0.6901682694400039,0.03668896372330828,0.2684933514925799,0.04115264117717732,0.28390930694403627,0.025871687888866242,0.17583242216570905,75,25,0.001745762463386825,0.23702737300415713,0.4019008841336391,2.6226069896679824,0.02150554209947575,0.1565635175715517,0.097040832042694,1.318159031066153,0.1989763677120207,1.2158353795072159,0.000982519146054991,0.424193354620338,-0.002926081418991,0.42423385786342704,-0.1019355356693267,0.1023236515589371,85,43,17,75,0.07837668971918628,1.2778143378605067,0.03312087556562114,0.23892963587655103
BadRange,0.06769757016852584,1.0208890721444532,0.16190405368804908,1.6179213505176782,0.05438078939914688,0.44512014107968906,0.03682443039491769,0.28944800383223923,68,22,0.004093416441719272,0.5208541078453756,1.920421259050423,5.687461702846846,0.02692940831184375,0.22195350626679144,0.1725301146507263,2.4353405127206034,0.3142045140266418,2.3617577076825675,0.002466302737593655,0.5786325630379355,-0.004135012626647901,0.5341060164580278,-0.1416743993759155,0.073582805038036,87,47,18,73,0.8509016291553114,2.043804872641458,0.0506789388667542,0.4313217648548761,0.053290836513042346,0.4026370526727855,0.03237691525137049,0.21330685190682747,75,23,0.0032315166887741625,0.36709159431924504,0.1923409254729611,-0.7534496322382385,0.0263383984565734,0.17788820361145344,0.1367035508155822,1.108867628578889,0.2295197546482085,0.9471618976926569,0.019243595562875256,0.5505138573553651,0.0151906460523605,0.5006780519602734,-0.0928162038326263,0.1617057308862321,53,47,18,107,0.13005039372709398,0.46365002818434126,0.04074009611850154,0.25303376687501944,0.047505833208560826,0.3523222951945269,0.02998518985114056,0.21169831215373283,77,25,0.002277753963515888,0.3094366111891747,0.2021553981672488,0.22327446798039885,0.0236284732818603,0.1944810911759108,0.1317625194787979,1.2791017051626037,0.2193568795919418,1.178197348829722,0.006756222341209653,0.48877493012437756,0.0035401284694671,0.4817650001602225,-0.0875943601131439,0.10090435633288185,77,42,18,83,0.16708925072090525,0.7361010278856941,0.03723729363293577,0.265585539649817
BadRange,0.06121008831875926,0.8944198010525636,0.14502191588282562,1.4164780174625695,0.04089687764644615,0.4530251162426553,0.029789945734664768,0.2664695250842552,69,20,0.003245577192072058,0.3313711506803849,2.9077159327340976,0.6169517658756227,0.020410805940628052,0.20262169738411415,0.1598952412605285,1.4343041617044257,0.2877632379531859,1.365539444214795,-0.01665614768862722,0.470885901319281,-0.02245274186134335,0.36350138581017066,-0.1278679966926574,0.06876471748963069,114,45,16,46,0.7229577286616196,1.0441561474692056,0.04197703462243079,0.3311157178678072,0.04465877264738077,0.4276739671935917,0.02779046682524492,0.22000154083574036,77,25,0.002464591342264282,0.30125857926467364,0.49137098026949033,-0.7708964140359695,0.0224418938159942,0.21623456163993107,0.1239974796772003,1.133296094331473,0.2168136835098266,1.062779443780623,0.015617381501942857,0.48454507369605787,0.0151906460523605,0.47687775432333634,-0.0928162038326263,0.0705166505508499,53,45,18,107,0.13366303143587727,0.23554666440073854,0.036119535771381044,0.25782678453092395,0.04021145403385148,0.44320102501763253,0.02586969622876491,0.2142316012684377,73,22,0.0019125995103884425,0.27576773817922806,0.9637255870242574,-0.9828671426360169,0.0205498561263084,0.22912397154206898,0.1317625194787979,1.004604172842125,0.2193568795919418,0.9316147123765439,0.006810154393315312,0.4610470424472306,0.0034161880612373,0.4229373275964405,-0.0875943601131439,0.07298946046558118,69,40,17,91,0.22549216922254364,0.34719078617831606,0.03400327755022995,0.2514027900200982
BadRange,0.06655980687764079,0.9113098153822267,0.15433381348848318,1.439303398829235,0.059462770819663904,0.5114152261350366,0.041652582683600434,0.3395100884943865,69,16,0.004619019669064487,0.5836173273009715,0.618088766353432,14.992842332272083,0.0288717448711395,0.17263369783272128,0.1598952412605285,3.3625460065362494,0.2959335446357726,3.27222857476649,-0.0017468515783548287,0.5655553221995845,-0.010964781045913651,0.40727389869654507,-0.1360383033752441,0.09031743176975922,91,47,17,69,0.3568863958505149,3.340676164623856,0.05386996505308998,0.5135800860943652,0.041104629635810776,0.3767608296146591,0.028464456737274275,0.20123752190192334,79,22,0.002709213011720488,0.29962712269193653,0.3070919315122844,-0.3581375491173895,0.021880805492401047,0.17713822483997377,0.1242240071296691,1.111643205883151,0.22039762139320362,1.030496719703863,0.018375783879309875,0.48902774895373247,0.018105790019035298,0.4407023010289155,-0.0961736142635345,0.08114648617928796,53,44,16,107,0.2642089793989917,0.6321153745954082,0.03693391956230979,0.2459247515911763,0.034162465482950155,0.3102561561497461,0.022829359495080963,0.18594987287187234,76,24,0.0014660878186032885,0.20453694968422922,0.5414718299912189,0.8449070733159494,0.01739025861024845,0.18159314666521675,0.1110764294862747,1.1611339430682472,0.1773435771465301,1.0938574643244752,0.004973262641578909,0.38472032767591796,0.00325275212526315,0.37278023730812837,-0.0662671476602554,0.06727647874377218,71,44,14,89,0.33706782490962245,0.9131018351389341,0.029952944989341562,0.23775453551333894
BadRange,0.047243605645230405,0.6857518924932242,0.10865110455080844,1.0678069330676965,0.053216755390167125,0.3373533763628932,0.034377185329794835,0.27539966291219575,62,17,0.0032417784686304373,0.4852056432845711,2.159705673060686,19.536298482115782,0.021730840206146247,0.15385473020014934,0.1329390406608581,3.3331702779049,0.3118481636047362,3.289510798463392,3.975331783295233e-05,0.4898786920604432,-0.0118394494056701,0.39203398731546757,-0.1789091229438781,0.04365947944150817,98,49,15,62,0.026140013250381445,4.005030165869311,0.04515365757633595,0.49520148459967334,0.030243784189224125,0.41368825761548605,0.020013785706832966,0.20884355389121126,94,22,0.0011145293276490138,0.17143905444523422,0.9466857969568494,-0.29448437180508646,0.0156942009925842,0.14571380746255325,0.0553333461284637,0.9536279655895079,0.15360522270202628,0.946636695027146,-0.0020419102162122765,0.3303111384523147,0.0011186748743057,0.23767479984097162,-0.0982718765735626,0.006991270562361983,75,33,15,85,-0.6842299467876511,0.8252252003756897,0.0263963296943513,0.24966699072879064,0.019837107975035802,0.20603080958773506,0.0139902971903211,0.13855346020144793,90,18,0.0006589182072156554,0.09152151571592061,6.558101391515292,1.2016629121371611,0.009989982470869942,0.09639732411325841,0.0714904069900512,0.8352011876120703,0.1816895008087157,0.8102984850345237,-0.0024175734142772875,0.24761710255493866,9.653158485889005e-05,0.20155992991276994,-0.1101990938186645,0.02490270257754654,78,46,14,82,-1.012200641063153,1.2396180162413823,0.020212188073371044,0.17380243450026123
BadRange,0.05417690264165116,0.7707015843631133,0.1286746749281881,1.2317450629521596,0.05965721607208245,0.272106843701737,0.03466442807577545,0.24990152017710549,71,16,0.002835795242164205,0.4229551384330129,-0.15819731806198556,18.91126879199215,0.027920097112655598,0.11814790006350744,0.1329390406608581,3.0774447898838737,0.19705140590667708,3.015721968319564,0.002409880608320239,0.45646553856937033,-0.006913810968399,0.3455156807415295,-0.064112365245819,0.06172282156430952,89,45,18,71,0.7169420734873078,4.055403996039928,0.04216248297208182,0.4632432951825504,0.0386675521731376,0.2834783724141836,0.025143397809006228,0.22660492032960636,90,19,0.0017344459338352414,0.2682933261470641,2.3303745573851353,0.20308593791957064,0.01916749775409695,0.1419369857479624,0.0585225224494934,1.158958866711514,0.21136155724525452,1.097579166989643,0.00020178239792584748,0.4312091971591752,0.00411048531532285,0.3417003355704714,-0.1528390347957611,0.06137969972187093,70,33,17,90,-1.0462496303303874,1.0110454156391562,0.033027345140882985,0.28697030235270626,0.03001416940242045,0.3607304078887429,0.020763809195195746,0.2253201500531081,79,16,0.001280486040986893,0.19764785403935112,2.880211389848922,0.6050910748685756,0.01523467991501095,0.10760530831672088,0.0879571437835693,1.1358698153247315,0.20990467071533198,1.1167143538237967,-0.002518105623312291,0.3440703272236139,-0.0029518892988562003,0.22455237501946396,-0.1219475269317627,0.01915546150093488,85,39,13,75,-0.5183045889677583,1.2198274386002537,0.028265816761044733,0.2815376776980062
BadRange,0.051824556362692877,0.7457814314717153,0.122716713696718,1.1800410992024388,0.0490050017833709,0.212413684775284,0.03134233192540701,0.26826732753879357,70,12,0.002533800957291521,0.38586597918563464,0.6352513733860792,18.718140732672786,0.0250125825405121,0.11663101348170135,0.1186559796333313,3.1965528265473804,0.18276834487915028,3.180104891164185,0.0011318463832139997,0.36840620252576123,-0.0057297945022582505,0.2341016326683834,-0.064112365245819,0.01644793538319517,88,47,13,72,0.9033267902470161,4.046036072746157,0.03990358849041125,0.5001428287261375,0.03687667846679678,0.21173905273162447,0.02414245996857058,0.1786008232162487,91,25,0.0017716202175178056,0.2568770875502774,3.6830890607037343,1.6630989498262325,0.018267586827278103,0.1173064331389558,0.0911665260791778,1.2855138725226096,0.2440055608749389,1.1929556054976143,0.0018189901486039058,0.4446941406283164,0.0054143518209457,0.44726146697343994,-0.1528390347957611,0.09255826702499534,64,39,14,96,-1.121961496971549,1.04436881582396,0.03333012176913051,0.24315470145798243,0.033698044717311776,0.23305380072440163,0.02101320480811405,0.16665359875003363,79,21,0.0012118220642602963,0.1794745201441611,2.0085956500685684,0.14769195977285587,0.0168557465076446,0.10806015148706731,0.0879571437835693,0.9210881592451157,0.20990467071533198,0.8164281891894591,0.0016542418859899067,0.3669407560483613,0.0008647739887237,0.30145755094592647,-0.1219475269317627,0.10465997005565651,76,40,14,84,-0.2699398856492113,1.0263640513371837,0.027557186261698764,0.21172860386546297
BadRange,0.04786183709360405,0.6923989210147222,0.1125469399243591,1.0784228120252015,0.0506473183631896,0.23038248072328654,0.03076875980943437,0.29307619861802553,72,12,0.0025132938654757763,0.38382467307921914,0.5206689203686099,13.52628526701698,0.02488562464714045,0.10148975327409102,0.1186559796333313,2.9249664398279096,0.1977192163467407,2.9172430425302576,0.0041016552597284315,0.37200486744854566,-0.0010949075222015,0.1954312666636847,-0.0790632367134094,0.0077233972976518545,82,48,14,78,0.7651341610812511,3.475929607125304,0.03954438748021152,0.49541603897513165,0.03415435552597035,0.2672264400895048,0.023119784723967272,0.17056962167714804,92,21,0.0015306318917406047,0.21865937598994006,2.229729850083533,0.6933346032074024,0.0170435309410095,0.14130617847592747,0.0911665260791778,1.0542934479421937,0.22257155179977411,0.9932367687483438,0.0035262342542409764,0.41120398438584244,0.0075371861457824,0.37665758306454605,-0.1314050257205963,0.06105667919384994,61,38,17,99,-0.7617906778812944,0.9392903587864968,0.030824487599890763,0.2226446927621403,0.026221413165330824,0.22950691064112222,0.016146174364839637,0.13359515952156098,71,26,0.000747105249702629,0.1128030307064617,2.6776724942007926,-0.8177635725255947,0.0132964961230755,0.10808547254785589,0.1007468849420547,0.6339029867825219,0.1556557565927505,0.6124208983572362,0.0008504627738148016,0.2952139601908137,-0.0008089207112788499,0.29928456134296466,-0.0549088716506958,0.021482088425285664,83,43,17,77,0.918618919380721,0.03913933009716612,0.021659863333645474,0.16016163215613904
BadRange,0.04622748976425171,0.659113851562275,0.10964238900691248,1.046109079751354,0.052126064896583446,0.2714597311459673,0.02982544158585365,0.24047711220141316,65,15,0.002287672621051935,0.3568377133329388,0.2166087754268471,19.828440627520685,0.0252526700496673,0.12063220097321171,0.1245617270469665,2.950864367297889,0.2036249637603759,2.9396630759601585,0.0005721293389797308,0.40006811085633065,-0.0053717494010925,0.2860159054669642,-0.0790632367134094,0.011201291337730788,95,41,17,65,0.7202492000702048,4.121202481132825,0.037927014400162405,0.4436025473425344,0.03726018965244285,0.250885703810112,0.022138827529270155,0.19869794821462214,87,16,0.0012139730839947358,0.18461624953581357,0.04084545852281263,1.006801926102935,0.01857052743434905,0.12641701049576076,0.0798729658126831,1.1176473515936516,0.1557562947273254,1.0764162511763542,0.0026228124275803517,0.33791818718412914,0.0063935816287994,0.27289928251905315,-0.0758833289146423,0.041231100417297446,72,36,16,88,-0.2509633466117644,1.3708457840570227,0.02750604795640525,0.26538189144326607,0.024461489170789625,0.17068245527485496,0.01645876632974246,0.12305537494937649,65,21,0.0007812646435745306,0.11957426208750785,2.7454569189175926,0.21577519375672516,0.01181983575224875,0.08323174403169471,0.1007468849420547,0.7529998878698034,0.1510769724845885,0.7120429732449493,0.0003092639381066034,0.30812278171089413,-0.0036176145076751,0.26972388754651233,-0.0503300875425338,0.04095691462485417,91,41,15,69,1.0404076761867773,0.8587103370831711,0.022164502370547505,0.1569541763644681
BadRange,0.042498769202444234,0.6019020798073496,0.09983281161636093,0.9409202494428849,0.036623015999793895,0.2511644071659961,0.0249289061920717,0.20205910475225203,61,18,0.0017411075598502957,0.25806525101905653,1.1147332435945785,16.17767979160356,0.01727390289306635,0.13291936807117297,0.1245617270469665,2.3663538047520203,0.1701952815055846,2.354036764073396,0.006087563559412962,0.34460633797161405,-0.00154945254325865,0.2728482496784599,-0.0456335544586181,0.012317040678624483,88,43,14,72,1.0903267029438415,3.746756251135721,0.03252298724266357,0.3732448564265155,0.03903291001915918,0.2941299921143637,0.023047958035021975,0.2126979086376545,80,20,0.0013673025522612852,0.20544629028004455,0.4157435258073421,2.711596721673475,0.019607663154602002,0.14412901078672855,0.0798729658126831,1.3052496191746343,0.1849531233310699,1.2983410544234164,-0.004863723833113902,0.3467397049240884,-0.00477866828441615,0.25279852960582255,-0.1050801575183868,0.006908564751217928,89,32,18,71,-0.18357814940898087,1.6739469011277086,0.02891598388284513,0.29192099497843693,0.02414209768176065,0.17962416411728643,0.015200362986652134,0.12962224481641027,76,18,0.0006101986360316865,0.09301171847076001,0.8991529209726292,1.6795950229652963,0.012123204767703965,0.08483489470956881,0.0733202770352363,0.8063984141202855,0.1236503645777701,0.7697560351591385,0.00029753900598734705,0.24957420654718232,-0.00022292137145993432,0.20386509388081464,-0.0503300875425338,0.03664237896114695,81,43,15,79,0.3663224862116513,1.4386840081433576,0.019587844210499854,0.17528386661956197
BadRange,0.0403869000434685,0.5427062156246546,0.09429861053824401,0.843704288878945,0.03699508309364307,0.1716359893431705,0.022122865542769397,0.2039893775944188,80,13,0.0013448436483151805,0.19640926797779687,0.3070675121689299,9.451429637689774,0.019320696592330898,0.06305081890727417,0.0813891291618347,1.8208883881567912,0.15437185764312739,1.785503411511918,-0.005298947915434827,0.31683327541031364,-0.005114376544952301,0.20429715793869324,-0.0729827284812927,0.035384976644873216,97,47,13,63,0.3786562473092313,2.8306654688119885,0.028592974132597995,0.3098805311254148,0.043381907045841106,0.3643621775202131,0.02516310742590571,0.2550272916694162,89,17,0.0014986601348185593,0.23121583218099243,0.07534868945763451,2.560988995545692,0.02411676943302145,0.11156265264866376,0.0748544037342071,1.5400605487301475,0.17993456125259388,1.5313053811208925,-0.0022846449166536373,0.34852977481915787,0.0036045908927917003,0.19425737076888308,-0.1050801575183868,0.008755167609254995,71,35,18,89,-0.22446223089906936,1.6539767026559808,0.03061537381492887,0.331274551158853,0.019938219338655326,0.15510211341240493,0.011226632893085437,0.09427982225537937,76,21,0.00032212624710378486,0.04562466703613759,-0.16461751688522153,0.052326408188987816,0.0103303045034409,0.07948596148485294,0.0460124611854553,0.511221560436579,0.073739469051361,0.495023760258447,0.0022852938622236244,0.1783412386494733,0.0016467794775962001,0.15442321128761044,-0.0277270078659057,0.016197800178131924,71,46,16,89,0.22242637600010612,0.8965894586076091,0.014047765288047563,0.11755453897280696
BadRange,0.041148482677030376,0.551726853610405,0.0950367562472818,0.8439100434670229,0.045435860753059304,0.236542791348849,0.028974429345689667,0.25136606532456285,73,15,0.0022461576436503664,0.3381044398204684,0.440922313064227,18.283951471066775,0.0226141214370727,0.12965853590861454,0.1281027793884277,2.9073112507588106,0.2010855078697204,2.8908240731427335,0.0031597126275301007,0.37131081657232107,-0.00140753388404845,0.25243217966182474,-0.0729827284812927,0.016487177616076973,82,47,14,78,0.6877065809988019,3.893495214261424,0.03745171809570163,0.4474737057267886,0.035674385726451846,0.270392162650852,0.020619334031362038,0.20404223518074613,98,18,0.001088487716915102,0.1634891818313876,0.005553060848315194,1.842335201868834,0.01637828350067135,0.11806853798897601,0.0748544037342071,1.2246003003787829,0.1457545161247252,1.1736370016201887,-0.00016550319269300218,0.3121818382399899,0.0043079853057861,0.19588962295102824,-0.0709001123905181,0.05096329875859426,63,43,16,97,-0.1432743699602965,1.4305899219918048,0.02616401930473918,0.25696630460916153,0.0163906291127204,0.13366975573462314,0.009966011752840082,0.07386423613144857,78,23,0.00025244691229234397,0.034665965093681785,0.08588792074553142,2.034288520512427,0.00817831233143805,0.06871788759854476,0.0386263132095336,0.5078160979527059,0.0712482780218123,0.479650690460171,-0.0002705887891352093,0.160417388654712,-0.00071110948920245,0.14767275630505777,-0.0326219648122787,0.028165407492534898,84,48,15,76,0.12563176073003132,1.1539699133230183,0.012597538020023853,0.09451045715096744
BadRange,0.03487123517823254,0.4892914931136719,0.08068236500024772,0.7565173381664747,0.028485447168350126,0.2087127567970446,0.023142739958129783,0.22767311118792233,63,13,0.0016989230150415901,0.2556038216228565,2.705510453742164,10.10914608012004,0.0146750211715698,0.10489698236920877,0.1281027793884277,2.0882692400028646,0.186091125011444,2.069164071895433,-0.002974130585789663,0.34049531191957816,-0.00924023985862725,0.24749504234179465,-0.0579883456230163,0.019105168107431795,105,47,15,55,1.4424493018627447,3.009909755817821,0.03255155843254026,0.37372016828590565,0.021746039390563875,0.14447004570482688,0.015478910715319169,0.1418825275922016,90,15,0.0006770729967886055,0.10107324859716678,0.7518969704438625,0.7441261543214854,0.0109147727489472,0.06164718542170146,0.0515359342098236,0.8039971852444727,0.12243604660034171,0.8009262104533837,0.000621816329658025,0.2570556700370443,0.00195278227329245,0.18985873819087024,-0.0709001123905181,0.003070974791089015,67,38,16,93,-0.5479925450708164,1.2899559737032718,0.02062626932114059,0.1870711925951533,0.0190126821398734,0.15734936222796567,0.010611883865203665,0.09828034771216437,77,21,0.0002909415191823032,0.04008290592933511,0.11767698330561105,0.49644833332481264,0.0095768868923187,0.07074473864108324,0.0419477224349975,0.4932900374062125,0.0750634670257567,0.4765246824136638,-0.0031071072444319604,0.15896635620985214,-0.0039567276835441,0.12190816653598485,-0.0331157445907592,0.016765354992548734,95,44,13,65,0.3757333746727774,1.107264640924111,0.013163102005247142,0.12170703974174014
BadRange,0.040675292445767196,0.5405476779202963,0.09327191188931441,0.820417502322579,0.05146135389804835,0.19360254067652788,0.029276525527238806,0.22314077859403483,64,12,0.0021951886380847047,0.32702578535589416,-0.044800461375535505,24.740019594614196,0.0225624144077301,0.10612851807649874,0.1148006319999694,3.162858305472867,0.1727889776229857,3.130394831657648,0.005365114286541945,0.3293482738154661,-0.00232180953025815,0.20669163704054117,-0.0579883456230163,0.0324634738152188,85,50,13,75,0.7234718258343057,4.732694446793049,0.036764878612152704,0.4674991977433403,0.0246706157922744,0.24618238401091724,0.016040211915969806,0.15070859733126526,80,24,0.000761869583040988,0.1155124192860499,2.3089631038942464,0.2923512060415181,0.01246649026870725,0.12907344280589086,0.0904011726379394,0.7972229268528369,0.15737932920455922,0.7606284944659919,0.002080522477626797,0.28736132694041666,0.00183635950088495,0.24022995646023448,-0.0669781565666198,0.036594432386845,71,36,17,89,0.5122514293982706,0.8107092799121355,0.021790077151305157,0.18148247040717977,0.0206582807004451,0.11712013914080996,0.013318348614266095,0.12092633944056151,77,15,0.0004654783822857743,0.06955539247326067,0.16493460011127103,2.8015819010086735,0.01025201380252825,0.06531468337523413,0.0437731742858886,0.8311427405612464,0.0897738933563231,0.8106902719843845,-0.0019383422099053748,0.20370790156669621,-0.0039235204458236,0.15474564886848485,-0.0460007190704345,0.02045246857686184,90,41,19,70,0.3951117292747976,1.7099248098046993,0.01699920289380691,0.16750666647197615
BadRange,0.04390478974846823,0.5622533492115827,0.10247448824346041,0.8514349478000063,0.0562175512313842,0.27767264482080456,0.031177159552462357,0.25982442109958265,67,16,0.0023906246942867033,0.358512042634959,-0.2649102716781342,17.852644701704502,0.025658518075943,0.11982847778885708,0.1148006319999694,3.038305559983183,0.1831895112991332,3.0098279825557124,0.0040402490645647104,0.3411204534714347,-0.0012499988079070498,0.19731112483239238,-0.0683888792991638,0.02847757742747092,85,48,13,75,0.6151720669963775,4.061914705523159,0.038563081656465735,0.4920862514421651,0.02966715395450585,0.2250275150392138,0.018142784549854653,0.15908702043940803,83,17,0.0009324038843018439,0.13734476337949297,1.4216101696509318,1.3072416652105892,0.015122123062610598,0.10064272922122085,0.0904011726379394,0.9062843465348406,0.1573800146579741,0.8693335886815019,0.004486789926886555,0.30491399968794164,0.00553727149963375,0.24599244517817653,-0.0669788420200347,0.03695075785333868,68,37,16,92,0.2068337573687322,1.3363113555332329,0.0237941093886837,0.21064713663801576,0.02353036403656,0.13634960968342325,0.014597875966574015,0.14947648618844123,79,14,0.0005581384625792411,0.08353108829546294,-0.18560823708912455,2.7137320668606986,0.0124735236167907,0.05342686336781924,0.0437731742858886,0.9320594486331092,0.0917966365814208,0.9177299819643643,-0.002473546797409644,0.20540049464062993,-0.0029323622584342497,0.130879361685451,-0.0480234622955322,0.01432946666874495,89,40,18,71,0.00879890221221034,1.8341719699372898,0.01857077179697023,0.2033266463030546
BadRange,0.04505369579986064,0.6006051976589676,0.10636508911848044,0.9247320704925,0.0515459477901457,0.18586294775412193,0.029822564027272125,0.22284044437321518,59,14,0.002223919838868684,0.33497599410933077,-0.21915049550190835,23.646276334038642,0.01915273070335385,0.10900961546388838,0.1011523008346557,3.080362723894022,0.16954118013381952,3.0440834685189175,0.0028311308473348714,0.3595117290821912,-0.0067160725593566496,0.24775829931025184,-0.0683888792991638,0.03627925537510466,97,43,16,63,0.718970997308716,4.5813844314707275,0.0372910982672886,0.45357172614886826,0.03660100325942028,0.32230181322888696,0.021592355736065615,0.19376835558123634,81,20,0.0012538729693840234,0.19031475953464927,0.7413522448099044,2.70241977937323,0.018710449337959248,0.1294818364702323,0.0780075788497924,1.2809308065793767,0.1663630306720732,1.230043152833248,0.00302637871354818,0.3511542491712194,0.0036820173263549,0.2768888246554763,-0.0883554518222808,0.050887653746128726,71,39,16,89,-0.4560004434557589,1.5656586323982111,0.027917427892321413,0.25885411494439575,0.02879109978675825,0.1574060715581627,0.015401305672712579,0.15074696441466778,83,16,0.0005743375190748289,0.08464028307187434,-0.7240462385852555,1.6572850836685626,0.01434139534831045,0.07327507085756574,0.036494567990303,0.8732085863632116,0.0845180302858352,0.8672340581833646,-0.003132173046469683,0.2140660922390894,-0.0022148750722408,0.13177625141774835,-0.0480234622955322,0.005974528179846985,89,40,15,71,-0.16078507191169436,1.5307108455664549,0.018744235277938223,0.1970177434277431
BadRange,0.04262567599400556,0.5707959817370887,0.10163744427263713,0.8772915832645221,0.04119749367237083,0.17724672342997191,0.027830933202058032,0.21287773196634838,62,13,0.0020142711654032967,0.30028847244810897,0.0054358591695273795,19.306340399190375,0.018729239702224752,0.08423125439980558,0.1011523008346557,2.7709242738793787,0.16538983583450312,2.75817661023516,0.004299492388963705,0.32826605514688284,-0.00520998239517205,0.2204326640423581,-0.0642375349998474,0.012747663644218624,91,48,16,69,0.8499577160931009,4.293832182298155,0.03533037382039153,0.4387822574881677,0.03682295978069298,0.25925025662292245,0.020837109461426688,0.19008400722368168,87,19,0.0011325791386065875,0.1712248354916057,0.96821518698472,3.5612237174162455,0.0181632339954376,0.10992707159755254,0.0780075788497924,1.3285207237367638,0.1663630306720732,1.3058879507476682,0.0029804885387420626,0.3249973168567502,0.0048208385705947494,0.2375697250241529,-0.0883554518222808,0.022632772989095672,67,38,16,93,-0.5806567349196551,1.7553312800253704,0.026521213053629724,0.25612805298818553,0.025725662708282325,0.25666104269103884,0.015262287692166827,0.15061304498797407,88,16,0.0005968892949801611,0.08504916739623145,-0.3812451244341939,0.9758665792771462,0.01284412294626235,0.0802756199674654,0.041840374469757,0.8371301570729476,0.0980141162872313,0.8227020561368791,-0.0049266775604337384,0.22402821126088912,-0.002214103937149,0.15243194182841824,-0.0561737418174743,0.01442810093606847,92,40,14,68,-0.14458954142080724,1.2731129412444326,0.018734387246115515,0.1867097425296224
BadRange,0.038235638120624624,0.5025196410049403,0.0894322661310432,0.7860381758679927,0.03745971620082847,0.2389335995623173,0.027271242183633117,0.24870040981968838,65,14,0.002328402045696937,0.3363800877403533,2.373948902803254,21.365228564862893,0.018795967102050698,0.1059972492329013,0.1444931626319885,3.024154644111742,0.20873069763183588,2.978172998655329,0.005176326259970667,0.3626770105798594,-0.00014266371726990004,0.23603224320047758,-0.0642375349998474,0.04598164545641302,80,52,15,80,1.3727435026817298,4.258269617554091,0.03791359823109121,0.45259857902694506,0.0295244753360747,0.18784129535050625,0.015047976840287395,0.13075695017594577,78,18,0.0005124938944524944,0.07668927743924982,-0.8541102962569518,3.088538934279045,0.014523312449455199,0.07490594054012017,0.0352910757064819,0.8903219591918281,0.07482016086578361,0.8812974892302707,0.001622367650270469,0.21764603747915104,-0.00062127411365505,0.1637324715868399,-0.0395290851593017,0.009024469961557374,81,37,18,79,-0.08432224390742787,1.6313029699184172,0.017879445554139436,0.17122931936112407,0.023901596665382274,0.15038685051467604,0.014505677204579076,0.14155066188708562,96,14,0.0005686613271635693,0.08001645494097419,0.23112814247518942,2.6784011507596306,0.01121563091874115,0.05310519655019272,0.041840374469757,0.8546383966885905,0.0980141162872313,0.8135809952186875,-0.005316766211763019,0.20571512780898232,-0.0011225417256355,0.1362688487595495,-0.0561737418174743,0.04105740146990296,86,43,16,74,-0.6095521434397966,1.8826053671637835,0.01814394786984308,0.1941590614200333
BadRange,0.039800084520595816,0.5281791735555276,0.09253927201032615,0.803265414732701,0.03634211421012877,0.2761324803645977,0.028985024578869305,0.26560038013638976,66,15,0.00257065393319024,0.37830613579144107,2.0007149685273946,16.44652602200681,0.0179263353347778,0.09743514767797055,0.1444931626319885,2.9668899361078784,0.23705464601516718,2.931434641328369,0.002531419694423681,0.38723722213129974,-0.00384590029716485,0.25426913813622454,-0.0925614833831787,0.03545529477950961,87,49,14,73,1.1359401729901668,3.858344264833311,0.04012873150124425,0.47786344240533357,0.0256495475769042,0.12707910462987151,0.014317666785791466,0.1012166353745747,75,21,0.000497594832067649,0.06998432939301753,-0.20679617221928215,8.646867752889534,0.01248723268508915,0.06502076527661357,0.0411629676818847,0.945878654544627,0.09511840343475331,0.9309524476453935,0.0019911296665668507,0.2166360285914236,-0.0004733204841613,0.19023858920692605,-0.0539554357528686,0.014926206899233555,81,41,18,79,-0.09041733344042933,2.4677764873602706,0.01757734885149758,0.15183267273269418,0.024653285741805874,0.1685103885033956,0.014612971455790066,0.12889149173569597,86,16,0.0005900437825142779,0.0775471319967807,0.053272098562223036,5.823759569611511,0.0126988515257835,0.07620711761224,0.0261777192354202,0.9952542663629076,0.0886836647987365,0.9797718310192857,-0.006522278301417819,0.1993921640099776,-0.00435435771942135,0.15389823878333087,-0.0625059455633163,0.015482435343621885,94,44,17,66,-0.5777709170285014,2.349337327246955,0.01811874875461835,0.1943962369188223
BadRange,0.04305990449836068,0.597759828410598,0.10275290112942434,0.9356188806447558,0.032790660858154255,0.22865253639258576,0.027214461006224117,0.25462881594130277,68,15,0.0024178284633506984,0.3378213203731791,2.8632161834108354,18.16404767390404,0.016999661922454848,0.09560992831967119,0.1466392278671264,2.919908370529641,0.23920071125030512,2.890279870622035,0.0017565153539180838,0.3607906871012361,-0.00346684455871575,0.2129069647186676,-0.0925614833831787,0.029628499907606236,89,48,12,71,1.2838351948445466,3.9744652844366892,0.03895564248494019,0.45568783226480486,0.028527207672595926,0.18496900357400828,0.018374680469278204,0.14615701869796827,79,15,0.0009744427082007038,0.1296527895299368,2.0579673149881215,1.3487006570062663,0.01475410163402555,0.07733797362027055,0.0827491283416748,0.8796173350808735,0.17950081825256342,0.8263930603374284,0.0029685141518711973,0.3032836737358823,0.00248749554157255,0.23913087517948234,-0.0967516899108886,0.053224274743445064,71,44,15,89,-0.1598219302956787,1.3976714808630286,0.024576198873089396,0.1940922532591235,0.028478521853685275,0.242286427466524,0.017405993149150128,0.1648854925090546,72,17,0.0008751496537383543,0.11749363450525899,1.3465025309919563,1.0344545462355077,0.013975188136100752,0.08592298986326248,0.0617008805274963,0.9548979393172011,0.1594187542796134,0.922208803812538,-0.006128328316844988,0.2715445198076377,-0.00854080915451045,0.19305695672170037,-0.0977178737521171,0.032689135504663104,103,42,17,57,0.05969001481875522,1.2974837415095168,0.0226410241701682,0.20918223697938226
BadRange,0.04123572627000298,0.596044774401604,0.09834257427602985,0.9460368270217391,0.027133777737617347,0.24532028560892064,0.023240532120689716,0.21402352899715907,55,17,0.0019544929031737692,0.24813472520009697,4.362375139609282,15.835004648636566,0.013719230890274051,0.10999151755238287,0.1466392278671264,2.3309702792874023,0.1889075636863707,2.301566997624304,0.00877581164240837,0.33757506891183936,0.00202843546867365,0.21727730747974078,-0.0422683358192443,0.02940328166309838,73,49,15,87,1.84150316619857,3.638687700197125,0.03393731838804664,0.3663028774788206,0.03388731181621543,0.18883291238743777,0.020769630498252766,0.17932963992572312,82,20,0.001188376868715123,0.16180869021912112,1.0348603767912534,0.9700530454591658,0.017437040805816702,0.11836146000816948,0.0827491283416748,1.0454632416645264,0.17950081825256342,1.011680707101493,0.005011993087828151,0.32408556751267203,0.00551126897335045,0.24556516432859837,-0.0967516899108886,0.03378253456303337,65,46,16,95,-0.09305425715462717,1.2790095036596374,0.026872453796893545,0.2382797413736854,0.03012003377079955,0.1982337181315321,0.017746025709493508,0.1499953699820743,75,17,0.00081701606661683,0.11962703202365368,1.7138369520921044,1.5916551225583655,0.014597110450267702,0.10169052413145566,0.0692858695983886,0.958938459495015,0.16700374335050572,0.9116568676503871,0.0006238205591216706,0.2843761905972276,-0.0012751966714858501,0.22988620584904984,-0.0977178737521171,0.04728159184462791,84,39,18,76,-0.03297705955401258,1.3648769165034484,0.022659545079071565,0.19686852019828602
BadRange,0.04412383820361892,0.6194194478655821,0.10356377378106094,0.9773878233097499,0.033985376358032074,0.30917202558568924,0.027453812756575602,0.3062278228746617,57,14,0.0025982261316621763,0.3882168121191163,3.8500710835602536,11.663672095481141,0.01477435231208795,0.0963835469393694,0.1606847643852234,2.7797737744125897,0.2399737238883972,2.7214435452628902,0.0033762227743864117,0.4174362128528318,-0.0060512721538543,0.24667780056959743,-0.0792889595031738,0.05833022914969926,92,48,18,68,1.792397475545145,3.0663327411245573,0.04028193036622324,0.4625622339947368,0.0336243957281112,0.3097397083467764,0.01994824287481602,0.1995236825556034,89,17,0.0010503189662488634,0.14677602986602228,-0.31995471690664345,0.9580427298776781,0.016287147998809752,0.09542351285447584,0.0694470703601837,1.012793010075226,0.1280373632907867,1.0023185935486656,0.007103904336690889,0.2910230152632827,0.009697496891021649,0.19861586416669263,-0.058590292930603,0.010474416526560525,58,43,15,102,-0.29400891247018,1.3375421259404585,0.024694029978097515,0.24916186396214296,0.025746997445821675,0.22047859252861435,0.016864510508021298,0.17557701095755968,73,17,0.0008472039349541112,0.12819627246161563,2.2154683187156783,3.48377931009818,0.01268134266138075,0.0988825459583105,0.0845240503549575,1.1976371185756456,0.1562485843896865,1.1898795195256087,0.0030726340599358097,0.2689285951936356,0.00060212612152095,0.18046657144296813,-0.071724534034729,0.007757599050036874,79,36,16,81,0.66581468024507,1.7895236080788715,0.022876455266601557,0.23637614758852746
BadRange,0.0463540263333309,0.6640506011084351,0.10662612721323943,1.0270830535105264,0.043712347745895275,0.3149032282533524,0.03040142105892297,0.3067181040676652,60,13,0.002826855610162613,0.40568006811880314,2.641188488842311,11.99759936019629,0.02075698971748345,0.14853405411012147,0.1606847643852234,2.8488320757607,0.2399737238883972,2.8059647834563908,0.006190181151032453,0.43244251967623315,-0.0048985183238982495,0.30320668231221787,-0.0792889595031738,0.04286729230430945,86,51,18,74,1.4906842159660008,3.043977896356104,0.04170536262420745,0.46762542199379403,0.033677682280540376,0.3313575082565633,0.021556085961637973,0.22262516151165,81,18,0.0012847150962711218,0.1963473891163104,1.1596463677510647,0.17441400496509907,0.0172690898180008,0.14245214074605525,0.0755031108856201,1.0721572770749126,0.1878671050071716,1.0535928206636116,0.0015448809601366488,0.3482209867043787,0.00175525248050685,0.2555883513538658,-0.1123639941215515,0.018564456411301056,74,36,13,86,-0.40628111692073504,1.0372501795115676,0.028383009852555676,0.2740246951187782,0.02131769806146605,0.21787297044696508,0.015689678979106204,0.18686150686395467,70,17,0.0007900093731006983,0.12150814087173264,2.6160518855091643,2.541996336680649,0.01013358682394025,0.07907035036922125,0.0845240503549575,1.1290831883032426,0.1562485843896865,1.1140053146690634,0.0018767217174172409,0.24641954712991462,-0.00044691562652589994,0.12999384101759864,-0.071724534034729,0.015077873634179192,80,37,15,80,0.7240878747267677,1.689966473717196,0.022210740759032937,0.24654725239600708
BadRange,0.041013479513546516,0.5603446179300605,0.09535478770732855,0.8712990588640047,0.0395415723323821,0.25709344157553304,0.025004431726410935,0.222944999109476,73,19,0.0017455907061078293,0.23250271547685572,1.4553858629419496,12.747494718150994,0.01958817243576045,0.12050148013595088,0.1293815970420837,2.1852249883509773,0.2263473272323608,2.1660635825709718,-0.00331135168671607,0.32222538705433024,-0.0067226290702819495,0.22456597491811353,-0.0969657301902771,0.019161405780005754,92,49,16,68,0.6208179661324795,3.2347544693930197,0.03296698010787815,0.3587109078555359,0.03487297147512423,0.3331275367201044,0.021060768146999136,0.20487072120722935,81,20,0.0012158627834059001,0.1803771393422878,1.358243527837658,0.32805750256604993,0.01734086871147155,0.15019846308586032,0.0755031108856201,1.078387155123343,0.1878671050071716,1.0399608797226205,-0.0006532821804285018,0.343829320637621,-0.00036188960075375003,0.2610295024462995,-0.1123639941215515,0.03842627540072257,82,42,14,78,-0.17987200602512046,1.0318800267847188,0.027645327140874268,0.24931613989503332,0.020305030047893476,0.17092899856626254,0.013099552029743744,0.1195954394584728,76,19,0.0004451869256203425,0.06637858773220921,0.32493693432935133,1.2118721859383106,0.00981868058443065,0.07388993247408343,0.0517233312129974,0.6639397319966602,0.0868449509143829,0.6253665379083759,-0.0004490708932280537,0.20524435117205353,-0.00272740423679345,0.15117568608123821,-0.0351216197013855,0.038573194088284316,84,42,15,76,0.4988603122859186,1.4008244410583217,0.016726889852011574,0.15573485173259063
BadRange,0.04465135298654445,0.5841455171742473,0.10540954768657661,0.9069940439990749,0.047591045498847795,0.2512919296708649,0.031162454867735466,0.28160449118625747,73,14,0.0026973587075288874,0.38070987449971655,0.5067397832633809,17.344212917496524,0.02429479360580435,0.11987460748381186,0.1293815970420837,3.070200800367044,0.2263473272323608,3.0185747413511033,0.004811822623014444,0.3898095956650636,0.0012024343013763,0.23758905537022373,-0.0969657301902771,0.05162605901594086,77,48,17,83,0.6161142500944419,3.7844652247502153,0.04090419000542857,0.4782868946847239,0.03166925907135005,0.2304262138898225,0.01859008533065203,0.1557646511446885,81,21,0.0008258593975303302,0.11112736530317241,-0.3641681312903975,0.35265153177449804,0.016377560794353402,0.12165020095985965,0.0582662224769592,0.7802821674833194,0.10979607701301569,0.7480554486893909,0.0017228103242814547,0.27058598660250316,0.0029597207903861496,0.22030891507957343,-0.0515298545360565,0.032226718793928466,77,47,13,83,0.0814196943903516,1.0267867719606745,0.02272491327959886,0.19470641786423576,0.025887820869684126,0.18162827176278568,0.01607289030333045,0.13349206773158143,77,18,0.0006447272171376013,0.09054193049729248,0.10798063267966151,1.097560795177288,0.013676352798938701,0.09041294319772308,0.0461719781160354,0.8024711788497735,0.11615273356437669,0.77830883655719,-0.0024625596590340114,0.24659846173150818,-0.0037282928824424,0.19589188736594076,-0.0699807554483413,0.0241623422925835,86,42,18,74,-0.2346339693331209,1.2462069188012779,0.01998465601686458,0.1724271706226904
BadRange,0.04078186524599496,0.5629467921969029,0.09769052781164624,0.8739467075831604,0.0335531681776046,0.16370404270912584,0.02481229155324395,0.24697975632771066,66,12,0.0018711036967423988,0.2749520380202762,2.014231210228928,6.59289466238025,0.0148934125900267,0.07262343471947108,0.1245818734169006,1.9984903575878172,0.1935166120529174,1.972853357748363,-0.0006709929555654443,0.3424578239036902,-0.008259207010269099,0.20008437525988676,-0.0689347386360168,0.0256369998394544,97,47,17,63,1.2909763703545203,2.664320114919951,0.03429783833762769,0.3970827078423655,0.032581828534603,0.2609351509717483,0.0190294435061514,0.15608237911459413,88,22,0.0009152006027272878,0.12672215003999943,0.7058039572100503,2.415034681233405,0.016056388616561848,0.13702702385022356,0.0582662224769592,1.0104277580382313,0.1416542530059814,1.0036210021716354,0.004028082080185407,0.2908484465461041,0.007584810256958,0.27750008491195555,-0.0833880305290222,0.006806755866595781,66,45,15,94,-0.6166819760922542,1.3436331609085121,0.02364889788722397,0.20525430855823093,0.025362875312566653,0.18024456425263344,0.01617883023631289,0.14183459242215984,81,19,0.0007090761373741329,0.0982934434886495,0.10564284838535398,2.6600184947911103,0.013557262718677451,0.0944394773108697,0.0447858572006225,0.9215541577000094,0.1147666126489638,0.913632383670437,-0.004266950348392123,0.2406404371333662,-0.0039808675646781505,0.2040928313680046,-0.0699807554483413,0.007921774029572427,93,45,14,67,-0.3001542924831581,1.6253962512167668,0.020679421195096727,0.20096174637206937
BadRange,0.04012186309814301,0.5731291752562795,0.09458008237183071,0.9031875620615896,0.03308220207691183,0.269871444052142,0.025120922643691257,0.2458084474280403,65,16,0.002003724755507573,0.2915449912995633,2.8428972177630865,14.852408143337627,0.01676863431930535,0.1221812508465672,0.1528202891349792,2.52607255582843,0.2152500748634337,2.4766295999547348,0.0034923300147056665,0.36310821008668354,-0.00222253799438475,0.2431746927976587,-0.0624297857284545,0.04944295587369534,87,47,15,73,1.4542749084511315,3.435595528853858,0.03532606931279571,0.3996215948459345,0.03242489695549002,0.21928406522736757,0.018809437747113363,0.14273308099096066,86,21,0.0009132062804759105,0.13307268903404634,1.0893163229366492,0.39825588161210046,0.0158465206623077,0.10775705922310468,0.0507238805294036,0.8040880760756245,0.1341119110584258,0.7618829346631291,0.002462280355393879,0.31699422339185424,0.0053915381431579,0.2907345778977451,-0.0833880305290222,0.04220514141249543,71,44,17,89,-0.7168838277705896,0.923867743863534,0.023837840026013194,0.18051967031390664,0.025278151035308775,0.19328208261828403,0.015249253638321488,0.14143174669475309,78,20,0.0005846255944241376,0.08438607642327137,0.052433111381443354,0.8956324728102643,0.012848377227783151,0.09167878502932875,0.0520555078983306,0.7229803208250805,0.1075124740600585,0.7013703179338948,-0.002377824252471324,0.22308512858305185,-0.0029108375310897003,0.16777923285573737,-0.0554569661617279,0.02161000289118568,90,48,15,70,-0.037299296808378124,1.3109748434095478,0.01902628300193924,0.1860620913253278
BadRange,0.03910707267196073,0.5633401740911137,0.09239801779389359,0.88756093038034,0.03682586550712575,0.22635724590051162,0.026118573592975692,0.2311508031068135,70,16,0.0020830475901505315,0.30615892230357145,2.5061192179902196,10.838663885726575,0.0186020433902739,0.11791329029593726,0.1528202891349792,2.2824237767613416,0.2184498906135558,2.2351938317230964,0.0032122943550348337,0.38784177139317116,-0.0032077729701995,0.29620415560961666,-0.0656296014785766,0.04722994503824496,84,41,15,76,1.3593731712707757,3.0990755852069847,0.03605147834190958,0.3946361395845274,0.027600698173046074,0.19882342242023926,0.017167273841332605,0.12760129332514908,77,22,0.0007949261040578712,0.11076343493680901,0.6670861794028045,2.008057359324628,0.014023855328559851,0.09974086637970758,0.0573690235614776,0.8569105147369175,0.1361254453659057,0.8151903314889677,0.003849896974861617,0.2852527894370252,0.002921387553215,0.2755563015418582,-0.0787564218044281,0.041720183247949766,70,44,15,90,-0.22171100649748196,1.2394723262091065,0.022023591886120915,0.1714476044020598,0.0260629467666148,0.22036282570547844,0.014599643927067469,0.13737123485231653,80,20,0.0004918869376298183,0.07178054766580363,-0.34718796680245045,-0.4275488452269425,0.0135828927159309,0.09908418344384373,0.0520555078983306,0.5898813703272733,0.097999408841133,0.5615890687130378,-0.0004724822938442226,0.21446636955014373,-0.00038092583417889843,0.1513341968731256,-0.0459439009428024,0.02829230161423547,81,40,15,79,0.00868204349773177,0.8527929974594967,0.01758232664680956,0.1605762248833395
BadRange,0.044179217170620455,0.6318836218981436,0.1042375215888021,0.9609708334736986,0.047768399119377025,0.394478415079219,0.030565576478838875,0.2829539035644661,68,18,0.0025383493346416187,0.3897068345430699,1.4360614010806705,15.877344669972459,0.021871447563171352,0.15578301549854873,0.1529537439346313,2.959266152859805,0.2244445085525512,2.9118134380581333,0.003011704981327061,0.41690496000924715,-0.00466465950012205,0.28504581008651675,-0.0714907646179199,0.04745271480167202,87,41,14,73,1.0856080101793604,3.5734748615149408,0.039841168521880625,0.46464727359875696,0.033679552376270225,0.2743084615567819,0.019717751070857003,0.16777846731095067,80,22,0.0010311005696953016,0.15063660427182657,0.23693616894062375,1.8980029398057292,0.0167152732610702,0.1403503427718928,0.0618427097797393,1.0419786590655005,0.1356742084026335,1.0271150396525983,0.00394805297255516,0.31996439432188944,0.0038339644670486,0.28888451757522904,-0.0738314986228942,0.01486361941290206,70,41,16,90,-0.2717727421850447,1.2456221046276088,0.025155630976920567,0.2196802008330587,0.025466959923505728,0.12347764644105017,0.015084453891031394,0.12138492446640355,83,16,0.0005759847549446671,0.08705871190663976,-0.09279218259416044,7.57970636127005,0.01266035437583915,0.06369983319657516,0.0517961978912353,1.0375130505379693,0.0997521877288817,0.9936826850288973,-0.00012604482471943084,0.22410147914256207,0.0008716285228729001,0.1752872654687574,-0.0479559898376464,0.04383036550907191,77,33,18,83,0.04658054783123489,2.595245158461907,0.01903256618641665,0.19193029712047965
BadRange,0.04356270088300736,0.6428548956367396,0.1015458250045774,0.9839620097334641,0.04943646490573875,0.41670527934948887,0.030081274406984403,0.2933802346300041,65,18,0.0024879668284142967,0.37258655427205234,1.3415577308265698,9.301647444400174,0.0225060582160949,0.1759714317521422,0.1529537439346313,2.5183667167596,0.2244445085525512,2.491832640150581,0.006360848993062973,0.42490489175065227,-0.0014124512672424,0.30320148131534275,-0.0714907646179199,0.026534076609019075,83,47,15,77,1.0377390831768878,2.7304337083838237,0.039039007975930816,0.4382264109320874,0.02968100458383545,0.2884517806742484,0.019310148791409985,0.17217740201260137,82,17,0.001037729815683891,0.15613992811436764,0.48184664635004815,3.798828781360057,0.014879167079925499,0.09880077655928889,0.0618427097797393,1.2615705132377808,0.1356742084026335,1.2067806018283704,0.002769195102155201,0.32335626267963524,0.004209548234939501,0.25200850268379843,-0.0738314986228942,0.054789911409410474,69,38,16,91,-0.3965409246884776,1.6630659842724498,0.02539573961771341,0.22711375013465468,0.02020037174224845,0.18315276175691458,0.014515694275032682,0.12890654677913457,81,18,0.0005731475623872375,0.0865135077334687,0.4096065210542337,3.1824540326978408,0.010210350155830362,0.08643442480751026,0.0517961978912353,0.913511839245923,0.1081504225730895,0.8965791086979057,-0.00016655381768942,0.23570085530317664,9.247660636901347e-05,0.18347301070914018,-0.0563542246818542,0.01693273054801734,79,37,19,81,-0.11237710730124685,1.6481723623190967,0.018985316704830828,0.17595060256452577
BadRange,0.04076932788315506,0.5561942654416794,0.09552438050508474,0.8703325717917295,0.04094530642032615,0.1943027054699653,0.02711330168880518,0.25595512037819285,59,12,0.002034742871824587,0.29532523967525676,2.322700458720953,13.507938592996432,0.01910167932510375,0.09176993184608842,0.1424888968467712,2.5205912362568768,0.19560241699218742,2.4774411475898033,0.001690820604562767,0.35821839012490514,-0.0077254474163055,0.21971478834100994,-0.0531135201454162,0.043150088667073455,97,47,13,63,1.3866736199805247,3.3214923255692397,0.0357328370458386,0.4086622378585743,0.026330038905143627,0.2259960248565037,0.017698872643522885,0.1508811407837417,87,19,0.0008989752057815153,0.11897175755725026,0.3977621493713057,0.19562534355914263,0.01405650377273555,0.12678856286126167,0.0676247477531433,0.8001991075311375,0.1354494988918304,0.7821104638968938,0.004651182517409307,0.28662223577507834,0.0066757351160049005,0.2642526152593787,-0.0678247511386871,0.018088643634243826,57,42,16,103,-0.2921547245586512,0.9195960818359433,0.023315738303389493,0.1918839532544232,0.021580751985311425,0.17793743863370964,0.01450515717500816,0.1246844217085451,73,21,0.0005408758928301415,0.07970764809110437,0.046889023201565294,3.102787701132958,0.0104514583945273,0.08920764608969123,0.0426947176456451,0.8263756014398864,0.0990489423274993,0.8189479000855895,-0.0001903461292386011,0.225491945891746,-0.001664251089096,0.1888457095735801,-0.0563542246818542,0.007427701354296955,87,40,15,73,-0.0521935423891332,1.6315823347060785,0.018442805046475764,0.16988534495081747
BadRange,0.04120170859443645,0.5617216334724252,0.09699232056736924,0.8807509352704981,0.03693953156471243,0.2347678498346504,0.025874239439144693,0.22358771304509797,70,14,0.0019503859409279616,0.2626851343315037,2.306359302235678,13.424897740305653,0.020389080047607352,0.10645245539641897,0.1424888968467712,2.3151792827215427,0.2042028903961181,2.300078917591793,0.008195977285504336,0.35100989791664683,0.00086611509323115,0.2494911362285435,-0.0617139935493469,0.015100365129749924,78,46,15,82,1.1228065857998677,3.3081370112697277,0.03404498938987132,0.3734664454754254,0.02975840121507632,0.20416013797977445,0.01791427480056878,0.1553388964403803,84,21,0.0008480697419904512,0.11477983856538909,0.2560500699707564,0.05710301862208045,0.01461094617843625,0.1036070022031644,0.0694500505924224,0.7952654281980192,0.1227453649044036,0.7644863512918552,0.0014590602368116314,0.2727459684765089,0.0020118951797485,0.22460104089456973,-0.0532953143119812,0.030779076906164004,70,45,16,90,0.020189366822106952,0.9405534520384702,0.023048534669463182,0.2009713294109394,0.028346039354801122,0.27136777110269045,0.017216877284226894,0.16795983014627308,77,20,0.000764018511786748,0.11318290301127071,0.8285311425161739,3.065213401688882,0.0143376886844635,0.12168368444902217,0.0528500974178314,1.1133128900948284,0.1396356523036956,1.1060642454965692,0.0014461954124271859,0.2569950688773424,0.00074328482151025,0.18724528001114926,-0.0867855548858642,0.007248644598259032,79,38,15,81,-0.36437783563575105,1.537221985039844,0.021872589059064522,0.21710927567471813
BadRange,0.03956763366635646,0.5422739257413202,0.09438522472977615,0.8515545071487813,0.03898932039737693,0.1639963065636016,0.024294028710573873,0.20524957229758262,70,13,0.0016741496863652795,0.2300135965946522,1.1914399409862027,12.193640193963128,0.020339578390121398,0.08137935692310627,0.1094911098480224,2.0988557366896674,0.1712051033973693,2.0847774464311497,-0.0045071162283420434,0.33286441504159997,-0.0057974457740783,0.24188820267269762,-0.0617139935493469,0.014078290258517668,100,46,16,60,0.8004164272625909,3.2253027864489496,0.0321322652910921,0.34527507554653525,0.0295771807432173,0.1606780536210523,0.017291365232085763,0.1439832033094388,81,17,0.0007380087908716068,0.1036261311666382,0.321280914805095,2.6180103411669364,0.015017032623290951,0.0733151530951125,0.0694500505924224,0.9643790294001454,0.1320390999317168,0.9467667884380644,-0.0013236063532531279,0.2525201376345359,-0.0009885281324386501,0.1894516902917887,-0.0625890493392944,0.017612240962080982,81,46,16,79,-0.06035094735449907,1.7257635925508703,0.021503337415770728,0.19964897008417856,0.027526035904884276,0.2892483448896259,0.016578714028000784,0.17253223506784368,79,19,0.0007371831519579938,0.11096565250997456,1.1677612036411285,-0.7176770191686326,0.01376490294933315,0.1111937116416188,0.0608860105276107,0.7602359321257883,0.1476715654134749,0.7377712667248094,0.00029503107070923086,0.26616995447264546,-0.0006714314222335453,0.177054025305261,-0.0867855548858642,0.022464665400978894,81,35,18,79,-0.17288271578922004,0.7479008337646442,0.021530202314754884,0.20029779790602897
BadRange,0.04697175412768793,0.6029524831558427,0.1098590868711469,0.9228690527763859,0.04134991765022268,0.2239093850110615,0.028711401862092267,0.21277048059717912,69,14,0.0021150369770127813,0.2977531497042683,0.32830775560574654,30.773501209613265,0.0224077105522155,0.11574372577688546,0.1094911098480224,3.159277443611943,0.1679987311363219,3.1407740325916946,0.0011245649307966323,0.31782255206850846,-0.00465390086174005,0.22389503089436516,-0.0585076212882995,0.01850341102024849,90,50,15,70,0.7331745905170457,5.269302773940048,0.036454620217393235,0.443556056323131,0.0383102968335151,0.2897501696243474,0.025486910995095924,0.2367457366665789,80,16,0.0016971904268752952,0.24405973798534522,0.39567709651178085,1.636159639038424,0.01925861835479735,0.13656310087888324,0.0939792096614837,1.4379054436934475,0.1925404369831084,1.4040498335695768,-0.0030981571413576615,0.38298328307858853,-0.00253708660602565,0.29655683498734736,-0.0985612273216247,0.033855610123870755,83,41,16,77,0.0738214027704343,1.433257704576113,0.03252316738463631,0.31206336354607694,0.024409208446741024,0.20857035658245313,0.014539051374886139,0.1359633306162931,78,16,0.000534067914884626,0.07994648480681804,0.07670241299464164,0.8462352025451074,0.0122693181037902,0.0871299232965132,0.0608860105276107,0.7054066901733675,0.102183312177658,0.6788667957195471,0.0009239778853952878,0.22206321762928893,0.0006109774112701,0.1724876116041289,-0.0412973016500473,0.026539894453820476,77,36,17,83,0.32186894607551825,1.292917433856928,0.01830389755848845,0.17502688988536902
BadRange,0.0441204656053266,0.6424960575339672,0.10276455387473085,0.9850992912093797,0.032249242067336925,0.24542723002843578,0.02235437586903568,0.20513539732546715,68,17,0.001418000646317165,0.20659970694113106,1.1967587692062924,12.082095520969148,0.0164557397365569,0.10250355824187096,0.1079890131950378,1.9630728748677344,0.1774045228958129,1.9581429314292254,-0.002723696827888475,0.2984953901542172,-0.00717139244079585,0.19345910288055213,-0.0694155097007751,0.00492994343850913,99,47,15,61,0.7950902260038405,3.300217467804044,0.029738176206071786,0.3427830348745584,0.04149280488491047,0.26598992173915126,0.026741572811733887,0.2115672306172605,89,19,0.0019552491292151868,0.29096760844171976,0.2791913412848519,1.0143950552916667,0.0210046917200087,0.16163298396905929,0.0939792096614837,1.3251559938874111,0.1925404369831084,1.283621952733236,0.001091859675943841,0.4586623580177176,0.00380226969718925,0.4204423934342384,-0.0985612273216247,0.041534041154175076,68,38,14,92,-0.14463831427987361,1.155810976698972,0.0350502036808701,0.2838951387032665,0.024391323328018126,0.2009752570199036,0.014430247325217301,0.14319643866835524,81,17,0.0005866257364840121,0.08321399037851598,3.2774706516383354,0.8006279042902835,0.0120743066072463,0.07318976833288424,0.0449512749910354,0.7728262624741052,0.141268029808998,0.7433865878636511,-2.5986414402727477e-05,0.22794154303744488,0.0004159659147262,0.15940621006352632,-0.0963167548179626,0.029439674610454193,79,37,15,81,-0.7602019872454497,1.255615392291098,0.019207975544995134,0.17679548449048305
BadRange,0.04439192569802529,0.6321850687598719,0.10399578377604463,0.9862922945490116,0.035112529993057175,0.18225799493235134,0.027550057172775234,0.23697531917856232,64,12,0.0023733245987959217,0.3455579525070041,1.9214855650279716,19.805541532264083,0.0185084342956543,0.09369188344226424,0.137129545211792,3.0321617087733137,0.20654505491256708,3.014407524345567,0.0028058599680662265,0.360321885766983,-0.0026059448719024,0.25251720274967365,-0.0694155097007751,0.017754184427746896,86,46,16,74,1.2732238298457064,4.1746204538942155,0.03853225422206069,0.46446322905514215,0.03886754065752013,0.2237346027479873,0.0234097818145528,0.16354935671317306,86,17,0.0014930377921813522,0.2058188227816405,0.7285518252254737,1.2951691160367984,0.01790580153465265,0.09450131184638422,0.0849311053752899,1.018605366620472,0.17814037203788752,0.945566218168926,0.0016418742015957756,0.39802771737540094,0.00400695949792855,0.3374194926594898,-0.0932092666625976,0.07303914845154588,69,44,18,91,-0.30836319674214735,1.274133214979906,0.03059909760201006,0.21769878038833487,0.024429269134998224,0.21019254123253406,0.014241198024246792,0.12675457243283467,78,18,0.0005783768178069559,0.07961374408740964,3.602432850329695,3.3786791048799962,0.0123093053698539,0.0787696768241399,0.0472396314144134,0.8879517911940699,0.143556386232376,0.838347451010728,0.0009858102537691547,0.22794269140662768,0.00059536844491955,0.1695744242400574,-0.0963167548179626,0.049604340183341804,76,42,16,84,-0.746041029435002,1.6450410786717333,0.019046812619607813,0.1663005517781362
BadRange,0.039404804769210405,0.5779455368785881,0.09238964006304717,0.8938833517002589,0.031250953674316295,0.273605862845299,0.02473809812217948,0.24835903321149153,66,19,0.002140016208397523,0.28986419293195675,2.355420652794548,10.044734705143664,0.01601469516754145,0.1253546745260276,0.137129545211792,2.2585039360456762,0.2019338011741638,2.255701670827986,0.00922473520040512,0.3675667184678637,0.00387784838676445,0.2247622597930199,-0.0648042559623718,0.002802265217690287,70,44,17,90,1.3215752592151027,2.935582011963573,0.03550058042903451,0.3933940777473945,0.030808307230472474,0.19326243915958954,0.020380202839150974,0.14751708430607458,84,18,0.0011609342098684175,0.1597562205533957,0.9213176101898122,6.18547759137749,0.0152715444564819,0.10138209704774101,0.0732161402702331,1.196436626619348,0.1664254069328307,1.1324421184424454,-0.00104059223085642,0.33052138682657983,0.0011831969022750499,0.2873700915162457,-0.0932092666625976,0.06399450817690276,77,46,17,83,-0.3381753088068453,2.253262598917458,0.027001067744586802,0.22474837797775124,0.0223928913474082,0.16201499317400964,0.012622884861193548,0.09728373639615129,84,21,0.00040186906126356904,0.056108264347046355,-0.15866873313177665,6.325444951166924,0.0111664310097694,0.0821590083284802,0.0472396314144134,0.8000205901776754,0.0893551409244536,0.7840600317679375,0.002091759536415333,0.19579524640581547,0.0026238039135932497,0.16570613782505383,-0.0421155095100402,0.01596055840973792,68,43,15,92,0.08477890298414449,1.9653209383052392,0.015758961282742904,0.1333134870593833
BadRange,0.037452781036341636,0.5683377280475492,0.08762791112065291,0.8857497316495466,0.03183093667030317,0.21957301729850381,0.021734051778912505,0.22475621512013036,75,14,0.0016583814894566692,0.2357504221131414,6.835221025979482,7.1725890271349275,0.0166115164756774,0.10958536352816892,0.1523779034614563,1.866783962426636,0.2219884991645813,1.8288763954772858,-0.006314164400100691,0.3592090720554446,-0.008496433496475199,0.24511315153876795,-0.069610595703125,0.0379075669493503,102,44,14,58,1.591131005057189,2.360221398584096,0.03166840393257368,0.3266791463595554,0.02861616760492318,0.34136116267362704,0.019334128601476507,0.1954296692447401,93,20,0.0011555431972529078,0.16544700682276833,3.0057406876431596,0.9806392975306895,0.0138396173715591,0.15599469310501218,0.0630488991737365,1.1117634358592916,0.1853988766670226,1.0837948851079773,-0.003772830218076708,0.3269143201186005,0.0011831969022750499,0.25387786397789847,-0.1223499774932861,0.027968550751314346,76,43,17,84,-1.2463830680071148,1.1374208269843487,0.026691439758959674,0.24202073077354652,0.02242949604988085,0.11834233244658317,0.013017701481003268,0.09862731543502173,82,17,0.000418762298186195,0.06078800306657488,-0.06658599429340883,5.058087940885285,0.01202268153429035,0.05307515475381344,0.0475064665079116,0.7519249013933207,0.0896219760179518,0.7363853648775166,-0.0021187451668083592,0.19962633947550143,-0.00153039395809165,0.1614954343720963,-0.0421155095100402,0.015539536515804137,87,37,16,73,-0.009809851279365064,2.1078575315417796,0.016088977602268188,0.14469736574722689
BadRange,0.045081752795225666,0.6499020458616904,0.10580944329500175,0.9802820978880553,0.0376875400543212,0.23371741570774734,0.027446916643530085,0.30237313395796334,74,12,0.002411990937293563,0.3657693495735602,3.0820324097477236,12.72144454539882,0.0191808640956878,0.11979231556123324,0.1540769338607788,2.8716276389030018,0.2236875295639038,2.8395147583990727,0.002415328472852711,0.35602724843681677,-0.0011447966098785001,0.20266618250053992,-0.069610595703125,0.032112880503929145,81,45,16,79,1.3061397241024923,3.3190433280677167,0.038872933128195196,0.48889052756631457,0.03457108885049812,0.23162806461230168,0.022933233527000958,0.17415135307253735,79,17,0.0015200004799238143,0.2203790638301678,1.544277685838229,2.4102238393754067,0.01708680391311645,0.1274942150130888,0.0753594636917114,1.2603604073592503,0.1977094411849975,1.1603464933019831,-0.006149575300514689,0.40189584068815015,-0.007018417119979799,0.3600986141821468,-0.1223499774932861,0.10001391405726719,92,39,17,68,-0.23755318338039122,1.5402183505276719,0.030297194981119262,0.2426083202772173,0.028501637279987252,0.14329764068291123,0.015108081533107859,0.12609577455828086,73,20,0.0005520903295070243,0.08317047294533919,-0.41338923306011877,4.712987805164509,0.01318874210119245,0.07620814334476157,0.0475064665079116,0.9080266664526404,0.08768972754478441,0.8865075707558236,-0.0014596195891499442,0.22235900876308837,-0.003190703690052,0.16556817368008514,-0.0401832610368728,0.021519095696816808,93,36,16,67,0.3125335510391521,2.0791036788376642,0.018576402603366852,0.18364896995963786
BadRange,0.042115896848353276,0.6022931797432511,0.10073289975523927,0.9608808389947341,0.032984793186187654,0.3074645878410895,0.023398395502008458,0.2387842564842981,71,14,0.0017081197232362267,0.2453664777093446,3.996751405345293,5.338392531455694,0.016832232475280748,0.10180311479780303,0.1540769338607788,1.759250814740141,0.2130963802337646,1.6956429654523617,-0.004933447763323774,0.3644225077171635,-0.010814964771270748,0.23595578543518414,-0.0590194463729858,0.06360784928777918,99,43,12,61,1.5184155567303026,2.2260266742937835,0.03240057333430452,0.3355036714828595,0.03943479806184763,0.2521895525495649,0.022320222198031796,0.18674768464409738,79,19,0.0011996784246943693,0.18077713028317205,0.047177288640473325,1.5310657358299462,0.020626008510589544,0.12491161139241168,0.0753594636917114,1.139918704713116,0.1567891836166381,1.1261020115396847,0.001117474958300594,0.34522492882104494,-0.00020377337932584092,0.2919680183896092,-0.0814297199249267,0.013816693173431342,81,39,17,79,0.11215775136372022,1.3491487914731022,0.027445548426919653,0.24818718501098433,0.02650444582104675,0.23300862685404317,0.01619003986590537,0.14700786495472315,77,21,0.0006545958038088256,0.09952920767108714,-0.29565590689432586,3.086724972115997,0.01324129849672305,0.12031491142353266,0.0552941262722015,1.0130187566558448,0.0970726609230041,0.9934789669951218,-0.002319866511970753,0.25123340245652565,-0.0031792595982551002,0.2028360023448628,-0.0417785346508026,0.019539789660722996,90,36,16,70,0.2965751330509621,1.4402843719811675,0.020156384739910535,0.19081662705646096
BadRange,0.04714770738989649,0.6171200582426907,0.1100416715443132,0.9784940905313868,0.044658288359641925,0.23311922120297426,0.029152030679397246,0.23871495596119854,69,13,0.0022952119641913133,0.329211016365634,0.6372225293883638,23.82642063308841,0.022220104932785,0.10211899952775193,0.1349556446075439,3.0419948133944974,0.19397509098052967,3.009970958849662,0.003079916909337044,0.36383059636173454,-0.00258648395538325,0.2607266304986138,-0.0590194463729858,0.03202385454483558,84,45,17,76,0.89458775970647,4.512791568203234,0.037867981057679925,0.44366464082310936,0.036295086145400925,0.26459230197985284,0.02119708500336851,0.1794079171885002,79,17,0.001126402050017529,0.16253157418941783,-0.07683493458957447,3.575253113085692,0.019075751304626402,0.13086829226748922,0.0699909925460815,1.2296742500216107,0.1514207124710082,1.1946876173890066,0.0013121899217367193,0.31022087667184006,0.0006126165390014591,0.253551131629448,-0.0814297199249267,0.034986632632604056,80,44,15,80,-0.23280044759734675,1.8923475077089944,0.026583759905006707,0.25747734243302417,0.03074114397168145,0.2302572882132165,0.018672546552261297,0.15466545708085455,83,23,0.0008919026050467189,0.13273199031824806,0.17677152343959213,1.1450278132820166,0.01605519652366635,0.11920615827274195,0.0732901245355606,0.9572175797769039,0.128476396203041,0.9447176220452698,-0.002727987710386511,0.3044426174978121,-0.0020877644419669498,0.2760015195035425,-0.0551862716674804,0.0124999577316342,85,35,15,75,0.26769872591822724,0.9819725590432322,0.0235256522367277,0.20011667339162167
BadRange,0.046844444535629644,0.6119452113080865,0.10999504178762413,0.9599807643442859,0.04303309321403492,0.30066498861481294,0.028566403766162658,0.24487910175215957,63,18,0.0022480687780985025,0.31642269336946954,0.6741527631107616,14.005052199604677,0.020961225032806348,0.1330688385970068,0.1349556446075439,2.5389678436838037,0.1961647868156432,2.5157756655865233,0.005004257336258891,0.36943748823004396,-0.0004796087741851,0.24819904597737746,-0.0612091422080993,0.02319217809728046,82,45,16,78,0.8363014121374523,3.5328547266818298,0.03726499218556542,0.4241917439787644,0.033503934741020175,0.1742692620582029,0.01884278861805792,0.15228865071928743,78,17,0.0009026069958897381,0.12898204041072017,-0.2438601710728352,5.632261213323691,0.01662810146808615,0.08224884296282164,0.0699909925460815,1.2279839090426143,0.1277370452880858,1.1983495720560768,0.002034329622983931,0.2878788191471893,0.00131717324256895,0.20629330395330223,-0.0577460527420043,0.029634336986537602,76,46,18,84,-0.004145321550946947,2.0656487389711833,0.02373842519223701,0.21472732918084747,0.03951145336031905,0.2750441087568176,0.02127588097937401,0.19976844386336104,73,18,0.0010971355496034241,0.16343976680767763,-0.22266023893783826,3.2185093444876456,0.0188699960708618,0.11759979652729635,0.0732901245355606,1.2727165592733798,0.128476396203041,1.2579350921934298,-0.00434287264943122,0.3026644569670524,-0.00671368092298505,0.2064175085182777,-0.0551862716674804,0.014781467079949874,95,34,14,65,0.4076443127998772,1.76569332290756,0.025904501454875026,0.26801864356144495
BadRange,0.042936242294982975,0.5724823451637214,0.10245664715766882,0.8851523537841113,0.040636971592903075,0.16705481814582637,0.027817186554893802,0.25852326835783374,66,9,0.002132679307596237,0.3248677415092678,0.8448551186459188,15.34416879805529,0.02001395821571355,0.08414560970585495,0.1134335398674011,2.7712292408221044,0.1746426820755004,2.7363955794090953,0.0024204138666391456,0.35389472966137964,-0.00466910004615775,0.21383860386581624,-0.0612091422080993,0.034833661413009004,91,46,16,69,0.9672100060552922,3.65150476816829,0.036543296129893106,0.4467955481281866,0.03280904889106745,0.2610806073397466,0.01772032903740178,0.1539543339370444,77,20,0.0007365614887078446,0.10763032475374575,-0.7871686814889647,0.5261792607473823,0.01573579013347625,0.13148910051367246,0.0480031967163085,0.8241929764656158,0.0885795950889586,0.8154924344738105,0.0027095234021544444,0.26654711975941997,0.0012520849704742,0.22416032827031315,-0.0405763983726501,0.008700541991805321,76,44,16,84,0.1459168760141911,0.9478807236341585,0.021350843758104122,0.1912667187508145,0.03227044269442548,0.15721793551514185,0.01807851968333121,0.16667138013000404,72,14,0.0008314224879094805,0.12195761993099148,-0.2493372123603934,2.287904444193975,0.016396895051002502,0.06925923426220569,0.0635365396738052,1.0638736432809996,0.1104570776224136,1.022093458623823,-0.005107552744448174,0.26471050436331156,-0.00746984779834745,0.18271685024095846,-0.0469205379486084,0.04178018465717664,97,39,16,63,0.3660002388095133,1.7291625178249475,0.022285781572179,0.22778491787366584
BadRange,0.038105726794916896,0.5431702221307055,0.08961272388696646,0.8230128758944827,0.03443874418735497,0.23334117923815403,0.02496656938455995,0.2346599175920353,66,13,0.0018932717875268029,0.26276671436926696,1.0281318954126224,12.774800604288933,0.01750257611274705,0.10182222330925828,0.1134335398674011,2.3165607885593333,0.1685450077056884,2.3038367560599227,0.010187083855271336,0.3306413130685466,0.0039930045604704995,0.21531403085243694,-0.0551114678382873,0.01272403249941057,71,49,14,89,1.0234593038776272,3.366853987985152,0.03295918100176094,0.3917180573595942,0.03430302441120138,0.20945129290527864,0.018835996226407543,0.14803326214978507,77,18,0.0008426895492777548,0.1260665047114289,-0.4895331246936814,3.481704016063752,0.01701277494430535,0.10053996941931613,0.0487549602985382,1.1085286355732031,0.10529869794845581,1.0787160324100404,-0.0006513956934213596,0.2884173413231132,-0.00219152867794035,0.24555073730256183,-0.0565437376499176,0.029812603163162775,85,37,16,75,-0.005581129567452991,1.6831297479119167,0.02301231066653282,0.20707955460531524,0.019880574196576975,0.1266334689431513,0.012388748722150877,0.09801165545952123,82,20,0.0004004237795512493,0.05951884140459975,0.08364927429723812,1.7011288552610173,0.0101415663957596,0.06556337638517237,0.0400589704513549,0.6392318226765229,0.08346165716648091,0.5925768396369577,-0.0010512936860322935,0.20395422150282286,-0.0002059563994407,0.17853306870058513,-0.043402686715126,0.04665498303956513,82,41,16,78,0.02144652177666091,1.3821100022977217,0.01583435144204454,0.13387127001630036
BadRange,0.035908934669452885,0.5567962462562018,0.08645105876028515,0.8839498058812623,0.029415786266326828,0.19768178760046656,0.01980399604886767,0.15935804932510142,77,20,0.0012322492980268828,0.1671495268058468,1.3039120583523705,7.628632676311739,0.0149421691894531,0.10014780151799188,0.0980864763259887,1.4371173869551006,0.17965400218963612,1.4068128316697806,-0.008056530356407148,0.3328888325661905,-0.0092799365520477,0.2965994299035588,-0.0815675258636474,0.030304555285320004,108,45,12,52,0.5074143606588882,2.2796078424771293,0.02663988837650311,0.23734900875833798,0.0322934910655021,0.24102801178357175,0.01852709904196668,0.1596327611016022,87,21,0.0008659647253691722,0.12487797146977289,0.810693818160169,0.20974485083738736,0.0145970582962036,0.12703072072722954,0.0566459596157074,0.8477894295931563,0.1395531296730041,0.8303051953864163,-0.0009837024845182896,0.2941105500548009,0.00288730859756465,0.2517513830162531,-0.0829071700572967,0.01748423420673992,75,36,15,85,-0.622785621434997,0.9052785320680314,0.023316477997145736,0.1959003721697214,0.0207511670887469,0.2684976681134575,0.01393888739170503,0.1546863793732836,84,18,0.0006765859280625903,0.09971179342151885,4.184329537397275,-0.32577210370229936,0.010217890143394399,0.09709864755568473,0.0847386717796325,0.7172548884761448,0.15994517505168898,0.6778448246422385,-0.003264811309054489,0.25695042326027084,-0.0025779232382773997,0.18455726118174048,-0.0752065032720565,0.039410063833906335,91,40,17,69,-0.293797697007521,0.9011471859967607,0.020366632277945346,0.18354365531907257
BadRange,0.047324654121907755,0.6870578098609983,0.11424624435603595,1.0618475963048717,0.051623582839965675,0.23792966549718153,0.03215883985161777,0.26339175270772786,64,16,0.0027834810188381767,0.41314951918749915,1.240616085170915,18.03367709718142,0.02279770374298095,0.14175610086162582,0.1485718488693237,3.1363127064346057,0.2301393747329711,3.0992147916053696,0.004021442309021958,0.4248616253085985,-0.005924642086029,0.2915751980412532,-0.0815675258636474,0.037097914829236016,90,44,16,70,1.0083862932518624,3.9381501271544677,0.04164544733886777,0.48232988558416656,0.035357140004634746,0.237268330178931,0.021040524076670362,0.16747805090043197,80,19,0.0011621044804731616,0.16272427307597198,0.9966297215310749,4.178887681296309,0.01767401397228235,0.11454951397248189,0.0909212231636047,1.2746776433431954,0.17382839322090138,1.2296190517763166,-0.0005380668677389587,0.3297123813631455,-0.0001000612974167,0.2716390218350898,-0.0829071700572967,0.04505859156687894,80,43,20,80,-0.015046427397558158,1.835049870202209,0.02702946511204184,0.23240916215118468,0.026739593595266224,0.2589579654971439,0.018514099763706292,0.1686505654982987,80,19,0.0010205904911009145,0.14700320808126233,1.3754315006536206,3.952008422665023,0.01296842098236075,0.1321223651087577,0.0847386717796325,1.2374688829794651,0.15994517505168898,1.1818609390234212,-0.0036627128254622158,0.3072735896331275,-0.0038016960024833003,0.26169488055369255,-0.0752065032720565,0.05560794395604403,95,47,18,65,-0.09344200033016237,1.756026459501895,0.02506752825421998,0.2293167006461472
BadRange,0.04869931570903504,0.7095418547004186,0.11417166113853432,1.0921441563417384,0.03847393393516532,0.1633306370162852,0.029988451972603754,0.30451158053065747,67,12,0.002751701280592794,0.4216955559185119,1.9124165991316264,9.5673866401132,0.020001739263534497,0.08563688858673843,0.1485718488693237,2.609016126295816,0.2556613683700561,2.5697999690317914,0.001722651720047008,0.4170663006983705,-0.00581192970275875,0.24228942822867583,-0.1070895195007324,0.0392161572640248,91,46,13,69,0.8161375496576946,3.0504271382687733,0.0415649316560153,0.49774617702227336,0.04110046476125705,0.31459707263863246,0.023772867049556178,0.21250660303263558,82,20,0.0014843957655776827,0.21495976356190297,0.6052726156568364,1.9534664436891545,0.0208156257867812,0.13325259992091898,0.0909212231636047,1.266957908888516,0.1940628588199615,1.24477298206818,0.004552158433943983,0.36948614954204856,0.00590318441390985,0.2797741431140949,-0.1031416356563568,0.022184926820335734,72,43,12,88,-0.3211737933868335,1.5233463026764724,0.03021141784374132,0.28007097110999185,0.024531394243240252,0.19286083036568663,0.01741884893155653,0.12669510355087932,79,23,0.0008639504232829287,0.12256738859253927,0.6056261575402062,1.9436263146805635,0.0123851224780083,0.10120037731160744,0.0600067824125289,0.8208710479277636,0.1307341903448104,0.7793935824041504,-0.002706026751548047,0.3055917061013193,-0.0030003041028976,0.2802097041927988,-0.0707274079322815,0.04147746552361324,90,46,16,70,-0.3450398256836418,1.254409804549627,0.02315159630225588,0.17082475744055411
BadRange,0.0522878032914994,0.749956309726345,0.11906182810664155,1.1677791585141737,0.04923930764198295,0.4689416022633056,0.03351466044783588,0.3506797638727855,64,16,0.0035391373682730847,0.518768668381658,2.90195250596767,11.891860337012549,0.02368861436843865,0.19580279137048623,0.1883242130279541,3.2283016495045036,0.2954137325286865,3.212921191478869,0.003926451504230511,0.4874862873877421,-0.0042265057563781,0.3147660267710054,-0.1070895195007324,0.015380458025634522,89,48,15,71,1.1780651258966253,2.9744293159144153,0.04701445070240007,0.5302129647514985,0.03835859149694435,0.29816273422520034,0.024662033418426245,0.23992671874408805,83,17,0.001707641380052055,0.2517234523345765,0.639600858673723,2.11550120959898,0.0192230641841888,0.13695102273569287,0.0937482118606567,1.5191278866046787,0.1968898475170135,1.4774919969762261,0.0034151711501181044,0.38633578817550346,0.0037595480680465,0.2776963633189009,-0.1031416356563568,0.04163588962845254,68,43,16,92,-0.33255027083782535,1.5672018767196159,0.032592200611145726,0.3201064059174527,0.02371650189161295,0.22830370491543686,0.016585621046833653,0.13153333508148754,81,22,0.0008175772555705785,0.11821532060479922,0.9904409640625569,7.115622682496937,0.0117175802588463,0.11677138745092752,0.0671977996826171,1.126458886548746,0.1349170058965682,1.0763012680299007,-0.0008262988179922104,0.29395708295092815,-0.00033042579889295,0.27514951717016006,-0.0677192062139511,0.050157618518845155,81,44,15,79,-0.3057679737132473,1.9645541705522778,0.022660813487593356,0.17833831329184535
BadRange,0.05380273530564115,0.7615909058624122,0.12521613299846626,1.163947654413227,0.0538799762725829,0.3950768492955416,0.03351264230906959,0.32815264060120497,68,19,0.0032791727341301385,0.47338002231463755,3.099088097383186,9.392124328210523,0.02662572264671315,0.18146984723011,0.1883242130279541,2.8761481322370868,0.2542558908462524,2.85482880132734,0.005913864076137548,0.4711438675407792,-0.0040645301342009995,0.3022211189322602,-0.0659316778182983,0.021319330909746633,84,48,17,76,1.4828223862046161,2.7623260618014243,0.04502420504037011,0.5014015141514374,0.04059911519289008,0.28459666601134587,0.026518026128178423,0.26113022112685946,85,14,0.0020330778167599144,0.2965546364360343,1.549235245809225,3.339353440781668,0.020870566368103,0.11480618819831893,0.1226612329483032,1.770676766111678,0.2565577626228332,1.742028177078895,0.004870831314474333,0.4062171330760653,0.00890702009201045,0.27599309791543736,-0.13389652967453,0.02864858903278307,61,41,14,99,-0.38149699036397644,1.888264769095186,0.035423030390462865,0.3626875752372785,0.029285367578268003,0.25184062693257014,0.018013089357409584,0.15726533632781206,82,21,0.0008444120569069466,0.12396436066207386,0.16080097600071364,3.9834183281022444,0.01466450840234755,0.10825679683354753,0.0710355192422866,1.1293162786509792,0.1238572746515273,1.0870691949011455,0.0010661213658750032,0.2865866537963826,0.00217328220605845,0.21972609113633496,-0.0528217554092407,0.04224708374983376,77,44,16,83,0.22002749129595317,1.6846461074161139,0.02302027371824583,0.20452982796615807
BadRange,0.0536596797976185,0.6951285209800879,0.12874407991766906,1.1024496545252678,0.049462348222732475,0.26585609395726845,0.03185323189012702,0.2444527354683426,69,15,0.0026072542823325005,0.372034961114846,0.9044386545004275,25.991024917285245,0.0239261984825134,0.1114317611079833,0.1346691846847534,3.2676895092207796,0.19600135087966908,3.2389442813740095,0.0035238869488239317,0.39230846262839314,-0.00637921690940855,0.2750394844999067,-0.0613321661949157,0.02874522784677011,88,49,15,72,1.0188028498763737,4.747289773267206,0.04033964165726063,0.4670428580601493,0.047018799930810845,0.32497689673862096,0.02675244485144499,0.24834954908670728,85,16,0.0018642602833127977,0.2603902231996613,1.458016934841723,2.7011224117714097,0.02318249642848965,0.11930455381326383,0.1226612329483032,1.6288297979707196,0.2565577626228332,1.6218295083855077,0.00413459194824099,0.3855937617020008,0.00885760784149165,0.24471437719385497,-0.13389652967453,0.007000289585211929,70,43,17,90,-0.23641751423639,1.6770577062323864,0.03398953337220024,0.33422697996445755,0.03590609878301612,0.2956525660886212,0.02185938498005266,0.21481763160868433,76,20,0.0011894460494528414,0.1757538668741684,0.06910193694471545,1.1622469044647126,0.01845618337392805,0.1427645169115661,0.0799899399280548,1.214632976523036,0.1384200751781463,1.209113782404433,0.0003507975488901159,0.32454743019487386,-0.0021985694766044,0.22137986159875694,-0.0584301352500915,0.005519194118603089,83,46,16,77,0.5473383957010285,1.2349608572616197,0.02734877407690615,0.2653730062159147
BadRange,0.047534703915101686,0.662412046986736,0.1153424014151094,1.022940373341289,0.0447237193584441,0.2164197400699636,0.028633903856389187,0.2506037270661566,67,14,0.002367826030640319,0.31138004902791594,1.2734070770516386,11.093414244741197,0.021292358636855947,0.11657066601210071,0.1346691846847534,2.4597036542867796,0.19600135087966908,2.430412152900698,0.009595553204417226,0.37138775506223526,0.0022916793823241502,0.2597893468660095,-0.0613321661949157,0.029291501386081862,77,45,16,83,1.009733719550413,3.0668011555908476,0.037370376427270195,0.4164747104179906,0.03713022172451007,0.23728391450757091,0.02158178612589831,0.18585799236497005,80,18,0.0011642179949398611,0.1593956060225676,0.11192020176909923,1.1568358496573445,0.0183797627687453,0.09849122424908904,0.0812423825263977,1.0813516551350626,0.1435864567756652,1.0330710803156478,0.0005258757621049905,0.3188307752511708,0.0006572753190993499,0.2279942564383597,-0.0623440742492675,0.048280574819414925,79,43,13,81,0.2869716983592129,1.3588669605141164,0.02705428414942782,0.24029678061785398,0.035127207636833094,0.2378082184612602,0.022339482412207824,0.20931053369507047,78,17,0.001274085538679305,0.19103786002184392,0.07634457768082381,2.492350916562665,0.01745999604463565,0.09452358632567309,0.0799899399280548,1.2354643130057807,0.148136094212532,1.1658063581942355,0.0012712066061794755,0.332721843027883,0.00035936385393135,0.212369710192627,-0.0681461542844772,0.0696579548115453,78,43,16,82,0.3199117165986866,1.7425279439097308,0.028278711604340825,0.28343259373962737
BadRange,0.03635701843889777,0.5192921042944929,0.08775655493140197,0.8210499259673818,0.029651373624801525,0.2421570948553855,0.020539946854114487,0.179924847105648,72,20,0.0012615640937928385,0.1610338614749372,0.8440577807116734,3.7697846587352553,0.01628047227859495,0.1292523738287551,0.0839583873748779,1.30917161787807,0.15012377500534052,1.2984191707648616,-0.006486855447292316,0.31575708419722365,-0.0078424215316772,0.2524044668664648,-0.0661653876304626,0.010752447113208424,100,45,14,60,0.4288023613858645,1.7384904080654464,0.02740606855675064,0.24765162073809371,0.027077063918113577,0.16429060900323986,0.01576860708650197,0.12396936538817405,86,19,0.0006223002466620351,0.08427285679330851,-0.07149812035928704,1.5407353876399101,0.01347100734710685,0.08308503314703519,0.0501947402954101,0.7247714364643463,0.1095825731754302,0.6978104615418383,0.0018928108736872618,0.23939402794963166,0.0030625611543654997,0.19686490679542876,-0.0593878328800201,0.026960974922507958,70,43,16,90,-0.10143190065998652,1.3860315351477832,0.019692093261422888,0.16420522578578153,0.02760902047157275,0.21372157261079264,0.017169329646276266,0.14835727236732965,75,19,0.0007831211237349,0.11636898030948938,0.5309452691794458,4.841183284212242,0.01330517232418055,0.1005204823538706,0.0710114389657974,1.0950127175806532,0.1391575932502746,1.0536177898776775,-0.00081407679244875,0.26589881382052655,-0.0019014105200767,0.21417529881223418,-0.0681461542844772,0.041394927702975745,89,41,15,71,0.16194142350054785,2.074459579914261,0.022177964729829098,0.21369792024801354
BadRange,0.047070310084664106,0.6587322793972368,0.11144845619797683,1.022297493868792,0.049569815397262504,0.2528106076105112,0.03203205038793381,0.25117036348824245,66,16,0.0027665618387763004,0.39438978404879443,0.41880916422772474,23.324064256059014,0.0239542424678802,0.12243270152583514,0.1510376930236816,3.196618717280275,0.2411248087882995,3.11938038813273,0.005823985859751706,0.4264003536918983,-0.00045144557952879764,0.3117812336174131,-0.0900871157646179,0.07723832914754536,82,48,15,78,0.6972287081008239,4.427483909707133,0.04130186269502371,0.4610558777634425,0.028403528034686976,0.22806148369861368,0.019246851580683094,0.16326553000043947,79,21,0.0010027573988874408,0.14055786626322472,0.8850380466996044,1.2428072532015229,0.0143786966800689,0.10602930098161749,0.0732304453849792,0.9904499650233466,0.15119609236717219,0.9609528299738939,0.00069994647055864,0.30575179409566067,0.00036509335041039995,0.25252430575485874,-0.077965646982193,0.029497135049452672,78,46,16,82,-0.044614734724085815,1.2816269891418093,0.025103227370110694,0.21696475905203927,0.027926493436098,0.27265082500301646,0.018755914922803603,0.19747714020133875,80,17,0.001022268958745744,0.14887659148516252,1.2451648427608317,1.726855359455417,0.0137973874807357,0.11484396856238427,0.0704064667224884,1.1574246228996217,0.16380214691162098,1.1384339841476014,-0.0028620588593184825,0.2901453460812331,-0.0029289051890373,0.20087357881235823,-0.0933956801891326,0.018990638752020124,93,43,15,67,-0.15828828567329187,1.4665131444524053,0.02519312511397083,0.2543467507804336
BadRange,0.053157303654537094,0.7126511292080819,0.12509356856346107,1.1056178445778038,0.047660306096076896,0.21786249079050324,0.03198165155947204,0.2778215174356904,68,12,0.002839337860538218,0.41922813642112833,0.6170777422179232,15.467291354206008,0.0244147181510926,0.09145085857652151,0.1510376930236816,3.0514561351304663,0.2442753911018371,2.9611629923059275,0.001062761247158059,0.42700947670330736,-0.0049850344657896995,0.2583656333094134,-0.0932376980781555,0.09029314282453862,90,44,16,70,0.622152458191189,3.6854631838401453,0.04224465075130577,0.48671453977325957,0.0442413836717604,0.2221632147007783,0.02661494256230067,0.21086065899092776,82,16,0.0017424054039271901,0.25469394844693183,-0.3696880854388067,6.718593424344487,0.02213508635759345,0.10911419876195481,0.0732304453849792,1.829302026328784,0.163445234298706,1.7948912600994502,0.0017539757303893521,0.3823457314722477,0.0022341758012771502,0.3007744946635057,-0.0902147889137268,0.03441076622933376,73,44,15,87,-0.24161734717945915,2.4179829232568646,0.03305687032699173,0.3294020189250266,0.02643318474292745,0.24550172179379887,0.019030588285531815,0.18618181592882938,82,17,0.001176572022032633,0.15764757171186786,1.1245750193817443,3.087961753988216,0.013410262763500201,0.12463563794185423,0.0704064667224884,1.1403305831358939,0.16380214691162098,1.1257761193661393,-0.0062640561722218865,0.2962626364022486,-0.00557912886142725,0.2356550926011116,-0.0933956801891326,0.014554463769754606,99,46,16,61,-0.1819584749682868,1.832006118982189,0.02646690804905489,0.2643407308453559
BadRange,0.050325157451123134,0.6712611448769396,0.11658952012658097,1.0501055129511871,0.04301148653030383,0.371756744675098,0.03129763569682832,0.2687394506496047,71,18,0.0028831794275767874,0.4055853640877073,1.4722369648978422,24.104968992178822,0.021443247795104953,0.1751225572995627,0.1532928347587585,3.330208655244129,0.246530532836914,3.2691845822622785,0.004753050208091733,0.41714289829529394,0.00010570883750914901,0.3028416709249633,-0.0932376980781555,0.06102407298185049,80,46,15,80,0.7965403227350997,4.494511926941824,0.04231532610771617,0.48122465282808335,0.04566473886370648,0.21446502902481185,0.02576477041700851,0.20472590901536122,78,15,0.0016357587056688445,0.22617815813700987,-0.411965742614417,5.837704340035792,0.02456295490264895,0.1143776897587483,0.0784942507743835,1.689271910757914,0.1687090396881103,1.6436784899140002,0.001941542420536277,0.3708353743448866,0.0010183677077292498,0.3002337225772962,-0.0902147889137268,0.0455934208439137,76,47,15,84,-0.09302221997465937,2.120673252142275,0.03201539887466947,0.29775708769313575,0.020315952599048524,0.21061430729270486,0.01576463323086496,0.13631237526431886,84,21,0.0007757531106067159,0.1006472355852947,0.926564239794994,1.700701025970024,0.01041002571582795,0.10864283041533654,0.0512145906686782,0.824757993352565,0.1226265281438826,0.7878040244629346,-0.004647583514451969,0.26212724031100676,-0.003337450325489,0.22310425579637871,-0.0714119374752044,0.03695396888963039,97,47,14,63,-0.3454591685596063,1.3149669804107278,0.021590719217582113,0.1787079893911585
BadRange,0.04274740596367863,0.6032556664689482,0.09955435976386047,0.9175739674642928,0.04186986386775965,0.25174985296085434,0.02915247394703325,0.2539827265905762,65,16,0.0024528429157518834,0.3443382510216444,2.2579122826688636,12.714426383483556,0.02136692404747005,0.13008853958462077,0.1532928347587585,2.5662077108188623,0.2088227868080138,2.539205556776129,0.006086612492799759,0.38132134742318713,-0.00160413980484005,0.2620132917424488,-0.0555299520492553,0.02700215404273318,85,49,18,75,1.3419017977127554,3.4064685506376806,0.03879933826456933,0.4460182518922398,0.031028084456920527,0.2546756528654829,0.019291164427995645,0.14606232408834538,74,22,0.000992624769491141,0.1300082230654195,0.2684431068008304,-0.6331102444763155,0.0163481831550598,0.11119491802382443,0.0784942507743835,0.6961798582211429,0.1336481869220733,0.6502054030599566,0.0037085175514221143,0.3149333506635558,0.0017653703689574501,0.2633340993957503,-0.0551539361476898,0.045974455161186374,74,44,12,86,0.2845262054430241,0.6026960989673577,0.02470734117478655,0.17557109017502076,0.026200830936431777,0.19438924113341452,0.014618035665480372,0.12930242449689786,81,17,0.0005573496200583916,0.08035890690109207,0.18764443867342706,1.9461524339017382,0.0125146731734276,0.08289254839591087,0.0478998273611068,0.7776232611964885,0.1055158078670501,0.76129154886297,-0.0008636250160634469,0.22131926937754987,-0.0005904957652091501,0.16928561243902518,-0.0576159805059433,0.016331712333518482,84,41,16,76,-0.2988292957527785,1.5590978620717142,0.01870250820613717,0.17713466036685088
BadRange,0.045927403791684876,0.6547333178408309,0.10408492557704424,0.9806239717225329,0.04268677532672875,0.43049673854982723,0.03271032058168198,0.30471707266423403,53,17,0.003316969510816991,0.4645195349326492,3.121865143583845,13.028221741343003,0.01811435818672175,0.17894340423509175,0.1949893832206726,3.0205190162091684,0.28525328636169434,2.994067528971568,0.0018744062632322436,0.473651092660856,-0.0113419890403747,0.3348140615542876,-0.0902639031410217,0.02645148723760032,101,47,14,59,1.6467701300233233,3.2447859811768676,0.04563560945947899,0.490075685332201,0.03256676346063605,0.21697956203766758,0.018386994309257672,0.12396372531981126,83,23,0.000829365439438205,0.10652277771420751,-0.28470385208275273,0.7067758268232507,0.01581726968288415,0.11243923355097689,0.0586169362068176,0.7702199645834025,0.1244190335273742,0.7313380402335534,0.0010891703888773867,0.28511980221457656,0.00195279717445365,0.2781305239058186,-0.0658020973205566,0.038881924349849044,74,45,16,86,-0.11548999277739612,0.7413043436931153,0.022812709852855308,0.15883789251727143,0.024645283818244802,0.16309924623479838,0.014459155708318525,0.13498057232563687,78,16,0.0005828703523447779,0.08239112523298511,1.7441000207334376,2.9241516412686286,0.01244867593050005,0.0653752665670925,0.0759902596473693,0.8880302196080483,0.1371639817953108,0.864073686682773,0.00013903058134019652,0.2218530768471005,-0.00039067119359965,0.1596682854609597,-0.0611737221479415,0.023956532925275296,82,40,17,78,0.3461723195089305,1.741406612309266,0.01914590494568278,0.18213274699092313
BadRange,0.04920657573732233,0.7319024153378387,0.11175464488565899,1.1260292348440561,0.04553203284740435,0.4059971951984679,0.03190140050835903,0.29889272606326395,67,19,0.0033343615007060327,0.441117675787037,2.6630692619499836,7.6383060092148245,0.0223110914230346,0.17588830581653608,0.1949893832206726,2.5412602396901236,0.28525328636169434,2.48498988606787,0.008545673638582225,0.49189961477221916,0.00118768215179435,0.37083002968358314,-0.0902639031410217,0.05627035362225382,76,46,18,84,1.3043017103112364,2.489609801124692,0.04498438471212723,0.4462649938926191,0.03956751525402055,0.2616551384201298,0.023832944224122868,0.16506954861518147,77,25,0.0014710104823875856,0.20183950015582341,0.6534979271867432,0.09872050975667745,0.01969796419143665,0.1341680882268286,0.0978919267654419,0.9767058399049743,0.1742221713066101,0.9344992818106841,-0.000690052844583985,0.39717154808768534,-0.0023598670959471997,0.38934576715563196,-0.0763302445411682,0.04220655809429014,85,46,16,75,0.44413822466874536,0.6330629174510307,0.030408628013680387,0.20998633656848925,0.0254299454391002,0.16947040064561789,0.014694472890696447,0.12391897071859374,73,18,0.0006084907780496176,0.08478485478683184,1.3704978986019256,3.207998749714509,0.012714982032775799,0.07725153086866876,0.0759902596473693,0.8763055062278056,0.1371639817953108,0.8470735190096222,0.002596125798299908,0.23695807198415186,0.0013426765799522,0.18213850565728168,-0.0611737221479415,0.029231987218183368,72,39,17,88,0.38978193839504993,1.7217533096020967,0.019388562202291158,0.1692209411047739
BadRange,0.042074282809104045,0.5896440332550632,0.09967300325632072,0.9311362575921032,0.03848232328891743,0.23604614156978623,0.023029348999261817,0.1756013787583827,80,16,0.001384947999107023,0.18276214782715108,-0.07051531483551887,11.296038338029023,0.01978805661201475,0.11272061573486801,0.0657792091369628,1.6918935256480452,0.1453248858451842,1.653117974441791,-0.006097425520420072,0.3353131585036011,-0.00596940517425535,0.2700786427810248,-0.0795456767082214,0.03877555120625421,96,48,15,64,0.26160244031674673,2.8097447402121722,0.028872548411743942,0.2651928233597018,0.033027336001396124,0.28498845683900165,0.022661175858229358,0.20384729216854644,76,19,0.0014210174835181514,0.2011455940485121,0.7819580555192287,1.2458242560345605,0.0170223712921142,0.14438652877879898,0.0978919267654419,1.1728778731628438,0.1742221713066101,1.1342989082434343,0.002418147400021552,0.3607126277817622,0.00012096762657163809,0.2923428005346804,-0.0763302445411682,0.03857896491940942,80,48,16,80,0.4137602137622049,1.3168960269472363,0.029796601728496745,0.26651828118777887,0.028882607817649775,0.1605206490193371,0.016040108483284663,0.13329029809672424,83,16,0.0006141113163705843,0.08852484268013279,-0.49768442070218555,2.539424667487123,0.014708116650581301,0.052263431767950244,0.0484511405229568,0.8328222844689491,0.0962776094675063,0.8040350623073146,0.00035381466150283725,0.2351104713067399,0.0008271858096122501,0.16820602626334144,-0.0478264689445495,0.028787222161634506,76,43,16,84,0.06998221682471788,1.7076160309928514,0.019649619847925064,0.18234009148307304
BadRange,0.04778824107299516,0.6256964989994768,0.11232477217912651,0.9950145093203987,0.0541108697652816,0.24105706469809912,0.03251013121567663,0.2167346818525983,73,23,0.0025054025831984417,0.34437747169721544,0.14509713258322465,26.186067139473202,0.026482254266738753,0.12092735275280526,0.1196945309638977,2.9910133790144955,0.2545899748802185,2.930142521472985,0.0051553376019001,0.4122033806384593,-0.0009812712669372,0.31188877387896097,-0.1348954439163208,0.06087085754151073,82,52,16,78,0.08188951451038763,4.688553216609542,0.039357086213023085,0.41769108763228463,0.030316114425659076,0.19434397403226017,0.019541774555109397,0.15604449811777205,78,20,0.0010205850129261734,0.1398126589672862,0.26493476438343677,5.506645394981419,0.0158361196517944,0.10679489167002335,0.0708412528038024,1.2271745068311355,0.1447580456733702,1.1878005242468714,0.0023341273888945542,0.29986328323940276,0.00177820026874535,0.25149140701058154,-0.0739167928695678,0.039373982584264146,76,46,15,84,0.25319159116802387,2.0574799400350514,0.025226869620587268,0.22337114928336624,0.03117632493376722,0.18825111105709336,0.01833646087441589,0.14787595601278578,82,18,0.000794040311919863,0.11516296511187647,-0.5185473062154324,0.7077922398172478,0.01605410873889925,0.08658158625281448,0.0607302188873291,0.802396702891193,0.1161094903945922,0.7542553327349922,0.0003549700602889054,0.2829478454425367,0.00059434026479715,0.2182713232821054,-0.0553792715072631,0.04814137015620074,76,46,16,84,-0.016266582867792027,1.2418344581496648,0.02234434215570089,0.1873592321485729
BadRange,0.045956222565996255,0.6427516187808968,0.10921191930770852,1.0164750896576336,0.04730100929737083,0.25329013860650995,0.030141936563886657,0.2616162442230292,73,15,0.002340402951854688,0.3363279343563324,0.5700375686580981,6.412713800504244,0.02478700876235955,0.11237072020577722,0.1196945309638977,2.0855807592709636,0.2545899748802185,2.0584701785425517,0.0009878527373075527,0.4227326956581152,-0.0032188594341277504,0.2866020378689161,-0.1348954439163208,0.027110580728411972,87,45,14,73,0.15782266228606637,2.4500336687001614,0.03835322087616532,0.39702015361686094,0.03677951544523227,0.24924857620482058,0.021860867179930167,0.1897509098253348,80,18,0.0012426885560881883,0.1744458349642056,0.019576076408218235,1.184961412379133,0.018224067986011498,0.1148623982039507,0.0755206942558288,1.0421888334290443,0.14943748712539662,1.0044705994264265,0.005346336215734475,0.33532368832029585,0.0056798160076141,0.2341111155238723,-0.0739167928695678,0.037718234002617784,69,42,16,91,0.12647434507873595,1.3970322667942443,0.027437238371096975,0.24900574092875583,0.026695907115936203,0.1887647137933106,0.015884905792772727,0.13270531209500422,79,18,0.0006572325449543004,0.09614373799576946,-0.035237325058494307,0.561071099928756,0.013998262584209449,0.08382870739791143,0.0607302188873291,0.7166220397379699,0.1161094903945922,0.6584090110015095,0.0008989661931991553,0.2584187056792225,0.0005976185202598,0.21622009520991042,-0.0553792715072631,0.05821302873646039,75,45,17,85,-0.07382792132466266,1.1850337198372976,0.020311094972912325,0.17135784356382655
BadRange,0.04748507589189297,0.6476914221079727,0.11264345213770843,0.9953098163108702,0.048603981733322046,0.3683108972502688,0.03203041653614487,0.2828514681118985,67,18,0.0029857680619278736,0.42197207723477703,1.207060504301241,17.122188786285292,0.023892194032669102,0.1565716740578015,0.1574667096138,3.066941512031576,0.2390765547752379,3.034193312344843,0.004482639953494074,0.45158313882232176,-0.002328336238861,0.3255725834481622,-0.0816098451614379,0.03274819968673307,84,46,14,76,1.0360838796437577,3.647247470756015,0.043100128882496494,0.4669526164035885,0.03919012844562515,0.2238379585863645,0.02289877916220571,0.18514571910458133,82,19,0.0013192819527001695,0.17516640112012394,-0.29366857645991384,5.058457697257333,0.01877520978450775,0.11456844966289077,0.0755206942558288,1.4154457829163765,0.1382802724838256,1.3996645022565855,0.0053802093490958125,0.3199984262700344,0.006638661026954601,0.2679104740110416,-0.0627595782279968,0.015781280659790963,69,48,17,91,0.08571961211517008,2.069584214956664,0.028295023769396268,0.2697543480739937,0.024994321167468924,0.14552626246941008,0.015420009120134592,0.1331421933675037,81,18,0.0006237806675033175,0.08511959321237964,0.41173796910887095,2.7477810562855582,0.012123487889766551,0.07404933244167003,0.0489819943904876,0.8344411115591979,0.1121656000614165,0.8026822203672836,-0.0022666766308248047,0.2237282512185142,-0.00191871821880335,0.17100731311036566,-0.0631836056709289,0.0317588911919142,83,46,15,77,-0.1379875419441774,1.7754729038437917,0.019675994229558163,0.18725721032602466
BadRange,0.0543955081579993,0.792138981805919,0.1258110539615152,1.2468126389202907,0.0395646840333937,0.30432024845542566,0.029862292697653135,0.24807998817290466,66,21,0.002739006535384507,0.334002954993772,1.3653853788981998,12.76577911731553,0.02143204212188715,0.16088079084678822,0.1574667096138,2.448627667038393,0.2222335934638976,2.390056459194582,0.012376565113663668,0.43014298759403063,0.0048521757125854,0.3148864436660399,-0.0647668838500976,0.0585712078438114,70,49,15,90,1.078465100368585,3.1014923757002166,0.039604328847986196,0.38597922899743403,0.04787293076515185,0.4728848943693929,0.02935259907040741,0.2641484914889896,74,21,0.0024008304924121094,0.34792051644640337,1.3481186428642857,-0.7287368601470785,0.0233254879713058,0.20407689098318435,0.1494843363761901,1.199076316833224,0.2740222811698912,1.1053954838337383,0.005607990734279152,0.49975041851115165,0.0031382590532301998,0.4180628434212436,-0.1245379447937011,0.09368083299948551,74,46,13,86,0.18562890322698128,0.685491353626698,0.03844878318601042,0.3133209786214962,0.034269455820321974,0.2518411534104107,0.019810836593387605,0.16982239324370751,81,19,0.0010671792109009316,0.1540384349089868,1.2242228349942517,1.8524622445833359,0.01712424308061595,0.11809710992215183,0.1009597927331924,1.1004398903298538,0.1641538888216018,1.079323354871769,0.0019218237139284548,0.31691923281510825,0.0024323910474777,0.2710390128509733,-0.0631940960884094,0.021116535458084992,73,40,14,87,0.38291345835247886,1.3424190102581315,0.025835349006544828,0.2315181089696225
BadRange,0.04580479198621871,0.6059075935467455,0.1053650954365728,0.9309969100616173,0.046957015991210826,0.19747776509631362,0.03313090557232494,0.30238491910064075,76,10,0.003466249734116391,0.4972284789237979,5.75623466181527,17.092378303151857,0.0235683321952819,0.09488611210352488,0.1255983710289001,3.462055284189966,0.3861266374588012,3.428731320399013,0.0024860087782144547,0.43356909748811484,0.00078520178794855,0.27318623849603757,-0.2605282664299011,0.03332396379095304,79,42,16,81,-0.6305094785660478,3.9754491963586824,0.04662415865451508,0.5560991967510288,0.026640333235263776,0.29794727715816294,0.01753216817975041,0.17246643636587644,72,21,0.000884370260270104,0.12053426130945626,0.485452126175808,-0.316952548103107,0.0140502005815506,0.13845987933930048,0.0884784162044525,0.7886174316576365,0.1194293797016143,0.7635104958133276,0.007664395868778223,0.2784967159376288,0.00429068505764005,0.23082208694370293,-0.0309509634971618,0.02510693584430886,60,44,18,100,0.638838584105584,0.8446208903128442,0.022295633972246057,0.20730132783320987,0.02344652451574795,0.20388297549592047,0.014598762666573709,0.1344767795586251,82,18,0.000579405258693717,0.07649725428965302,0.1537034935133681,0.5085701005934316,0.01135723665356625,0.07967145448702263,0.0430285930633544,0.6931559833338458,0.10564744472503651,0.6824169509428202,-0.0043381081428378685,0.2189310966358738,-0.0038066357374190504,0.16521785893384539,-0.0626188516616821,0.01073903239102559,92,43,15,68,-0.11864007983584958,1.171199685677426,0.018586777052033644,0.16901606200437494
BadRange,0.04508563707746566,0.5677927470513314,0.10651792254298902,0.8866906903638698,0.044010430574416975,0.15207926193942595,0.028965978603810033,0.27222087681452506,70,11,0.0023644428643351703,0.3442386979695312,1.0123954428802744,15.747066043947047,0.02222335338592525,0.06366654819990587,0.1255983710289001,2.8994933301925965,0.1936731934547423,2.8800687979787623,0.007741143554449081,0.3333479959607365,0.00054007768630975,0.177825765097507,-0.0680748224258422,0.019424532213834278,79,48,14,81,0.9434393477394343,3.8201536652040926,0.03777259312817375,0.48282275377046185,0.0328728482127189,0.3484831693277884,0.019392197399865797,0.197289867995453,79,22,0.0009970332405000151,0.13876290771428504,-0.32250264749017843,-0.2515587817733578,0.0166053771972656,0.16041527570940167,0.0884784162044525,0.9067412152031936,0.12445253133773801,0.8965570092908771,0.00777173098176717,0.2937126426601837,0.0074343234300613,0.20614053261065862,-0.0359741151332855,0.010184205912316491,64,39,16,96,0.33488260778420326,0.8020115675186037,0.0237967488474313,0.2291196003310417,0.02957818005234,0.18073252047208896,0.01801882014202415,0.1663717333110485,78,17,0.0008136287240965509,0.11893051284134451,-0.026397664180251024,1.0417438530460075,0.01539861969649785,0.09500128632258638,0.0644812583923339,0.8689258946044854,0.127100110054016,0.8495154071280397,-0.0009256589924916573,0.2596300517429496,-0.00212700478732585,0.17617558316030685,-0.0626188516616821,0.01941048747644564,82,46,18,78,0.17268984288521677,1.4535573484791589,0.022602078336894885,0.22698623102139437
BadRange,0.04460402913085122,0.580696307669728,0.1071076543256638,0.9150279099283071,0.0422168225049971,0.21917334318491377,0.027243158477358476,0.2578249044464624,61,13,0.0020370719109281364,0.31472243774945996,1.246163270248374,15.571517366160464,0.01921951770782465,0.10830044931936501,0.1357320547103881,2.7905642945465323,0.2038068771362303,2.7669767842178183,0.0020717252045869923,0.3293572553031222,-0.00633788108825675,0.19820591982273214,-0.0680748224258422,0.023587510328714086,95,48,15,65,1.062253080419825,3.696671791028171,0.0357331535573263,0.45414340920974966,0.031312592327594625,0.31611554302954015,0.019255023344885526,0.19118351489820004,85,22,0.0010564379400826477,0.14821294957383235,-0.3505029055757731,0.5628324114975634,0.01569218933582305,0.17266070162927294,0.0740327537059784,1.0323695661482115,0.1256911158561706,1.0265369809934606,0.007631372101604921,0.30072240378863874,0.008391007781028699,0.2716812274936503,-0.0516583621501922,0.005832585154751043,53,36,18,107,-0.007782129500644024,1.0264508366844542,0.02461345691960157,0.24037259709337763,0.03108772728592145,0.21442145390020476,0.01921737112745172,0.17223279160460198,78,16,0.0009772814254464307,0.14773590489814434,0.2663251527879624,9.400470704861693,0.0153864473104476,0.09034885597315809,0.0738334655761718,1.54061674281525,0.1286563873291014,1.5106751471394197,-0.0010544191347435093,0.2849482508365461,-0.00228971615433685,0.213593932823766,-0.0548229217529296,0.029941595675830268,84,43,16,76,0.30647838190430127,2.705375568801585,0.024769408829813058,0.25795425804459426
BadRange,0.04122688834954556,0.5755862887115512,0.0975219810567794,0.8988109737878711,0.03451041877269735,0.15091783619503896,0.025507418741472027,0.22879737508345271,65,10,0.001881496407567585,0.27787303188675966,1.3904420572030958,16.77070940516315,0.0185921788215637,0.07412021086932775,0.1357320547103881,2.5937733858492575,0.1868963241577147,2.5553725391762625,0.006361966952681543,0.32857151969865045,-0.0010556578636169,0.212682924947021,-0.0511642694473266,0.038400846672995044,81,47,15,79,1.0869158644456889,3.8604833334449977,0.03380239478283037,0.41220600229700566,0.030366413295268874,0.30480918868924767,0.019260695558041295,0.19584193183710125,92,24,0.001039733373006954,0.15713001790666012,0.9296811211615585,1.7314958674081966,0.01496107876300805,0.16113624710089353,0.0740327537059784,1.1748572394425854,0.1637914478778839,1.1520574780759802,0.004233876988291722,0.30622374436817407,0.0073986947536468,0.2711491703797869,-0.0897586941719055,0.022799761366605116,55,31,15,105,-0.4941154457568738,1.3072123218998015,0.025216698945102024,0.25170823644011986,0.023754628375172525,0.292057191550341,0.01598397505440512,0.1589778752203272,83,19,0.0007367180592805075,0.10819777386596377,1.3250735581063147,0.7785278403568294,0.0124039025977254,0.11189689903262515,0.0738334655761718,0.8954130264809954,0.1286563873291014,0.8703429216935803,-0.0038648761110380236,0.2640157097210465,-0.0024703154340386,0.2106447075916834,-0.0548229217529296,0.02507010478741509,87,42,14,73,0.2366896752501854,1.1128673611923197,0.021173414437450088,0.19619755066375294
BadRange,0.040069627047922315,0.565241649795665,0.09454553282819664,0.8752899468730398,0.03521829843521105,0.2105621635335709,0.02635880970861758,0.23560164448154644,63,13,0.002010365785631652,0.3094372494015737,1.1307615265616802,17.175913044230736,0.018173962831497203,0.10762697414727697,0.113034963607788,2.633929253877381,0.1680933237075804,2.5507869695570617,0.0009660195559263333,0.3850282016070184,-0.00627765059471125,0.26891596545505947,-0.0550583600997924,0.08314228432031925,94,43,13,66,1.1417882469022584,3.71621814832179,0.03554492839107843,0.4014854086624306,0.027434170246124177,0.25410751344277804,0.016980946119874676,0.15997999610424796,86,19,0.0008194444293746956,0.1212371339327253,1.831823626468446,4.619299624049309,0.014308616518974299,0.12663826638571135,0.051270306110382,1.094334330142294,0.1410290002822875,1.0759179486999015,0.004956572502851474,0.2635138262752558,0.0057656615972518505,0.22073003036038663,-0.0897586941719055,0.01841638144239252,61,33,15,99,-0.8078303408830174,1.961756989878881,0.02215065982538752,0.22759085503266507,0.025943795219063676,0.16826527632303495,0.015390532345627386,0.14153199663843755,88,16,0.0005854776582009878,0.08749785312933767,0.4073332920526873,2.4984464930154333,0.012529730796813899,0.07686508153136513,0.0457346439361572,0.9215969519665816,0.1107289195060729,0.9084154276156516,-0.002036001341184603,0.22674791899076566,0.0010626642033457001,0.16746935760396459,-0.0649942755699157,0.013181524350930007,76,42,16,84,-0.5142646442602207,1.6084768957222493,0.019080187884952648,0.18995587477805165
BadRange,0.04267071132890908,0.6019682106422621,0.10193430490791774,0.9605160725953998,0.03990980982780445,0.2563941904718027,0.0281139920186251,0.2530786245112388,69,15,0.002156864379644499,0.3271676404555604,0.4658744508544044,12.747218198086994,0.020688235759735,0.11399478231220271,0.113034963607788,2.525204408321422,0.1680933237075804,2.4798169428673993,0.005931807309389111,0.4019821498467265,0.00068616867065425,0.2978080425139408,-0.0550583600997924,0.04538746545402261,79,41,17,81,0.9306235365911746,3.169905790084075,0.036347088495299336,0.40691275681669703,0.02526108920574175,0.2283031083583307,0.017039517015218688,0.14127186784203066,76,25,0.0008067166316859235,0.12231257305381353,0.6114202507706659,0.0021717891740449247,0.01236563920974735,0.11552116690470376,0.0682824552059173,0.7502902959871962,0.1367658674716948,0.7199056386993756,0.0030187979340553263,0.30093495853176827,0.00143764913082115,0.28967391231562906,-0.0684834122657775,0.03038465728782053,77,37,17,83,0.01446777115217084,0.6958934742301068,0.022320360535332213,0.17818732779660984,0.033832133747637175,0.26848761094629003,0.018965354556712506,0.19225397426357202,81,15,0.0008334002659060308,0.12897102430255353,-0.4650577145764325,1.7855280451783129,0.0167505126446485,0.10467315189355252,0.0469340085983276,1.0382510048918263,0.1119282841682433,1.021931519446033,-0.0009880583384074253,0.25759896421690504,-0.0006343107670545,0.16968785915733584,-0.0649942755699157,0.016319485445793404,81,36,16,79,-0.1738931251126756,1.5803814940073069,0.022872881570916135,0.25022749236830716
BadRange,0.03772006681896674,0.540246308029329,0.09140839361585654,0.859027119386643,0.031746461987495325,0.228927309683034,0.02034566663205619,0.1868870759194476,80,16,0.0011265082551182425,0.16680330364853688,0.8046511752888286,12.362637348105398,0.0159921646118164,0.1036889665344479,0.0835685729980468,1.7803473379753956,0.1463442444801329,1.7601755127950254,-0.005092072114348408,0.2917390346701896,-0.0051280558109283,0.20606117057532847,-0.0627756714820861,0.020171825180370268,93,44,14,67,0.36552098161923924,3.026037933938391,0.026122853649604757,0.28581749298852027,0.032692402601241996,0.24757543200032642,0.019231668284628498,0.161690991863109,81,22,0.0009435097368330029,0.1417774027682325,0.0245206144356529,0.5447442643294216,0.01648409664630885,0.1376022266580566,0.0682824552059173,0.8776519867194191,0.1367658674716948,0.8476099358473613,0.004072309844195839,0.3150867827483418,0.005046367645263649,0.28023183770425464,-0.0684834122657775,0.030042050872057833,72,36,14,88,-0.16977003748973735,0.9378277166622182,0.02401487752821859,0.20614975650126718,0.030082670040428576,0.14553277492363828,0.016921986215602328,0.161123221429154,78,15,0.0006866879312347193,0.10494834734267944,-0.5411465216555253,0.7162316985533019,0.014985265210270899,0.055898609845841864,0.0514750406146049,0.8666752932092905,0.0972927138209342,0.8449695079944736,0.0009537446720059951,0.2522013019681115,0.00076156668364995,0.17407806242122253,-0.0458176732063293,0.021705785214816888,77,36,14,83,0.10761974999393462,1.308795886859678,0.02075966888460798,0.2033294140754575
BadRange,0.043022260331305656,0.6433325204963605,0.10038275803439296,1.0028744429560827,0.03877060115337355,0.22979609508029641,0.027829498527571522,0.27313959714988323,67,13,0.002470081966889449,0.3793797094891476,2.149420552512872,15.129091400021036,0.018164664506912204,0.10909970662451912,0.1429277658462524,2.940267008827626,0.2057034373283385,2.937367493060597,0.004878854006528854,0.39604834209643314,-0.00141596794128415,0.2657073226145109,-0.0627756714820861,0.002899515767029369,83,45,15,77,1.2782607037319607,3.5813694855180063,0.03910956083643744,0.4717260012038919,0.027797043323516752,0.29979537255018274,0.019372615446336526,0.1821716510197755,81,19,0.0011505777416719958,0.16820976049512257,2.8262172569384445,-0.39321916033967463,0.01320619881153105,0.13479210271889613,0.0844383239746093,0.8600870803177776,0.2017355561256408,0.8107067535116421,0.005142968520522109,0.34483525768962325,0.00521582365036005,0.27892349996741067,-0.1172972321510315,0.04938032680613551,66,35,14,94,-0.14142583557173535,0.8003672407935172,0.02640108561407898,0.22203244256021165,0.023711679270490876,0.24828315185978414,0.015341154830093684,0.13742148845439822,78,20,0.0006535814262983522,0.09689700002239846,0.9868566534215693,0.18070593405639546,0.0117598762735724,0.10317542454610029,0.0698232650756836,0.739493685728227,0.1235809326171875,0.7136817200655389,-0.0015552555851172656,0.26199084317002624,-0.0026056168135255003,0.21645662506679164,-0.0537576675415039,0.025811965662688136,85,40,17,75,0.39263533208961293,0.8822515702739233,0.020214437122451405,0.16810055953939346
BadRange,0.042432300484420885,0.6361328400688934,0.09765724604250839,0.9851025486366616,0.04286731779575335,0.2899773649488814,0.029856716278009073,0.32646439945655037,69,14,0.0026744714642430584,0.4189296846132659,1.8452699593240025,9.059893564363763,0.021177828311920152,0.12556051116235883,0.1429277658462524,2.7653040282131944,0.21278989315032953,2.7442446962565663,0.0010796446353197153,0.42157009538277485,-0.0039564967155456005,0.25783024140707855,-0.0698621273040771,0.021059331956628343,88,41,15,72,1.2476809584142745,2.7787014372872605,0.04099859218461457,0.49112965629477523,0.023104488849639747,0.27783368771366374,0.01743905238108706,0.18308058704197666,79,21,0.0010858869699230907,0.16012276659435884,3.874847570867855,0.7418152792619881,0.0115875005722045,0.12998327037416674,0.0844383239746093,0.9914399957679902,0.2017355561256408,0.9629626660815616,0.005149819888174522,0.3270254769270265,0.0050161331892012995,0.26672285833983234,-0.1172972321510315,0.028477329686428667,63,38,13,97,-0.24080741983130954,1.1061919447035935,0.025617578699723403,0.2306016132532679,0.018987056799232876,0.15681197317081974,0.013251870013827969,0.12559285303944537,87,20,0.0005506498062629045,0.08075314603244899,2.174644500790401,0.7887072961756969,0.00869792327284805,0.08247477873631068,0.0698232650756836,0.7359166770395571,0.1247222423553466,0.6917223390231814,-0.0021423152022180176,0.2365069763268603,-0.0007973331958055,0.1791518637070566,-0.054898977279663,0.04419433801637573,82,40,15,78,0.15741427240781364,1.1535142137718613,0.01848519011461595,0.15753601550494717
BadRange,0.047297728101237356,0.6707014730765165,0.1123721156432291,1.0570507565535336,0.056642889976501354,0.2719871270306363,0.03260148758999999,0.292368510549215,66,13,0.002555940688906974,0.3906178383644203,-0.4781419992797087,17.36068317407635,0.02815321087837225,0.10921126160624824,0.1070970296859741,3.106004836795805,0.1910883784294128,3.0592106108170856,0.0029768664389848735,0.39730089373984756,-0.00309985876083365,0.25841258670112177,-0.0839913487434387,0.0467942259787197,85,43,13,75,0.46761251308029017,3.760761285312086,0.0399824011193265,0.4824622660871405,0.028935812413692426,0.3991630184230257,0.021192963607609226,0.23110150382793576,85,20,0.0014035702239534906,0.21465358178019595,3.072147836912645,-0.23496753159153183,0.015045017004012999,0.1562010953983532,0.1291151046752929,1.1547561564817042,0.22895950078964222,1.1407904894832992,0.0016423195600509585,0.3726632204483561,0.0035183280706404998,0.27552812597392706,-0.0998443961143493,0.013965666998405065,74,38,17,86,0.21527161315437707,0.8269141689259136,0.02966537360930634,0.2752738743601649,0.025551321916282028,0.21540198900434945,0.016614907675957476,0.13526234154656605,89,22,0.0007833084996804839,0.11052676977827286,0.39350415141546913,0.27564025930615843,0.01241078414022915,0.11405726655380315,0.0556060671806335,0.7740603133394237,0.1111742854118346,0.705986183330661,-0.0055857845334685375,0.28708664236533,-0.0038361195474863,0.25971860806291824,-0.0555682182312011,0.06807413000876272,89,38,18,71,-0.002529384705163015,0.9251406806028292,0.021476723066061965,0.16765449458238205
BadRange,0.050308808265504726,0.6951621830860633,0.1204121531662529,1.0980951743566307,0.05334329605102525,0.2779241356515974,0.032810574993491125,0.3001844023187705,72,14,0.0026001165436680606,0.39694780389966633,-0.4293933741786051,13.090966878206533,0.027407705783843953,0.1294606672378546,0.1070970296859741,2.89490019297576,0.1910883784294128,2.877007987185068,0.0026693217456340776,0.41714836012972745,-0.0037393569946289,0.28542119307244074,-0.0839913487434387,0.017892205790692485,85,38,18,75,0.4128522803728831,3.2483934957665004,0.04035001031023472,0.4721599829938424,0.03804690390825258,0.5059986698915397,0.024254568326286925,0.2586035130590723,84,17,0.0016668001002480384,0.25332479014962694,1.8686586878575602,-0.5404204669396813,0.0191934704780578,0.12744482226957762,0.1291151046752929,1.1573321955358273,0.22895950078964222,1.1237164177774954,0.0035383154638111494,0.399256530715067,0.00545094907283775,0.26212717952264936,-0.0998443961143493,0.03361577775833184,73,33,16,87,0.03246601694158812,0.88290089468839,0.03218234816506462,0.3064620903651798,0.0299696677830069,0.32669717008531113,0.018136454045652454,0.17456449919994113,83,19,0.0008381953770221804,0.1254352027251115,-0.19323281492445776,1.7053324866705761,0.0146219730377196,0.12784578211455916,0.0556060671806335,1.0716411774695624,0.1111742854118346,1.0613522037338021,-0.0026209188174107093,0.2816902835118363,-0.00107723474502555,0.21404534238353773,-0.0555682182312011,0.010288973735760354,85,36,15,75,-0.08118924051653707,1.2329727514405098,0.022809087788142692,0.21467600448148086
BadRange,0.04571505977822634,0.6017549489689967,0.10763857281184733,0.9508884853058883,0.05101160705089562,0.2559804418342386,0.03202793750911946,0.2554930307148016,76,15,0.0025845392068916295,0.3935642289504577,-0.4502073354425433,23.96708528010678,0.02521222829818725,0.12906659346718716,0.0900282263755798,3.3849986885939742,0.1792554855346679,3.329570877059643,0.0013685531914234175,0.38184465818570873,-0.0018675029277801002,0.2659239967349921,-0.0892272591590881,0.05542781153433135,82,40,16,78,0.4138639076996598,4.561483623097078,0.04029406456557348,0.49775384073404905,0.03285181522369372,0.3191051085811001,0.019390163416974204,0.1794741012323489,84,20,0.001006049074666965,0.14872668134957698,0.7346436272794667,0.8415381765539491,0.0152151510119437,0.12158098223388807,0.0522307455539703,0.9692641411094827,0.1443190872669219,0.9175021999732293,0.004301444906741367,0.3163045661776401,0.00546745210885995,0.25059139917842677,-0.0920883417129516,0.051761941136253264,68,36,16,92,-0.5529753848043775,1.1393654721889754,0.024781373475393068,0.220631146406739,0.024729909608140477,0.19863338956482715,0.015441019382405963,0.13437311956103506,79,18,0.0006662519679654865,0.09605286126564101,0.9967628159074873,1.8891122699196012,0.0125845074653625,0.10099724075463676,0.0630959346890449,0.8928741623463039,0.13261318951845158,0.8862183161622295,-0.0007250012371514437,0.25273926094253946,-0.0009003867162390999,0.21926058727797104,-0.0695172548294067,0.006655846184074421,84,41,14,76,-0.35718323950922454,1.3433602073113164,0.020457210521576088,0.17937593830795684
BadRange,0.043050056894814184,0.6079577067746004,0.10127886178554013,0.9646184485377911,0.04628898203372947,0.20611097953770458,0.02779554761946198,0.19738756176238817,60,18,0.002089698224958592,0.29262408864666484,-0.1765221409512332,20.629225484434954,0.0208284556865691,0.10546385125433265,0.0900282263755798,2.618624509786751,0.1792554855346679,2.5687434118545536,0.00871155709028244,0.3775982160583345,0.00157913565635675,0.3006659088225147,-0.0892272591590881,0.049881097932197326,74,47,13,86,0.5662574931892715,4.256446007449647,0.0351839037477393,0.38735471583062997,0.032130517065524944,0.24240952116650866,0.019817549439612732,0.168732217751249,83,17,0.0009997347018035779,0.15054503172682052,-0.2737704999566617,6.213447810036419,0.01607459783554075,0.10730980373898197,0.0616309344768524,1.3649446589077936,0.1288936734199523,1.3336216812937896,0.0020630488172173477,0.3094001392831882,0.00242979824542995,0.2420420821961199,-0.0672627389430999,0.03132297761400412,73,38,16,87,-0.05411977388728823,2.089220567437393,0.02498961833659769,0.23412942048867813,0.022680991329252574,0.2473700841210691,0.016193707995262187,0.1518584613979027,80,19,0.0007760840526836831,0.11198916936095736,1.0119719808694194,0.6273446906735449,0.011518237181007848,0.09589108655122158,0.0630959346890449,0.8427154622920779,0.13261318951845158,0.8007867838433298,-0.002262472520669681,0.27762009319626857,-0.0023838290944695,0.21614286928656734,-0.0695172548294067,0.041928678448748195,91,43,16,69,0.06336140191230084,1.1614316857479363,0.02197617351325741,0.18685891259089707
BadRange,0.03819909280675824,0.54571694213846,0.09231849684379972,0.8559800041717063,0.030209794640540976,0.2231667371694329,0.01992224120534953,0.17020850387563197,66,20,0.0011241073805592417,0.15950911874226592,0.8742739462674414,13.619121454958282,0.01533332467079155,0.12057680037972424,0.0775079727172851,1.7191394416999803,0.1286635398864745,1.6892796822584277,-0.0051113877445459225,0.2963608115228739,-0.0084697902202606,0.23544407727871952,-0.0511555671691894,0.02985975944155272,103,45,14,57,0.8986316897113807,3.1732655254092976,0.026090135549776614,0.26773006580466363,0.03398707509040825,0.288885933665361,0.02026210167445238,0.1929105697034716,76,21,0.0010058328183574143,0.1515854845045681,-0.46374444243694013,0.9068372303432586,0.01648896932601925,0.1154823857332768,0.0637874007225036,1.0644159069624994,0.1095550954341887,1.0346985913521365,0.0037833714857697493,0.3043661759591684,0.0021229982376098,0.20584909575409369,-0.0457676947116851,0.029717315610363004,76,35,15,84,0.24973836008962821,1.232386440463561,0.02486353419170708,0.24278944671579258,0.027029818855225977,0.18658396721012682,0.016384509165145524,0.15047655323112905,81,18,0.0007099970244442996,0.10757800620437508,0.09302384887708248,2.0396104251243985,0.0135937966406345,0.0959245079829349,0.058704137802124,0.931356674066574,0.1136829815804958,0.9122497252593449,-7.817615405656371e-05,0.2552530166896638,0.0002895556390285,0.21428346178895027,-0.0549788437783718,0.01910694880722908,79,40,16,81,0.07828840640183386,1.56583574575735,0.021131324121697288,0.20597063789579634
BadRange,0.04726292301104358,0.6510295861143983,0.1150153208384288,1.0037834421795286,0.05076003074645988,0.19164549629890043,0.028648856664076405,0.19434748163083124,77,15,0.002053902500079441,0.29680908781317306,-0.18601213021978147,26.819882977202106,0.02557277679443355,0.10430128535091052,0.1271262764930725,2.9626256034006886,0.19227939844131461,2.9020361439079867,0.007105638831853865,0.3431781615920698,0.0062679946422576505,0.2804495305986079,-0.0651531219482421,0.06058945949270177,74,45,16,86,0.4785721932936991,4.918477256488921,0.03522719017518489,0.4231286296381518,0.04225686937570558,0.25858019526234793,0.023127366020344153,0.2011237346513974,73,16,0.001289752821148703,0.19054049057086825,0.016163159383768555,1.9522255761776215,0.01964090764522545,0.11231185749765778,0.0888311266899108,1.3140508614226714,0.16261866688728321,1.2867592593865245,0.004355909302830695,0.3461184767046751,0.0008144676685333,0.267550092577746,-0.0737875401973724,0.027291602036146844,80,34,19,80,0.23272318408715922,1.4402388933585992,0.028143774044585002,0.26597460528122524,0.0366787165403365,0.19472122635817887,0.020024102689021626,0.162660274740436,79,16,0.0010018412179569132,0.14466144060817906,0.09265148538981194,0.5541993715647946,0.0184256127104163,0.09565741788258875,0.077561616897583,0.8610803773741307,0.1448667049407958,0.8059603472866966,-0.0004351694398792411,0.3144868038827837,-0.00096997711807485,0.25482759908245134,-0.0673050880432128,0.055120030087434026,83,41,16,77,0.2726756104181599,1.1710614109044426,0.02509777386267662,0.2139146811038704
BadRange,0.04456838836398564,0.6173963237799225,0.10624800337478496,0.9657654587343749,0.048707723617553655,0.14787891760007188,0.028223534841090397,0.24667960546756043,78,8,0.0020787048739062865,0.31763627851434345,0.21522791506829364,13.679379968353572,0.024180352687835648,0.07465364528012178,0.1271262764930725,2.653576144073663,0.1985719799995422,2.6401439850506887,-0.0004793636500835405,0.3440417335313705,-0.0012738406658172,0.22484246173538813,-0.0714457035064697,0.013432159022974292,84,44,15,76,0.390477001027783,3.5596062158097426,0.036154257303806475,0.4463984364926392,0.03904389590024935,0.24249040714811973,0.02101117529440668,0.17558435834947483,78,21,0.0012281654422692523,0.17389884231547625,0.5140117466750524,0.8704959684548448,0.0195412188768386,0.11081544713463856,0.0888311266899108,0.994513898013013,0.16261866688728321,0.9301243237202013,0.00728828031569718,0.34890079077251407,0.0065620914101600005,0.2858864540528885,-0.0737875401973724,0.06438957429281177,61,34,14,99,0.07753675278347111,1.2104075224261839,0.02681376482065156,0.2284011394756833,0.024331847904249977,0.21966522063254404,0.016172820792708032,0.13633160572196726,74,20,0.0007479717039565588,0.10301069015893276,1.5259966089627488,-0.21217036486152363,0.0127000510692596,0.09572765682499651,0.077561616897583,0.7320286811905263,0.1448667049407958,0.6850852842668577,-0.0008806411991827111,0.27282293443049016,-0.0026420950889587,0.22848427549325762,-0.0673050880432128,0.046943396923668675,88,49,17,72,0.5310048612260151,0.8740919664077981,0.02167122628871067,0.16905128395747016
BadRange,0.04259690370688687,0.5487348388932607,0.09881404922809428,0.8459318121285282,0.039992988109588505,0.2355313087268781,0.02936637512408193,0.30058177612698783,71,13,0.002630242128558247,0.4012352681331493,1.284653636890571,17.399563703461656,0.0211500525474548,0.06437869342325453,0.135103166103363,3.311259784267502,0.2065488696098327,3.2809061087504734,0.0044641725718975,0.3388945911914585,0.00062105059623715,0.15325775632955013,-0.0714457035064697,0.030353675517028448,78,46,17,82,0.8439672623656399,3.92947671283483,0.04042506842392436,0.5351501884464991,0.02767937630414955,0.15618103180494,0.01666117450688031,0.133963934666037,77,17,0.0008503398061968175,0.11601457499155943,0.6105868381943198,3.476760988335954,0.01388132572174065,0.08577473511787366,0.078644186258316,1.0051827250193766,0.129057228565216,0.9678261441528168,0.00798037908971308,0.28479816478074227,0.0071204304695128996,0.22828260438687775,-0.0504130423069,0.037356580866559776,58,37,14,102,0.5181843935226088,1.7720632280918045,0.02169603455539541,0.18682767549022447,0.0201886389404534,0.14185521605252638,0.014465027716651053,0.13626881871804808,72,16,0.000626753534850429,0.08976116315048614,1.5881441656439392,4.050669841754641,0.0094298347830772,0.07179710550605645,0.0661408305168151,0.9590925602032514,0.13053071498870839,0.9226228320955593,-0.0024225895380368357,0.22223905615632755,-0.00406640768051145,0.16605778769103996,-0.0643898844718933,0.036469728107692154,97,47,16,63,0.17761381166978407,2.0848748344019157,0.01970479031786194,0.20092527235076935
BadRange,0.04600018499971188,0.5878034989892168,0.10876013356260933,0.9162590845254659,0.04631200432777392,0.21840894032185323,0.02938455245457585,0.2981585294496942,70,11,0.0024729960492316707,0.3695846246413686,1.4119809939475152,9.292077031068862,0.02302840352058405,0.09259958411039323,0.135103166103363,2.496911195702142,0.20442175865173332,2.471718001519052,0.0065586160868406265,0.3482169683843974,0.00209334492683405,0.18167230801476014,-0.0693185925483703,0.025193194183089976,77,44,16,83,0.9904599136637259,3.0544610999770243,0.038885182844181,0.4983267678647698,0.03510708361864075,0.22444673837046136,0.019533749440452046,0.17905187039470058,81,16,0.001080142286109068,0.1498422021724282,-0.126373108462857,0.9442288553486402,0.01703426241874685,0.10690066310770001,0.078644186258316,0.9752611571176222,0.1316701173782348,0.9593797847215277,0.008760045934468493,0.3066683006613182,0.00929811596870415,0.24272521640671302,-0.0530259311199188,0.015881372396094398,59,34,14,101,0.05293135620441679,1.2725704277826997,0.02453800592727972,0.23621336867740472,0.02818537410348637,0.23106640276289453,0.018031922123191137,0.20465870775103834,70,15,0.0008923402718477956,0.13571398072162696,0.4059123395225095,1.3596095109388218,0.01165335625410075,0.0696194307518638,0.0661408305168151,1.115054285211235,0.13053071498870839,1.1038856338525216,-0.00016542276716790313,0.2613738154797503,-0.00232436507940285,0.14241150522723267,-0.0643898844718933,0.011168651358713502,90,36,14,70,0.1906609978821487,1.4842392329645429,0.023689507381174937,0.259610687960231
BadRange,0.04496101244263033,0.5755659610322128,0.10847646655514814,0.8901434337957022,0.0486348569393157,0.1837437686265745,0.029927454162388994,0.1972441222487492,71,14,0.0021342632338770735,0.32509228280739905,-0.21163971898429645,32.67797342122589,0.02355283498764035,0.0857972866713295,0.106920838356018,3.240677676867276,0.17623943090438832,3.1981139493777073,0.004660619795322426,0.35778459644736665,-0.0037419199943542003,0.2643402272645536,-0.0693185925483703,0.0425637274895687,85,42,15,75,0.5353599932288386,5.50463194325437,0.036337940659421905,0.44393970914122344,0.036208383738994446,0.22595152351123526,0.01952913293964226,0.19215514074080267,81,16,0.0009913702741140887,0.13856811925638335,-0.5308761223696394,2.117669289329699,0.01822113990783685,0.10871144300529913,0.0606498271226882,1.103204490236637,0.113675758242607,1.0761749652334944,0.007685592491179695,0.27152151153044524,0.008483022451400701,0.18361586566235072,-0.0530259311199188,0.02702952500314248,62,35,15,98,-0.05467234191392495,1.6243010170311873,0.02375002076145169,0.2546452199288368,0.029307418502867125,0.3238417460950928,0.01802003242293717,0.18715561433042693,71,20,0.0009018190129249092,0.13644278211296057,0.5019805644260891,9.7184183342897,0.01281589269638055,0.09457911225501593,0.0642637014389038,1.5562176370505416,0.13258146494626988,1.5387764844427432,0.0005323470453731811,0.26083732581789026,-0.00146895647048945,0.1568759567248136,-0.0683177635073661,0.017441152607798514,87,38,15,73,0.042488870502204845,2.619211359997463,0.023809590366282326,0.26154669100015837
BadRange,0.03970308947340814,0.548749925352376,0.09532225949689724,0.8553063777732315,0.044673874974250696,0.16877558773039597,0.026063251043669838,0.18429045248184203,69,14,0.0018258808747703941,0.25314031817577926,-0.028509797196276665,22.454696308590023,0.021585971117019598,0.08522577372063576,0.106920838356018,2.5660119515310096,0.1491110920906066,2.544906994799361,0.010025327280163766,0.33241926815836115,0.0044557750225067,0.2657297734856617,-0.0421902537345886,0.02110495673164835,73,44,11,87,0.7215942764732123,4.45120318586151,0.03236067742925202,0.3776741298167493,0.030647035688161697,0.2884425441456578,0.01774093723623078,0.16097896407760617,74,20,0.0007871841937858544,0.11377701492511079,-0.5111874207044478,0.33372427495913515,0.014822557568550051,0.12702136982920822,0.061076134443283,0.7993875088617916,0.10343950986862169,0.7727789521255318,0.005394660029560319,0.2703624032671258,0.0028535723686218,0.22562717621065498,-0.0423633754253387,0.026608556736259698,73,35,17,87,0.1742377203483418,1.0221214570760238,0.02158237725743243,0.2016957754260977,0.025433153845369674,0.21937157122751835,0.01585651626242902,0.1446169560148533,73,20,0.0007112056382727963,0.10298389051590191,1.1180146673456495,3.326707995504515,0.012086898088455198,0.10616696019688394,0.0618172921240329,0.9965421851254218,0.130135055631399,0.9927434910165885,0.00022768023191020674,0.2525247063477445,-0.0013531185686588001,0.2006616370883808,-0.0683177635073661,0.0037986941088332567,86,43,15,74,-0.13497031419439232,1.7240423029964194,0.02114821456418544,0.19802818789224766
BadRange,0.04180055925626737,0.5975072190082271,0.09833453129976963,0.9314479336734224,0.042513832449912956,0.1777931402911228,0.027310350993648126,0.2494601676708214,66,12,0.0021291632927875836,0.32563524821085493,1.7711819913710256,19.91684260670318,0.0199653506278991,0.07579098283953636,0.13604336977005,2.9223845580566348,0.1845567226409911,2.895798583542511,0.0010377045720815757,0.35851754506092154,-0.005685061216354301,0.21618530968690447,-0.0485133528709411,0.02658597451412375,92,43,15,68,1.30783465847623,4.1232178879454136,0.03657885738044161,0.44395992847817356,0.030825853347778202,0.3042333228198039,0.020288254051702054,0.19058742919251492,77,22,0.0012459697589112908,0.18696618140391852,3.0037160403569985,0.13211753760883038,0.0154035091400146,0.16168248443985989,0.0859734416007995,0.9716059748814323,0.2115691900253295,0.9623375381165163,0.005580887477844944,0.3582861881272745,0.00482279062271115,0.326316771923338,-0.12559574842453,0.00926843676491592,69,32,17,91,-0.528964880750708,0.8277114338526049,0.027427843251669984,0.24206856219085077,0.021037302911281527,0.18601434203403572,0.013308591333625336,0.13103730832768054,81,20,0.0005457838667447357,0.07330024417114918,3.222578697712084,0.6571931153400628,0.010485917329788149,0.08686362554027496,0.04329789057374,0.697787215314543,0.1338474191725254,0.676420957268487,-0.003795842337422063,0.2146442004852263,-0.0035329591482877497,0.14835191185314744,-0.0905495285987854,0.021366258046055932,94,43,15,66,-0.8448166999464137,1.2098688334026566,0.018131774747989868,0.16500942812217476
BadRange,0.04563571467299236,0.6259035141892516,0.10728475470095848,0.9471643851814635,0.0480244308710098,0.21032704668579,0.03060078331269319,0.25197796896476177,58,13,0.002479199910005536,0.3728151800321672,0.7323068675276043,21.7229463048558,0.0202116966247559,0.09213064051649573,0.13604336977005,3.2476146454430506,0.1845567226409911,3.2078376776282975,0.00584063641726971,0.36363709491311136,-0.004951953887939399,0.2324242995419114,-0.0485133528709411,0.039776967814753234,90,41,15,70,1.0874129594216955,4.385126098196348,0.039050193921128074,0.4904928574763551,0.0304284170269965,0.37229946770612693,0.021570966287981674,0.22849721604614154,82,18,0.0014242494223709544,0.21754844912194998,2.141013830397049,1.840585481929625,0.01600866019725795,0.15079778478924727,0.0859734416007995,1.334527887420207,0.2115691900253295,1.3233823693876208,0.004668243695050469,0.35449651987519715,0.0051253288984297995,0.26712561257914863,-0.12559574842453,0.011145518032586135,65,29,16,95,-0.2922518046347432,1.458515625263914,0.029560527646722956,0.3031182385115153,0.023051336873322625,0.14943395825369954,0.014846417217340752,0.14907072036423663,83,13,0.0006839957277790248,0.09132791180172052,1.7065252868731573,0.7679946175749381,0.011806489899754451,0.0674927536349041,0.0425237417221069,0.754112695355436,0.1330732703208923,0.7325911508852601,-0.006091041560284778,0.22903077039315486,-0.005455050617456349,0.1593231550029203,-0.0905495285987854,0.021521544470175975,102,42,13,58,-0.44937443411555017,1.3894853467116002,0.01982049108220829,0.19716190812334544
BadRange,0.04133734098964497,0.557293465090198,0.09844521245919145,0.8849292804613458,0.03187005221843707,0.24517797912839587,0.023122945912182287,0.20636275162013062,74,17,0.0015214130263459646,0.23030649722709862,0.7708532261551397,16.250149321119487,0.0164400637149811,0.11906769629053347,0.1088302135467529,2.255142990611973,0.17606270313262928,2.2358655022015688,-0.0032588079571723868,0.33032420531252554,-0.00530517101287835,0.25272323089660176,-0.0672324895858764,0.01927748841040429,93,41,14,67,0.5071101342122581,3.5702147511594027,0.03075998891256922,0.3481270121834085,0.03180974721908557,0.27395237328266264,0.01921741094556633,0.1892662125687999,85,20,0.000985776699442246,0.1462087211849824,0.16907192826703143,1.725544858964648,0.0149933844804763,0.13710431864755704,0.0833948254585266,1.085453300181803,0.1361040771007537,1.0590960114195176,0.004552227538079011,0.2908673782692815,0.0060320049524306505,0.2129196139742771,-0.0527092516422271,0.026357288762285404,62,34,18,98,0.08869841699762504,1.411807595326491,0.024477177902711027,0.24820332278947663,0.028726031072437673,0.24961081167777707,0.01722131143913426,0.18920432406830856,77,16,0.0008970064035201824,0.12932139124557754,1.3905423151335654,1.4100211295617662,0.0146092996001243,0.08420932193042277,0.0647956728935241,0.9839395303630534,0.15219414234161371,0.9537354784330452,-0.005457094247685732,0.2637376968795387,-0.0067003360018134,0.1525536744796227,-0.0873984694480896,0.030204051930008247,103,40,17,57,-0.043264411807685955,1.4931995066789963,0.023112503073259627,0.24446639542124005
BadRange,0.04485888964766182,0.587446852259331,0.10514802863355702,0.9058657237912513,0.038807198405265725,0.20994613251900085,0.028382401140406688,0.23512750263675286,71,14,0.002282203516218711,0.3384728559787456,0.12036900282479568,23.062373144277572,0.01958915591239915,0.09389432576756676,0.113614797592163,3.1534956605856976,0.18084728717803938,3.102220010862427,0.0061291851103305785,0.33704446907007723,0.0043563246726989,0.20718914387010273,-0.0672324895858764,0.051275649723270894,68,46,19,92,0.4196726096632024,4.584843033809419,0.03738375239882092,0.4742086901860987,0.031125444918870825,0.19749709047463854,0.018345328082796142,0.15026631026176843,85,19,0.0008343406036143999,0.12044920204182986,-0.43992960799187575,2.1427517279845665,0.01533575356006615,0.0968813990379481,0.0536186695098876,0.9433220283454626,0.10723578929901109,0.9271357906134048,0.004643424786627283,0.2824577820980546,0.00688320398330685,0.23524670848536267,-0.0536171197891235,0.016186237732057795,65,42,15,95,-0.16855026440197937,1.4825541699597973,0.022428676242645693,0.20166011845200768,0.026225196430459525,0.2611827948704792,0.01744700836192347,0.17246178185179006,72,15,0.000891693610909713,0.1300457804078695,1.4316590652175272,0.8466860402294398,0.013866513967514,0.07843189377226142,0.0647956728935241,0.9698995134329267,0.15219414234161371,0.9348961095478495,-0.00423466396168805,0.28636347262311945,-0.0071064513176679,0.20260978619482037,-0.0873984694480896,0.03500340388507713,101,41,17,59,0.0599656680406234,1.318765779220086,0.023297391069423662,0.21918426484375506
BadRange,0.04267438890172542,0.5786373714517956,0.10061130902264245,0.8879307175790503,0.04314461350440975,0.26239866732186756,0.02846669486258175,0.25880399188336295,69,15,0.002260446547102677,0.3438923644184573,0.437568240203166,14.375080145020814,0.0214208960533141,0.11614121070941899,0.113614797592163,2.7314494017532107,0.1918997168540953,2.7113583155897247,0.002179213985800747,0.3678940385905029,-0.0006144344806670501,0.23683510246138312,-0.0782849192619323,0.020091086163486076,82,43,15,78,0.5528210506891812,3.61027020832728,0.03764154159540701,0.45666874295054044,0.027787320315837777,0.2610775304181006,0.016916925515979488,0.13656987007777205,86,21,0.0007585374444582954,0.10982204906638972,0.3345151991442097,1.0465768315137494,0.01466028392314905,0.13731220990728374,0.0536186695098876,0.8290893528064665,0.1124896407127379,0.7686534491662935,0.004708736389875405,0.27917529347708453,0.00632758438587185,0.2580900069348529,-0.0588709712028503,0.06043590364017291,66,37,16,94,-0.23654282475015015,1.1251923335643381,0.02132500712668238,0.17855868665056157,0.0286917916964739,0.19567289720030995,0.016373203467810488,0.13233450564423466,72,19,0.0006755381456987001,0.09282896236787272,-0.27585623603450005,3.8750031035855317,0.01396906003355975,0.09795123088867064,0.0501273870468139,0.9399723767986264,0.1034632176160811,0.9048556206064773,-0.004738590097986157,0.2408613855114628,-0.0074593164026737005,0.19944573737743568,-0.0533358305692672,0.0351167561921491,98,44,18,62,0.35422259558593716,1.8504573874021488,0.020056702136032726,0.18658712532586805
BadRange,0.04217301645848329,0.5971619810147204,0.09875704834237672,0.9232754396673684,0.04020021855831137,0.2569219720604874,0.027532809367403342,0.24079947891048217,73,14,0.002197467535745754,0.33863159526431497,1.2554779062984593,24.571778296152832,0.02017259597778315,0.10650185164183155,0.1224100589752197,3.129442468201376,0.200694978237152,3.087845448299013,0.0024384446442127284,0.3622845079926844,-0.0003324747085571,0.23791981659984837,-0.0782849192619323,0.04159701990236275,81,38,15,79,0.6734480197014694,4.617256045534942,0.03709543968389634,0.4553916232571844,0.028763815760612377,0.2555402370831162,0.018534751599654516,0.16853578578261327,82,22,0.0010828593809294215,0.16241169941022382,5.441545387121762,2.221466912486524,0.0146866440773009,0.13444727591713307,0.1308561265468597,1.14239776630937,0.1963012814521789,1.109315373037933,0.003385037556290625,0.3364461533860994,0.00471490621566765,0.29378373448432493,-0.0654451549053192,0.03308239327143703,73,37,15,87,1.09321342405471,1.265060145070725,0.02587495102681143,0.22184608466664696,0.02557779382914297,0.1895260891755973,0.014725745898322169,0.12785565270790009,76,16,0.0006057761276074326,0.07992328619074279,-0.16537120758217316,3.423815607598308,0.01326673850417135,0.08248596570506822,0.0337010025978088,0.8908878222491567,0.0917222574353217,0.8786219250078231,-0.006333933246787629,0.22454477828858446,-0.0067972727119922,0.17638208529923996,-0.0580212548375129,0.012265897241333689,101,42,16,59,-0.13413282823064757,1.720771787492787,0.01845590002998673,0.1717641660360892
BadRange,0.04569795412083061,0.6730132661767206,0.10463061107322552,1.0426324344645381,0.041055485606193425,0.2549678767106146,0.0288015624741092,0.28568863217715085,75,14,0.002488220756595499,0.37625815399184936,1.0989921692936262,9.272741047703732,0.020850002765655448,0.11944019532845589,0.1224100589752197,2.544011844312574,0.2186628580093383,2.527379255484107,0.005882266536355015,0.4051163849519044,0.00325134396553035,0.2718771045968099,-0.0962527990341186,0.016632588828467045,72,40,16,88,0.17819254700772783,2.9310871187076497,0.03911649317753498,0.46058535434309006,0.03332741931080807,0.32634034516936383,0.022155640542041475,0.20508961705852669,75,19,0.0015100170613767021,0.2221591415886124,2.702658268048631,0.497085883153332,0.0168702974915504,0.1489551549497887,0.1308561265468597,1.1804870931237794,0.1972795724868774,1.1319666949301848,0.006526134721934795,0.3909558429496679,0.00515171140432355,0.34012309439680166,-0.0664234459400177,0.04852039819359457,70,40,14,90,0.7815755576399851,1.0063297465968108,0.030113750451257304,0.2632729960556667,0.0207594670355319,0.18167283970666226,0.01410892058280292,0.12362678676597863,72,21,0.0005766630871364677,0.08669970664668919,2.1786291688779693,0.6839039094766273,0.0100395940244197,0.09475585892839275,0.0823719501495361,0.7101176544028217,0.140393204987049,0.6967284624864564,0.00016217896481976224,0.246560206562966,-0.0022155605256557,0.2255313897014428,-0.0580212548375129,0.013389191916365341,87,43,17,73,0.4863701349289528,0.9769153013680809,0.019043495462760067,0.1609589114846292
BadRange,0.0504401815249312,0.6671474581364657,0.1150561117311006,1.0272999648372811,0.050453945994377025,0.26270650253974837,0.034193336628377397,0.311608436373925,72,13,0.0031116920969822414,0.4796065265934483,0.3461645332819927,19.103729263141812,0.024121701717376702,0.12341026482712313,0.133221685886383,3.6122341558481224,0.2294744849205016,3.603888026914412,0.005017958953976634,0.40809713641210854,-0.0034122467041015,0.23777421248872233,-0.0962527990341186,0.00834612893371045,83,41,16,77,0.3758515380332405,4.018036419271868,0.04395111805648636,0.559520557125192,0.03537967056035985,0.31224827228557056,0.02256176052032966,0.22097232301923556,85,20,0.0015022229190209157,0.21415096228775657,0.9471286160184063,0.5317191977279916,0.0179740786552429,0.15774414733388675,0.0945014953613281,1.1108781364274736,0.1828532218933105,1.0844348124577297,0.007377225253731004,0.36931139481123765,0.01047572493553155,0.298005761756498,-0.0883517265319824,0.026443323969743988,58,40,17,102,-0.39291155376115444,1.1188105726006687,0.02983334628203286,0.2788549012485431,0.019862335175275723,0.17248901035250824,0.014318502223049973,0.10731616439629481,69,19,0.000581736256661606,0.08150869973360875,1.7143003550785227,0.9189836003176368,0.0105016157031059,0.07459483328325142,0.0823719501495361,0.7063520025880615,0.1270211860537528,0.6378367761521831,0.0013758300032350298,0.24989143361393507,-0.00144743919372555,0.22118799996491934,-0.0446492359042167,0.0685152264358784,86,45,18,74,0.7009114968059026,1.037674455814328,0.019077920386006295,0.13806871890468547
BadRange,0.05096481387397093,0.6333550170806768,0.11979505698429399,0.988363470662541,0.05167824029922477,0.1523474063718318,0.031951198810711456,0.2699111034102814,69,12,0.0025926058365830997,0.3989305160334519,0.6270328428626861,23.89562739920082,0.0228345990180969,0.0858589347291421,0.133221685886383,3.523898827850975,0.1978763341903686,3.467843672542646,0.004464789479970942,0.3481039750277566,-0.006570965051650951,0.21771429139029264,-0.0646546483039856,0.05605515530832913,89,42,15,71,0.9410594407942677,4.615958922734337,0.0401311598412349,0.5270238501276074,0.040968134999275124,0.3329697307043361,0.025824063039617574,0.2573679583147209,91,16,0.0019038428404103485,0.28108170075639183,0.38031797847875204,4.502023836376522,0.019692853093147198,0.1352399999972739,0.0858602821826934,1.820998425664737,0.18702295422554,1.7952590693453923,0.006832501757889975,0.3846776628416898,0.01086039841175075,0.2614839124847296,-0.1011626720428466,0.025739356319344764,56,37,15,104,-0.48793370085580634,2.064866394767129,0.03391767606529577,0.3648353004672754,0.022579509764909626,0.192966902624122,0.0160867169632183,0.1494099411524465,82,17,0.000711869474213184,0.1036441213632187,0.40254245743924155,2.1108750847463025,0.01148205995559685,0.08461841462782499,0.0524834990501403,0.9129884890267078,0.1121999621391295,0.9000632009988381,0.00043423659371910633,0.25558183279309454,0.0011051669716834502,0.18804218592748234,-0.0597164630889892,0.012925288027869746,76,42,16,84,-0.5036125049095641,1.5299783161363252,0.02115483167289077,0.19576018009120583
BadRange,0.0477321193582513,0.5757603133346764,0.11393752329051471,0.9022906204971376,0.047585204243659904,0.19142047022222125,0.031082465788349466,0.23360970651173102,67,13,0.002332179325527117,0.35802394117192166,-0.22920560949935176,27.17017771920679,0.0244811177253723,0.09493293345892102,0.108301818370819,3.4182507158592874,0.1700847148895262,3.3842576280812615,0.0036820970475673746,0.3339561469526447,-0.00538909435272215,0.22736804759004975,-0.0617828965187072,0.03399308777802568,88,41,14,72,0.6963428279215903,4.962332085266477,0.038120025471184656,0.49648487699472305,0.0320991575717925,0.2898577104317578,0.02219796694349494,0.24407195015464164,86,14,0.0015277763543504591,0.21710886965581286,1.0487198606116248,4.7132511299306925,0.016324788331985446,0.09187872314970807,0.0858602821826934,1.6946482921739934,0.18702295422554,1.6906667446600183,0.009473565779626353,0.31821358479614875,0.010984078049659701,0.19005177904625453,-0.1011626720428466,0.003981547513974979,51,38,14,109,-0.45348727015830204,2.1513044911072132,0.029505130527326867,0.3403659561516062,0.024766871705651176,0.2231598776997299,0.01636454598279665,0.1566230124079613,84,19,0.0006872938476484808,0.10327125587632432,0.2805561843679869,1.1702779130255125,0.013146780431270549,0.0990216103538533,0.0493454933166503,0.8606077747431371,0.10906195640563951,0.8312806313972114,0.00022055576555430682,0.2501208887483441,0.00187468528747555,0.179475437709549,-0.0597164630889892,0.029327143345925705,75,41,16,85,-0.4823940734746583,1.3410598228323247,0.020789692897004993,0.20176916733748687
BadRange,0.0385594012712276,0.5063017544026394,0.09111720379441951,0.7875656574549017,0.037433981895446625,0.16419390862611938,0.025753872133791416,0.21604724900831218,67,12,0.001964807580628683,0.2649206821909628,0.23498188983580848,15.416583026485593,0.0188200175762176,0.08989015293083291,0.108301818370819,2.4163386338548016,0.1680287718772887,2.383576257644944,0.011925330758094776,0.32576269600046986,0.00632560253143305,0.2474523252691862,-0.0597269535064697,0.03276237620985766,63,40,12,97,0.7018061096428957,3.7572410492533805,0.033054804489315665,0.3984963589362747,0.027639791369438046,0.18531953248467303,0.01565334834158416,0.1314508486539141,80,17,0.0006262609674714141,0.08741171661371883,-0.587656408310131,3.715789153218716,0.01379828155040735,0.09291700983639538,0.0530067980289459,0.9467916690172075,0.0917127728462219,0.9060509105285869,0.005541832000017156,0.23535401296830422,0.00514140725135795,0.18409842902337817,-0.038705974817276,0.04074075848862055,64,38,17,96,-0.019039363638315206,1.7844186101525685,0.019051765371661096,0.17894190452052902,0.024497210979461573,0.184019206579751,0.014856945698847945,0.12921129149198823,76,17,0.0005505342837326137,0.0805476212436699,-0.23264960792695222,1.0872504081682228,0.0122797768563031,0.07271681082112894,0.0493454933166503,0.7169910506788856,0.097832143306732,0.7057021054675776,0.0003798976307734868,0.22644894848612754,-0.00035518221557135,0.1856015390487068,-0.0484866499900817,0.01128894521130794,82,42,16,78,0.12232443647568834,1.2430655396726404,0.01860383689709199,0.17108037576880944
BadRange,0.034083176771913436,0.46047415286903326,0.08221457056235497,0.7251962650001841,0.03424523770809168,0.18454436939893826,0.02060471139848228,0.18341351530157407,80,15,0.0011453326832296864,0.1688326085163037,0.5489828046663794,9.400577859353321,0.0172002017498016,0.09094429880867888,0.0565378665924072,1.6960292231218752,0.14668518304824818,1.675807691326079,-0.005444883182644838,0.27378867269278867,-0.00537022948265075,0.1878460851963329,-0.090147316455841,0.020221531795796093,92,41,17,68,-0.3997136676910986,2.9378741238833923,0.026277401135981624,0.306385984048593,0.030069775879382924,0.16989145434482916,0.016157655068673143,0.1325005131965026,75,18,0.0006287436910350734,0.08786770104167635,-0.8097217152219165,3.596724606408076,0.0143832862377166,0.07912113049412536,0.046608954668045,0.9277058085925615,0.0833034813404082,0.8920693668332819,0.005308306589722629,0.23497444417414004,0.0030710697174071997,0.17281708426655285,-0.0366945266723632,0.035636441759279575,73,39,12,87,0.14372502927494207,1.8245612263183506,0.019159356563989597,0.1807061471747165,0.02362236008048045,0.1846790493683862,0.014089105641978631,0.1237632626971963,78,20,0.0005017935921424522,0.07028928607845208,-0.09595247758391245,0.02933342569639752,0.0114551484584808,0.08832041155334244,0.0440627336502075,0.5822204668889797,0.0925493836402892,0.5511259694003536,-0.0007968095625983471,0.21643314813325518,-0.0011298954486846499,0.1742779290191016,-0.0484866499900817,0.031094497488626072,87,44,15,73,0.2297119515413432,1.005369492951223,0.017746959051690357,0.1531207969793147
BadRange,0.04360728308761215,0.5635531125856554,0.10348926143255062,0.8561885784567058,0.05110947787761683,0.24214832471412143,0.03100196840241547,0.2751388277305054,76,13,0.0025081135493012453,0.37399640887322094,0.2449801723558176,20.03724694745906,0.024871081113815148,0.0787602161438482,0.1177065372467041,3.324403529673149,0.2078538537025451,3.306121175785479,0.005912872031331062,0.31936906160397377,0.0015989243984221501,0.1563157898817567,-0.090147316455841,0.01828235388766987,77,43,11,83,0.4363619504342381,4.234027441210721,0.039271464989474265,0.5215360115691131,0.02916253358125675,0.29976101995913296,0.019097406412474767,0.17912550158287846,73,20,0.0010896593332153127,0.15633531150043464,4.338973489239962,1.8886031666786431,0.0144921392202377,0.11246075930636977,0.1294054985046386,1.060454782263615,0.19880726933479298,1.0071055933680557,0.005675158277153971,0.3233451548439939,0.00139801204204555,0.23956827492311605,-0.0694017708301544,0.05334918889555928,78,40,14,82,1.1162830972235507,1.3920793871493968,0.025552110509419888,0.22755927214540878,0.022609332576393974,0.16405720578720623,0.013971104472693664,0.11207921723582462,79,17,0.0005464046920109883,0.06695123212566419,0.15559615489747225,1.5305068749578563,0.011434879153966852,0.05943146240736351,0.0440627336502075,0.6840379590207709,0.0965703725814819,0.6578768093310486,-0.005280907047563217,0.21347436200873804,-0.005972292274236599,0.15615840666280079,-0.0525076389312744,0.02616114968972223,103,42,16,57,0.14536129313458077,1.396797698180585,0.017764779040324766,0.14621877065078348
BadRange,0.047113752220180785,0.6427563592801875,0.11226202959194757,0.9859306639567798,0.04873530566692337,0.20848803683040362,0.030311489524319724,0.27831393953633,70,12,0.0023787647879820245,0.36149876153543486,0.37815914947044593,12.252766710243565,0.0229556560516357,0.08084866662862013,0.1177065372467041,2.639823030013552,0.1885615587234497,2.6185906418708997,0.002499837055802351,0.3304188679996755,-0.00445926189422605,0.16242162879656574,-0.0708550214767456,0.021232388142652266,85,45,17,75,0.7323836091668653,3.5029328957881027,0.03859779779533754,0.5023167658014691,0.030550695955753226,0.42582257442886473,0.02233810818754133,0.2569424857926016,68,20,0.0017366337776234986,0.2566121828412173,4.51236880529895,0.4938107007697319,0.015413880348205499,0.16818569625004312,0.1524521559476852,1.303755020641303,0.2218539267778396,1.2621959609153237,0.007534105516970159,0.40003257778708234,0.00369579344987865,0.2709452015088173,-0.0694017708301544,0.041559059725979446,75,36,14,85,1.5858650123540523,1.0668962713854304,0.03217301287270148,0.3107830747486728,0.031380808912217575,0.2131056058565971,0.017214271256525505,0.15544574052621812,82,16,0.0007766191737004835,0.1085060013166009,-0.39093853929683364,4.784459766896504,0.01530169695615765,0.07483685475491647,0.0482688397169113,1.1460094466364252,0.1019559353590011,1.0968468154536324,-0.005555755656678217,0.25547921817002206,-0.00510146934539075,0.1710717537080483,-0.0536870956420898,0.04916263118279287,99,35,17,61,0.16867885092954304,1.9479276642131984,0.021386425193027143,0.20793357208453658
BadRange,0.05350658050318017,0.7396567032904283,0.12558888077735877,1.1650969756788003,0.0527930259704589,0.34485758762622093,0.03589099742472167,0.35308693287708154,72,14,0.0036774085391002797,0.5438005144848027,2.2518600796606556,13.168145381822743,0.02646288275718675,0.16384012109294327,0.202258825302124,3.419749971894216,0.30306625366210926,3.3714022376403303,0.005799280852079394,0.4809135404787057,-0.0017749071121215,0.3280268116211191,-0.1008074283599853,0.048347734253885784,83,46,14,77,1.067542423012866,3.2576087311574127,0.04773879324948539,0.5590372805717333,0.03592780232429495,0.41368290906149685,0.02199134985683482,0.21863566839808787,77,21,0.001482857904753231,0.21348585236352513,4.266841661639094,-0.6969062366753591,0.0181498676538467,0.17202158757446057,0.1524521559476852,0.971391170326784,0.1999381929636001,0.9445148279136084,0.008101962693035595,0.38305601572064885,0.0060314536094665,0.32025013995924767,-0.0474860370159149,0.026876342413175547,67,38,17,93,1.3586009268744281,0.6377491333619232,0.029437397871593447,0.2583678408466253,0.03492404334247098,0.23958071508074982,0.02043688414909407,0.1874296633769332,83,17,0.0010755093672582612,0.16063305044057344,0.3019061214853016,7.418996981995706,0.017666999250650302,0.11935181737863296,0.0568107441067695,1.530124991422235,0.1463254168629645,1.5026462918253292,-0.0017326030414551428,0.30112741947944577,-0.00144040584564205,0.21187715954705377,-0.089514672756195,0.027478699596905867,85,40,15,75,-0.23725374177260028,2.34173317061298,0.02594995553830301,0.26449069488022325
BadRange,0.04910196587754927,0.7062440595763472,0.11451382055878617,1.1059414347598464,0.044409096240997224,0.49716048804419255,0.03343633040785786,0.3566295278565821,70,19,0.003489606887710077,0.497572066317406,2.589266356100058,6.705655260669115,0.02221733331680295,0.2201991583246632,0.202258825302124,2.708789525592975,0.30306625366210926,2.678589342984181,0.010226172208786004,0.5062914955747808,0.0038845539093017,0.32849004262250414,-0.1008074283599853,0.03020018260879355,74,42,13,86,1.1069037268260113,2.277681024304845,0.045710928814748114,0.4911628933725121,0.03263191506266585,0.2594834903491128,0.018357862024567986,0.15725761592489612,83,22,0.0009039542223892975,0.12464863366609846,-0.4709552247258748,-0.3982938097213138,0.0162432938814163,0.1324042566681033,0.0574477910995483,0.7579577526690909,0.1152698397636413,0.7378592286256858,0.006855317577719669,0.2966563704086605,0.00791470706462855,0.24857006627857503,-0.057822048664093,0.0200985240434052,56,40,18,104,-0.21586445888050387,0.6411419170834123,0.022830543590900736,0.1914252636463068,0.02966171409934755,0.29225792342854595,0.018634330807253678,0.1783831515195927,80,17,0.0009909830155893596,0.1439934523471721,0.9810773917313109,1.440639400775833,0.0150875728577375,0.11299453723456573,0.0608054399490356,1.079395634115206,0.1503201127052306,1.0565053859606617,-0.0019877103623002676,0.30299356877640515,-0.00191139802336685,0.2376052170470408,-0.089514672756195,0.022890248154544362,88,45,15,72,-0.11678526828605701,1.3301253929812986,0.024885415743735727,0.2284476956051646
BadRange,0.04516996691546266,0.6118603145061559,0.10702461168169952,0.9539109042350409,0.04087705910205827,0.24964872762970242,0.02880732269026335,0.27669106339036637,63,13,0.0023934953642046207,0.36419166095346206,1.236359207790116,14.839693210628681,0.020566105842590297,0.11657032439424857,0.1376535296440124,2.8801614232965007,0.2047700285911559,2.8688581654739864,0.0020170457661151907,0.38915845218714823,-0.00400123000144955,0.2589386940774281,-0.0671164989471435,0.01130325782251444,91,38,14,69,1.0710980506221621,3.481819506796866,0.038745953786790244,0.4612454444704739,0.033208247274160274,0.2662815651924547,0.018721315398579425,0.19477096767339103,83,17,0.0009645516590962921,0.13781242500989466,0.19412381545050383,1.0589558418662426,0.016611211001873002,0.10402766089307076,0.0600945353507995,1.0176933415368383,0.13246166706085188,0.9773003307161788,0.00650217523798345,0.280444782685473,0.00774037837982175,0.1797264285197622,-0.0723671317100524,0.04039301082065952,56,40,15,104,-0.47603609457559726,1.3470192517636583,0.023750622720410574,0.24323476082663942,0.027704095467925,0.283042350301358,0.017453314024023676,0.1581860102039138,84,17,0.0008898302410454654,0.11951406319911216,0.565863636341748,0.4281945075683047,0.01446549221873285,0.08371074643921061,0.0608054399490356,0.8319891308497355,0.13337611407041539,0.7969071175249555,-0.006992869731038789,0.2843076693624198,-0.00630399212241165,0.2089799560510649,-0.0725706741213798,0.035082013324779976,101,45,14,59,0.1780077628303541,1.1528323340903168,0.022592783922342277,0.19668048286706322
BadRange,0.0439008640681942,0.6062896452158828,0.10512293919920898,0.966197508674993,0.0386469364166259,0.2102422266047973,0.026579058198258242,0.24336333186139414,74,11,0.0021709325766982655,0.30860434040173484,1.4551998011779856,14.66320877696366,0.019575148820877047,0.09568933852580395,0.1376535296440124,2.6439843638838227,0.2047700285911559,2.600801726777401,0.009417340531945219,0.3549494438602839,0.004935681819915751,0.22961746518703013,-0.0671164989471435,0.04318263710642177,65,39,18,95,0.9087586851476401,3.5615445017731866,0.035722854340826365,0.4273350356628977,0.03482546657323825,0.21035835567598074,0.018954926535952786,0.1509878412653398,82,18,0.0008657639691476362,0.13251749093984064,-0.004245314397521849,1.3077920801000849,0.018196806311607302,0.09755325447580225,0.0600945353507995,0.904888568932266,0.13246166706085188,0.8816189181616928,0.0024378861300647257,0.3039369116889569,0.0028562247753143,0.24481016696717256,-0.0723671317100524,0.023269650770573226,75,37,16,85,-0.20367528673531615,1.293497210296847,0.023206140847100303,0.20034930659430752,0.03522546403110015,0.25360754265057245,0.019714671093970498,0.18574591252905923,88,15,0.0010285142491301958,0.14937189635371606,0.07843286224551571,1.1466908208647437,0.016458660364150952,0.07040635724646334,0.0511234998703002,1.0496226045668995,0.1314569711685179,1.0104631877402666,-0.00557670649141072,0.3073111531257521,-0.0031484290957450502,0.20281431615202022,-0.0803334712982177,0.03915941682663297,90,40,17,70,-0.47612014041928274,1.3950808059507454,0.024810664179368794,0.23437523657211867
BadRange,0.03599311955809583,0.5292459089208892,0.08767059896141269,0.8362539234805884,0.037340462207794106,0.18934636115633008,0.020014701639302034,0.16254725837714776,81,18,0.0009835879218181602,0.13991951814772866,-0.5917860275282423,9.966774442980801,0.019243299961090053,0.09787697250651198,0.0499250888824462,1.537518045284041,0.1150497794151305,1.5224220350242674,-0.006537932530045501,0.26814073023962043,-0.0062436759471893,0.2091940902846881,-0.0651246905326843,0.015096010259773576,93,41,15,67,-0.01523588729768814,2.849875569015626,0.023991568526697937,0.26080656995998347,0.027292843908071452,0.19983959908655863,0.015810044327517925,0.12229776079875089,82,21,0.0006057764916777057,0.09246587591271918,-0.08099933619680888,0.2524358117856105,0.01377652585506435,0.1040688625139965,0.0594522058963775,0.6861492693553483,0.1125438213348388,0.6625310768608751,7.402757182718885e-06,0.26058102005574496,0.0011422857642173,0.24110781873003068,-0.0530916154384613,0.0236181924944732,78,36,13,82,-0.03624538826996344,0.8408472125491636,0.01951900225560574,0.15672717664600042,0.029012210667133297,0.22907527221681054,0.01813251115323506,0.16097008428434767,86,19,0.0009481776144817614,0.13724176811913913,0.8129090182191914,1.054531478630813,0.0145553722977638,0.11864570101589177,0.0490248203277587,1.002991220985237,0.1319236755371092,0.9831134819636745,-0.005627461080439379,0.3075321731852229,-0.00462879985570905,0.2615593346289611,-0.0828988552093505,0.01987773902156246,92,36,17,68,-0.6257618557937878,1.1396572668764475,0.02375859070507045,0.20655684586842724
BadRange,0.04229806361839977,0.5832636659733046,0.09914982673712051,0.8975647158737948,0.044336721301078644,0.254586531017632,0.028122925832867584,0.21819752351581104,72,16,0.002072515894777563,0.2978766866532553,0.3980475274840427,28.023700799943136,0.022142350673675447,0.10746336110912089,0.1264844536781311,3.0861630260394493,0.1916091442108154,3.062596052685433,0.005099319666624073,0.32096697041460254,0.00069060921669005,0.22009544474215306,-0.0651246905326843,0.023566973354016228,79,45,16,81,0.6938151561895317,4.986525873615323,0.03573936924296987,0.4414259740388268,0.029117882251739426,0.24213570949616284,0.018082930575474124,0.15878920978590738,85,19,0.0009004500885797387,0.13827709384158665,0.917691784080795,3.1255984329045985,0.014239236712455751,0.10953653997806452,0.0773325264453888,1.0633226294332416,0.147053062915802,1.0231895250634349,0.001769856968894595,0.3060951588919337,0.0031916797161102,0.25187041163281376,-0.0697205364704132,0.04013310436980682,68,38,15,92,-0.07620271806747732,1.6121483777492753,0.02373117603802889,0.21114650729886225,0.023314832244068252,0.24741554916860217,0.01523442023462845,0.13806085197008672,84,17,0.0007260235791434348,0.10028530372664417,1.3927755651763292,-0.5148149244622142,0.011776015162467901,0.10085962044945776,0.0490248203277587,0.670780291405182,0.1319236755371092,0.6334420591871243,-0.005694007064448658,0.27050258656725856,-0.004730284214019749,0.21216426429876745,-0.0828988552093505,0.03733823221805776,99,44,17,61,-0.4441572915534857,0.787646350126462,0.020591089738489346,0.1646622433561105
BadRange,0.042258411908094186,0.5668624464273724,0.09900607162155187,0.8718447957758189,0.04544353485107412,0.2192641395452793,0.028494766950607254,0.2340283353677898,72,12,0.00211221879002927,0.3054299677039069,0.27411039130295345,11.987599372726491,0.02229663729667655,0.1094449464870991,0.1264844536781311,2.3704680782044947,0.182671308517456,2.351391493637895,0.004992632567882541,0.3513555266496593,0.00078764557838435,0.2574119495008076,-0.0561868548393249,0.01907658456659981,77,41,15,83,0.6667123878423266,3.3953898236037396,0.0361020268259456,0.42659027367797253,0.02859811484813675,0.33428998752589234,0.01851668550632891,0.18502243812857663,82,20,0.0010393425830105957,0.14561383080184487,0.8962134323604505,-0.544971418057139,0.013478487730026252,0.148234220797195,0.0773325264453888,0.8213473461431523,0.147053062915802,0.799506372350548,0.00801227726042269,0.3121166837411405,0.009593382477760249,0.25462449607143955,-0.0697205364704132,0.02184097379260435,48,38,15,112,-0.40353517798444716,0.7156191187747631,0.02427085168454266,0.21953816645922347,0.021432247012853525,0.1724297725924773,0.01342258967342782,0.11416392087413835,80,20,0.0004708831037849849,0.06591430566248006,0.2915907573386516,1.0678781376905624,0.0097872568294406,0.09129154591604635,0.0432432293891906,0.6600280102782659,0.09681171178817741,0.6459712187642828,-0.0018021925876382714,0.20837258538501896,-0.0017165895551442501,0.18099753119998885,-0.0535684823989868,0.01405679151398314,87,48,18,73,-0.32278720908330893,1.1351818139695362,0.01711387069914625,0.1499839035444905
BadRange,0.04222690135387405,0.5437325613318366,0.09898402698338009,0.8319441584805367,0.0487564057111739,0.21744384738100875,0.028881774358451316,0.24354188281097514,67,13,0.002086028185626243,0.3148140864710647,0.08717754300182401,21.66226742770038,0.022223412990570048,0.10726375082568536,0.1151372790336608,3.0121014931968384,0.1713241338729857,2.9879114006021545,0.002612468600273135,0.3265761615349653,-0.0044886469841003,0.21408861245968733,-0.0561868548393249,0.024190092594683667,89,38,15,71,0.727421400925037,4.334912553197252,0.036126160821169054,0.4562478462285088,0.027786307036876578,0.23806645705058627,0.0174081214657053,0.16525834136571368,79,19,0.0008746561582628074,0.12317883564618581,0.48096577131522444,0.40100954440525527,0.0140745490789413,0.10313652353208745,0.0738233923912048,0.7993434895331841,0.13769271969795221,0.7902058612852704,0.006548501178622233,0.2829342486842544,0.0061186999082564995,0.20720705802541123,-0.0638693273067474,0.009137628247913745,56,39,18,104,-0.07234379940184177,1.1600003930261114,0.022515453392884015,0.20767052407037037,0.025266975164413376,0.15573069779457507,0.014863187214359596,0.12372106959757641,80,14,0.0005558935497327961,0.07802597143010971,-0.08916693281766364,1.9952050767303087,0.01345457881689065,0.06318461688187377,0.040105402469635,0.7768131729248775,0.0994166806340217,0.7640726006181183,-0.0008826249279081818,0.22243374826131707,-0.00095081143081185,0.1759186980667766,-0.0593112781643867,0.012740572306759203,84,48,16,76,-0.19288342983871187,1.5353749277511397,0.018677115902484793,0.16896508238251698
BadRange,0.0427065854440711,0.6054610858106342,0.10026061486452795,0.9480756816925513,0.041859254240989546,0.28350683832812834,0.026435043532401288,0.2198144972789916,68,16,0.0019229138892394421,0.25772862236742716,0.20976831420925768,16.54364860308315,0.02081641554832455,0.12597550846404187,0.1151372790336608,2.395702967353122,0.1784210801124571,2.383014805212886,0.01058788262307643,0.34777543710444436,0.0041267871856689,0.26110969130362854,-0.0632838010787963,0.012688162140236003,68,42,15,92,0.5709881083361056,3.623048314993315,0.03311452089602369,0.3698389753855587,0.0305308401584624,0.26753819153202174,0.018869513645768117,0.17494503331631797,80,18,0.0009745912081180713,0.14762234451817888,0.5371481351517438,2.382310298558841,0.01556926965713495,0.13534951689662522,0.0738233923912048,1.121358334374915,0.13769271969795221,1.0777440901449502,0.001603318005800248,0.31209461329271515,0.0015299469232559,0.24317218247992173,-0.0638693273067474,0.04361424422996481,76,37,17,84,0.12084304254893163,1.4738844989975846,0.024705538837554386,0.2240966239635249,0.027278703637421,0.2496535937694714,0.017638802364235696,0.16342257367980195,84,20,0.000873770112032949,0.12616792350001008,1.278001628744418,1.103664870278739,0.014004416763782453,0.10581112643254811,0.0635905191302299,0.9495873685364421,0.1459536552429198,0.9071260616456223,-0.0010925233131274588,0.288205631295392,-7.000192999839783e-05,0.22544672109601188,-0.0823631361126899,0.0424613068908198,82,43,18,78,-0.4091624947324459,1.229833500191462,0.023416657251002636,0.20761849048106154
BadRange,0.03685143029198461,0.5419824348621513,0.08950428733602142,0.8583198464720616,0.029805660247802575,0.26384096877677105,0.018651582123711673,0.18009709462670295,82,16,0.001010311021927241,0.13315733962195814,-0.08179388829286172,3.8903972609743676,0.015036612749099652,0.0891902918870972,0.056870698928833,1.2431178724491934,0.12015450000762931,1.2071885543935659,-0.009015597775578484,0.28025934455507245,-0.00847977399826045,0.19441542298275707,-0.0632838010787963,0.035929318055627546,105,40,15,55,0.21209449167281644,1.7829208328105168,0.023529205947754248,0.23369218945339043,0.029291976243257398,0.22159071021161958,0.018828243185998825,0.17644739732957937,87,19,0.0009444263452952032,0.14504187362093993,0.5761935344133948,1.2334560496964437,0.0148057416081428,0.11678444495339099,0.0723389685153961,0.984093668073437,0.1455554366111755,0.9386703213733496,0.0008690156973898391,0.30365558535714077,0.0043443143367767004,0.22690848740751043,-0.0732164680957794,0.04542334670008735,70,35,17,90,-0.5145612425226722,1.391240394279987,0.024356085392050326,0.22985899830624887,0.025408163666725048,0.26139018141870335,0.016888094294845314,0.16304131525268875,81,20,0.0008143483778844792,0.11566693674705693,1.5679456648583843,-0.02463941347837295,0.013424746692180498,0.12670903870276434,0.0635905191302299,0.801489786143159,0.1459536552429198,0.7497655110531931,-0.003906427661422636,0.2744049165598483,-0.00324812158942215,0.2287395416303425,-0.0823631361126899,0.0517242750899659,90,39,15,70,-0.40095943216758534,0.9502517907140746,0.022289294248404236,0.2009200799194537
BadRange,0.04548654005406229,0.6617702923378013,0.1071066025458274,1.0176026786625902,0.049136742949485696,0.2336692524630271,0.030343527225777468,0.24029321226698896,67,13,0.002458843927130299,0.3665866288738723,1.1085401755203783,22.636068234064236,0.0227332711219787,0.12437893869815381,0.1562153697013855,3.0954779332807685,0.2239085435867309,3.0645371014415694,0.006156801432371144,0.4031714369374299,-0.00240823626518245,0.3174242859752369,-0.0676931738853454,0.03094083183919923,86,42,15,74,0.9592463447625733,4.36712607994998,0.03883681389854189,0.45170722964291843,0.029677662998437774,0.36793290807694007,0.020606806750874923,0.2214230589877706,82,18,0.0014012260359397895,0.21652969405864098,4.9949964847578165,-0.04504693194005682,0.015417516231536801,0.14854320388873804,0.1499176919460296,1.0274008252400197,0.22313416004180903,0.9774275072257057,0.0016828638501465282,0.3766732922133994,0.0024134293198585,0.29514083350916986,-0.0732164680957794,0.04997331801431401,72,37,13,88,1.0964677806804406,0.9791936128856185,0.029638225219940435,0.2732158944713136,0.029693632386624702,0.2589753669589502,0.016156545733392667,0.1470527418792618,86,20,0.000683984079650573,0.08957889565196935,-0.17953116012829096,0.5760623092995192,0.01534643024206155,0.10653884691447421,0.0347137525677681,0.7742111046610715,0.106682114303112,0.7558280995890154,-0.006001681683119374,0.23775794951176102,-0.0047129392623901,0.1821669509546679,-0.0719683617353439,0.01838300507205607,97,45,14,63,-0.2978981963270511,1.0957033849909084,0.019847718795614873,0.18179673565807564
BadRange,0.049774938078157846,0.719879224268207,0.11671888027340152,1.1161893448450468,0.050712555646896196,0.19830716356547493,0.030981847052462354,0.2637764341299218,71,11,0.002533455495216148,0.38091436361143827,1.012278437946696,10.77027522506935,0.0233143270015716,0.10739694062923488,0.1562153697013855,2.57037201319262,0.2242474555969238,2.533956981244657,0.005769780650734901,0.41700997821698466,-0.0023987889289855497,0.27948075016747687,-0.0680320858955383,0.03641503194796334,84,38,14,76,0.8632106370201117,3.1739542317461056,0.03949517051284867,0.4549912545081589,0.037847729399800224,0.40386803487177536,0.024842101117246745,0.2224870553741178,70,19,0.0017887574079652707,0.2726034213375092,2.153193705840372,3.202888874002195,0.019872242584824548,0.2060819486483907,0.1499176919460296,1.5154860647111785,0.2128637135028838,1.4595444603438101,0.005246549029834567,0.42643349100549854,0.0018694549798965,0.391950420566429,-0.0629460215568542,0.055941604367368405,75,36,17,85,0.9413866851596729,1.5887087367756638,0.03312559827592474,0.3012605169722255,0.028173333033919203,0.2547402400898203,0.016796120658982512,0.15322599243513246,76,19,0.0007822885604520705,0.11037378239214644,0.30691796189891996,-0.25776748423657425,0.0143641345202923,0.11029645386068603,0.0569808036088943,0.7363921516228874,0.1289491653442382,0.7066188373536314,-0.005193421011790617,0.2727458756225635,-0.0056010521948337,0.21408165039780713,-0.0719683617353439,0.029773314269255977,100,44,15,60,0.19211526505773355,0.8997699348953364,0.021560707995909274,0.18969309350376345
BadRange,0.053087575167120836,0.789749281720094,0.1266493416950104,1.237359250327477,0.05071698129177088,0.4133490615470782,0.03276846906635905,0.32580979774437696,67,17,0.0029690772297680064,0.46135970823730515,1.6969921541365327,14.46629864707769,0.023554146289825398,0.18639484625818714,0.1666618585586547,3.2040834737181587,0.2711656093597411,3.1994508269534245,0.003301543369889261,0.44681145373952186,-0.00547656416893,0.3025731316987252,-0.1045037508010864,0.004632646764734335,88,37,11,72,0.949724503741907,3.3350102840741305,0.04308567541998992,0.5115850203480163,0.0410905331373214,0.40411855190519885,0.025296058456879073,0.24592423291783308,72,22,0.0016698527098991506,0.2478379223122411,-0.2690946328093822,-0.7286559680334248,0.0201490670442581,0.20147342535416957,0.0919327139854431,1.0435422610882075,0.1593323945999145,0.998750897606268,0.006939041172154244,0.40459678610232996,0.0043120719492435,0.32928738828498816,-0.0673996806144714,0.04479136348193944,70,34,17,90,0.2668578014080721,0.6684984475531507,0.031650729939589034,0.2900678592810767,0.03138147480785838,0.2574685198798709,0.02078730168286707,0.18687922727040848,70,20,0.001438086980989417,0.21527797275256078,5.192721179917596,2.0904347791164657,0.0149054080247879,0.13028208189870993,0.0909028798341751,1.2232320160240264,0.23427528142929072,1.1710273161768667,-0.0034220477566122886,0.38595101048562525,-0.0054346621036529,0.3331954281668703,-0.1433724015951156,0.05220469984715977,96,42,15,64,-0.7983693776189119,1.500124316437451,0.029877636444619087,0.25752629042038705
BadRange,0.044615250501555584,0.726478222718501,0.10524826332926726,1.1324834574768743,0.039416342973709,0.34005251164437056,0.027647580662742227,0.27620027370182576,67,19,0.002605475451225341,0.355992252578623,2.7930482235322653,9.486280172284827,0.01850301027297965,0.18845022148566593,0.1666618585586547,2.413824539884192,0.2711656093597411,2.3664870813519703,0.013091484457254398,0.4407279001669582,0.00644052028656,0.32081535420467305,-0.1045037508010864,0.04733745853222163,62,45,14,98,0.9142203558406465,2.6130241361419357,0.038290977201756865,0.4021830063454282,0.029396090656518825,0.32991350294909816,0.020089143568184187,0.19375168119241898,73,20,0.0011580167733351771,0.1765454534608815,0.916910316427936,0.33910926445820433,0.01594247668981555,0.1340344642594873,0.0919327139854431,1.0768781402821648,0.1593323945999145,1.0443941082769828,0.003565365262329578,0.3468218136802339,0.00092951208353035,0.25500804852279235,-0.0673996806144714,0.03248403200518193,76,35,16,84,0.5650233162510323,0.9887372608348995,0.026749217894979964,0.23719208042520018,0.025240231305360752,0.1972809799462968,0.018123834473080885,0.17373692294984613,84,20,0.0012075518006731106,0.18182222217978755,8.211820340122276,1.8167827860837455,0.0130812749266624,0.11413431283819295,0.0909028798341751,1.0649870808444748,0.23427528142929072,0.9971117408969433,-0.0010218356736004328,0.34493374362968227,-0.0003346800804138,0.30239895779399145,-0.1433724015951156,0.0678753399475315,81,42,13,79,-1.3216733246680639,1.5670655499659232,0.0275393505041521,0.2506849311095509
BadRange,0.03256417320818395,0.4218494764762287,0.07473514143377519,0.6564545094246382,0.030327826738357502,0.17585005614214935,0.018023344585671987,0.16738728817208895,89,15,0.0008829881291300948,0.1178687383509776,-0.4466602725508446,5.48424209286668,0.01467573642730705,0.08727164203879376,0.0514013171195983,1.2814260108173987,0.11042791604995711,1.250430346175543,-0.0078001923859119275,0.23768230996903916,-0.005699455738067599,0.17753313666556442,-0.0590265989303588,0.030995664641855714,101,41,15,59,0.002637760139364192,2.254414220170845,0.0222286478300248,0.24774151424167729,0.02795367687940587,0.1399985935787162,0.01728745709522623,0.16649121811609682,71,14,0.0007871911701351705,0.11937300934006892,0.13729721611185797,3.750520005258406,0.01419436931610105,0.07831889065793654,0.0654467493295669,1.1046472163196261,0.11525236070156089,1.0871224174212433,0.002612950187176469,0.243974033201449,-0.00043153762817379994,0.15967636335969854,-0.049805611371994,0.017524798898382803,82,35,16,78,0.38438222279833906,2.1127694475494025,0.02209566331345818,0.24464194338560832,0.01657754369080055,0.1081714782413143,0.010831258344114716,0.09569989700193832,82,20,0.0003249302281005527,0.04635937418264822,0.2544318964519352,1.1025192573225615,0.0080079883337021,0.052518718269074914,0.0362272262573242,0.5566588348592332,0.0739969164133071,0.5382876484178467,-0.0023970684269443055,0.17479816625415012,-0.00199640542268745,0.13449016445868722,-0.0377696901559829,0.01837118644138645,94,44,17,66,0.16741163177414792,1.2828931645147652,0.014091719519392401,0.12571783985113139
BadRange,0.04412278798206383,0.5715909720595012,0.10161994742229558,0.8763956592008053,0.049715191125869626,0.25079201103521,0.029651888646185353,0.23834445588444375,68,14,0.0021122572406552065,0.3206705492827204,-0.6100949426332831,26.183557917546686,0.02757424116134635,0.11919136246566944,0.0994062423706054,3.107633728357832,0.1584328413009642,3.10121531869422,0.005380760878324513,0.34763570615347006,-0.0015294551849365,0.24226590656284713,-0.0590265989303588,0.006418409663611777,82,38,14,78,0.47897532081920313,4.720041949577583,0.03604620637448895,0.44701226503296143,0.031658492982387446,0.23215103537548792,0.020098015860421543,0.17894689941682,79,19,0.0010796552156134745,0.1601458838777824,0.16777459991750554,4.8093734396871906,0.016412071883678398,0.10344244928047086,0.0857504606246948,1.335672867065742,0.1459164023399352,1.3322238392949144,0.005097024794667953,0.3117036647099518,0.00483123958110805,0.22850258887299207,-0.0601659417152404,0.0034490277708276143,72,35,13,88,0.3386664695711496,1.9608061091780085,0.025551621898348996,0.2509715308240525,0.019919148646294953,0.14229080818527928,0.013684202500589859,0.12239233258961021,83,17,0.0005661571726370746,0.07474252882647515,0.4764698069480846,3.8828331265451013,0.00912186503410335,0.06397343078033549,0.0545809268951416,0.8948892283775969,0.1148945093154907,0.8641384678806526,-0.0042108804103918205,0.2170562883373835,-0.0030624754726886,0.16032408751297855,-0.0603135824203491,0.03075076049694424,104,44,16,56,0.08929407290171103,1.8099580282033392,0.01839104838493189,0.16622002442447723
BadRange,0.041302616788974,0.5666279206661852,0.09772709405049658,0.8824984351837295,0.044616490602493175,0.3140421961665877,0.028439281228929712,0.2435862094323366,60,18,0.0019829127031411845,0.2991187127124195,-0.3800976760256072,14.992051460852302,0.0202926993370056,0.16230637941388884,0.0994062423706054,2.5861566968277914,0.1647729277610778,2.56434898286547,0.006033613160252578,0.347988772351427,-0.00429549813270565,0.2472906659773228,-0.0653666853904724,0.02180771396232125,90,41,14,70,0.557488887834798,3.596848042349017,0.03479197408635831,0.4219271584406084,0.0250343196094035,0.22859604119758586,0.01643673192709681,0.14895204009846608,87,20,0.0008140342790897811,0.11748300998427254,1.3430764735755014,-0.2801052829093216,0.01178954541683195,0.10299738144960136,0.0857504606246948,0.7394268452625401,0.1459164023399352,0.7005331272174937,0.005735906958580001,0.29156021417209155,0.0067630037665367005,0.23862435970986517,-0.0601659417152404,0.038893718045046335,54,36,15,106,0.1089184229255774,0.7473486507012763,0.0218829544138898,0.18021002052104823,0.02536494657397265,0.1917941040295456,0.01599246751284223,0.14789691577504438,80,19,0.0006805124041863677,0.09716262378019618,-0.1657887778320526,2.7215328026519208,0.012627575546503,0.08503976191960888,0.0545809268951416,0.9902267060646647,0.1148945093154907,0.9796979317768855,-0.003108668734785156,0.2429494486602111,-0.0032114945352077,0.17833362085530252,-0.0603135824203491,0.010528774287779255,97,38,17,63,0.11971500780836997,1.5609905450215376,0.020451665524004643,0.1952900129957896
BadRange,0.038647368664522654,0.5519184143593294,0.09085270164534426,0.8629033132578858,0.037181466817855675,0.24027297170129347,0.026839570626616432,0.2189861622003876,56,19,0.0020603872637723654,0.30209436355700015,1.5218482251049705,22.522798403108034,0.0174890756607056,0.11908281623504927,0.1243143081665039,2.7807906720679374,0.18968099355697632,2.7405846736731596,0.0012428335845470525,0.37278808637080785,-0.00653025507926935,0.2779282019727738,-0.0653666853904724,0.040205998394777856,102,42,11,58,1.1389523160693615,4.280336728470523,0.035976196246842104,0.4038853874764365,0.024509381502866624,0.20875892400424712,0.014341241996735296,0.11804155603725927,88,23,0.0005457492004801146,0.08166914698821684,0.6636540005269973,-0.13695699030034447,0.0113787427544594,0.10644834219035601,0.0449066758155822,0.6164155416420911,0.10076260566711409,0.5796268284812385,0.0027079625055193785,0.24753950430858412,0.005126148462295499,0.225378484177747,-0.0558559298515319,0.03678871316085268,59,33,16,101,-0.5246846725245851,0.6240276138696649,0.018326464745188217,0.1428052547873406,0.024171752855181625,0.2328395194695651,0.015134682289062723,0.13255993221755727,79,20,0.0006163915599517107,0.08634341390930227,0.10974635570402613,0.5946515026458661,0.01219015195965755,0.10546259680087866,0.0433112457394599,0.7444199276083202,0.10102773457765571,0.7243491875110646,-0.003608135192189359,0.242575722578494,-0.0037462413311004,0.20119595805390847,-0.0577164888381958,0.0200707400972556,94,39,16,66,-0.11553795558255885,1.017681847703012,0.0193537368476219,0.165832544227072
BadRange,0.04151683804945885,0.582932138993594,0.09632220810279227,0.9213350398603997,0.036636888980865326,0.2645482078962633,0.024826465426012835,0.20117004632301191,69,18,0.0019344221223074913,0.25124314530814684,1.4382066890477558,17.862638020764592,0.01823261380195615,0.13714801503047097,0.1243143081665039,2.2868557630264728,0.1803263425827026,2.2720575853668135,0.01015279963612555,0.3692362374260542,0.0061699450016021,0.3213623782594913,-0.0560120344161987,0.014798177659659219,66,43,13,94,0.946818775080369,3.6903186635614214,0.03336000672655575,0.3389804511761665,0.029582694172859074,0.2759055196111493,0.01848114358261223,0.17855147440198724,88,22,0.0009092737540709153,0.1397615656174128,0.7290247640910006,0.47265478838614294,0.014827296137809799,0.11945447253089064,0.0537630319595336,0.9347486029964323,0.1346179544925688,0.9027407027998731,0.0003670508041977814,0.30260370241421636,0.0026195049285888004,0.23989631054705657,-0.0808549225330352,0.03200790019655921,70,30,15,90,-0.4732540653476953,1.0300686545670317,0.023910974717713925,0.2195280503776708,0.024299043230712324,0.25486824874213293,0.016276176650135275,0.1536279984264587,82,16,0.0007278798456652261,0.10036163716473803,-0.041518165713838595,1.5271573143497292,0.012118125334382,0.09581604041199887,0.0448941588401794,0.8845433515957042,0.1026106476783752,0.8574452203478464,-0.004091814777348187,0.24949510002012912,-0.00355580449104305,0.18491254175711477,-0.0577164888381958,0.027098131247857808,93,40,17,67,-0.16095681658187874,1.405528866127237,0.020998519393594425,0.19522764207633048
BadRange,0.03979025903366816,0.5593696454305739,0.0949462962336836,0.8989593486860359,0.032202750444412204,0.17843943846743565,0.019568157512694553,0.15123325820465647,74,17,0.0010492223519839397,0.14233140531161487,0.5099031870571205,10.551799571005198,0.016407281160354552,0.08456714368041562,0.0719407200813293,1.4913836745596984,0.1529683470726012,1.4492373365217348,-0.006359235197305672,0.2887430326463918,-0.0078994035720825,0.23907557549629085,-0.0810276269912719,0.042146338037963575,95,40,17,65,0.16945969091734342,2.8844084678809576,0.024883610280140172,0.24281446911125298,0.034694656729698126,0.30966549373710306,0.0207560539396945,0.2192782358999618,87,19,0.0011902703825749127,0.18086282765555567,0.527647371040171,0.33012067076768314,0.0164410024881363,0.12000387654698727,0.0688766241073608,1.0380565088620162,0.149731546640396,1.0131876643086402,0.0033398066647350663,0.3231096299366091,0.00670076906681055,0.21906856294883328,-0.0808549225330352,0.02486884455337609,60,34,16,100,-0.5491883204875637,1.192347084082414,0.02715461771868759,0.27651942915061717,0.026232745032757424,0.19808552381651642,0.01736562421938285,0.13118136956114065,81,18,0.0008371637113156403,0.11324100470593171,0.38739281551058546,0.8795605358157181,0.0135447680950164,0.09669029500726699,0.0607168637216091,0.8102723275682364,0.1382172591984271,0.7828930302962418,-0.0037440740852616645,0.2871066861030349,-0.0026984885334968003,0.25287410869316646,-0.077500395476818,0.027379297271994653,94,40,16,66,-0.05699544354878393,1.086840499877375,0.02263651480644686,0.1755299276501449
BadRange,0.04682158780645566,0.6266379326817215,0.11105352271348215,0.9778483755811198,0.05049066245555867,0.18620939836060202,0.0288334264233708,0.19938578782183455,72,17,0.001981478957917662,0.28964171953713125,-0.43914464639856154,30.535005712375707,0.025374233722686698,0.09143670637245163,0.1038331389427185,3.031564447187807,0.18486076593399042,3.0234000906985927,0.005123521015048026,0.3341480858531046,0.00010180473327634995,0.23206024552686932,-0.0810276269912719,0.008164356489214465,80,44,17,80,0.3728369406527582,5.256707456689338,0.03492560115743466,0.42188479026606013,0.03446649760007847,0.29415629491369366,0.02180232690530825,0.19561233585572008,87,17,0.0012902428607759102,0.19022917437846598,-0.18884069547097493,1.2955768569419677,0.017371550202369652,0.13028610574067206,0.0688766241073608,1.0898640471639929,0.13585531711578358,1.053458768754718,0.005206223484128703,0.35546914055487555,0.00734561681747435,0.2684140514534572,-0.0669786930084228,0.036405278409274905,59,35,17,101,-0.32083603730807153,1.3417687003308636,0.028003540207789966,0.2527268574798573,0.029572352766990547,0.2134447924377803,0.018052292820066172,0.15666180446524233,82,20,0.0009007003896276474,0.1213012381537356,0.807113037931686,0.17615719104408578,0.015032134950161001,0.10240919145545477,0.0636012554168701,0.8201903858294027,0.1411016508936881,0.798836444210879,-0.0022604873403906773,0.28823114917313963,-0.0015280246734618499,0.2275444970966562,-0.077500395476818,0.021353941618523734,87,39,17,73,0.10021200110578495,1.0295723153562113,0.023692536637689617,0.19550970001528548
BadRange,0.045502350899315785,0.6193654883872306,0.10763862350955583,0.9708158930757301,0.047662258148193304,0.1694745677979039,0.02726817996241148,0.23364664960584755,69,12,0.0018575354699526473,0.2815268965830221,-0.37616660701977755,11.371128074220621,0.022517293691635,0.07861134524465262,0.1038331389427185,2.132560728759426,0.1682683825492858,2.091451299529516,0.005055560916662214,0.34048294238224064,0.0015947818756103,0.22189309650107325,-0.0644352436065673,0.041109429229909705,76,41,12,84,0.4017840303247584,3.327372124578887,0.03380150675869435,0.40693766418181776,0.0307724010199307,0.2662653683224866,0.019755712233018096,0.15517725409666464,75,23,0.001106121683380796,0.15517086669478636,-0.19268170823659458,1.3835017621324948,0.0155382752418518,0.12233762245910701,0.0747547149658203,1.039810169335971,0.13057348132133478,1.0367523785056123,0.007552794925868497,0.3375927819356459,0.005575582385063151,0.3056331160670691,-0.0558187663555145,0.003057790830358581,57,34,17,103,-0.025481900095589552,0.9381775760562188,0.02526401654021335,0.2029827093122414,0.0327934930101036,0.19596768610783546,0.019610144209582316,0.17403790866557936,80,14,0.0009845694269044075,0.14492068787992782,0.1464408942820281,2.166702364612851,0.016462929546833,0.08487205712339672,0.0636012554168701,1.0318352469139402,0.1274715662002563,0.9860127676185031,-0.00272504758322611,0.2927401687578436,-0.0032491404563187998,0.21457141270476876,-0.0638703107833862,0.04582247929543715,85,38,15,75,0.09384545527082425,1.7549290816718568,0.024733650491809266,0.24335957239352038
BadRange,0.05193125115456761,0.6982919316464249,0.1237792536616323,1.092772595948734,0.041324570775031974,0.31037755025549274,0.030129642039537385,0.29345870628059184,70,14,0.0025308080863723557,0.36998801017111027,0.5845640447077032,7.750528803810543,0.021546185016632052,0.15045942665040546,0.1197697520256042,2.417660536617131,0.18420499563217152,2.390462909651223,0.0016095995903015205,0.3957902177015672,-0.0032017230987548,0.25881877714272317,-0.0644352436065673,0.027197626965907766,85,43,14,75,0.8926235043283706,2.71092358074125,0.039863468159800394,0.4618853902678199,0.03482639044523227,0.2880218089620058,0.022057728120125797,0.1859840391802288,78,21,0.0014194883052339202,0.19122413690561404,0.859136239307229,2.790999647426802,0.018695544451475102,0.14519086696012395,0.0836829841136932,1.2116266926353692,0.18209671974182118,1.1700540418128904,0.00833523366600274,0.35272182005667657,0.00638884305953975,0.30960357383792303,-0.098413735628128,0.041572650822478636,58,37,12,102,-0.26591225463217544,1.6242929797031882,0.028685307448249327,0.25847911823108555,0.042829710990190374,0.22001348422274375,0.02446408294956196,0.18377234485698182,83,17,0.0014160057194640271,0.20000762056488516,-0.38725293334163347,12.678892580000962,0.021510424092411953,0.10254434136795891,0.0822828412055969,1.8385101161459971,0.1461531519889831,1.7985415342380415,-0.0012912315316498274,0.3442605581904902,0.0007224380970000789,0.25920009972020897,-0.0638703107833862,0.039968581907955575,79,44,18,81,0.084435768157351,3.085166875954896,0.029814289694441668,0.2854685422936428
BadRange,0.049355317994832115,0.6902295449945725,0.1167266162857411,1.0877327620679007,0.03796303272247305,0.3281604390944605,0.02735249605029818,0.25916190292567,70,16,0.0023587085099776276,0.3014103552669829,0.6139578301847899,5.156799958147447,0.016543984413146848,0.13367279825050327,0.1197697520256042,1.9464189911239,0.1824837327003478,1.892991207264314,0.011495362222194659,0.3966356964906554,0.0047133266925811,0.2719539624369134,-0.0627139806747436,0.05342778385958604,58,44,13,102,0.7097708902058888,2.234522438817238,0.03674901398400419,0.3795925177560217,0.03790566325187672,0.3046095043894572,0.022746829688549,0.1985864387475608,80,22,0.0013891495813272373,0.20596328511191056,0.5957148595298305,1.5381865386841884,0.01848436892032625,0.14363720416875278,0.0836829841136932,1.2367174776623355,0.18209671974182118,1.1963569356611394,0.002725256048142908,0.37072829186584555,0.0021204203367233,0.3297720857394527,-0.098413735628128,0.04036054200119615,77,36,15,83,-0.1799222701578916,1.2973703014682803,0.02943136508247529,0.2617705459407972,0.039660554379224625,0.18613588269161074,0.022579055057722102,0.1715043399195003,82,17,0.001255231353169932,0.1701199123747003,-0.23246106745915984,6.949724647965333,0.0195859298110008,0.08716705247701763,0.0822828412055969,1.45436847005396,0.143156886100769,1.4348957115091872,0.0025020526023581567,0.3203687737113999,0.0039464589208364,0.251028318295502,-0.0608740448951721,0.019472758544772883,73,48,16,87,-0.057707499998235476,2.4031380422309643,0.02798488951673994,0.2597763676806537
BadRange,0.037563244575363176,0.5391585859629695,0.08926638361066556,0.8546242913317461,0.026230618357658275,0.2186719852395966,0.019101008027791938,0.18997282667877272,80,15,0.0011003648380316345,0.15489385754320031,0.7525611728225723,3.3390059232009834,0.01358422636985775,0.12542438751996093,0.0742789506912231,1.205230236730942,0.1521927714347838,1.180777894303269,-0.007314904034137716,0.28545164280942503,-0.007029324769973699,0.21872669910104553,-0.0779138207435607,0.024452342427672934,99,40,16,61,0.08361187376916498,1.8866678457582824,0.02526279891555319,0.2709450445396645,0.03320615366101255,0.20162426959879867,0.019559752767672717,0.16414576047357238,74,20,0.0009840091536303774,0.14941043168208876,0.415728790563612,1.5494318443177395,0.017328962683677653,0.10663406845670254,0.0825742781162262,0.9782419386841881,0.1538614928722381,0.9650620534280541,0.003647730546072121,0.31903810397523785,0.0013042986392974498,0.25144759160650654,-0.0712872147560119,0.01317988525613403,79,31,17,81,0.20068766408223446,1.346322179854474,0.024606585668196176,0.21823180312221702,0.02773925103247155,0.16322805654605366,0.01613739026681283,0.1310364944798198,87,19,0.0006759253001923885,0.10006539867968821,1.0762956572988598,4.9554846673641855,0.0137763656675815,0.08679687194640376,0.0439697504043579,1.0157065388717277,0.1270973533391952,0.9734115382858539,0.002127774222753933,0.25013454454708334,0.004127325490117,0.19912000985133166,-0.0831276029348373,0.042295000585873765,70,44,17,90,-0.5317311053919463,2.1706256378712836,0.0205074219294118,0.1936442829104732
BadRange,0.06239283969103422,0.9517234377047583,0.1473358006775377,1.4977284551249013,0.0577386021614074,0.3099662067556456,0.03932325727306303,0.30705386870671103,62,15,0.004409200815728797,0.6109549340498766,5.081440662214826,14.313147503413482,0.0278129875659942,0.1522957212114179,0.296622633934021,3.4616977097664443,0.37163984775543213,3.417764831402907,0.004213538393378266,0.5542718377795732,-0.009000092744827201,0.4492000630944151,-0.0750172138214111,0.04393287836353747,92,47,14,68,1.642703758303233,3.478515483965679,0.05249015820576213,0.5511240004702491,0.0552047193050383,0.44932695024193137,0.03281168335583057,0.26542837210512515,74,21,0.002916312125988427,0.4378683696225326,1.2928939479232557,1.6506011988842086,0.02806369960308075,0.23839370971010793,0.1560980677604675,1.7337960455353398,0.26394125819206227,1.5884770256313723,0.0002256648615002639,0.5738787843398361,-0.0019416362047195,0.48209258216093276,-0.1078431904315948,0.1453190199039676,85,36,15,75,0.6569465465471308,1.1746582506748802,0.042826479249334005,0.3294412094853413,0.02713676169514645,0.3320923966266006,0.020039228743407834,0.17370305486902332,74,24,0.001268042309067845,0.1835610196585361,2.4390820500972437,2.599176121319225,0.0131371393799781,0.16254222415640351,0.0793261528015136,1.2112717079744117,0.19703982770442952,1.1596421832770423,-0.00469448016956448,0.3695778330054921,-0.0069295167922973,0.32625053874259885,-0.1177136749029159,0.05162952469736944,94,40,18,66,-0.14755743758675635,1.246209647483065,0.027844822453449398,0.21673311931843903
BadRange,0.05974377812312916,0.887069336062048,0.14248192679136967,1.3563540155991851,0.05822776257991785,0.33003106647205543,0.037410774258896676,0.31286124265469917,63,14,0.0035285724357007053,0.5294482352718535,0.19372519261508714,12.740726195015707,0.0254647433757782,0.16146221618656947,0.134165346622467,3.1792025618841206,0.2173385620117187,3.112943785484404,0.0032942794263362994,0.4747495059553948,-0.0100454986095428,0.3335746608114555,-0.0831732153892517,0.0662587763997163,94,46,16,66,0.8606413482645979,3.447877723048812,0.04699263151525686,0.5514173935114506,0.0511883720755576,0.35407532309347,0.030358717204071538,0.26912037433879094,78,22,0.002619140074224036,0.38474199708921014,2.06503836456342,0.7717286835310166,0.0248762369155883,0.1835066602815945,0.1560980677604675,1.5021190133780509,0.26394125819206227,1.479280326163688,-0.0009701481088995892,0.5122283080789793,-0.0023507177829742,0.42159029923121605,-0.1078431904315948,0.022838687214362847,86,37,13,74,0.763237351231203,1.0855829729810873,0.040574755717644025,0.3498058854447082,0.03717927262187,0.2621702686758748,0.021845975637261244,0.17208088309258088,79,20,0.0012769434529711033,0.18885707675131516,0.6971071519856218,1.5551419953756893,0.0186006054282188,0.13260935568944948,0.0793261528015136,1.1320397667596254,0.17120610177516932,1.067340518212585,0.0015210772166028587,0.36937620156481094,0.0014057867228984499,0.3320145190130444,-0.0918799489736557,0.06469924854704039,77,39,19,83,-0.062204003011798015,1.2384111314527755,0.028298071711678814,0.22895042797266693
BadRange,0.056094006899475614,0.7785930088619107,0.1319936127029357,1.2127363398226163,0.06166720390319817,0.31007113676462406,0.035561647419817696,0.29742709365325337,67,15,0.003061194848194648,0.44707184775771636,-0.014388120150360617,18.019804178421417,0.02643376588821405,0.15187281349532267,0.1372557878494262,3.288998398224952,0.2360908389091491,3.266299567039242,0.0020842034369707163,0.4384216497695703,-0.0090693831443786,0.3118420916341057,-0.0988350510597229,0.022698831185710342,91,47,13,69,0.587091987002016,3.8548441699759235,0.04382817078799157,0.5048349282399591,0.044879086315631755,0.3639958517535035,0.02684640407562252,0.25393527779766223,76,22,0.0019494580259255085,0.284965380347633,0.6411299083684581,2.0146555871097487,0.022003009915351847,0.18476679465560486,0.1238758862018585,1.511313403477894,0.192406415939331,1.4859465478564082,0.005281002819538115,0.41232791140103514,0.0027726292610167997,0.3357933420240623,-0.0685305297374725,0.02536685562148559,73,38,16,87,0.5165112964731556,1.4751010748911928,0.034612278701410634,0.33904435377586384,0.033407330513000426,0.22945772544413168,0.02020151180142416,0.14369246998901833,81,26,0.0011039462069321897,0.16479611514628373,1.1232319460467375,1.0639791716061957,0.01629092544317235,0.12534210680633356,0.0552806928753852,0.9733625318482257,0.1555372402071952,0.9240314788579488,0.0018309435457922456,0.3619867786520112,0.00208529829978935,0.3678239763419485,-0.10025654733181,0.049331052990277006,70,43,16,90,-0.5942736687207231,0.7271056129242196,0.026285592104162408,0.18374353655958528
BadRange,0.05703314212753605,0.807595848065366,0.130766057167202,1.2331548359448754,0.06778304278850542,0.350273281909097,0.03785768298897888,0.28461791202449344,71,18,0.0034152209603927324,0.4975530344072879,-0.3375196961623921,16.621766950459868,0.03452560305595395,0.18079983686242587,0.1372557878494262,3.3039986328109667,0.2360908389091491,3.268808988687096,-9.871535003184995e-05,0.4794221451731247,-0.0056030750274657995,0.3975530673406702,-0.0988350510597229,0.03518964412387062,89,47,14,71,0.47022209121221326,3.7428102138130805,0.04634574311553267,0.5174045236803475,0.0415379628539084,0.3302421121294076,0.025454256124794444,0.22412829740441753,70,23,0.001962070999163568,0.27164241164101527,1.516341863187785,4.235624233483966,0.01852504909038535,0.16121312130201534,0.1238758862018585,1.5665589919653053,0.2342866361141204,1.5282931998566454,0.008970941603183739,0.42366804445990885,0.00425389409065245,0.3793719718915888,-0.1104107499122619,0.038265792108660004,69,40,15,91,0.37410827830248927,1.78220616403354,0.03395619199530677,0.30355856065104153,0.0241183526813983,0.29439217007674034,0.01832672327189352,0.16074658347087858,77,21,0.0010121104416754997,0.14945822903317535,1.6883277724229133,-0.16715136256235885,0.011961467564105951,0.13292935727019228,0.0520475655794143,0.8771728384478479,0.1523041129112243,0.8384942796839179,-0.002374852413777259,0.33006464631184185,-0.0030560716986655504,0.2886767494027174,-0.10025654733181,0.03867855876393001,85,45,16,75,-0.5981731778166793,0.7013662225826839,0.025117166488029356,0.20128476914116994
BadRange,0.056094351186975866,0.7859457146295221,0.13262022569775558,1.2490914390793773,0.05993731319904323,0.22772019494705656,0.03535944342613216,0.27182135874063745,68,13,0.003113950235456353,0.4498640165028813,-0.2751483517357718,19.133946616974654,0.029742419719696,0.09576418895719328,0.121622085571289,3.321130516286004,0.2130484580993651,3.2772417777190634,-0.0016362041234970024,0.43326081088270163,-0.00585937499999995,0.2962650834546024,-0.0914263725280761,0.04388873856694064,95,48,13,65,0.5136165286618231,4.152169861500973,0.044224034937348784,0.5120049670229236,0.04781643301248539,0.3828252838202679,0.026889115273952442,0.19729783189642602,72,22,0.0018933539500083669,0.2561558471286418,0.20307571970563076,-0.780693870048677,0.023496791720390302,0.19805657549489525,0.0859855413436889,0.9825220154573878,0.1963962912559508,0.8669008546324957,0.008429095894098274,0.44752527736080927,0.00492478907108305,0.4165400005562776,-0.1104107499122619,0.11562116082489217,71,41,17,89,-0.07622999190968326,0.5386401260825808,0.03345582366374647,0.2363831069509252,0.0264239199459552,0.23754497545205475,0.019896019462030345,0.15650948366358786,83,20,0.0012092067855993531,0.17580960237262816,0.8539392239283425,0.12148715835031787,0.01332161575555795,0.11777811948368261,0.0591154694557189,0.8685514393048843,0.1538632512092589,0.8045838778292904,-0.004412684030830854,0.3683053508358663,-0.00406504422426215,0.3428224391930592,-0.09474778175354,0.06396756147559396,94,43,17,66,-0.48412687274562,0.842131291350367,0.027219720203251387,0.2004015242414527
BadRange,0.05541949179916299,0.7917078985659258,0.13224087625741937,1.2517754981501474,0.06155742704868308,0.30897883515925384,0.035474499827250795,0.2770036106601115,70,19,0.003108227915707604,0.4667064641606743,-0.29504110825975216,16.67059553732278,0.029574036598205553,0.1602556389263214,0.121622085571289,3.1745893596859056,0.2130484580993651,3.153614350947041,0.001066656038165098,0.4763356987346649,-0.005307942628860449,0.3701893926886265,-0.0914263725280761,0.020975008738864494,89,45,14,71,0.415555859020184,3.6995522641773504,0.04420085308620383,0.48970477460571377,0.04663680493831625,0.32372158460826583,0.026093938329722687,0.20556173176522857,71,21,0.0017457782294449805,0.2306964040937923,-0.4449943462799406,0.022913265508390346,0.0226231068372726,0.16788801789398336,0.0977430939674377,1.1460487799779406,0.164438098669052,1.1411697165903028,0.00973907392472028,0.4079546139291439,0.00454574823379515,0.3560386477297426,-0.0666950047016143,0.00487906338763787,72,41,14,88,0.31774395125704513,0.7220875553435914,0.03166271672141503,0.2535141752796388,0.028924513608217198,0.3046679784751152,0.02080527297803197,0.1804100518819807,79,22,0.001266229858705639,0.18406813734090022,0.40817553614734514,-0.10383658314804167,0.0149045810103416,0.15220142136510123,0.0668541938066482,0.9941893598394542,0.1457360535860061,0.9751110729960555,-0.004991087596863501,0.3674851854863387,-0.0057363808155059,0.3196538001469683,-0.0788818597793579,0.01907828684339871,95,41,17,65,-0.23825888409098808,0.6708045589248866,0.027772348698714307,0.221410875498408
BadRange,0.05854527501937109,0.8993973064005487,0.13782733321189858,1.426786276523536,0.06211861968040457,0.365343156441421,0.03701983601786192,0.2818556496284677,71,17,0.0034600926784803874,0.522293875521263,-0.035790640802929374,18.97293760005067,0.030986011028289753,0.16702485387876734,0.1356562972068786,3.382120073936577,0.2131500244140624,3.326483728805587,0.000569898635149009,0.5229309034001745,-0.00664284825325005,0.45426813016382994,-0.0774937272071838,0.055636345130989924,88,41,18,72,0.5908339224782306,3.848036026608643,0.04664581535528556,0.4988357904063625,0.04119791090488417,0.38471025022443595,0.02756433435715731,0.2131749279102092,70,25,0.0024330142188935394,0.3459678781321724,3.9485690593843623,0.1307745434897405,0.0201655626296997,0.19577422717048876,0.1061195433139801,1.321724942465161,0.28211820125579834,1.3016060509807592,0.0074353683739900546,0.5225293930749472,0.004400447010993951,0.5096710924681881,-0.1759986579418182,0.02011889148440161,73,39,14,87,-0.6363929396405542,0.5144442448075627,0.038400067923833145,0.2700572374606905,0.029790189117193198,0.23806328046831457,0.0214142789249308,0.1585050700327646,79,20,0.0012788664656330983,0.1912846033727649,0.2506453801494555,2.0176351082021116,0.01484346389770505,0.11668482558808675,0.072080910205841,1.0887551189052151,0.1471997499465941,1.0872845354081746,-0.002676359377801412,0.3813259800484144,-0.0033602714538574,0.33611677771120346,-0.0751188397407531,0.0014705834970406549,91,41,17,69,0.07538226210154028,1.3396881366894047,0.028233146878147677,0.2141847340799086
BadRange,0.06062524891202812,0.9362808568112636,0.14509774014353727,1.4833686611063666,0.05189250409603115,0.40238435626220986,0.03393539781216527,0.29066157853230923,69,17,0.0030342288583042483,0.44272054579013925,0.3152185484680383,14.578645505527081,0.02558344602584835,0.19723052756924855,0.1356562972068786,2.9586590103909174,0.2200655937194823,2.869980613893114,0.004656046256423002,0.4824991265197765,-0.0017535686492919501,0.3900931356651348,-0.0844092965126037,0.08867839649780336,83,44,16,77,0.6281401382715978,3.325581144917811,0.04343391446188646,0.45816496886797436,0.046218559145927304,0.520786129947716,0.03260163653409105,0.27703365387046475,83,25,0.0033011092322740377,0.4652007491506588,2.385254775692485,-0.44377782865225157,0.02525438368320465,0.2751577915442418,0.1414523124694824,1.4127153138243962,0.3174509704113006,1.2826083808975353,0.009881862066686141,0.5949603499291134,0.0118621736764907,0.5805761295311074,-0.1759986579418182,0.13010693292686087,59,40,14,101,-0.46390866003013936,0.5852597371977911,0.044473632324016854,0.333501021232148,0.038117762655019725,0.27875033734239946,0.02286004788824353,0.15812281549633242,79,20,0.0013659602962961365,0.20133120062692847,-0.11825168317820545,-0.29638509690242243,0.0191119611263275,0.10978070258018305,0.072080910205841,0.8659702808784692,0.1463170647621154,0.7768521274693304,-0.0026079255156218916,0.4059091846574766,-0.0044026970863341505,0.34073916881128297,-0.0742361545562744,0.08911815340913871,91,44,16,69,0.18668606780962085,0.7096372250430573,0.02919332929214827,0.19123005631341267
BadRange,0.05549831707539139,0.828691799431828,0.13567511886358236,1.3053116136900642,0.05018387734889975,0.37440861867664466,0.032570603545755104,0.27198597411955727,69,18,0.0028463848569059225,0.4242980004312419,0.7876656172571668,15.046555115776826,0.025902926921844496,0.16675580586768549,0.1482945084571838,2.894945888943258,0.23270380496978751,2.8561904186416243,-0.004249583184719069,0.4684927359639655,-0.00991725921630855,0.35294960102724765,-0.0844092965126037,0.03875547030163372,98,45,12,62,0.7477873794100847,3.505739551187808,0.04209520898743052,0.45256221315995865,0.04077952355146398,0.43527478270955267,0.026968360766768416,0.24529358627051334,88,24,0.002173658606454754,0.3041141297441443,1.5666429054857636,-0.6465566052484215,0.02079640328884115,0.21156317473384534,0.1414523124694824,1.185715913276826,0.2390142083168029,1.1445109395923079,0.009270998835563645,0.46643103410146025,0.0122827142477035,0.41563324139005253,-0.0975618958473205,0.04120497368451813,58,43,14,102,0.17681526839171569,0.4638262802525498,0.03578531668420553,0.29420438503052043,0.0374257303774356,0.24131299445353455,0.02211200511083003,0.1546522584577457,74,24,0.0012436318389233635,0.1783708007611523,-0.2882158292323642,1.5796359813104583,0.01937454938888545,0.11873407573352862,0.0705307722091674,1.0855453517132747,0.1424095332622527,1.0680465833862374,-0.004762623459100711,0.37038784362463856,-0.006587617099285049,0.3621509702594211,-0.0718787610530853,0.01749876832703742,94,44,15,66,0.1307557614953114,0.8202816373307397,0.0275560002412729,0.2029375422543662
BadRange,0.052261485778009265,0.7001392100657164,0.12470520675182319,1.0867433921358334,0.05419823527336112,0.3354490608574357,0.03409104237798597,0.3090425318895641,75,16,0.003012793296710713,0.4598942899710072,0.27593380183208716,14.32259205897844,0.026938796043396,0.1572402148071224,0.1482945084571838,3.1555961577219005,0.2335058450698852,3.0746813820682473,0.0006526593118906073,0.44435262700928446,-0.00270709395408625,0.2847139078797386,-0.0852113366127014,0.0809147756536531,84,47,15,76,0.5759283245048202,3.4771962491750696,0.04352481945043546,0.512293893034999,0.03437479585409155,0.39139886541703167,0.02109456931240854,0.2130205585771197,77,20,0.0015216376207563226,0.17896444462034958,0.9517776436501131,0.8925518002498696,0.018338844180107103,0.18065411202702397,0.1148601174354553,1.110480810812897,0.189076542854309,1.066961484241129,0.014060103148221948,0.3328192684727893,0.0132948607206344,0.27707199867876653,-0.0742164254188537,0.04351932657176795,43,43,14,117,-0.05830917383170429,1.1253111901386041,0.0275331614796725,0.2611432157908509,0.0303292311728,0.261772399618186,0.01928539744112636,0.15743094381676218,85,18,0.0009698284083036385,0.14332658754926217,0.120258491815314,7.462713725102306,0.0155545026063919,0.08453731002396266,0.0608023107051849,1.3151055412341943,0.1326810717582702,1.2548677262503631,-9.021498262882476e-05,0.3095714966537595,0.0009683743119239499,0.23923112475599387,-0.0718787610530853,0.06023781498383117,75,41,18,85,-0.11621001646968593,2.325217548178564,0.024697100717406467,0.2179267675362839
BadRange,0.05478348514355243,0.7183970019096643,0.12458337306976294,1.1122531955690946,0.0523783564567565,0.24597484106065032,0.03645519911311562,0.3450886145180087,74,10,0.0037471583966997048,0.5663839314546474,1.703616791327363,11.220433472111543,0.0265124738216399,0.12326142088344219,0.1804027557373047,3.209389729614434,0.2656140923500061,3.153224023178804,-0.0034961055964231407,0.47954458554573187,-0.00922477245330805,0.3099229854702752,-0.0852113366127014,0.056165706435630035,94,49,16,66,1.0679977128215459,3.2520146108323167,0.048419043434795396,0.5800180358647647,0.0370416492223739,0.28222751144493297,0.02163507514633235,0.18401214899705629,74,18,0.0013997115363787013,0.16525345738009242,0.3895891411467267,2.6305884811045246,0.01818960905075065,0.14159630550705105,0.1148601174354553,1.1998899462029462,0.1706962585449218,1.196349963771633,0.011862603947520242,0.3152662818972778,0.00914463400840755,0.2571517333160221,-0.0558361411094665,0.0035399824313131884,53,42,13,107,0.3973524486712656,1.6494412929573727,0.02717931766066037,0.25663325754616956,0.025347840040922,0.253436856141017,0.017820941375102806,0.15123101275487114,83,19,0.0009420403267756669,0.1351643742047392,1.323501957861775,0.2159879411204475,0.01285705715417855,0.1269312273732252,0.0836117938160896,0.8611048758181551,0.136707417666912,0.8440173155267443,-0.0015163073316216435,0.3174423281260849,-0.0007387697696685,0.28181796788437063,-0.0530956238508224,0.017087560291410734,83,43,15,77,0.5309429993001402,0.8591866923969531,0.024293302466221696,0.18545819614843195
BadRange,0.05990829875226111,0.8578905935441817,0.13863197833299612,1.3295790544750001,0.06232890486717217,0.38768297406431074,0.03843020840082313,0.32590253881858944,69,15,0.003871463385180464,0.5803248956997907,1.1701709699577059,19.622103375488145,0.029950559139251653,0.1846185262041247,0.1804027557373047,3.8555261275019532,0.2751749157905578,3.8259136205249114,-0.0002816531807184122,0.48692318795952794,-0.00850856304168695,0.35606008587895893,-0.0947721600532531,0.029612506977041663,92,49,16,68,0.8520922702752056,4.0647729196185525,0.04934372102662393,0.5858589461014664,0.039066374301910324,0.3787937650486556,0.02501822071615603,0.211283483516433,73,20,0.001968383907669691,0.25680072117862823,2.686815049505789,1.4808578337682476,0.01897877454757685,0.18646988496973163,0.1466182470321655,1.3790777482532945,0.22258374094963068,1.3035451893975527,0.010596926137804974,0.4339533829345142,0.0059010088443756,0.37951829393690517,-0.0759654939174652,0.07553255885574194,60,44,16,100,0.9756371233889767,1.0053492226857146,0.033540664870769864,0.2616967378824565,0.03173488005995738,0.2274443138555876,0.022624979363754356,0.15754950630055273,79,25,0.0014321271057915754,0.21226138310905682,0.6861102365545584,2.761326890071615,0.016934864223003398,0.11781717639741973,0.0983116626739502,1.222000915600972,0.16299162805080408,1.1636813796591587,-0.0016128487884998245,0.408702483580958,-0.002030074596405,0.3990614250322462,-0.0646799653768539,0.058319535941813064,89,41,15,71,0.5838708301216176,1.116194370187896,0.02996817028270582,0.21265855972382947
BadRange,0.05141386259373258,0.7732769450696604,0.12231984481215455,1.2242415016448345,0.05236877501010889,0.21909563645158503,0.02878166925162074,0.22154951850012305,74,16,0.002238525646235199,0.30312035604466575,-0.37683803631689194,13.363981323969497,0.0256158709526062,0.11219186618722232,0.0865314006805419,2.3980960152045214,0.181303560733795,2.3434704251283938,-0.009630505740642527,0.3745932839949153,-0.012681096792221,0.2792607011355932,-0.0947721600532531,0.05462559007612788,107,47,18,53,0.34889130130263246,3.511062045199436,0.03625669333931089,0.40348510211725347,0.035573929548263425,0.26553182460435754,0.024572330983355612,0.16824482539119923,74,20,0.0019767004237359444,0.2651528356209569,2.7938961802790763,-0.43843919301567436,0.0180546045303344,0.14067353653482192,0.1466182470321655,0.9765709142892116,0.22258374094963068,0.8389262965246507,0.010783576592802987,0.471412902312355,0.0060489773750305,0.4428581064903878,-0.0759654939174652,0.13764461776456097,59,43,19,101,0.981408187312173,0.6189215811443003,0.03355876836297581,0.20717796976126318,0.028998602181672953,0.2443550446730745,0.020314534101635168,0.13939979649184336,80,23,0.0011657029143793878,0.17368057702002487,0.9785188753574334,0.9653305912713832,0.0144546255469321,0.1024624547897539,0.0983116626739502,0.9658903888516457,0.1668585389852523,0.9088751195103538,-0.0002496276982128603,0.37823531533756416,-0.00054197758436195,0.3407322088619278,-0.0685468763113021,0.057015269341291905,81,39,16,79,0.2612119821621718,0.6418986931497612,0.02707551996050074,0.1749817797701187
BadRange,0.05119532765406073,0.7280685835569725,0.12133936509489991,1.134743924855228,0.057152464985847404,0.3094653077297338,0.033941117641515986,0.26288517738258776,69,14,0.0030842992555386983,0.45785997843374204,1.5891297224668541,22.607018372943426,0.0287871956825256,0.1604578299314396,0.177327811717987,3.439060649325425,0.2560122609138488,3.366114305488278,0.001634166762232786,0.4526996838432551,-0.0032688975334167,0.34830426605951725,-0.0786844491958618,0.07294634383714702,85,46,16,75,0.9390937424983464,4.433188137261159,0.04401276582912575,0.5029144804854588,0.038783617317676475,0.2610705793497077,0.02335234580561515,0.16758194939580004,73,21,0.0014957397947573234,0.19479343780304068,-0.2533693842837641,1.581850133954375,0.0190806686878203,0.13747390486876665,0.081385314464569,1.10860345653596,0.14244455099105818,1.0328759119277011,0.009552504122257222,0.38472359599845585,0.0063414424657821,0.33660241588290346,-0.0610592365264892,0.0757275446082588,62,44,17,98,0.21055483970479996,1.1730810022794236,0.02913576179825862,0.21628960327546404,0.030794568359851775,0.23280575359019268,0.018046795066911682,0.13941805950734062,82,23,0.000820198524945876,0.1200552528284256,0.0015228012718040418,0.19714922537965318,0.015715502202510768,0.1035125571041217,0.0422063767910003,0.7701761958736935,0.1107532531023024,0.743517794067801,-0.0006248486228287223,0.2973206450135171,0.0002505704760551175,0.29146905698710174,-0.0685468763113021,0.026658401805892455,79,43,15,81,-0.44871916991934735,0.7970016309667926,0.022703639301315727,0.17792045098068893
BadRange,0.051788701031067044,0.7539939537120683,0.12490792848169781,1.16929670364256,0.05437581241130818,0.31814363410958296,0.03408464910462494,0.2865114931833895,76,14,0.003147265309517268,0.4735560973736916,1.7372309410912647,13.798818952035301,0.02666646242141725,0.09351580944192327,0.177327811717987,3.010378593372082,0.26595646142959584,2.966841830550802,-0.0003071706742048236,0.4853656242751678,-0.003976434469223,0.34001728520300367,-0.0886286497116088,0.04353676282128008,84,45,17,76,0.9085751170941445,3.496703783919992,0.04448951783405975,0.48782815431837084,0.03744718432426443,0.321266570694818,0.023504421487450557,0.20389683086780344,80,19,0.0014988208879619836,0.21782429815238744,0.3374954825089129,3.078656655464809,0.0194256454706191,0.13359259490364808,0.081385314464569,1.3259142860935815,0.1728343665599822,1.323501671813656,0.003649904951453202,0.37844831597211354,0.0033081918954848497,0.29694302443978804,-0.0914490520954132,0.0024126142799253433,71,48,17,89,-0.12675646795143872,1.6494881563963781,0.030483586656067214,0.2731321480350835,0.03589504957199088,0.23304388847432472,0.020237314083496993,0.1777449786370261,81,17,0.0009871790606577743,0.14841957209489923,-0.19303943684336344,1.7901692012153783,0.0184924975037574,0.10738490509593675,0.0721031576395034,1.1104885118387937,0.1387208849191664,1.0909578156503248,0.0016415799502283342,0.3054827633952788,0.0020803809165954,0.23678691526749596,-0.066617727279663,0.019530696188469,77,43,17,83,-0.05132861437562287,1.4378602027205174,0.024862735181037144,0.23473357953919452
BadRange,0.05547861103929239,0.7885651459279184,0.13169188700616338,1.2426487652677916,0.05719220638275142,0.32177846083715067,0.03724878996610637,0.29852329567890457,68,15,0.003550039587558297,0.5320208473560103,0.04370760061959755,18.05763660636672,0.024378299713134648,0.12765275154041372,0.1381056308746338,3.4919409772446635,0.2319706678390503,3.352270590479486,0.0005751579999923734,0.498436374556706,-0.00986176729202265,0.3345688142161294,-0.0938650369644165,0.13967038676517723,91,46,15,69,0.644545605415431,3.947294510686884,0.04724824243377456,0.5325242040271762,0.041082508862018495,0.47882302478479194,0.026739878696389458,0.23988797949755492,78,24,0.001908434707367418,0.27761534306830493,-0.061212286262465554,-0.7083743274575314,0.0204494744539261,0.24805988629407566,0.0837740302085876,1.133677976960649,0.1752230823040008,1.1263664617337452,0.005364608950912944,0.44328868948775807,0.0038177222013473,0.4247053983378101,-0.0914490520954132,0.007311515226903911,71,42,15,89,0.07601383093239641,0.4924061459326021,0.03422445575140928,0.2847990183278919,0.0298954546451567,0.2433052386910993,0.0180232725560199,0.14409614427535414,78,20,0.0008692562348060262,0.12320484996711059,0.4338996991461488,0.5513457410864393,0.015104055404663051,0.12260976896568998,0.0721031576395034,0.8458538843707509,0.1293894201517104,0.8301182710730366,-0.0027044639457017095,0.3009237012233275,-0.00312731415033335,0.26439066577248255,-0.057286262512207,0.015735613297714297,90,44,15,70,0.3118553867321458,0.9012621709855516,0.023223735884821926,0.18069249018474487
BadRange,0.05349698187519854,0.784051443141717,0.12529526934027652,1.2308117576301316,0.06453791260719288,0.2626998124436214,0.03720963454805311,0.2948747073000347,67,15,0.0034296004837378953,0.5127236702604591,-0.01332304350237612,13.35037364261754,0.0274996757507324,0.12637980569065946,0.1381056308746338,3.112782096790585,0.2319706678390503,3.045303361563488,0.0016887925565242767,0.5019048175819314,-0.0075288116931915,0.3607636564905454,-0.0938650369644165,0.06747873522709705,89,47,18,71,0.7223763899638052,3.455071970126267,0.046412406517865296,0.5107007189621993,0.04166616499423967,0.3885655175154143,0.025778310284949802,0.2121922639356674,78,24,0.0017038118191759343,0.25033263634211583,-0.29670513458990877,1.0260691650460974,0.021008282899856547,0.1947550356070312,0.0837740302085876,1.3108580577361064,0.1379190087318419,1.2276207856818102,0.0043954590335488234,0.42619182437788244,0.00241474807262415,0.3943091181112909,-0.0541449785232543,0.08323727205429618,74,39,14,86,0.43885554123929815,0.9967272788817029,0.03243667970924822,0.26209380987647923,0.022378038614988223,0.201632022214297,0.015546390782110352,0.1148722836083995,92,22,0.0008067685166716741,0.11199661619338594,4.035892186285708,-0.5050447842937795,0.0113483667373657,0.1014522591902836,0.0545842796564102,0.6304647261398431,0.1579578667879104,0.6077042319969127,-0.0043371834792196706,0.30271511567031767,-0.0017097741365432,0.2818948637558888,-0.1033735871315002,0.022760494142930323,87,44,18,73,-1.13186963534098,0.27217626242326254,0.02210140522894911,0.14268908485967713
BadRange,0.056469327228537716,0.8282894004683743,0.13396670505404448,1.2809818985038552,0.06443677842617027,0.3992684981085395,0.03706636256072666,0.29644274907652923,67,17,0.0033965108052774746,0.48155518968375377,0.4676914427423693,22.09761086730959,0.03017866611480705,0.16579985782414286,0.1390216946601867,3.6080382816684056,0.21397846937179552,3.5811603296622403,0.001077872887253764,0.442273659428665,-0.00631320476531975,0.31350275352876694,-0.0749567747116088,0.026877952006165377,89,49,17,71,0.857466855761065,4.312935510143515,0.04620607320301749,0.5347421807369707,0.0399593785405158,0.40615232710137833,0.02685817200690504,0.2233699040060127,80,21,0.0022204340996730795,0.3068195554497659,2.4870820745994813,-0.42588121325609185,0.0201851576566696,0.18909896480754018,0.1358506083488464,1.1865432371767726,0.28833448886871327,1.1253888017311098,0.007688159309327593,0.48609787460512593,0.00783863663673395,0.41633187736694083,-0.1524838805198669,0.061154435445662826,65,44,15,95,-0.08751975600328286,0.5383237409319791,0.036565282619743414,0.26557185798601685,0.0285602025687694,0.23236511095962345,0.019196529344189868,0.1720164395299485,82,21,0.001187430615990936,0.17454497286334233,2.6955791415931696,0.5143700895140211,0.014364838600158698,0.11333629834481576,0.0676299333572387,1.0214625499143763,0.1710035204887389,0.9898633180815314,0.00029628975316881994,0.3526103644700643,0.00112085044383995,0.30988678761755295,-0.1033735871315002,0.03159923183284494,76,43,15,84,-0.7791201214837556,0.9401002598736157,0.02732623955887792,0.22407789657088167
BadRange,0.05826379190833336,0.8437830243488982,0.1387228678166864,1.2956832263084888,0.05742469429969775,0.27630287896849615,0.03586352869868274,0.2934676717024482,64,14,0.0033391972384964274,0.4606713267034,0.6665938353278205,15.260656507016066,0.02558141946792605,0.14249981532035125,0.1390216946601867,3.1980113112084165,0.23627972602844233,3.1816159241024065,0.0021829750388860773,0.44362742570749797,-0.0066342055797576505,0.31616497776301733,-0.0972580313682556,0.016395387106010028,94,49,16,66,0.8007001110148669,3.633929520135386,0.04577476049533081,0.5136789209842453,0.04069929569959633,0.46861425485600233,0.028179227616637915,0.24711125770391462,81,21,0.0026804120676330316,0.35805241112104974,2.9555825125192,0.5698377908465551,0.020967379212379452,0.21674455380747593,0.1358506083488464,1.3847601482523721,0.28833448886871327,1.315766893357658,0.010886247456073752,0.5126427767696357,0.01122452318668365,0.44496031659009083,-0.1524838805198669,0.06899325489471402,60,43,14,100,-0.6698135901759484,0.9556430406372626,0.03957951517172046,0.3086256543888843,0.036731932312250026,0.3085505813209863,0.02150349980220194,0.18540285637962253,80,20,0.0011785679906927305,0.1709207820501601,0.5609216359948954,0.22874967369630683,0.01835221052169795,0.1513196021708489,0.0676299333572387,1.0200387973318803,0.16990207135677332,0.9920368319484645,0.0006264601834118375,0.339413023831355,0.0004387199878692326,0.29217460018211844,-0.1022721379995346,0.028001965383415806,79,40,16,81,-0.09772547403604398,0.9393507744382869,0.027218427753641142,0.23604995510233862
BadRange,0.05625343687552483,0.8203996405984648,0.13137353405356383,1.2746071903379532,0.05235138535499565,0.39605211907260096,0.0345425323117524,0.33045943095865565,65,15,0.0033014058565934284,0.4853090316901782,1.2033810347900804,10.517219912622274,0.024903357028961102,0.1506426543155951,0.1623058319091797,2.9966105153073532,0.2610982656478882,2.9549598431282167,-0.004353944212198245,0.4747139338727306,-0.01288625597953795,0.3188026758219641,-0.0987924337387085,0.041650672179136684,104,49,15,56,0.9264197210803762,2.9567849103736807,0.04535724670986801,0.5098585222169527,0.039890296757221125,0.3061722235948863,0.02502627288689833,0.20711620379745058,79,19,0.0018885261744932132,0.26736919025183964,2.2986776536586477,0.293372976900268,0.01964609324932095,0.16160414241382487,0.1075371503829956,1.2365839518424206,0.2421683669090271,1.168506275255651,0.0076886786147952,0.44019770584693185,0.0072244703769683005,0.4116009187342755,-0.1346312165260315,0.06807767658676958,65,43,16,95,-0.6059835600263267,0.8397304024593719,0.033589652198395964,0.2712842974057617,0.033039867877960094,0.25651088693811985,0.020492346426472026,0.1462103106178375,72,21,0.0011179699328825155,0.16545864756406053,0.9100143120145328,0.7447884290414906,0.01621960848569865,0.12236974367543127,0.0883915424346923,0.9054295667883901,0.1587196588516234,0.8846138324069737,-0.0020519669167697353,0.35969555061829084,-0.0044637024402618,0.33403327891167056,-0.0703281164169311,0.020815734381416474,91,40,14,69,0.5494285400387645,0.7287334939688919,0.026436503062291932,0.1899414605331471
BadRange,0.06184089282146628,0.8713864981722342,0.1428764775395391,1.37272293642767,0.06308132410049433,0.353492403717654,0.03712304860819127,0.3232197679868532,69,19,0.003430507523090144,0.5061825198859653,0.5258631814731807,10.748756236417414,0.0301708877086639,0.16909149543811247,0.1623058319091797,3.0114737681943007,0.2610982656478882,2.993625406864921,0.0010845493525266689,0.5068053729933513,-0.00766429305076595,0.3626415878974325,-0.0987924337387085,0.017848361329379794,88,48,16,72,0.7089359332236128,2.876715552678978,0.04643671237539046,0.49933038540733266,0.0521878153085708,0.39540440935830334,0.029959533051587613,0.2653991039237498,74,20,0.0026601898825870897,0.3527661943239619,0.8774871709842929,0.003714265826583407,0.02473764121532435,0.18606764109061047,0.1309336423873901,1.4125943619094168,0.2500855922698974,1.4055545555377251,0.014448268525302396,0.49560012922416624,0.01074755191802975,0.4155718808505647,-0.1191519498825073,0.00703980637169161,57,41,15,103,-0.09798710119697458,0.8334294547513548,0.03824931405789598,0.3273327148895321,0.034164268523454576,0.2840941173549236,0.020982787162065458,0.15935226752963663,76,23,0.0011686947805175777,0.17531231620831594,0.7740443987601608,-0.5925150384707325,0.01717398315668095,0.1408816922893527,0.0883915424346923,0.8157861413356039,0.1587196588516234,0.7811583975983999,-0.00028811469674110325,0.37031743421015273,-0.0022388324141502,0.3616760506925114,-0.0703281164169311,0.03462774373720404,85,41,15,75,0.39341628776184806,0.3005939253887591,0.027109862258836534,0.19539015872946414
BadRange,0.05886168415684774,0.8431161725158097,0.13807432696223237,1.34077124600706,0.046719431877136126,0.28898342897036117,0.028768617380410394,0.22511774346081817,70,22,0.0023440011822800193,0.3159978052629538,1.191377604193141,9.633458367460403,0.021880358457565353,0.1392484818771549,0.130029559135437,2.1174883125386885,0.2245709896087646,2.1043453965866195,-0.010145094245672212,0.4354278952635632,-0.015609413385391149,0.32784711385945364,-0.0945414304733276,0.01314291595206893,106,49,16,54,0.8846003923609255,2.778038321530713,0.03702221399006248,0.35552827354416866,0.04889913648366918,0.2248062309595894,0.028092048107646372,0.2459026649429145,76,14,0.002436652833125759,0.32242705665728677,1.251376781637199,1.8185740927993876,0.02294117212295525,0.11964166793836904,0.1309336423873901,1.4320617890882315,0.2500855922698974,1.3826126988340788,0.014363681431859714,0.4502554201512753,0.01129219681024545,0.36364757709947737,-0.1191519498825073,0.04944909025415259,55,42,14,105,-0.10728217436701783,1.6245565266638502,0.03639880675945433,0.34597270597792146,0.036672919988632126,0.33259170902457574,0.025260597700253084,0.21332245188398036,79,22,0.0018255474536716196,0.2792051362743474,1.2377799648405023,1.1948594330263251,0.01908551901578905,0.1611241468231057,0.1120661497116088,1.2968173279921218,0.2109287232160567,1.2488165582746313,-0.0016179941594600684,0.45508793059222136,-0.00210405886173245,0.39213384096435644,-0.0988625735044479,0.04800076971749035,85,42,12,75,0.29730850695726124,1.0584981816091665,0.03384536427210768,0.26851463964491173
BadRange,0.06327485616067945,0.9225614810632254,0.1469332098215816,1.457389792947243,0.05483959615230555,0.3354144596609903,0.037532082502730144,0.3037815044264689,69,14,0.0039466195897506695,0.5768809895138728,1.161545294511642,17.6885402541447,0.0274443626403809,0.14296344465517793,0.1841390132904052,3.5073866941654583,0.2946677207946776,3.4245597676445607,0.0036851596087217344,0.546640240055486,-0.0043304562568664,0.4296839667562542,-0.1105287075042724,0.08282692652089746,83,48,15,77,0.9494998021306263,3.8030644806604217,0.04968384921387263,0.5273191040214203,0.04117877781391128,0.3838080343330741,0.025090058599598675,0.20157399188694794,78,23,0.001811967387372358,0.24576999573524308,0.32493968169076437,-0.6309726039787611,0.021214112639427102,0.18558028057386705,0.1226550638675689,1.0019378867599786,0.1871981918811797,0.9557269576064024,0.010905604250729072,0.4314706750792848,0.009723395109176601,0.41178416252028577,-0.0645431280136108,0.046210929153576275,58,42,15,102,0.08480863714721155,0.3719381789289552,0.031936216511444585,0.2441373635514837,0.041719170287251375,0.3372717355467596,0.027922082481090866,0.22694722773907713,77,21,0.002182206860619732,0.33034997430368773,0.6920680620322264,7.19782669818383,0.020870987325906698,0.14989218875741345,0.1120661497116088,1.9524865777361309,0.2109287232160567,1.8353565855998386,-0.002481857361271978,0.4792788778124724,-0.0031845122575759,0.39308908250280744,-0.0988625735044479,0.11712999213629234,87,43,17,73,0.14399927848440208,2.215525098771348,0.03696293805096028,0.317240810089914
BadRange,0.06273703675598384,0.8904499174015201,0.1452300927788017,1.4071093923533247,0.058360010385513195,0.3313784970139235,0.04025750996544953,0.3231772210130599,69,16,0.0043786718585803845,0.6406797268951244,0.8177112747456463,13.078953736097997,0.0281388461589813,0.18310486895431724,0.1841390132904052,3.5098467065559174,0.2946677207946776,3.428640924665255,-0.002528281509876247,0.5508728223137038,-0.01245900988578795,0.44643537187865123,-0.1105287075042724,0.0812057818906621,91,45,14,69,0.8189280690798665,3.4102752610500047,0.052416116434811644,0.5807054851912963,0.044317457824945276,0.3353726786062005,0.026917169266380325,0.20333491816378144,76,20,0.0019823066510830972,0.2738308456391031,0.12008984354938823,-0.0008952289822730108,0.02186390012502655,0.17446052375776397,0.1226550638675689,1.1636096904073385,0.1871981918811797,1.0761198307106918,0.008315401617437596,0.45470280783410993,0.00795365869998925,0.4277831331955432,-0.0645431280136108,0.08748985969664674,68,41,17,92,0.2549069668068633,0.7647085752869885,0.03430966276226757,0.25899073764688874,0.0346515886485576,0.3099382108817843,0.02235381224891167,0.17615596233922937,76,20,0.0014305827440128582,0.2119077000315803,0.6957353015874976,2.1394567464271006,0.0171602219343185,0.12495487389878894,0.0787852853536605,1.2222915955454066,0.1652650237083434,1.1851186448895947,-0.003950748825445767,0.4015337622055109,-0.0047160759568214,0.3273160721753964,-0.0864797383546829,0.03717295065581185,92,43,17,68,-0.16410144927898931,1.1469735960710012,0.029732658684163377,0.22511849733122438
BadRange,0.06445686957343265,0.909523754628562,0.15230024263262726,1.4159860840167284,0.06846548616886125,0.43975662109512753,0.042967376336455296,0.35613795282395233,69,20,0.004761426238769951,0.7269335228281755,0.8446471605178272,15.218040845116455,0.0332113206386566,0.22437419108909934,0.1957109570503235,3.8815899658748534,0.31851142644882197,3.860423231107535,0.0010999023914337214,0.5948685575101805,-0.010334253311157199,0.4914469027912486,-0.1228004693984985,0.021166734767318517,90,44,17,70,0.7733146145976668,3.5188606260285433,0.05471188448003336,0.6107904076800261,0.0441306009888648,0.3135642575252165,0.02609502952545877,0.21122511370720165,80,22,0.001787444012812438,0.24110323763447294,-0.5039861704301347,0.7610269323405761,0.02210432291030875,0.14194540960276641,0.092517077922821,1.1458330564431178,0.1528851985931396,1.1274740480575278,0.008938970416784278,0.4088472042143595,0.008857473731040951,0.36020823482316566,-0.0603681206703186,0.01835900838559009,65,41,13,95,0.0642612429185538,1.0374280288306443,0.03230744316593515,0.2719323468081257,0.038649283349513924,0.2823037744501702,0.024817392238182905,0.22131879870134066,77,17,0.0017471289526092082,0.2561835790555232,0.775947485785264,2.4067579175954075,0.01987481862306585,0.1330600322236655,0.1111320555210113,1.4421732413494621,0.2002259045839309,1.3844381406660657,-0.0048868480138480625,0.4122703222921885,-0.0055722892284392495,0.3241990968696533,-0.0890938490629196,0.05773510068339649,93,42,15,67,0.2576938090694865,1.5517415199250846,0.03278401684316053,0.2936269068267045
BadRange,0.06638921639331499,0.9726705118044707,0.1579392315447328,1.5498938398592839,0.07643900811672202,0.40470396387630014,0.04390908018220212,0.3606260686100969,71,17,0.005143631510734921,0.7781882223495483,0.9468947683629594,10.502610773027337,0.037618607282638494,0.2151270925339562,0.1957109570503235,3.451082305224451,0.35193145275115956,3.4299480749426103,-0.0017862763255834455,0.6542947904503413,-0.01042255759239195,0.5018159566050563,-0.1562204957008361,0.02113423028184069,92,43,16,68,0.6347863224340281,3.0004944526728483,0.05684872488105381,0.5916811214996573,0.041324779391288625,0.3133705903480322,0.025359581161756028,0.19609066824334115,79,20,0.0017769670306081497,0.23542668608763823,0.5548795913787443,0.8433212586879488,0.0208849087357521,0.15103954850071155,0.1346961259841919,1.1243582243049548,0.2046006321907043,1.0681354189520826,0.010016451217234124,0.41314482640907424,0.00968935340642925,0.35863200716250426,-0.0699045062065124,0.05622280535287224,64,41,17,96,0.24937222963741076,1.0996965169620319,0.031884620596519773,0.2544367082381279,0.04467276483774173,0.2837237450084236,0.028087811492150606,0.20619044943549658,81,19,0.0020294560073805122,0.3043648853439238,0.24579318061579736,1.3365404641384613,0.02279832959175105,0.1371762929488988,0.1111320555210113,1.3378268706878729,0.2002259045839309,1.2446837346353203,-0.003379333298653363,0.4824542229998683,-0.0025785714387893503,0.4085034267243007,-0.0890938490629196,0.09314313605255244,84,40,17,76,0.18013787617976898,1.2558361192478378,0.035565372333946674,0.2675870102481009
BadRange,0.06683008156497544,1.011913109088431,0.1579201558232305,1.5884676683614818,0.06298945844173423,0.43019790819725756,0.042052310146391346,0.3537254234817731,68,17,0.004806090407109232,0.707174648645642,1.0420953000691542,15.245816938546092,0.0321793854236602,0.19894768418146094,0.1793172359466552,3.766344276139712,0.3355377316474913,3.644455652421268,-0.0019317157566547283,0.6067534737424735,-0.01042255759239195,0.44925527202191484,-0.1562204957008361,0.12188862371844421,93,43,12,67,0.7270884190986957,3.4957467765817216,0.05494491218275884,0.5822584226501868,0.04329109936952585,0.3837419544346371,0.03145358207402747,0.2674908223289251,75,22,0.003093295083873757,0.40658292936698154,1.5158543463156464,-0.26751487467435275,0.0210568457841872,0.20187570276264194,0.1830213665962219,1.3188977331753355,0.2950222790241241,1.2187360817545132,0.013333841972053031,0.540469397791401,0.01112318038940425,0.4800591299820358,-0.1120009124279022,0.10016165142082235,58,43,14,102,0.3775210357814233,0.8676069627330122,0.042030454196154116,0.33834266567783305,0.0358966849744319,0.3597515882474149,0.023872106662020047,0.20844958189568735,87,24,0.0017146820537541848,0.2571700814087929,2.7981527180513,-0.4693785748743742,0.01802841573953625,0.20041550167732464,0.091273546218872,1.0768312181243822,0.2415300309658049,1.0609482591654658,-0.002754975110292431,0.4412447968276075,-0.0010465681552886499,0.39403585018422427,-0.1502564847469329,0.015882958958916518,82,41,16,78,-0.7146218233632785,0.44343055068286513,0.032722756042345015,0.24994621557718413
BadRange,0.05855140171167881,0.9239998610480571,0.13814856976270654,1.4523394617319487,0.048353806138038566,0.43112626811097027,0.03583085802383716,0.3155471103583817,70,16,0.0038568724533275707,0.5802258522941655,1.8093235821697435,11.25100025699846,0.0257947146892547,0.20020996378543765,0.1793172359466552,2.8938479313443395,0.26109683513641346,2.8528332922624977,6.34197145700538e-05,0.5451332431475462,-0.0053843259811401,0.43501865345728596,-0.0817795991897583,0.041014639081841935,90,42,15,70,1.1185414637099982,3.1869450811578663,0.04925141518913812,0.5320296979583036,0.03591413795948022,0.38064987142965817,0.027637497894465894,0.2535502413976195,75,21,0.0026288866952596146,0.34875739542039425,2.4659588525278755,-0.29204600176244755,0.0186204910278321,0.19357046448402548,0.1830213665962219,1.242723666064099,0.2950222790241241,1.195389345207299,0.012836217880249001,0.5002303374152788,0.01054130494594565,0.4284328708573616,-0.1120009124279022,0.04733432085680007,52,39,16,108,0.3744403245625544,0.7387106384239558,0.038569198713178356,0.313890116043482,0.03313708305358878,0.3221087460194853,0.02169820293784138,0.16854637618074084,92,24,0.0014174341788968075,0.20819492216952198,3.896866597277147,0.3312932124320067,0.0149723067879677,0.16429661529978268,0.0707922875881195,1.0545312535998925,0.2210487723350524,0.9745276170633277,-0.0039021037518978145,0.40697588116912364,0.00027968734502784997,0.4005021692723548,-0.1502564847469329,0.08000363653656485,78,44,18,82,-1.1741556619252531,0.656098850461378,0.029599761143349206,0.206314212588802
BadRange,0.055882876107154034,0.7560389037453861,0.13204306699335552,1.1892740135930893,0.056897282600402777,0.24575517042080375,0.037433274267241315,0.3114249163700482,73,13,0.003830106373812038,0.5531720927575211,0.3824807685241778,14.43740405040798,0.02851322293281555,0.13437188645620676,0.149861991405487,3.431279540231046,0.26121485233306874,3.3759713200331336,-0.001174541562795628,0.49646735698510386,-0.00666883587837215,0.38692549054344183,-0.1113528609275817,0.05530822019791267,91,43,16,69,0.6911351347278352,3.5377027201095963,0.049066115690266386,0.5537980283512632,0.0327101051807402,0.22119971670535205,0.02061571227852253,0.13551103662046374,77,25,0.001598750653910872,0.15734738745733487,0.708630713269311,0.37849707373684627,0.016359530389308846,0.10607701512365517,0.097611129283905,0.839446510155951,0.1606177389621734,0.7766717550973107,0.016717898473143554,0.3562876352093253,0.01517404615879055,0.3511884918990523,-0.0630066096782684,0.06277475505864023,42,40,15,118,0.25330419005799243,0.6968568859651387,0.026912035218157604,0.1743746210154495,0.03323534689843648,0.22154145236479061,0.020796036827960006,0.13855708148317286,85,21,0.0010888830600328152,0.14981243434391145,0.051768195919268845,4.554359329741428,0.0161507055163383,0.09989779946832779,0.0770758390426635,1.1364112425273991,0.1459803283214568,1.1117696339099807,-0.003792245173826813,0.3365190213986603,-0.00024318695068355,0.2977635380101153,-0.0689044892787933,0.024641608617418362,82,40,14,78,-0.13541741529319717,1.6841855265704342,0.02589132175947038,0.19122599870519552
BadRange,0.056117790666184074,0.801744129411301,0.1330819635838268,1.2601179672672012,0.051225811243057126,0.3340592131036063,0.035103629771619994,0.2845584397988392,66,18,0.003382712960724698,0.469792032885594,0.7217517388035133,9.4237839513356,0.025333285331725998,0.18569526968518701,0.149861991405487,2.6034062231567896,0.26121485233306874,2.564579362033584,0.00341616496443749,0.5156513042515423,-0.0044880807399749496,0.4024486765275176,-0.1113528609275817,0.03882686112320562,88,43,15,72,0.7778346616600951,2.8361029593263503,0.04599727000254176,0.45154818713984146,0.03968923166394228,0.25954271534307494,0.024076795898145036,0.17373423433051222,81,22,0.001873213337507032,0.20947899328102387,0.04776026046878856,0.28930832978513,0.01961295306682585,0.13478423848851145,0.097611129283905,1.025038949114386,0.1606177389621734,0.9625341138048679,0.015256789047270996,0.3963255548035613,0.01542433351278305,0.3755905082919596,-0.0630066096782684,0.06250483530951818,50,40,15,110,0.11819531291174215,0.8643786470659939,0.030722760684211595,0.22892148848605967,0.03388318791985502,0.19611708118982815,0.021400537574663713,0.1395758417142786,80,24,0.0011435666088124943,0.16138635553981256,-0.19788686857670523,4.169535789087825,0.0162939950823784,0.09944000258418885,0.0770758390426635,1.1501314270233747,0.1368752121925353,1.0842386843403478,-0.0004352866206318097,0.3481411082120976,-0.00077098608016965,0.33507079477852975,-0.0597993731498718,0.06589274268302692,83,38,17,77,0.323922186899367,1.646087834550313,0.026814802183994384,0.20045978228229505
BadRange,0.06039501641523002,0.9422703059260591,0.14324360013008097,1.4842199206973437,0.04697370529174793,0.45855559292323056,0.034606941463425724,0.3213103679535429,70,21,0.00409423102508764,0.5392206503235532,4.366304964912653,5.170482495599716,0.02380833029747,0.21886490336169154,0.2389917373657226,2.4841649339050096,0.3507221341133117,2.419175443485735,-0.009301900491118417,0.5928123854815677,-0.0156370103359222,0.4756219690645777,-0.1117303967475891,0.06498949041927476,107,44,14,53,1.4848870589607575,1.8516026074283893,0.04987903897167343,0.43335219619058857,0.044727604836225426,0.2917550307843115,0.02871297230012711,0.2112358513838709,72,22,0.0024859695651097777,0.31039833236470593,0.44381730927234253,1.291804746991426,0.02284507453441615,0.14810088223535883,0.1221060752868652,1.4159710191823376,0.17643961310386652,1.4034628417731045,0.013955294620245686,0.4866950306893685,0.00897939503192895,0.4343343106352497,-0.0543335378170013,0.012508177409233025,66,43,14,94,0.7850227779139634,0.9245326193099556,0.03698009976830395,0.2711572965401828,0.03732897713780395,0.37244152750525533,0.023551111945416734,0.19172788912040117,82,23,0.001469351357581784,0.21346669425727963,0.4598516283562861,-1.0869926063387174,0.0180679708719253,0.18950914389427825,0.089459627866745,0.8445902340524903,0.1851480156183242,0.8003981429896823,-0.0002506150864064679,0.40471250452640717,0.0007860288023947999,0.39459968366312,-0.0956883877515792,0.044192091062808046,79,42,18,81,0.01471687940096853,0.22229499883394632,0.030398308303924714,0.22287773091370644
BadRange,0.069601305249576,1.0401817229268806,0.1642830793559549,1.633666124042937,0.06501135230064382,0.48345319926403085,0.042422615904360965,0.36338538462589737,69,19,0.00490952878872036,0.6857589385953655,1.5773653585266327,12.74693014356911,0.031616121530532754,0.19583222686092108,0.2389917373657226,3.525022132774517,0.3507221341133117,3.4219273331894624,0.000995843112468725,0.6149639835492686,-0.0075421035289764005,0.4095435889696081,-0.1117303967475891,0.10309479958505473,90,45,15,70,0.883827200683846,3.070759282768711,0.055558581826180786,0.5545973652412896,0.05580460280179968,0.29071896911217127,0.03430649357847866,0.19917233787716337,69,26,0.0035001034495212423,0.4289512571010857,-0.13020810103099612,-0.561617593638212,0.02631345391273495,0.14994391676315555,0.1391879320144653,1.1621383274785926,0.222830832004547,1.0535074033013956,0.01850772574543952,0.6077323500632777,0.0134360790252685,0.6182114980007127,-0.0836428999900817,0.10863092417719694,61,42,18,99,0.48330534907305783,0.13458361992772663,0.04308866089872316,0.24415701461897696,0.04123548045754423,0.3128608542944068,0.02470251625054511,0.18848833979350077,79,23,0.00156452663787041,0.22334541305846256,0.5959525839873536,-0.13848286863987802,0.02072580903768535,0.15897736178203892,0.089459627866745,0.992919436326012,0.1851480156183242,0.9683973059257278,-0.0004986706189811218,0.41096979043039056,-0.00174333155155175,0.3928027775446864,-0.0956883877515792,0.024522130400284125,81,42,16,79,0.23831857441274365,0.5658598998119961,0.031364450914451746,0.23334361875153867
BadRange,0.06358359624715822,0.9392836389963967,0.14985525697469687,1.4812903523182768,0.05060517787933343,0.36900564439016453,0.03317945368587967,0.2548153509444521,73,22,0.0032518045765204512,0.419024157661663,0.5700304251014341,5.3438944743460315,0.024685651063919054,0.18248957138820576,0.1228232979774475,2.078171995253819,0.25830847024917597,2.0395142166470257,-0.013329821825027446,0.5264158347396856,-0.0182309448719024,0.487891534011629,-0.1354851722717285,0.03865777860679331,110,45,16,50,0.41331031989848394,1.9545367647163576,0.043201370936065506,0.3767101360422666,0.05013213679194439,0.45922449543431776,0.03147866323590275,0.23634746064684126,71,22,0.0027946638970386363,0.3615168892154422,0.02345781958047688,-0.7117840394427657,0.0252607241272926,0.23809107062228707,0.1391879320144653,1.195501285043218,0.222830832004547,1.073048388994377,0.01383831501007079,0.5316200924100031,0.0106525346636772,0.5015602287907788,-0.0836428999900817,0.12245289604884116,61,41,14,99,0.40170221300694414,0.3956433355512534,0.03955940964426115,0.28088603838820836,0.04276051744818678,0.23092997337379984,0.025035882061347315,0.15529204015449158,76,21,0.0015532183612251866,0.2209830256708732,0.44764673655518195,0.4675240993081142,0.0217313915491104,0.10884879304265432,0.0970813930034637,0.9659494126938744,0.1868360340595244,0.9257870395388603,-0.0011776747182011555,0.4232544251685883,-0.00376172363758085,0.397729163551357,-0.0897546410560607,0.040162373155013975,85,40,16,75,0.3808990323654015,0.640486387927138,0.031232535173394662,0.20454514720736122
BadRange,0.0701584219989703,0.9647527612877782,0.16522986128926256,1.5182588406186779,0.08367294073104856,0.44319267803322826,0.04617668552789833,0.40018873994886595,73,16,0.00531906684523743,0.7514246173841858,-0.2038312684538348,12.807993400849375,0.03812605142593385,0.1733240395287246,0.1324161887168884,3.875100683106192,0.2989253401756286,3.822547711872816,-0.002344747260212887,0.598391571024832,-0.0080354809761047,0.40041474151123446,-0.1665091514587402,0.05255297123337572,92,46,15,68,0.15349072562395064,3.1905531646998613,0.057790939104458344,0.627177921415143,0.048018090426921754,0.30298279717081933,0.02962204830721018,0.21021648164785478,72,20,0.0026591498512098387,0.3170281477709242,0.3826733598093752,1.6574627276629013,0.02397024631500235,0.13276197282608465,0.1105759739875793,1.4271991083874827,0.226439356803894,1.3518892383326404,0.015785552375018583,0.49007087993578197,0.014685228466987551,0.4067325452420716,-0.1158633828163147,0.07530987005484234,54,43,17,106,-0.04148761987402041,1.2820846863829174,0.03770504519862874,0.277233981340478,0.04308962821960438,0.29316852015705464,0.025010128741851028,0.17853810000717452,79,22,0.001607183683360606,0.23260536035992654,0.21565335839056798,-0.5317754566702226,0.02124007046222685,0.15369863949569557,0.0970813930034637,0.9431316791578418,0.1868360340595244,0.9015360937034657,0.001219552289694548,0.42979638965806366,0.00104998797178265,0.39154211896531455,-0.0897546410560607,0.04159558545437614,76,40,18,84,0.1855895656883577,0.434999655363029,0.03176965039312224,0.21881595873432175
BadRange,0.06497400923097309,0.8823121852856544,0.15307754501700377,1.3704865512445614,0.06901174783706657,0.39054443018650065,0.0422060535755008,0.36069861353275995,70,16,0.004744733043237192,0.6809007610897234,0.05479907387674032,11.557605794454004,0.02923139929771415,0.1720962334266812,0.1324161887168884,3.3024406840355427,0.2989253401756286,3.2721207486530517,0.0016069095581769971,0.5475912789974593,-0.0041642785072326,0.37085592567583325,-0.1665091514587402,0.03031993538249084,86,46,13,74,0.11511992521267392,3.2917474526551054,0.05460320900741093,0.6172880626220225,0.04223879426717742,0.31261469758986826,0.02593968859058802,0.1995525317777124,83,24,0.0022099260435599,0.259610840428056,1.1343240101989274,2.5750502174999825,0.021103799343109048,0.15953273980939547,0.1105759739875793,1.3507543998990814,0.226439356803894,1.310267590115043,0.01418705182150005,0.4316524302763486,0.0151377320289611,0.4164048765911335,-0.1158633828163147,0.04048680978403851,53,44,15,107,-0.22676661828451167,1.338780475849946,0.03445797860654798,0.27071575474024057,0.038444899022579124,0.331243246190684,0.0247194581595249,0.19974721196244452,82,18,0.0015431675458816368,0.22356911882641062,-0.06415688902083261,3.513286148644755,0.021048367023468,0.12400119139088116,0.0870914608240127,1.4480819341796762,0.15705369412899012,1.4295002863432198,-0.0014787239022552956,0.3912428419707536,-0.0007151365280151,0.317655507808177,-0.0699622333049774,0.018581647836456418,81,40,17,79,0.31789969871223367,1.597171930737992,0.03111824624889657,0.26551489117007815
BadRange,0.06445586821488666,0.872139044002618,0.1510077033191917,1.3554821481510533,0.061589762568473705,0.44925912247036687,0.04202970983460541,0.3665029868590407,73,16,0.004863017742276833,0.6763611649079945,0.7991728038100625,14.267989835341975,0.02995118498802185,0.18300778585084487,0.1509956121444702,3.7348273418947544,0.33847898244857777,3.67780094189124,-0.0017169490456581088,0.5714625554188917,-0.008835822343826249,0.4162520488675133,-0.1874833703041076,0.0570264000035143,91,45,14,69,0.17332878118028844,3.3838949084299967,0.05527689635224867,0.5914319171824471,0.03953833132982242,0.2756868864509133,0.023514233549358297,0.16369696932985767,77,24,0.0018843738573671679,0.1943402784966894,0.03430672873856011,0.8589514336923942,0.02070466428995125,0.1363918309468467,0.1028379797935485,1.0762378498583598,0.1654672622680663,1.0289061894767733,0.01644524736329911,0.38728640362106936,0.0147071331739425,0.3711303286687502,-0.0626292824745178,0.047331660381586635,46,45,13,114,0.0578457486822718,0.7790900847254105,0.030215785786676105,0.21059325741093318,0.04048687219619738,0.36974541999990007,0.024119312870316163,0.20054161214770125,72,20,0.0015508603266174393,0.21786028784964054,0.14188859801148856,-0.1739866962945844,0.01960502564907075,0.1867973724877151,0.0870914608240127,1.0687858314681096,0.1648759245872497,0.9576961498815115,-0.004760670987889163,0.3967331891110923,-0.007225513458251899,0.3488718690983248,-0.077784463763237,0.11108968158659809,96,43,14,64,0.2850836637391011,0.8012547594157229,0.030863851414833998,0.24589238399629793
BadRange,0.06383769705285969,0.9049481987541246,0.15019111216068246,1.4003200562042042,0.061796247959136894,0.3868794247724979,0.04045204073190685,0.37742584543533747,68,16,0.004570501497834692,0.6343672753838457,1.0657475666260101,8.538035660593518,0.0280760824680328,0.1761299750027155,0.1509956121444702,3.1278245387548784,0.33847898244857777,3.0814141768500605,1.564621925359555e-06,0.5468641902937429,-0.008886843919754,0.36182094263335995,-0.1874833703041076,0.04641036190481799,92,47,15,68,0.20998419968859677,2.762530389872683,0.05361463644806101,0.579056847604978,0.04013875126838675,0.30413020398578566,0.025199084764462875,0.18886807528953423,67,21,0.002195456103776334,0.24994007892973258,0.4109942047613515,4.403691419602214,0.020870476961135802,0.15704043677563279,0.1091839969158172,1.5105243675853328,0.1875410676002501,1.465907339087578,0.016441766964271638,0.4297526110765606,0.0133511275053024,0.3822718058574416,-0.0783570706844329,0.0446170284977547,46,42,19,114,0.18826294365026694,1.5955311782492985,0.03329801949201878,0.2554462217426811,0.04096106439828863,0.3069721128876519,0.024630931242718312,0.1874756326385945,73,18,0.0016092179405850105,0.23258809296524985,0.07527942799824183,-0.16940003120484048,0.020455151796340852,0.13135094449139428,0.0773523524403572,0.996851941176328,0.16215128451585759,0.9293998509171888,-0.0047095153015106845,0.4237032548339006,-0.0072478353977203005,0.3588342565746646,-0.0847989320755004,0.06745209025913923,92,42,14,68,-0.07213580202113677,0.7954703273784808,0.03146057416486325,0.23035547488264418
BadRange,0.06234703454261037,0.9471912936477227,0.1469797060638664,1.510505359416147,0.0467737019062041,0.42329603582485487,0.038496099379844925,0.33128963069256234,57,18,0.004557952301244542,0.6692818599973053,2.0266654918959244,13.29143279581399,0.02315306663513185,0.19746192714855887,0.2026031613349914,3.4463350838886955,0.2993920445442199,3.3635410747014594,-0.0022346857935190063,0.6113026559178085,-0.013671994209289499,0.4860909528539148,-0.0967888832092285,0.082794009187236,107,47,13,53,1.3639401038916024,3.2699541508576346,0.053494031808949856,0.5436827410035551,0.03784849494695658,0.41199248904320296,0.026260277701658168,0.22242007453963378,75,21,0.0023529289999443836,0.3004623149642095,2.429291076631684,0.2732662080274313,0.019143059849739,0.17861478620486299,0.1596271991729736,1.3187394328513142,0.27960318326950073,1.2119331866837482,0.012633815826848133,0.47652395395282154,0.010052278637885999,0.3973538976699631,-0.1199759840965271,0.10680624616756605,56,42,16,104,0.3654679669707493,0.8393079131635511,0.03632096364524579,0.270900786771428,0.040193531662225675,0.2585886875834666,0.024466561060398774,0.15233342387661714,80,24,0.001520949900444569,0.2196693309613583,-0.0759278270638779,2.818212684849027,0.02015272527933115,0.12881745830169866,0.0692752599716186,1.2090827879279114,0.154074192047119,1.097103623934171,-0.005147206503897901,0.4226787495455167,-0.0053349435329436996,0.41628307488707683,-0.0847989320755004,0.11197916399374051,85,44,17,75,-0.12813810152600946,1.1664517240137517,0.030494456912263965,0.2025142109680123
BadRange,0.06812333415818692,1.0203977655455636,0.1625895869731901,1.5875937373271782,0.0641907155513763,0.37812975621982164,0.040266716047190086,0.31660067690400995,61,17,0.004676821602780551,0.6713060336193366,1.4886237215700788,12.540143907865744,0.027529001235961952,0.19895829959249994,0.2026031613349914,3.328912320323376,0.3009142279624938,3.24770760832425,0.002640915289521227,0.6278130120221334,-0.0077235698699950495,0.538640291537946,-0.0983110666275024,0.08120471199912613,94,48,13,66,1.165690800821235,3.129269475467191,0.05416990803504005,0.5264568886006082,0.04621707648038861,0.36017648027716676,0.03003493782132861,0.2474130321281262,82,18,0.0030767365004903575,0.36702897542254903,1.254575828058118,2.1283086481040128,0.02443517744541155,0.15410286044039714,0.1596271991729736,1.6240974066244034,0.27960318326950073,1.5500910928875953,0.018886964023113233,0.5085479524081535,0.0194563269615173,0.41649593065059,-0.1199759840965271,0.07400631373680805,50,42,15,110,0.285869979319088,1.4609400347554808,0.03970004391799101,0.3292536340331316,0.0456490218639373,0.29835129455163434,0.027894118677359032,0.18086188445213927,81,25,0.001877253056183959,0.2572718769463695,-0.2392114504995364,0.5313250698249252,0.0239101648330688,0.14598952765835338,0.0792489647865295,1.1790023430965508,0.17090213298797602,1.1391101264844954,-0.0005582025274634327,0.45123277289689134,0.0012271180748939,0.4481823349221491,-0.0916531682014465,0.03989221661205545,79,43,18,81,-0.0826777672211733,0.5921716167024729,0.03435620394832901,0.23164814182322313
BadRange,0.06504865061886615,0.946043865771844,0.15426264882087687,1.527224710409525,0.043826073408126755,0.235039361473242,0.027040085364133094,0.19723927864753088,79,20,0.0026494687704362667,0.2952761094397633,4.062547620002098,3.730071901308266,0.02204605937004085,0.11869040934801559,0.1699327230453491,1.6051216726827269,0.2682437896728515,1.5721269391296246,-0.017368005216121647,0.45802159559637884,-0.017987906932830748,0.41590557672568274,-0.0983110666275024,0.03299473355310217,115,45,14,45,1.0865648365822678,1.6340901831893662,0.03691595590101894,0.2923907101929035,0.0566416308283805,0.4573619200490472,0.03373365893959997,0.24197531563183247,72,20,0.0034317415459675336,0.41248261442387707,-0.3900815973920073,0.13367335775781397,0.02894245833158485,0.2011140080169846,0.1240293979644775,1.398923535976756,0.2022361755371093,1.2543387725493256,0.020508733391761767,0.57018327485351,0.017556428909301702,0.513520864455312,-0.0782067775726318,0.14458476342743032,55,39,17,105,0.3335235092578988,0.8139236997572505,0.04165422591706672,0.2955903372933625,0.04558933898806562,0.4035834260019789,0.02925743353087451,0.20932245136031163,81,24,0.0022248295529896604,0.30997123406348864,0.5900171255486186,-0.909582057207702,0.023027338087558698,0.2050946888774536,0.1352726966142654,1.0568757384700467,0.2269258648157119,0.9264974009164189,-0.0008441690355539289,0.4990198399596363,-0.0004852861166,0.4942393606904353,-0.0916531682014465,0.13037833755362785,82,40,15,78,0.16357218670360837,0.2992789574019781,0.03739714917676052,0.2468814156435184
BadRange,0.07271231327585824,1.03417236044362,0.1702650287747381,1.6382181751150662,0.0667354315519332,0.3533206853525129,0.0417069937428459,0.34157205203327196,63,16,0.0048240160375571444,0.6948711366222216,1.231883580420674,18.156597289822187,0.0299843847751617,0.18477609215290558,0.1976778507232666,3.9795859665328974,0.2920052409172058,3.958121339758645,-0.00041623003780840855,0.5766664008984315,-0.01105108857154845,0.4195533443637226,-0.0943273901939392,0.021464626774252583,98,43,12,62,1.0821769476530614,3.869982222006043,0.055079923870807304,0.6019360420319347,0.06683674454689013,0.4244313841306127,0.03670494637219233,0.2715360481699242,69,19,0.0035915229904338233,0.47347699120590014,-0.4773279938548458,1.8206816717592336,0.0336414873600005,0.1820271958743222,0.118362545967102,1.8500034244719321,0.2121321260929107,1.7168391828021468,0.015330362506210799,0.5884513286753159,0.007661104202270451,0.4931182601668147,-0.0937695801258087,0.13316424166978544,65,40,17,95,0.18221131129020499,1.2980381955338571,0.04497022751741262,0.3566539288808629,0.04515206441283212,0.41107276030998596,0.02797177210450168,0.24037639774632016,80,22,0.0020470138270589685,0.3025322210779512,0.8115103696520438,-0.7334344544114453,0.02305151522159568,0.20829946980453057,0.1352726966142654,1.1236126195652896,0.2421554923057555,1.106224238193644,0.00012944880872964824,0.4731004455413187,0.0004425495862960316,0.3886936770389322,-0.1068827956914901,0.01738838137164566,79,41,14,81,0.11173052712216659,0.503565649073879,0.035880540931364446,0.2805497986214871
BadRange,0.0686669377599016,1.0077127152300274,0.16195254310965515,1.5823222902133243,0.06710907816886892,0.36910375227179865,0.04213915926404292,0.3479390464498714,66,18,0.004878196469948961,0.708079227063767,1.0507934298017982,12.394901106660265,0.03216123580932605,0.18406188915446475,0.1976778507232666,3.594771313180807,0.3109728693962097,3.5263231292749353,-0.004162811115384091,0.583694441030176,-0.01283526420593255,0.39881120473424025,-0.1132950186729431,0.06844818390587129,99,47,12,61,0.9619879128982141,3.337369021556956,0.05523232849089857,0.6061188221580298,0.053428545594215275,0.3996618502179214,0.031969752637669414,0.22974995945644447,68,25,0.002899998867020753,0.3912633637422063,-0.0408889544015234,-0.610042352182472,0.02508597075939175,0.2059768751852338,0.118362545967102,1.226990455972735,0.2121321260929107,1.1330027999811176,0.01269569005817174,0.5618068326191116,0.00740991532802575,0.5390540373190537,-0.0937695801258087,0.0939876559916172,63,43,14,97,0.24255964017063178,0.41379828380577766,0.040764008614516026,0.2750208111483348,0.04440901428461062,0.389647076254305,0.02590692411526102,0.20640479489853866,77,20,0.0016965534904052131,0.25023368508611354,-0.12128461077811803,-0.26540519462468115,0.02262200415134425,0.15279658018659895,0.0765862613916397,1.1390863784772733,0.1834690570831298,1.059608785889025,-0.0021096355281770155,0.43682101656403666,-0.0025969594717025002,0.37589452831818293,-0.1068827956914901,0.07947759258824821,86,43,15,74,-0.06790415750575785,0.6976424332241322,0.03259656762331959,0.24376440382893305
BadRange,0.06937939733353729,0.9766436508280494,0.16274946793913816,1.562429012483508,0.07327224314212794,0.2922427202789792,0.04210375033784654,0.29904438202699213,77,14,0.004317688835411915,0.6424087508951831,-0.19454490783969192,23.77476026727886,0.0365311801433563,0.1897735600469854,0.1454169750213623,3.9967656690575772,0.2587119936943054,3.9147069911877206,-0.0011693317443132345,0.5650195555160983,-0.0046962201595306,0.4830171154212148,-0.1132950186729431,0.08205867786985686,84,47,16,76,0.3723248319958613,4.434959573484376,0.05209752041231073,0.5684730888789493,0.05109152197837815,0.44008109260877126,0.03277382712811229,0.2497711209895517,72,23,0.0032525515118463754,0.39826810712483435,-0.3496711136303916,0.028214199218490776,0.02644133567810055,0.2282029742342327,0.1347085535526275,1.4059816795024527,0.2003356516361236,1.357779267265296,0.01946915239095686,0.5497234445126813,0.0140420049428939,0.5290885735465536,-0.0656270980834961,0.04820241223715663,56,44,15,104,0.3977442188236386,0.5682164642094555,0.04079458343724135,0.3099552252793092,0.039217729121446526,0.2843431458808818,0.024908608985133425,0.17197183360386045,76,16,0.0017519375262024612,0.25005958711956766,0.8079054823562255,1.016786235141578,0.020252525806426898,0.13245198925767854,0.1166092753410339,1.174801053335404,0.19865272939205159,1.1085982026939512,-0.001649570744484654,0.44768601245472867,-0.0029278099536894997,0.4050454915686463,-0.0820434540510177,0.06620285064145286,91,42,19,69,0.467731105940505,1.0505566554310044,0.03315281742750703,0.22279322559708178
BadRange,0.0715059302823363,1.0077913425283338,0.17020793534815287,1.5708045552406023,0.06941145658493035,0.38075448017307684,0.040463002100586856,0.3282150860748726,66,16,0.004111682164335442,0.612918359971732,0.03024541203657627,15.126412624113378,0.0344488322734832,0.17636182081646146,0.1454169750213623,3.5942356504812216,0.2428958415985107,3.5587042016448485,-0.0032881110906600843,0.5221213177145999,-0.01496323943138115,0.37934984641854785,-0.0974788665771484,0.03553144883637322,97,46,16,63,0.5800080714349745,3.6574958588563335,0.05074528503093239,0.5833589714401434,0.053256858140230026,0.4726346523423779,0.03304353893850927,0.27379083917505176,78,21,0.0031825136886290354,0.4010787738110219,-0.2965839218999582,1.67277488087079,0.02706834673881525,0.22010657112981874,0.1347085535526275,1.7725350647185685,0.20767581462860102,1.7271807061505757,0.016874541388824566,0.5353728648549732,0.0148366242647171,0.44556242929176726,-0.0729672610759735,0.04535435856799285,60,45,16,100,0.2672012599333164,1.123505365045766,0.04141304031018885,0.338311497569918,0.04791704565286625,0.2890192749774311,0.030488066765246867,0.23464795679985742,81,22,0.0023937764540004135,0.36554976643729925,0.1738936241817135,1.9775083971397471,0.0240621641278267,0.16769301923281454,0.1166092753410339,1.661407012035144,0.2235843241214751,1.6088837402335796,-0.0005661784671246999,0.5133103726710293,-0.00022543966770165,0.46568748960322504,-0.1069750487804412,0.05252327180156449,82,44,18,78,-0.040770883477443086,1.2005380002162096,0.038796871114113764,0.31947179491408645
BadRange,0.07056749207222852,0.9749056535880737,0.16926540203392482,1.5306188423970355,0.07379035651683802,0.3260589646328672,0.04408584027551111,0.3291429697501272,62,16,0.004775854495167836,0.6829612661755656,0.7381114826229997,22.693800796230178,0.03588455915451045,0.16347156039336674,0.2215045094490051,4.279227055074806,0.3326006531715392,4.2503160661083745,-0.0021131876856088474,0.538208524684747,-0.0167751014232635,0.4237239290823427,-0.1110961437225341,0.028910988966431076,100,49,13,60,0.7610399704014107,4.369853607232087,0.0547648466166132,0.6271306483757859,0.05157812312245355,0.2745406259991934,0.030657362196943688,0.208072800656006,77,23,0.002670016283287564,0.3424059923972984,-0.22231109551728023,1.3579821876341338,0.02496292442083355,0.14024587886369672,0.1212806701660156,1.4480187266393194,0.19424793124198908,1.4164503815760947,0.01450031385757027,0.5159125884230377,0.01162458956241605,0.4952620649421764,-0.0729672610759735,0.031568345063224756,58,45,17,102,0.15100577630418213,0.9306438617110413,0.03831023411339426,0.2761162680899837,0.047062501311302074,0.435426081828742,0.028826746775302992,0.22485109283752222,78,23,0.002069407282604858,0.301091865870382,0.17076152902442088,0.45897730199512443,0.0238883197307586,0.19691069053101956,0.1055760979652404,1.362817134763705,0.2125511467456816,1.3248321282380755,-0.001291865017265082,0.4764977292892509,-0.00309594720602035,0.4248045577535744,-0.1069750487804412,0.03798500652562947,82,45,18,78,-0.1272359289107656,0.7394237186365865,0.036053219033422006,0.27210619223488786
BadRange,0.06153254970714657,0.8774124821579808,0.1465831626951692,1.3885562996735223,0.060031503438949474,0.33011797169934265,0.03865380050614471,0.2919601317751817,74,16,0.003910173529220054,0.5207467038417076,1.4027163110334797,11.355893991706887,0.030278593301773,0.14655413044750742,0.2215045094490051,2.95298878113107,0.3326006531715392,2.924571399632078,0.008774646371603016,0.5307324316157039,0.0017724931240081458,0.41600808700855674,-0.1110961437225341,0.028417381498991957,80,49,17,80,0.7682743192347801,3.0640454244974498,0.048803175861354686,0.48894763510317735,0.04831747710704795,0.3004907243193602,0.029436176675371795,0.207556723184403,66,21,0.00246098461464082,0.3069338963780761,0.0758773435629263,4.462212108432997,0.0238534659147262,0.15610364436514057,0.1239069402217865,1.5510349155877987,0.1887593865394592,1.5100596288483787,0.014578871615231026,0.47162147358136897,0.008300393819808901,0.40422654733472857,-0.0648524463176727,0.040975286739419865,63,47,16,97,0.5024311527477254,1.820684285421337,0.03652271644718369,0.2907010182902946,0.037868469953536904,0.3478186201382708,0.023379112633410793,0.18706818538589823,78,24,0.0013999798665032053,0.19864371750908988,0.1637827559561611,-0.7875825650326789,0.0191410854458808,0.1769051026423152,0.1055760979652404,0.8696016775321034,0.17059290409088118,0.8484442619997137,0.0017946043051779242,0.3862023944764493,0.0006680935621261,0.374095363855514,-0.0650168061256408,0.021157415532389666,77,44,16,83,0.32746442204438075,0.4008047536879346,0.029618400059598177,0.22246668966329972
BadRange,0.06589464861835127,1.0047397144087036,0.15374057501554467,1.585461033213525,0.05608180165290828,0.4263854038151948,0.04119951794855292,0.33519791748483585,62,14,0.005149435055148246,0.7548544311453003,1.8281203285580325,8.762043899974598,0.02933213114738455,0.1797157055631841,0.2233215570449829,3.071271510786674,0.3404670357704162,2.8994903006288304,-0.0036486703902482856,0.6915419348459786,-0.01053684949874875,0.5530277993138093,-0.1171454787254333,0.17178121015784387,100,48,14,60,1.1435900430842845,2.745185558877704,0.05679121301375163,0.525950742460528,0.04506511241197573,0.30992257109544674,0.029035623325034936,0.24146402786402427,65,19,0.0024146972365658398,0.3064786400542018,0.9122728679713128,1.821533788580779,0.0204266309738159,0.15820054323160354,0.1388769745826721,1.5202853638714269,0.19922700524330128,1.4852811170457965,0.010440177470445636,0.4523724164914086,0.0018345266580581002,0.37533092630686954,-0.0603500306606292,0.035004246825630386,76,50,16,84,0.8977628278580844,1.397619702058315,0.037536577947574534,0.31912041121170126,0.04136303812265382,0.3058670273308261,0.02564714893465857,0.19788172159612064,77,18,0.0018192100750926239,0.26244278278981864,0.9789787531593661,1.8567235672280669,0.0200034752488136,0.1317408023984426,0.0729713588953018,1.2750532360070308,0.18677151203155512,1.2030091196686425,-0.00294288303703069,0.44154668187613777,-0.00541602820158,0.37055191617410693,-0.1138001531362533,0.07204411633838821,88,44,19,72,-0.33480937155513735,1.3444172253576328,0.03369632398984234,0.25976780114939463
BadRange,0.06624993331959919,0.9878061932408551,0.15411625921726202,1.547428142502155,0.06277599930763235,0.4687179809056836,0.04302252786234016,0.36615347284411404,66,20,0.005351038511736441,0.7954034103022448,1.291871764127122,13.356478140052332,0.0324111878871917,0.2219943997498907,0.2233215570449829,3.784258996493407,0.3404670357704162,3.6957818674400915,-0.0006007023155689149,0.6623387250001102,-0.00692290067672725,0.4977292897803255,-0.1171454787254333,0.08847712905331546,94,48,15,66,0.9699100213563007,3.2680964094705107,0.05800922265918467,0.5972527301465211,0.04442870616912833,0.30353941880954616,0.027686546850018166,0.20112409800008138,78,18,0.0022730920798505277,0.28284305439757257,0.7790408895648611,0.8350631353712941,0.0225036740303039,0.1491589943689137,0.1388769745826721,1.210952051127689,0.19922700524330128,1.0951030678790699,0.010971878282725802,0.46076466119256365,0.01004491746425625,0.4005460142051734,-0.0603500306606292,0.11584898324861913,61,45,13,99,0.5562890563868612,1.2123964046652786,0.03617289630406353,0.26559175701379456,0.03670677542686457,0.25854864492355367,0.024097582793328864,0.17950375992893533,73,22,0.0016727625754951868,0.23466438016373545,1.5137072710041188,0.4442224208315939,0.01841334998607635,0.14507677268009905,0.0846225619316101,1.0883001051777763,0.1984227150678634,1.0310027048427506,-0.002950224466621863,0.42432475630948113,-0.006915986537933299,0.3992338468232861,-0.1138001531362533,0.05729740033502573,93,44,16,67,-0.36597610310533235,0.7509496070302132,0.032300052149126075,0.2336939908226887
BadRange,0.05860913466690902,0.8530607148182654,0.13897389851510503,1.3398543661443372,0.052955538034438976,0.49323424288082296,0.03436328889802094,0.3277359232098098,75,15,0.003342065669487221,0.4848799965201937,1.4945313064513108,6.185580913834443,0.0270317792892456,0.14303451381840038,0.1608555316925048,2.5733845574123726,0.2717869877815245,2.559772127577634,-0.0073938652873039145,0.5175096359763272,-0.010359257459640451,0.35572218276180934,-0.1109314560890197,0.01361242983473875,99,41,16,61,0.854782853742671,2.234651721244558,0.045242844941579034,0.4659010336883178,0.0392115078866481,0.30561660512224076,0.024267447213060196,0.2151587119818485,81,19,0.0020122455215490095,0.2485608113225537,2.806764902059509,0.7583937168099335,0.019707627594470953,0.15247177996148334,0.1462171077728271,1.200868807798659,0.2498835921287536,1.181635377844581,0.013089635642245393,0.41194049337847444,0.0132375434041023,0.34751943174502686,-0.1036664843559265,0.01923342995407806,51,47,15,109,0.3829631428187079,1.0945273992607703,0.03306277451816672,0.2808306273141388,0.040832564234733526,0.23430220729424162,0.024303971709450662,0.15975704092282306,77,22,0.0015359485624830815,0.2109012350846668,0.10032702445906905,0.6484973912920218,0.01978540420532225,0.1238121847841207,0.0846225619316101,1.0161114425896334,0.17194792628288258,0.8996696830400315,-0.0034173375926911734,0.4104042367895358,-0.0043954029679298,0.40238693402421855,-0.0873253643512725,0.1164417595496019,91,43,17,69,0.03083859196777392,0.9333208304977723,0.030890997737400474,0.20608153121972236
BadRange,0.0618160681515462,0.8901565775805976,0.14646224148571468,1.4147339103019776,0.0630709379911422,0.36235639818966203,0.038006307906471144,0.312094704027487,75,19,0.0036812875423554497,0.5546894401862137,0.4927281003265742,15.511848756547852,0.03130748867988575,0.20202445137185826,0.1608555316925048,3.3365701259512806,0.2717869877815245,3.3087553132355136,0.00020441375672817716,0.541076023623018,-0.00344657897949215,0.42194114125420445,-0.1109314560890197,0.027814812715766985,85,40,17,75,0.5556153543034653,3.442297640189445,0.048116869558282475,0.511787237869915,0.0415409132838248,0.45203021044566427,0.026731439726427164,0.24481139269044955,80,22,0.002364815859850497,0.30163389686596415,2.0578878945195935,-0.5493766573497232,0.021009594202041598,0.1882499293581396,0.1462171077728271,1.208852274654125,0.2498835921287536,1.183291380776008,0.013809167547151436,0.4616328255425239,0.0136577188968658,0.4061536915877882,-0.1036664843559265,0.02556089387811701,58,45,18,102,0.42987245784975064,0.6255657360361297,0.03599184819042049,0.2975382853476,0.0395981818437576,0.3320261337909965,0.02411729198298413,0.18026488537945884,77,23,0.00151376063833171,0.21636874959635416,0.30881974622979147,-0.5516843952906516,0.019428648054599748,0.16964306713403438,0.0884501487016677,0.9432062297117693,0.1757755130529402,0.8998183692360701,-0.0025206907652318444,0.41202506113643556,-0.00637752562761305,0.387897089065962,-0.0873253643512725,0.043387860475699175,88,45,18,72,0.09276433001228947,0.41218205810866765,0.030751534473524585,0.21587982442060388
BadRange,0.06326196937990528,0.9756887687979883,0.15164112370461202,1.5486711895786103,0.055957615375518674,0.4178458979885711,0.03484843386337157,0.2918423334942523,79,20,0.003233576984358204,0.4750580117112901,0.06408231710782797,5.190471508100828,0.0264127850532531,0.2086380089313024,0.1091426014900207,2.3066342700037477,0.24649322032928458,2.2612515973637017,-0.008500982820987695,0.5433817190237269,-0.009586989879608099,0.45777211152948316,-0.1373506188392639,0.04538267264004585,96,37,14,64,0.006214574714765118,2.0407688026157373,0.04428289737643045,0.4240216022116203,0.04480675235390653,0.40085181119459323,0.028561462088546208,0.2320784549911864,83,21,0.0024242175947412096,0.3140781171206993,1.199739695273081,1.0583068532907411,0.0221729688346385,0.20413721882928482,0.1548770368099212,1.41094682867625,0.24447414278984061,1.3855808108212953,0.011777492263354353,0.47220330985669706,0.0132692158222198,0.4314160429246854,-0.0895971059799194,0.025366017854954827,62,39,13,98,0.39426185718697365,1.0302186850950765,0.03721670920737484,0.3018313291907907,0.04377814382314675,0.34861661265989463,0.028856162186711977,0.2057918074269237,76,22,0.002327403348322008,0.35172390262819997,1.6745164865241433,0.7871135219351766,0.02122833579778665,0.18176958081880396,0.1039259433746337,1.301513056847183,0.2632788717746733,1.2390421489965444,-0.0016285400837659808,0.5330861606981863,-0.0063868165016174,0.505530949036594,-0.1593529284000396,0.06247090785063878,85,41,16,75,-0.4360835546162716,0.6674793269515331,0.038224427632349206,0.2598904536535875
BadRange,0.0752632006732957,1.1011237984585138,0.18089535471051907,1.7481895099931948,0.07821580767631525,0.38870160804636444,0.0435460210870951,0.3836113998354375,81,17,0.004757762871117629,0.6816550163694772,-0.17994656912546425,11.32599938177393,0.039130955934524494,0.2138037201216591,0.1442036628723144,3.546609316528805,0.2834500670433044,3.538757062947033,-0.0015842996537685436,0.5853601242988513,-0.00141602754592895,0.39631971556511036,-0.13924640417099,0.00785225358177219,83,43,16,77,0.15734304937810978,2.9403276633005953,0.05467886155486816,0.5822443999303992,0.0496836230158805,0.37322983659032943,0.03182814603787844,0.21642037185148078,76,21,0.0030767941506225065,0.3607354725231906,0.5046553917242558,0.07067154768174477,0.024697933346033,0.1845014715048121,0.1548770368099212,1.3372210285588015,0.24447414278984061,1.2569774412185275,0.016955575090832998,0.5388354839254024,0.01478021219372745,0.49340686975066905,-0.0895971059799194,0.08024358734027394,56,43,18,104,0.2800560545982203,0.5082814698306672,0.040568349871529255,0.2653145186115304,0.05862307175993915,0.5237207575736706,0.03556163860484953,0.26108979859902304,73,22,0.0032486808989332636,0.4855543982157912,0.6610675019806194,-0.8335036631207857,0.02963901311159135,0.26406609696088623,0.1426214873790741,1.3163198332228727,0.30197441577911366,1.1984538486028375,-0.0015870407223701432,0.6239939017689412,-0.0061555281281471,0.5994812763331756,-0.1593529284000396,0.11786598462003509,88,41,17,72,-0.10527701234960618,0.37535123254167024,0.04517367590529141,0.3101386927988254
BadRange,0.0651051939680755,0.9459903811250677,0.15569308593869186,1.4845421549449687,0.0619352459907531,0.28806789372722874,0.038786254292353946,0.308672011093612,71,14,0.0037957849781774604,0.5600781619534905,0.24188037417256814,12.610279508272408,0.02812516689300535,0.14563583582640388,0.1442036628723144,3.2362060896576037,0.2834500670433044,3.2243131861396357,-0.002203012257814406,0.5120311526302848,-0.01432991027832025,0.37618551603449996,-0.13924640417099,0.011892903517968179,90,51,13,70,0.6039104703213641,3.346246731442795,0.04880985928193552,0.5458042329348431,0.045032247900962726,0.3256190945759961,0.026546608422649998,0.17480456514825332,67,25,0.0022267576040698937,0.24615335465812577,0.5147956546894115,-0.21567319142950847,0.0216374918818473,0.16728556775937306,0.1316845417022705,1.0137317356391926,0.2088587582111358,0.9475708223778827,0.01612865207716821,0.4473199204840351,0.0119944512844085,0.438680152179658,-0.0771742165088653,0.06616091326130989,56,47,16,104,0.38139689225231976,0.47536016604939374,0.03374473297403831,0.2146118435601406,0.04496149346232407,0.2225173835186086,0.030042834550840735,0.20520709895272926,65,19,0.0024796426254355833,0.362290974611007,0.9198187575931329,1.8941850429394211,0.02381127327680575,0.1138217177429085,0.1426214873790741,1.4605211506938318,0.2455021440982818,1.4022425366682967,-0.001150233205407848,0.5251910818306488,-0.005951613187789849,0.47275257279712146,-0.1028806567192077,0.058278614025535025,96,44,14,64,0.5591710762019245,1.2636183107211891,0.03947394465195143,0.2940498294108666
BadRange,0.07025931848416109,1.0918608924565851,0.16740562856197336,1.6972296662083812,0.06517788767814622,0.5263566163658236,0.04320609942078586,0.4090025832302828,64,17,0.005404735833381473,0.7964565414933215,2.768256169979834,9.811618567232657,0.0269066095352172,0.2637487356507992,0.2277692556381225,3.712219756539719,0.33788979053497303,3.6774290047464477,-0.0005559772253036444,0.6358636487295529,-0.01731035113334655,0.4758343213536286,-0.1101205348968505,0.0347907517932713,97,44,14,63,1.4382670196818739,2.739709969687628,0.058300033206574266,0.6262060058141101,0.045162908732890944,0.40720330150974426,0.029062381923431503,0.21388872190799493,69,19,0.002762493168041719,0.3335009204883734,1.0949370291655134,-0.47468443279055084,0.0218010768294334,0.20094548039109367,0.1181502938270568,1.1475314268791275,0.2456206083297728,1.0341434731938783,0.01674609547480939,0.5180645097960088,0.012006416916847201,0.4671529949395695,-0.127470314502716,0.11338795368524907,53,44,14,107,0.11109625208736244,0.4961980938586763,0.03814736755921375,0.2551667771834618,0.04149563983082765,0.40333186403394267,0.03024734522216018,0.23786443876302243,74,21,0.0025705288109406743,0.38554788020752734,0.6153188595225996,0.1965328112660849,0.0240788459777831,0.2024385254826087,0.1335247755050659,1.3511470318053207,0.239327996969223,1.2362341160418984,-0.0024709250777959686,0.5433015076828195,-0.00482609868049615,0.5042434403971373,-0.1058032214641571,0.11491291576342244,92,42,14,68,0.4005988510507313,0.7786482444984142,0.040131545158740345,0.300618282805791
BadRange,0.07208363636686066,1.088064155268845,0.17050803944468476,1.6911914587984378,0.06685340404510487,0.5252118449777372,0.04244918242562558,0.40037882438604394,63,17,0.005390744816997596,0.7889160958357029,2.83434344247177,10.798593957233729,0.03143182396888736,0.21175402735508103,0.2277692556381225,3.742942862190294,0.33788979053497303,3.663239990674641,-0.0009288307279348262,0.6289704177959091,-0.0105283856391906,0.4144542755546812,-0.1101205348968505,0.07970287151565303,101,46,14,59,1.455751336606836,2.9632182938437737,0.058219733706084464,0.6271461626872495,0.039290830492973175,0.3728998743562882,0.029845030046999437,0.22519845820760287,69,21,0.0031249720832922474,0.3727874372145101,0.9960118397531392,0.033027022222068325,0.0216302871704101,0.2046280347694439,0.1181502938270568,1.338752173672356,0.2456206083297728,1.2596149366000036,0.020325727760791758,0.5434848215640695,0.01377027854323385,0.5070952043556098,-0.127470314502716,0.07913723707235241,41,43,14,119,0.0529710020037642,0.6031394358951894,0.03936569196267174,0.2782295562013166,0.04838188737630837,0.32416980227429926,0.03108904863707717,0.2463414332462449,82,20,0.0025938698007142865,0.39155864823931325,0.33968364460385825,3.9646887980548646,0.0229654535651206,0.16114180107400852,0.1335247755050659,1.8965088667513044,0.239327996969223,1.8047867230239445,-0.0028915997594594883,0.518736219438459,-0.0025637447834014,0.4254450677606184,-0.1058032214641571,0.09172214372735978,84,40,15,76,0.1695471934234711,1.8253074089660335,0.04028586251114266,0.3499591160150112
BadRange,0.06778393971026644,1.0544332433771333,0.16059484004974345,1.6594338878449069,0.06009849905967703,0.4016334075364737,0.039215290206484454,0.31298457633709076,73,19,0.005239093045371519,0.7402621218918799,4.288127228156738,15.4669263522429,0.029738634824752752,0.20705772608838632,0.2105908393859863,3.4867859938920134,0.46263539791107167,3.3041628981391953,-0.004277348145842544,0.6916165538678573,-0.0071693062782287,0.5775449779376167,-0.2520445585250854,0.18262309575281813,99,47,11,61,0.6716256616239008,3.443055555102477,0.057241735631087635,0.5117896680354431,0.03431536443531518,0.2990092810153618,0.024131217226386056,0.18138028266389916,66,21,0.00227315356636755,0.20353160717274857,0.3626833623812882,0.5196893913243308,0.017187096178531598,0.16504234478640054,0.115988403558731,1.0871358069385768,0.1671772897243498,1.0429711496383507,0.02177202329039571,0.39167461581639434,0.0167787671089172,0.35690298903494777,-0.0511888861656188,0.0441646573002262,35,47,18,125,0.5308068853083346,0.7805365840646942,0.030865094666174032,0.22388077741920667,0.04701133072376242,0.46674800969374386,0.031872873101383405,0.2641913124670195,80,21,0.0029383755841094206,0.4329129394371323,2.4458518745400566,-0.25895697559732733,0.0234520584344863,0.22660957048410246,0.1925705671310424,1.3999816222029853,0.2949339151382445,1.2744850813643647,-0.0035949424840509827,0.576142718160655,-0.0039276704192161,0.5006202925727312,-0.1023633480072021,0.12549654083862058,90,44,20,70,0.8052483414543826,0.7035813448102177,0.0428372509216045,0.31776171535851255
BadRange,0.06264664970083447,1.0277313883130257,0.1509801548719404,1.6254812634337887,0.040107086300849804,0.4601607267141553,0.034344964949414095,0.31033419167498727,66,17,0.004555838078003833,0.626826472662745,6.011090068530553,4.905834584716885,0.02041700482368465,0.1893235926789174,0.2105908393859863,2.4773044833989863,0.46263539791107167,2.4108105356433303,0.00415516383945942,0.6606443612948018,-0.00377199053764335,0.5402320877018338,-0.2520445585250854,0.06649394775565612,88,46,14,72,0.5097443394996447,1.9280868103015336,0.05336602845845448,0.43632041042349656,0.03642179071903225,0.30380731226191315,0.02448165008565409,0.19558496398901626,78,24,0.0021618989746322527,0.21746310320883955,0.1857202517050669,0.020516213677013173,0.018329277634620698,0.1539727044680671,0.1157192587852478,1.0657334231656996,0.1815325319766998,1.0381917738914215,0.01930027892813084,0.3998817466289364,0.01848024129867545,0.35574038013244946,-0.065813273191452,0.02754164927427812,40,47,17,120,0.17721911843730248,0.7770027337593485,0.03138218206059826,0.23991184197915413,0.049613349139690274,0.44754886162024665,0.030986202618805646,0.25098313511815784,75,23,0.0027704990505345935,0.40779395971533483,2.932248788239453,-0.621662771213483,0.02474862337112425,0.22364584812992688,0.1925705671310424,1.2310325517599447,0.2854586243629454,1.2047788929845726,-0.005247518140822643,0.5649551555100505,-0.0101457685232162,0.5223188093501041,-0.092888057231903,0.026253658775372033,96,45,16,64,0.929634312365437,0.32014197717492976,0.04140945062667916,0.297690496956066
BadRange,0.0619494787114883,0.9183538040166538,0.14984200127422787,1.4501061026643478,0.05032496154308308,0.36916325259785804,0.034794055223464924,0.2848394320846453,64,21,0.003724048527648338,0.5227054786260321,1.5780407628937434,8.912694234340135,0.0253325700759887,0.18808209628304853,0.1670348644256591,2.6392322150854337,0.3010500073432921,2.571546251610281,-0.006360419467091545,0.5801252552372479,-0.01265653967857355,0.5037714784421798,-0.134015142917633,0.0676859634751527,105,45,15,55,0.9403992875817256,2.486398025645027,0.047973529325635283,0.43146282210863796,0.0415653213858604,0.3127589449656923,0.02524289516732094,0.19562586362596288,80,19,0.002169235071461076,0.23148115167645733,0.2160453268211766,3.102934677912115,0.0208761245012283,0.12399411643522877,0.1089428067207336,1.397785874774959,0.1747560799121856,1.3640835518989343,0.018107875157147627,0.40955684657924996,0.0178043246269226,0.3305186505100194,-0.065813273191452,0.03370232287602475,45,46,16,115,0.1017502939005967,1.425073576704442,0.032161178628490335,0.25247641691159595,0.04909631982445713,0.39268889175083266,0.027747641797759525,0.2089083888771695,81,26,0.0019236422541223357,0.2767690011410285,-0.40597830960031267,-0.5843099309289719,0.024697110056877098,0.1988992143607226,0.0806905180215835,1.110072927478587,0.1699233800172805,1.0725505459611204,-0.006254819454625244,0.46042400084784996,-0.005978226661682099,0.46373396387704424,-0.089232861995697,0.037522381517466466,93,44,16,67,0.11078501155475158,0.21747522852587603,0.03421211881964946,0.2545166803655266
BadRange,0.06747129580877811,0.9889351366504198,0.16247316725552058,1.5794114700507504,0.0740188360214232,0.35393080532252436,0.04069113336503501,0.29393176404094146,72,20,0.0041768627786543475,0.6020565592800594,0.3362378519365383,12.747956049707891,0.037977159023284954,0.18597842191372965,0.1670348644256591,3.1324804704458975,0.3010500073432921,3.0422967429223164,0.0005514301359653539,0.603212917712574,-0.0073949992656707,0.5330804691626336,-0.134015142917633,0.0901837275235812,88,44,16,72,0.5075345789633475,3.1104192281710716,0.05125087057608541,0.4880478820615277,0.048958063125610275,0.3285889080765134,0.029047803222201747,0.19920995472581227,78,21,0.002805688198499303,0.3125066864570766,0.4757439398924972,1.0639874611915872,0.024591371417045548,0.16340206649139674,0.1461628377437591,1.2496938209208774,0.2236572504043578,1.0932540645231577,0.020022832415997966,0.4994376797339889,0.01930536329746245,0.4453483042821722,-0.0774944126605987,0.15643975639771973,46,44,17,114,0.1780492108474407,1.0798839674331622,0.0368937458674059,0.2511348054710977,0.04509592056274405,0.33747670025744164,0.02814402125542979,0.2077906546230876,84,19,0.0020089228592088757,0.2965034043817257,-0.29058521214446387,0.33598056126018294,0.02223083376884455,0.1394884914320536,0.0806905180215835,1.1910769037534257,0.1634648591279983,1.1248999257540113,-0.0016648558434098932,0.4767608726041876,-0.0004597827792167,0.41506984476127134,-0.0827743411064148,0.06617697799941437,81,44,12,79,0.002505101422944522,0.8413110579560807,0.03550611664234892,0.2630636324835101
BadRange,0.08045826347070453,1.1397013499235569,0.1872853280953129,1.7778529067002733,0.08012691140174863,0.5639580968245335,0.05311504927463826,0.490996722155842,79,16,0.008074652196755983,1.187199255160526,1.031774397195857,11.99224299308281,0.04105210304260245,0.2653621465746324,0.2058979272842407,4.823582332507346,0.40314793586730946,4.7321444882355035,-0.012200810760259622,0.7233530418181721,-0.013971328735351549,0.48490653098335845,-0.1972500085830688,0.09143784427184273,92,47,14,68,0.6792079324354484,3.2339825223744834,0.0702039998843609,0.8148371813147235,0.05381534248590463,0.37476343082776975,0.034014814917463776,0.2896045864891192,78,21,0.003216655839861164,0.45389839404662086,0.26690965535167344,0.9517169576917608,0.026537105441093348,0.19115067859147883,0.1308515071868896,1.6533713296499726,0.2472689151763915,1.6232807661660933,0.01022129924967884,0.552013564804572,0.0095928013324737,0.4718699806017025,-0.1164174079895019,0.030090563483879236,63,41,15,97,0.07276047434939215,1.1709380642726215,0.043794085830998024,0.3862375154207183,0.0428563961759209,0.3356247138580643,0.027223225693778618,0.1910980900859493,82,25,0.002074578977481099,0.30734204581622265,2.534559840717975,-0.18134200151614088,0.02159854397177685,0.17350947076754208,0.0675240233540535,1.0839929012581748,0.2414097860455513,0.9687970340965562,-0.0041217888021492345,0.5024863000775293,-0.00291323289275165,0.4930750595455129,-0.1738857626914978,0.11519586716161868,86,39,18,74,-0.8816080474292249,0.5112052238391336,0.035884128241031314,0.23419983785352624
BadRange,0.07944416457727918,1.1454149300674528,0.18625966973602748,1.787319413757908,0.07707160711288442,0.4718105702496822,0.04793089141603555,0.4522071209937,79,16,0.00621036805384061,0.93121873413118,0.3407674390850879,8.621944167197308,0.03921025991439815,0.1891226138538253,0.1718040704727172,3.753896834531955,0.2941828966140746,3.714786922371981,-0.004044713452458384,0.6321464523708495,-0.0052275359630584,0.37237604122985224,-0.1223788261413574,0.03910991215997416,85,48,17,75,0.6174533076647148,2.881264888004001,0.0623652889002404,0.7291156265546154,0.057253390550613306,0.5387936131518758,0.036937768912175636,0.3149852281634565,79,21,0.004034930974515471,0.5301129306662059,0.3403526302465343,-0.4246931515057182,0.02899301052093505,0.2626248345567964,0.1404004693031311,1.5757301054804413,0.2818497121334076,1.5105112359154238,0.018016954232007252,0.6231705170424282,0.015380501747131299,0.5308260284511495,-0.1414492428302765,0.06521886956501761,53,39,17,107,0.09562264644902636,0.7031189091119888,0.04702169946581053,0.3765254803532936,0.0443551167845725,0.370929335907002,0.028964972997782702,0.22856225627302817,74,25,0.002419894147283615,0.3590386456137866,2.912741498043135,-0.14487667368706347,0.020058155059814398,0.18237269343488202,0.1773099899291992,1.3155046517835884,0.2873886749148368,1.2156771563080082,-0.0023923219647258493,0.5320024443446305,-0.00608485937118525,0.5266945173235476,-0.1100786849856376,0.09982749547558016,87,40,15,73,0.6456762837256079,0.5330847213217046,0.03893824347864014,0.2757028197627382
BadRange,0.08423480251315241,1.262451854203698,0.19721916425973154,1.963690802101636,0.08693459630012498,0.5245131108547247,0.05176089035812761,0.4816115597249164,75,13,0.007210490150078242,1.0820344746504393,0.12812321824222384,10.115914351479136,0.04277887940406795,0.24401957704257674,0.1718040704727172,4.347408150647479,0.31229788064956654,4.277692235837348,-0.008871513232588762,0.7066952363287581,-0.01364177465438835,0.49035346731110363,-0.1404938101768493,0.06971591481013105,99,46,16,61,0.614906402760596,2.9768023992819335,0.06675103539498316,0.7632930745137676,0.0636882185935973,0.4523327087926542,0.04090605988400054,0.2956718425772693,79,19,0.005099265676671067,0.7000533988660552,1.6340489246145804,0.30268104627712855,0.0317902266979217,0.23112125100189576,0.1937091946601867,1.8314979186705673,0.3916693329811095,1.7098353708172727,0.018112804926931847,0.7441066259260254,0.016940951347350998,0.7038178268839268,-0.1979601383209228,0.1216625478532946,56,40,14,104,-0.21280957511153734,0.8469834599910576,0.05363719112985136,0.38256859269814825,0.03630333021283143,0.37272222318276027,0.02725457170978184,0.21756228265838778,72,23,0.0022766799124810094,0.33675407974744465,3.3138390949850134,0.07559448601414909,0.017773654311895398,0.18830012572276422,0.1773099899291992,1.2220793218805999,0.268160343170166,1.1800629475697302,0.000350849842652682,0.5128889398468526,-0.0058971382677554494,0.473933565113399,-0.0908503532409668,0.04201637431086976,86,42,15,74,0.9242825816876001,0.6592746600371824,0.03783847630382014,0.27147562529666713
BadRange,0.08619774248065479,1.309908661526452,0.20394773393869378,1.9897043219139967,0.07782046496868122,0.574599811734395,0.0510682772658765,0.4617694572977309,74,17,0.007210754551317813,1.0002888789783677,0.6095369273098794,9.532677967896523,0.039968043565750046,0.22735065810732086,0.217648446559906,3.9494830814017265,0.3581422567367553,3.8820853498081753,-0.007097458094358439,0.6849005973999883,-0.012003511190414349,0.43263996174038616,-0.1404938101768493,0.06739773159355143,95,49,15,65,0.6365579306645834,2.9339274957409147,0.06696547638217608,0.7288347210853134,0.07639447599649421,0.5826962381125806,0.04558005781844255,0.32409745369628756,78,20,0.005905366082163887,0.8316762104266607,0.8447724884578744,-0.5496130327677782,0.038020044565200695,0.26998230837955806,0.1937091946601867,1.6930127557126473,0.3916693329811095,1.642399456139655,0.01700869277119636,0.81667062746145,0.014502227306365901,0.7495551934582492,-0.1979601383209228,0.05061329957299225,64,41,16,96,-0.13417848471668775,0.29171952648544025,0.05850599643786441,0.4058636429496763,0.041030153632163946,0.28607686825069356,0.02803496394219106,0.2102832932243429,77,24,0.002220631000192844,0.31778038739498504,0.2650679321395222,2.5325413592908808,0.020849864929914398,0.1511498206095393,0.0978223085403442,1.5612776089537783,0.1998761892318725,1.542115999237246,-0.0044182863319292545,0.48813309705255803,-0.006714746356010401,0.4799796189263711,-0.1020538806915283,0.01916160971653242,94,41,18,66,0.17380096832562245,1.0977070725530698,0.03710767092216293,0.28196891133042123
BadRange,0.0890572420473457,1.2004158781645773,0.20894962441176154,1.904411003622833,0.09875622391700734,0.4148947695436253,0.05783308777026828,0.43536771634991966,74,15,0.00838415991229513,1.1993663094221778,-0.15067753746830181,22.231599557071462,0.0475671291351318,0.1947944272814891,0.217648446559906,5.749271775231089,0.3457262516021728,5.696618127891413,0.007227251306176186,0.6763391566604281,-0.0034394562244414997,0.4500922452465004,-0.1280778050422668,0.05265364733967607,82,49,14,78,0.6233259423921748,4.464476818055282,0.07225299216448644,0.8613545463919251,0.0614495836198329,0.2996780682775585,0.03816394664347169,0.19643828608985137,76,26,0.0045698604834382315,0.5648054539900499,0.44826375586075207,-0.17090775599731822,0.029275462031364403,0.15559900459637488,0.1522310376167297,1.266214413441502,0.29103586077690125,1.0849390226912439,0.021665783226490005,0.7076426530775057,0.020201891660690252,0.713812647033665,-0.1388048231601715,0.1812753907502583,50,44,14,110,-0.22616197111006633,0.11553065118970923,0.04900783291860343,0.2530757387334444,0.0502686202526092,0.4077971351595707,0.029577470371732455,0.2152771797815242,76,24,0.002430654246219379,0.3363198497580008,0.24588629027743503,-0.22637750394344813,0.02485764399170875,0.20413693438750008,0.1063244938850402,1.2352268152766632,0.2083783745765685,1.2046926015950281,-0.008866012818180011,0.5204291938848989,-0.010595671832561451,0.4965395760440695,-0.1020538806915283,0.030534213681635128,103,40,16,57,0.251076451389279,0.38885017598009547,0.03807378101264335,0.25587751739907705
BadRange,0.07526601492913867,0.9761027257015494,0.17400411717593647,1.5244565677942061,0.07965090870857225,0.3188476655755974,0.04770879427436736,0.4069526173957857,69,12,0.006454221906322984,0.9279719144341556,0.8632667360607527,14.73718211809183,0.038254737854003795,0.16675839606941892,0.1808472275733947,4.545471321452493,0.2940167784690856,4.456113204603859,-0.014253777638077716,0.6087220554739503,-0.02111792564392085,0.4374734860326538,-0.1131695508956909,0.08935811684863354,108,47,13,52,1.0510360782054682,3.6605468661841654,0.06208712494366011,0.7466119297290423,0.038987211883067974,0.35330544314164974,0.025777816977351885,0.2158335039104,72,23,0.002448518114786995,0.26662210842385475,0.940653194183005,1.866397602499891,0.018759131431579548,0.18598711203711063,0.1412014961242675,1.4375113085741709,0.21146333217620839,1.4077874034737359,0.01838831622153518,0.4375546709868056,0.0164054259657859,0.4073479967729087,-0.0702618360519409,0.029723905100434912,42,48,15,118,0.3088320877719483,1.1927506388508136,0.03463656624924463,0.2741678652239957,0.0446051880717276,0.31032647354360776,0.027329867231310305,0.19421046237669748,77,23,0.0020237052324801005,0.2889079920777527,0.7264491718557524,0.698925290832205,0.02118428796529765,0.1540239135407517,0.1063244938850402,1.2506102439035744,0.2066550254821776,1.1779426340685821,-0.006485428893938652,0.4781798413334504,-0.0088836252689361,0.4564415707225817,-0.1003305315971374,0.07266760983499233,95,39,17,65,0.3227630515900877,0.7965373426937582,0.03507770324963799,0.2454628921447576
BadRange,0.07354794400852617,1.0052556936283545,0.17182727903127645,1.5510223599744979,0.07107536494731895,0.5558463023582645,0.04776643253862854,0.45613621253887005,70,16,0.006224360307069639,0.9346184869655701,0.5137747686079557,8.30092723075031,0.0358261168003082,0.2933462975541667,0.1875690221786499,3.882609361944785,0.305806815624237,3.828458537820354,-0.005494341254234304,0.6331808719613096,-0.01346817612648005,0.47010058679683997,-0.1182377934455871,0.054150824124430695,98,45,11,62,0.8912286041325336,2.7737940452987715,0.06232426791321969,0.7305480616276289,0.041115924715995775,0.34024302337645923,0.02650432870723305,0.21761500144096033,72,23,0.0027430561264170953,0.2785334623727679,0.6915986745222429,-0.27614591123461185,0.02056147158145895,0.18094537770514396,0.1412014961242675,1.149662153337924,0.2157926559448241,1.1220498877895912,0.02309174044057724,0.4563773076135159,0.020129621028900098,0.3929837414229472,-0.0745911598205566,0.02761226554833296,37,44,18,123,0.30939932909519746,0.6332022023724759,0.034476229746672596,0.2650532313860863,0.04645564593374718,0.3135349177165373,0.026898699835874097,0.19448029781919815,82,25,0.0018277727270943718,0.2729228764777967,0.03724010810956724,-0.04507566404753405,0.02216472476720805,0.15486512949363013,0.1036521941423416,1.1410082282529288,0.1890562772750854,1.064759995015774,-0.002388061024248598,0.4614641803996723,-0.0012239664793014002,0.45856951988063993,-0.0854040831327438,0.0762482332371548,84,39,16,76,0.06809354367275157,0.5422584173863698,0.03382016991843247,0.24489525656054548
BadRange,0.07066508522339257,0.9753895079719977,0.16681452892720675,1.51999840394988,0.0597565621137618,0.3839451549095445,0.04313658369705077,0.41476134546883736,62,16,0.0055767312904809714,0.8365571248157723,1.171624532638062,12.579038388148483,0.0300467610359191,0.2075822108690199,0.1875690221786499,4.196329113794093,0.305806815624237,4.1247952329350275,-0.009486461430788028,0.5879439303798253,-0.0193211436271667,0.38011343303506007,-0.1182377934455871,0.07153388085906569,108,45,14,52,1.122103395434927,3.2954092972553664,0.05845356470085258,0.700627618314676,0.04805684089660635,0.4058332337787921,0.02971898654010145,0.25102036957971396,73,19,0.002847472138426918,0.3350556464290861,0.0028254739055655342,0.16694519055934176,0.0241502672433853,0.20800135382936535,0.1303087174892425,1.3977680902017884,0.2075212597846984,1.3555768597396494,0.018685068562626823,0.4873075701416426,0.01540364325046535,0.4219554100579058,-0.0772125422954559,0.042191230462139025,51,41,14,109,0.1463637672177281,0.8646665150680042,0.037941209727009755,0.3123891459569845,0.04098354279994955,0.23504513203337163,0.02565723906503986,0.1613710289330781,84,22,0.0016736874525911493,0.24198805686877692,-0.15580699274755805,0.08553370811107985,0.0208144485950469,0.11332652867541204,0.0773528218269348,0.9920332554278161,0.1627569049596786,0.9366270958898644,-0.0027327336836606235,0.44474690342841183,-0.00094097480177875,0.42362697140239813,-0.0854040831327438,0.05540615953795164,85,43,18,75,-0.10529721428123141,0.3617972776760694,0.032328297466623114,0.2102100110832398
BadRange,0.06282367959443824,0.8571486117443774,0.1458621524274347,1.342244336647745,0.06404121220111837,0.29352341822194594,0.03918539519421752,0.32255618621783166,71,14,0.004055724779825519,0.6009285755112764,0.306112954105235,14.903402993331607,0.030261307954788253,0.15531180041272838,0.1429145336151123,3.586617419918875,0.234487235546112,3.543827350210566,-0.003051684051752082,0.5089595225950174,-0.0104646980762481,0.35402467805240834,-0.0915727019309997,0.04279006970830896,93,48,14,67,0.7594198111413096,3.667348716352667,0.050412289724926396,0.5847125617524636,0.04103530198335638,0.37717756065812186,0.02660481521626932,0.2208799468180321,74,18,0.0025062234593689874,0.298296900814916,0.4159149588767046,-0.439877860365101,0.01898810267448415,0.1624936183931958,0.1303087174892425,1.1445602885067299,0.2075212597846984,1.1236544100905241,0.0179025371558964,0.47294203954086345,0.0156636089086532,0.4217964581814618,-0.0772125422954559,0.020905878416205798,44,43,16,116,0.21962831429271046,0.640387559123488,0.03540797373846767,0.273171609157768,0.034941080957651055,0.24899978789996538,0.02136105950223278,0.16858782425588947,86,22,0.0012393105102514637,0.17646164800174424,0.40176289760154305,0.7980909405443048,0.0167249664664268,0.136409843613499,0.0773528218269348,0.9812964791610509,0.162009947001934,0.9736461699567802,-0.003777678962796924,0.3603427745118644,-0.0014891326427459,0.31329582640114206,-0.0846571251749992,0.007650309204270705,86,46,15,74,0.010079466872852877,0.9240452604080663,0.027660078819720737,0.21590445307782768
BadRange,0.06189351493656241,0.7937802164674004,0.1413639810308812,1.2232241617815363,0.06127226352691642,0.3028923008448404,0.03940417516976591,0.34379794547445996,72,14,0.004270959032689236,0.6336023407131333,0.263437419366384,15.80703757880169,0.0310385525226592,0.1412741971742146,0.1429145336151123,3.85774275127996,0.2455281019210815,3.8184987287643435,-0.003830111399292935,0.5062122356956531,-0.0087247192859649,0.33537921370484114,-0.1026135683059692,0.039244022515616345,95,45,15,65,0.6271866843279996,3.676207974671361,0.051685353249037246,0.6142894375985491,0.036291383206844274,0.24321897481621169,0.02348192307079442,0.17463633200646084,73,21,0.0022682730595028735,0.2245605075251973,0.3038711992315588,1.8336188003081713,0.01778389513492585,0.12467256807159562,0.1106153428554534,1.1712434083585677,0.1742033362388609,1.1166932676048138,0.021941705304197937,0.40982217147617306,0.0196377038955688,0.3755281169217337,-0.0635879933834075,0.054550140753753806,33,43,15,127,0.014716990151450981,1.3101353952261638,0.030693981226866746,0.23792077524199423,0.0294108353555202,0.22835981819046852,0.01839827745105136,0.1306423390207748,82,24,0.0008918504092729029,0.1233371336149186,-0.1612091333668464,1.0921862064987788,0.01609683036804195,0.11593719399903771,0.0501090288162231,0.8705764681276088,0.11347389221191401,0.8425619052343329,-0.0044194921385496844,0.3071897546097102,-0.0025741979479788997,0.2932685919933771,-0.0633648633956909,0.02801456289327591,88,45,14,72,-0.1479221826899813,0.8666770966713468,0.02326494044955024,0.1702104235284803
BadRange,0.06470001935555461,0.8559901807682209,0.1487282051518557,1.3082250875023198,0.07000021636486045,0.41366750047903933,0.042361985170282376,0.3956356599549775,65,15,0.00517295649422745,0.7782812140643439,0.8234873230066873,12.065598896785842,0.0347620844841003,0.16384297268632309,0.1659290790557861,3.954588574888394,0.2685426473617553,3.9138946340116068,-0.006317867711186399,0.5526588875116021,-0.0124927759170532,0.32922985035225194,-0.1026135683059692,0.04069394087678742,105,44,14,55,0.9220076746066971,3.363211818552481,0.0566856707147271,0.6876404351976275,0.04095041751861563,0.3570665325052591,0.024405866551387566,0.2061040298313532,75,20,0.00209119021927222,0.2245098531288371,-0.025341657675812534,-0.34082275519063243,0.020752549171447702,0.1524939980249792,0.1092036962509155,1.027299526779277,0.172791689634323,0.9511671784251567,0.018863505753688493,0.40619006764428756,0.017056219279766,0.3359257268897755,-0.0635879933834075,0.07613234835412029,44,40,17,116,0.2988977801830576,0.7682965258603633,0.030937746991440144,0.2439661494469392,0.03509352356195443,0.20853477034255946,0.02059918920509513,0.15128814785717518,78,21,0.0011245527913804688,0.15873494191261597,0.5875637810090084,0.29781081429301404,0.01751517504453655,0.1002720458888355,0.0822481513023376,0.8592798617413251,0.1727053523063659,0.8119420925883719,-0.002981938794255255,0.3493761323464302,-0.00447738170623775,0.2989907714221751,-0.0904572010040283,0.04733776915295315,89,43,18,71,-0.04045573873355802,0.863502129804953,0.02642570762128507,0.19149741528090047
BadRange,0.06810148990644418,0.9355540280897858,0.16175845742225625,1.4497132779890975,0.07783690094947804,0.46311576125240134,0.0468878837767988,0.3797302208010902,66,14,0.005476355043386462,0.818190358936547,0.3505563123440312,13.524450548651284,0.03782939910888665,0.2401705978677691,0.1659290790557861,4.02217413451494,0.31729179620742787,3.9353356280516443,-0.0012771878391504231,0.6351180528374036,-0.01262363791465755,0.530538211750134,-0.1513627171516418,0.08683850646329604,95,48,15,65,0.6923549737915696,3.3123507190462282,0.058673733365185395,0.6440616569060542,0.046728566288947976,0.3989400931622993,0.02753844827879217,0.25584860835300094,77,20,0.0023346294177242965,0.2974278255140196,0.574730325270115,1.7038296775272608,0.023215740919113003,0.1947744334562917,0.1397587954998016,1.6125128091885301,0.2108545303344726,1.5657162018925463,0.015139333531260474,0.44053519378368877,0.012162148952484051,0.36429945071547515,-0.071095734834671,0.046796607295983686,54,39,15,106,0.43144790444062914,1.2261947624289826,0.035180668881509024,0.32149116403407946,0.041041072458028724,0.32204337019023843,0.024221509578637734,0.2032097192315201,76,20,0.001478246035164033,0.21175586864737833,0.033552345077464185,2.781631775527038,0.019347757101058898,0.1416171780606593,0.0822481513023376,1.3823951972460062,0.1727053523063659,1.3566427417907938,-0.0037230406887829247,0.37406003136800514,-0.0049674287438392,0.3060370014856249,-0.0904572010040283,0.025752455455212396,90,43,16,70,-0.055653546450172765,1.5358614695340407,0.03026163047908218,0.26802044992937646
BadRange,0.06681523280232134,0.9274228772228201,0.1611689422279594,1.4590510704040967,0.06503622233867634,0.4820943276213877,0.04400031100958581,0.405060987483021,65,17,0.005107545945635856,0.7632502701878988,0.8347348019500496,9.80315687959074,0.0306290686130523,0.22012550759700183,0.1765542030334472,3.521194567215589,0.327916920185089,3.5117091951846864,-0.004272279143333423,0.595286034350789,-0.0200681686401367,0.4008801383551962,-0.1513627171516418,0.009485372030902937,99,46,14,61,0.8949382615382179,2.9365517974636646,0.056514828883374314,0.6394410117397932,0.04412523657083508,0.2477486597938966,0.027257141128648042,0.20012680431630528,83,19,0.00233699967586856,0.29050876895763605,0.5554071921356032,2.911737008425068,0.021548643708229055,0.15032532858495656,0.1397587954998016,1.512053820151965,0.2108545303344726,1.4289883199742435,0.015187853761017306,0.46471680672647603,0.016598284244537298,0.3918612715703396,-0.071095734834671,0.08306550017772152,50,44,16,110,0.19177081541386706,1.5298686860092463,0.035180810886665526,0.27303307217914685,0.04279122501611694,0.2606737607419151,0.024798788945190563,0.19991234393863233,72,19,0.0015179803498215816,0.22449723932825522,-0.3718988903945566,1.3504381833822992,0.0192644074559212,0.13726222622304884,0.067364364862442,1.2635702840201575,0.15245832502841938,1.2050800442037812,-0.004477583570405827,0.39904822932683176,-0.00835984945297235,0.3160328786313021,-0.0850939601659774,0.05849023981637627,95,43,14,65,0.06375695650832149,1.2508782045248963,0.0305700797366136,0.25545596489292527
BadRange,0.07466825620874039,1.0514521434221482,0.17672002397477604,1.645200812193602,0.0644888281822204,0.6082794584121585,0.04892035899683829,0.41994520901199794,66,21,0.006777525255042244,0.9996601589022908,1.5332724232412334,15.326882129542955,0.0326400399208068,0.33303473520223675,0.2691590189933777,4.553334597662136,0.3806648850440979,4.492886242638118,0.0008384175598621424,0.706793316194707,-0.01183381676673885,0.6089942923317644,-0.1115058660507202,0.06044835502401855,92,47,17,68,1.1602502496601195,3.4406259094901164,0.065283130554458,0.707179868975906,0.04517537169158442,0.3581793112939194,0.028921675906749413,0.2166969370304406,83,21,0.002881397327733064,0.30749878348831605,0.1480546138467056,0.41088217232512125,0.0228468030691147,0.1895801515890174,0.1351733803749084,1.2710258524320242,0.2076891958713531,1.226324315182676,0.02189724044874308,0.4800827432738091,0.02398099005222315,0.43334002131258853,-0.0725158154964447,0.04470153724934827,44,46,16,116,-0.01972449057547513,0.8367645046901971,0.03646498022701471,0.27752359016669187,0.04227849841117855,0.37156205015316146,0.026982704309630158,0.19747632992605937,69,21,0.0019083164042587237,0.2669518375660462,0.7262511925818189,-0.5119557949008113,0.020563237369060502,0.17716908609798493,0.1110111474990844,1.0200937764235714,0.2043482214212416,0.8877231041085999,-0.0013380098622292158,0.4583247527250856,-0.0059053897857665495,0.418237959380255,-0.0933370739221572,0.13237067231497146,92,44,15,68,0.397824447545562,0.6474352829356542,0.03461787784419348,0.2385167889385049
BadRange,0.07296344542814219,1.0468936534453253,0.17223615095019315,1.6641623457383847,0.05524653196334822,0.5086679256106816,0.044166794531047306,0.4464041672030155,67,15,0.006074936570938897,0.879276942504745,2.751026134571581,8.40723076107789,0.0284137427806853,0.1969668854687176,0.2691590189933777,3.8312636967966736,0.3806648850440979,3.7584467740482537,-0.004282680153846731,0.6602181033738943,-0.0142501294612884,0.45246820761891376,-0.1115058660507202,0.07281692274841983,97,48,13,63,1.3880251711170182,2.5912858693270118,0.061662453087690285,0.665874611681601,0.055627968162298154,0.2868225556012718,0.032107141986489264,0.19563772328278334,80,23,0.0032799633090698486,0.3898297829708043,0.461244652887669,0.3086541242617189,0.02756530046463005,0.1525083984101384,0.1473526358604431,1.2562567431751284,0.2199298739433288,1.158425602560103,0.01933166971430181,0.5694361005063128,0.01905152574181555,0.5338537288471249,-0.0725772380828857,0.09783114061502529,52,43,15,108,0.2529634603773539,0.6527520560996491,0.04107074570396856,0.25607090895095597,0.04266715794801708,0.3117717379233735,0.026128144189715336,0.1979469949633045,75,22,0.0018502921177300413,0.24535466095306002,1.1893801660596024,-0.38016177991407085,0.0212348476052284,0.14811601362706997,0.1110111474990844,0.9931226238328013,0.2059129923582076,0.9406961188172162,-0.0044228672981262125,0.43450814185817743,-0.0083857104182243,0.3511655939527937,-0.0949018448591232,0.05242650501558509,91,45,16,69,0.42382286119390916,0.6613111811509145,0.03382337873983104,0.2378178622644103
BadRange,0.07528866385597484,1.0667281934215935,0.1739598156511781,1.6371910798543006,0.06418125331401817,0.3440011425877382,0.051118106488138394,0.5139919221891976,62,12,0.007598126147433525,1.1512403882876612,1.0966594059392465,12.155143514085688,0.02979403734207155,0.15445573294289533,0.2074092626571655,4.928042648774389,0.4016216993331909,4.8638127592396305,0.004345003515481958,0.6688213289300938,-0.012155532836914,0.39121005925786356,-0.1942124366760254,0.0642298895347587,95,50,16,65,0.9756375725524247,3.277422273921251,0.0689905638363812,0.8389984614144678,0.047722589224576846,0.2540432198210175,0.030255030728876565,0.18320454595265281,72,21,0.002910347170016525,0.364531770584779,0.6134439831330205,1.6433264462530799,0.02353729307651515,0.13088493615104696,0.1473526358604431,1.3749828555363126,0.2199298739433288,1.292689309093711,0.01658444181084632,0.5503734014309887,0.01338835060596465,0.5163522109624257,-0.0725772380828857,0.08229354644260162,52,42,18,108,0.46285946847689874,0.9145596351134193,0.03941615760490962,0.2482355526149767,0.0429222173988818,0.3197687365910591,0.024850254845805424,0.19999876738439198,76,23,0.0017084041879773509,0.23746465664294264,1.1343737580461655,0.08984448363022324,0.01967153698205945,0.16746597055276125,0.1057990342378616,1.1110073134826113,0.2007008790969848,1.0956603864203938,-0.007448880653828374,0.41799634949321834,-0.01106216758489605,0.37934539700085146,-0.0949018448591232,0.015346927062217615,96,42,17,64,0.5147604186932438,0.8301893692229341,0.031916034407768336,0.2504869426802242
BadRange,0.07492675026692247,1.0689213939080044,0.17413182601332644,1.6496163134322979,0.06150946021080005,0.42786645977861715,0.04660320829600092,0.47501076628097444,61,14,0.006652710794153045,0.9980881108136288,2.2433660744992965,10.909053756521633,0.0251578390598297,0.21018439831384533,0.2074092626571655,4.4279522064880155,0.4016216993331909,4.342467066347453,-0.00778593719005583,0.6591389150791342,-0.02598905563354485,0.42601768578090626,-0.1942124366760254,0.0854851401405628,109,47,17,51,1.2110667121179546,3.0238709296557142,0.06421131331904556,0.7507489603335664,0.04887560755014412,0.45878645571838744,0.030164083479903608,0.24646226724768383,76,22,0.002750043110308101,0.3331772105198999,-0.17300477998051234,-0.40277874007038017,0.02486799657344815,0.23696117606756845,0.1160568296909332,1.2155488582876437,0.1982124745845794,1.133675880574681,0.01716329930350183,0.49392309146808294,0.0132770538330078,0.44550645479986517,-0.0821556448936462,0.08187297771296283,54,40,15,106,0.2587053804295268,0.6194522826100143,0.037857037941732015,0.2986924676561358,0.04192075505852692,0.3178119136267328,0.027144254134036556,0.19410340174062474,79,25,0.0020012978478592697,0.3027890497920986,0.521598845408477,-0.5788671881540282,0.0207227766513824,0.1759070520022329,0.1057990342378616,0.9916430894329905,0.2080719023942947,0.948933365719137,-0.0032586645334959008,0.49655430688508057,-0.00349330902099605,0.4962920691397526,-0.1022728681564331,0.042709723713853495,86,41,17,74,0.3021502147346534,0.2446854589433188,0.03532693323362873,0.237113622776035
BadRange,0.0707687541936268,0.9606348067833401,0.1658392500877378,1.4861128331004387,0.07192866504192341,0.3895796797237009,0.04291787353344258,0.3512715602382275,66,15,0.00463383937898729,0.6966390080235095,0.5855261879843336,21.127742567635092,0.03237202763557435,0.18536539915435468,0.1714621186256408,4.235708500079894,0.2883782982826232,4.199052196284956,-0.002889393642544738,0.5482881696449489,-0.0164684653282165,0.3820195047226673,-0.1169161796569824,0.036656303794937624,96,48,16,64,0.8113536316953289,4.197976506956757,0.05390698736516355,0.6293004775549604,0.050939284265041254,0.24444837548129195,0.02936986131127921,0.18866257954969354,84,21,0.0029513973971986825,0.31045307345427886,-0.10917117616229266,0.36411034230142914,0.026068918406963352,0.1174322665842713,0.1165190935134887,1.1438851534989993,0.1986747384071349,1.0936103234761823,0.02213770234957335,0.5008501845762544,0.023472249507903997,0.44218328966083814,-0.0821556448936462,0.05027483002281718,47,39,13,113,-0.03470723673080612,0.8731963036090699,0.036919705606475256,0.24413554854672598,0.03763036057353013,0.3030823933012465,0.02525380615261379,0.19688206563920752,85,25,0.0016955884228514802,0.25287916354796286,0.43466147045255843,0.030649819124774158,0.018176183104515048,0.15861163353457922,0.0791143029928207,1.1016138653896645,0.1813871711492538,1.0333183862485225,-0.0019816574640572106,0.4369744788792355,0.0016379952430725,0.43201962216526907,-0.1022728681564331,0.0682954791411421,76,43,18,84,-0.16509901273999872,0.6503915462118971,0.032595339374027026,0.24886234820917244
BadRange,0.07062075909994468,0.9288911336470044,0.16622971713542917,1.4359170684984173,0.06984291970729814,0.37144643750565476,0.04383928017690773,0.3632784049061376,67,13,0.005062790006790501,0.7351546706609747,0.5696674024726587,20.94627056608407,0.03253537416458126,0.18528780026814506,0.1714621186256408,4.493921485729517,0.2788204550743102,4.467074873077358,-0.008525995910167686,0.5252825608246752,-0.0213955342769622,0.3884596386470681,-0.1073583364486694,0.02684661265215902,102,48,15,58,0.900518127369647,4.192359942758562,0.05577629304548407,0.6776672501710895,0.043309114873409243,0.2714692423029754,0.026839362981263527,0.18571630092837302,86,19,0.0028302542784737,0.29535364034813344,3.1631025654269056,-0.09223878167597954,0.02203091979026795,0.12923049765637495,0.1165190935134887,1.1433995344004173,0.2680945694446563,1.0309396911085302,0.021429669577628353,0.49163196982442314,0.02500455081462855,0.43772430427395387,-0.1515754759311676,0.11245984329188698,40,43,14,120,-0.9069199641580605,0.6827901881347739,0.03630310118381066,0.23162825085617475,0.03853473812341675,0.30545021063308286,0.0246885976043995,0.1763766745741902,81,22,0.0016236995074140326,0.2228547805294171,0.9167847942467455,-0.27397435496181943,0.01916140317916865,0.15608904549243674,0.1130932569503784,0.9942992351336861,0.1987500190734863,0.9508302445002393,-0.004252085369080304,0.4190025378493193,-0.0032232925295829,0.3908373979694604,-0.0856567621231079,0.0434689906334468,82,45,18,78,0.26467122384183156,0.47018248670494617,0.031670186558129726,0.21746644294062223
BadRange,0.07391271336260134,1.056602959609389,0.17531036734580974,1.628336525299705,0.06982308626174916,0.47852458116540597,0.047156542353332005,0.45166842135140584,66,15,0.006355516451909289,0.9383741100341177,2.7215948274295956,10.420142927666316,0.034825116395950304,0.16935130065238047,0.239047884941101,4.143473399196466,0.335672616958618,4.104760875992826,-0.004568032920360553,0.6506485453408408,-0.01751148700714105,0.4136911179588601,-0.096624732017517,0.038712523203641144,99,48,16,61,1.4480504973749142,3.0317739994158788,0.06305697419914394,0.7176563108340687,0.04710771888494498,0.4735035162388836,0.030276975403539807,0.23581299456474583,87,27,0.003700454897450606,0.39951047807560064,2.711332617567354,-0.8055565163950762,0.02302803844213485,0.2357672632677725,0.1372171938419342,1.2184476163102267,0.2887926697731018,1.1586203016012184,0.023692094907164556,0.5675160292483753,0.026470951735973303,0.5988893690309303,-0.1515754759311676,0.05982731470900831,39,43,15,121,-0.8333597697475864,-0.001019169163190116,0.04198195419228128,0.2782733092155226,0.0360469967126845,0.2664289750368505,0.023819158843252763,0.1639491716551152,85,26,0.0015397066852408262,0.2106522226670123,1.1160849475799477,0.030673540161946455,0.0192060247063636,0.13381928778309576,0.1130932569503784,1.0014042725801762,0.2117924094200134,0.9617240233959614,-0.0030123690143227582,0.4101719507104891,0.0007623210549354,0.4306743599975864,-0.098699152469635,0.03968024918421478,78,46,16,82,0.05634348008786543,0.4501789156437559,0.03097156027485023,0.20593978128900786
BadRange,0.07394944263799673,1.055951660242609,0.17388331718742828,1.6407591018190397,0.06632113456726069,0.40527855265044377,0.04597659541293976,0.42106069810357805,67,14,0.006319875060277689,0.931987386506962,2.963393541422061,13.992021162610119,0.03363460302352895,0.22101109845260714,0.239047884941101,4.403296058740025,0.33828067779541,4.317677656822345,-0.005994637310504895,0.663080831677277,-0.018071502447128247,0.4606650507893404,-0.099232792854309,0.08561840191768089,103,48,16,57,1.4988920684143994,3.347574744178627,0.06275828632001887,0.7016489130392296,0.05271723866462694,0.4307195487578711,0.03227929773041976,0.24373436050826186,83,24,0.0036189068242116072,0.39024298216719616,0.9070325671493413,-0.6218818050012831,0.02635052800178525,0.2233024746593066,0.1372171938419342,1.2474753305135957,0.2757226526737213,1.1912170090137022,0.023218571580946427,0.5533894562210275,0.02481180429458615,0.523849722829456,-0.1385054588317871,0.05625832149989346,44,39,14,116,-0.37147506649866363,0.3982808265759564,0.04163591457520094,0.28983286892723453,0.03441772982478129,0.2560255753599963,0.023619635520735704,0.16413633604041838,82,25,0.0016012756975681366,0.22992112800797895,1.2665655017808124,3.6952376776891374,0.0171573981642723,0.13242553162956547,0.1050203517079353,1.3402820826938542,0.2037195041775703,1.2981987254066483,-0.0027408181224018334,0.424288813920735,0.0003266334533691084,0.4173952630916429,-0.098699152469635,0.042083357287206004,79,45,14,81,0.1282512856622995,1.177528153381492,0.03161538081218333,0.22338337088896035
BadRange,0.07226743660543308,1.051346307904219,0.16975712381303287,1.6355360961566312,0.06546247005462635,0.46072137191351586,0.0449281797930598,0.42192393002904693,68,16,0.006074218395066986,0.9041238940143708,2.0887386457080703,9.938003961602783,0.03259146213531495,0.20993737309216015,0.2331138849258422,3.8588404027413676,0.3773457407951354,3.8026961559924874,-0.005970790237188323,0.6674854062046573,-0.01726812124252315,0.4739030296615432,-0.1442318558692932,0.05614424674888,103,46,13,57,1.2148464653730744,2.9500403688738337,0.061517384449804265,0.6771906131350128,0.04912941157817835,0.42778729369348484,0.03199327479582277,0.23835265376847456,76,25,0.0033718703625571613,0.38644507263991384,0.2865552511724889,0.38753191222616845,0.02480726689100265,0.21376583697283513,0.1521768569946289,1.4579208024263466,0.23311150074005121,1.4161429478395413,0.020194998662918788,0.545428345094891,0.01890299469232555,0.5479740681022658,-0.0809346437454223,0.04177785458680526,48,40,13,112,0.22576834375089888,0.7123875259707616,0.04135541311989783,0.2982498834986568,0.03446843475103365,0.3083042298032045,0.024112997599877374,0.2048399239016323,88,26,0.001757997522632818,0.24391417951466493,1.1907093451040645,-0.39449358756356956,0.0168034359812736,0.17195419542172824,0.1050203517079353,1.0631643547111054,0.199846751987934,1.0441272256876,-0.005812356015667315,0.4226223448570828,-0.0041587278246879005,0.43430756084606437,-0.0948264002799987,0.019037129023505423,88,45,16,72,0.18540788046770126,0.49082787675647194,0.032736262188598306,0.2555475164077435
BadRange,0.06968755957556884,0.9903826956521193,0.16464701429009415,1.5429923881016485,0.07027262449264522,0.35934619365224707,0.045243568811565604,0.40601157119925546,66,13,0.00601982315540986,0.8951380322802369,1.986975378104475,9.93453550341146,0.03315603733062744,0.17817592492460368,0.2331138849258422,3.8810445010445944,0.3773457407951354,3.8189890392808516,-0.004323396831750853,0.6439209619173722,-0.016306400299072203,0.480055166310954,-0.1442318558692932,0.06205546176374298,101,46,12,59,1.174839064577792,3.051256514855826,0.06137787044688899,0.6931838335417546,0.04510306566953653,0.31224079397926663,0.0305122697446495,0.2343254954667555,76,18,0.0033198088503904304,0.3650501178152589,0.3831722837672533,-0.17748303293492018,0.0228210538625717,0.1915833578703397,0.1521768569946289,1.2354191820140794,0.22958526015281672,1.1961080332329215,0.020956556685268864,0.5202930146638249,0.018341511487960753,0.49044548030590873,-0.0774084031581878,0.039311148781157886,44,41,15,116,0.35740497731672716,0.7511932301319422,0.04057081100125128,0.30715679498797976,0.0323856361210345,0.26123681953878086,0.02123760765651237,0.1481090845765522,81,24,0.001326038465977284,0.17881185407773614,0.6673451699575512,0.30831521970204,0.01627365499734875,0.13133592305098446,0.0624250918626785,0.8903643793396584,0.1572514921426772,0.8051852777174571,-0.006024784035980693,0.37877841152045105,-0.0053851902484893,0.37122579496892405,-0.0948264002799987,0.08517910162220127,93,45,18,67,-0.3946505430529798,0.718991326906907,0.02823933682752589,0.18798608736760292
BadRange,0.06545295770648815,0.930128427147898,0.15502690628170943,1.438555760792724,0.06801649928092948,0.5177025540775153,0.04142541299574073,0.39922102992197095,69,17,0.004767960796306733,0.7056361686000632,1.05152095758908,9.945392323381922,0.03373503684997555,0.23483244517408303,0.1732138395309448,3.5731393046063533,0.2676298022270202,3.5519638310076593,-0.0037318460643291362,0.5640453515738019,-0.01367363333702085,0.39342968127005296,-0.0944159626960754,0.02117547359869402,97,45,17,63,0.9669750196639235,2.899451083866879,0.05463243741363574,0.6224861524307584,0.04289476573467242,0.24679261379895162,0.028136317778844365,0.1679254163644444,74,25,0.0028827739343251515,0.3098534217475638,0.6652773250316613,-0.5020437260465234,0.02123916149139395,0.14682787327458025,0.141990065574646,0.9577207678761789,0.225482553243637,0.8874945716717619,0.020359700825065358,0.5160979873708116,0.01747713983058925,0.50407391840268,-0.083492487668991,0.07022619620441689,44,42,16,116,0.27304823439446396,0.02231444707133733,0.03736229278336299,0.2085576399448399,0.03734103590250005,0.2620100693222715,0.02150730920722704,0.1565747986304641,77,21,0.0011706862795195917,0.16692023456167004,-0.3690937836200163,0.10181852005886949,0.01848279684782025,0.13418094624053048,0.0566856265068054,0.9269030066556473,0.1250220537185668,0.8798011278209079,-0.0038743412122130296,0.35841242184811056,-0.0048206895589828005,0.3407972120233964,-0.0683364272117614,0.047101878834739416,94,45,18,66,-0.060339627862108614,0.7428591579435821,0.02685471566279191,0.1961141770159467
BadRange,0.06847040493910553,0.9486054975577894,0.1595470471680162,1.492358218508815,0.07161810994148247,0.3399871818532257,0.044566778354346706,0.35104317434518056,69,15,0.0054480264052632725,0.7988902160617849,0.5804994581702685,17.952764065688957,0.0361090302467346,0.17511087574899123,0.1732138395309448,4.190097998902496,0.31800180673599243,4.067766537614817,-0.00020045936107634943,0.6327809840416129,-0.0062621235847473,0.4721144794687243,-0.1447879672050476,0.12233146128767845,91,44,15,69,0.672222247551825,3.874996166346164,0.05853538472359022,0.6312514889464522,0.04560903459787355,0.25045600352801534,0.02851241177530025,0.20243770904132255,77,23,0.0027438536587085904,0.30712762350887224,0.6070720208442659,0.2591673599869444,0.0232353806495666,0.1433593757469613,0.141990065574646,1.198633481890754,0.225482553243637,1.1209377257388646,0.01956175332888959,0.48458276269389833,0.0180740542709827,0.45763637462592877,-0.083492487668991,0.0776957561518894,48,42,16,112,0.35092106407785684,0.7992570182901956,0.03661454972019491,0.26889992489552916,0.03989134728908528,0.2486965687253247,0.022849096206482455,0.14599103778228711,82,21,0.001286757858615041,0.17319701173198712,-0.41976148188978213,-0.34245763144614605,0.0201177075505257,0.1236584622240707,0.0566856265068054,0.7827256807262364,0.1328877806663513,0.7034195423134473,-0.0034902147017419278,0.37499447177330353,-0.00298654288053505,0.33882350148946927,-0.0762021541595459,0.07930613841278908,88,47,15,72,-0.3497148703783161,0.6975280407653125,0.028231603914630827,0.180488664107883
BadRange,0.06498624653081739,0.9148376575155299,0.15128934517502762,1.418399097959409,0.06079043447971336,0.36849352573507904,0.04120745558757331,0.35304550728943446,63,16,0.00501601645037755,0.7340903872058767,0.6947149506791401,15.062871303676292,0.0306501984596252,0.1986038052212644,0.1635198593139648,3.933346957315834,0.3083078265190124,3.8880291357946506,-0.00483020208775996,0.5909722038249395,-0.01064997911453245,0.451876651175225,-0.1447879672050476,0.045317821521183556,102,44,17,58,0.7230933911767167,3.5406911350887467,0.055957570892179787,0.6203565438618107,0.0480880662798881,0.2820059892828225,0.027985282998997697,0.20263501845214532,74,19,0.002330533044549688,0.28104456705391845,-0.28226078835937196,2.139160105546294,0.0253502577543258,0.13325643645391283,0.1191208064556121,1.4397574302467024,0.1820681393146514,1.362906181537995,0.016211000736802803,0.4557069839001453,0.01116369664669035,0.4005888532399228,-0.0629473328590393,0.07685124870870741,51,40,17,109,0.257100377162738,1.2837521384339723,0.034659698495931326,0.2708795154280797,0.039853949099779074,0.17754338886758253,0.02231958773219954,0.14384626308530482,78,24,0.0012659556475882142,0.1774429331523499,0.0941898499594811,2.2484989997704607,0.02023015171289435,0.09340969944059771,0.0716680288314819,1.1012562072456826,0.1581449508666991,1.0363948625336366,-0.0036256334744393754,0.3717199102343244,-0.0047437474131584,0.36210433081375504,-0.0864769220352172,0.06486134471204603,90,43,15,70,-0.22877566608519095,1.2101403439468519,0.02798161232089996,0.19815963637364625
BadRange,0.07000518774484983,0.9991336449575797,0.16524523273110367,1.581345859958852,0.06636826694011674,0.3795646646126683,0.04584684515371914,0.3236220663034548,66,19,0.0056778641715652545,0.8327204275074562,0.2419225818316928,22.92626599880832,0.033144861459732,0.17773888678894684,0.1635198593139648,4.482893462000087,0.3267616629600524,4.402766783076082,0.0011029325425624945,0.6475741855610524,-0.008405566215515099,0.5752443448878317,-0.1632418036460876,0.08012667892400473,93,45,19,67,0.5624826338434626,4.408573160556187,0.05974746559323612,0.6429370900036767,0.04850172996520985,0.35543650627028867,0.029666071664541938,0.21134318934736246,74,23,0.002753926770618351,0.3205523286020885,1.1858026645129787,0.014860699114919829,0.025873854756355202,0.17948558627870778,0.1004519760608673,1.2080598094142434,0.24173004925251002,1.1532791563846663,0.018025618046522123,0.5012535511490263,0.01249285042285915,0.47359705283286035,-0.1412780731916427,0.05478065302957714,48,43,15,112,-0.3185227052864403,0.6856095026082533,0.03748416958177258,0.26324362492295794,0.040230039507150525,0.24129734226498833,0.024941114792600232,0.18028083773376175,72,25,0.0016722615848394125,0.23833705230511246,0.49445490054662855,0.2427164133080244,0.0200656801462173,0.12705383827064326,0.091689646244049,1.0850991727274566,0.1781665682792662,1.0244336249873125,-0.004155486915260546,0.43251812324877337,-0.0079237818717956,0.4228271133438213,-0.0864769220352172,0.060665547740144106,96,41,15,64,0.35782537532037006,0.5009838101825749,0.032161470272435634,0.2264180323350403
BadRange,0.06667563939909345,0.9752599900880603,0.16033449128270127,1.5398594392174247,0.05565509200096119,0.3689023783965514,0.040993912238627625,0.3381471213133123,70,16,0.0049048804420429755,0.7176790029045504,0.9472037819811452,11.744960646002525,0.0284599959850311,0.17566300568889245,0.1723802089691162,3.38402921568376,0.3356220126152038,3.2669708239091797,-0.002124550193548192,0.6232484406033013,-0.006698280572891201,0.4440417322122636,-0.1632418036460876,0.11705839177458065,93,43,15,67,0.6361812539300178,3.2503257681896662,0.055500345629855424,0.5737947230413536,0.04956086724996556,0.3131947545689697,0.029777916809543937,0.19594672661111542,82,21,0.0028240224010842004,0.30624125327006924,1.3916425780447428,1.4099043178656236,0.024156898260116553,0.16761941263242006,0.0996855497360229,1.2923914559587926,0.2409636229276656,1.2292205420001154,0.018789652362465843,0.49104648761967584,0.0245875641703605,0.4631932146697028,-0.1412780731916427,0.06317091395867706,47,46,17,113,-0.637901902811714,1.0303987411475128,0.03769407426896195,0.25517562631734414,0.03722058609127993,0.35171429693515077,0.024752586919348646,0.1814096929157088,74,18,0.0016374124899479077,0.22673822527884732,0.3238184995288429,-0.8968403638594298,0.0189016461372375,0.1549630202263726,0.091689646244049,0.8586917855063436,0.16958993673324568,0.7591323889174844,-0.0027103408239781816,0.4255645109944478,-0.005181796848773949,0.3800386059629105,-0.0779002904891967,0.09955939658885928,91,44,14,69,0.3376119391209307,0.49391755873656407,0.03197541286299228,0.21361898853075728
BadRange,0.06788820638985335,0.9618580792687627,0.16116308782249666,1.5025265308190434,0.052302077412605154,0.44035184797328586,0.039854403724893885,0.3547942055750358,70,17,0.0049182296674512875,0.7063394911499635,1.4061263027253714,11.515975882882433,0.026062369346618597,0.2203106987052133,0.1726325154304504,3.4241066118678085,0.33637678623199463,3.3553595965249303,-0.004871787503361694,0.5742216524809638,-0.008350908756256051,0.4299902798058117,-0.1637442708015442,0.06874701534287808,95,42,16,65,0.7331173552751926,3.278753424438734,0.05540164817092073,0.6136847602572472,0.05266751721501342,0.375774183479527,0.03241705317806916,0.2052977075703368,78,26,0.00349018104895652,0.3719464444766537,1.1464104046636896,-0.182824958020543,0.0271440893411636,0.20646041707803103,0.1452594697475433,1.2150021309956,0.289680927991867,1.1502567807750401,0.020155475777573865,0.5531301281230967,0.0191342309117317,0.5603894597270414,-0.1444214582443237,0.06474535022055984,50,47,14,110,-0.16124010807354003,0.4163393667052247,0.042264455848901344,0.25689201201902007,0.03628937155008308,0.2992286270019233,0.02396350598894055,0.17588981916144306,78,21,0.0015618107635996833,0.192259315139374,0.6449387055336278,2.6598518053823126,0.01846620440483095,0.14036258684293756,0.1000731587409973,1.2413801010879588,0.1914092451333999,1.1930276935253694,-0.00225649662315845,0.3751747502149829,-0.003618836402893,0.3355927459359008,-0.0913360863924026,0.04835240756258935,86,45,17,74,0.23756087416538826,1.373777901816892,0.03125935251629243,0.22694321303026263
BadRange,0.07328728936805133,1.0370004729039417,0.17091220680624222,1.6413607848721148,0.06031334400176988,0.3437493475889275,0.045040903799235775,0.3817938303939708,65,15,0.005639810349739911,0.8367253868864148,0.5941378823056214,12.721692381955306,0.031464606523513745,0.16690521431856678,0.1726325154304504,4.0491162734746196,0.33637678623199463,4.040487559060535,-0.004045423865318289,0.6058501070168827,-0.01371169090270995,0.4294946059383004,-0.1637442708015442,0.008628714414084021,97,42,15,63,0.7095580626744271,3.3968745188773215,0.05941870204567169,0.6853254954501887,0.04977231472730625,0.35229287277331195,0.032412163043045415,0.20232609302195495,70,28,0.003697381271681068,0.41904269689101525,1.0574232287324161,-0.16345798539834222,0.023413620889186804,0.14288677773102815,0.1452594697475433,1.137497167290932,0.289680927991867,1.1060701864126519,0.021528287907130995,0.5976590973128771,0.0188903585076332,0.6596801922567431,-0.1444214582443237,0.03142698087828018,44,46,16,116,0.041404992508923565,-0.3773968746685799,0.04311629573695219,0.24868916399829735,0.04117114841938005,0.26030099454786226,0.025112759461626367,0.15960164951331823,76,25,0.0016589495611677978,0.22874752234565773,0.3900317276863352,-0.44259317150723687,0.0204507037997245,0.1341660923807939,0.1000731587409973,0.9294906499460512,0.1914092451333999,0.8417161818814768,-0.0017912173643708153,0.43785158054235496,-0.0048085674643516,0.44001681820509553,-0.0913360863924026,0.08777446806457448,88,44,12,72,0.3335541218539025,0.12713796519066115,0.032251137425542184,0.19244094097207962
BadRange,0.07941438134631588,1.155680532425267,0.1856783258914945,1.8399062237314503,0.07516844570636741,0.2856538212472408,0.051429603844881024,0.35835617648768514,64,13,0.006892328632408315,1.0380445278362482,0.7362983577825504,17.821871949768404,0.0354594886302948,0.13073822180563782,0.2234402298927307,4.708216435151873,0.32108455896377563,4.625023925935777,0.002933873981237421,0.7207314260700861,-0.01759770512580865,0.5588216952923662,-0.0976443290710449,0.08319250921609633,95,44,13,65,1.0613384432533797,4.018614945786351,0.06577336945547915,0.7201324456731749,0.0567495860159396,0.4375510910071137,0.03377433016197753,0.2259332535114874,76,24,0.003735986113373331,0.44699816993975283,0.9441993417558514,-0.6404344967344389,0.0284299105405807,0.22718808265156779,0.1956590116024017,1.2312035779150214,0.27691933512687683,1.0821106829122717,0.021060793148353678,0.6096436537770543,0.01904740184545515,0.5901926579323649,-0.0812603235244751,0.1490928950027498,49,44,15,111,0.48138452829384837,0.27415081690737253,0.04362717187841506,0.2744681864062133,0.0441764257848262,0.31595780534551454,0.028132177375955462,0.2061367883080091,74,20,0.002224390828159134,0.325495612100912,0.9910382446799764,-0.4895663015909273,0.02216354012489315,0.16163806989938836,0.1043402031064033,1.0744607636010293,0.225643329322338,0.9816042696829809,-0.0025851925369352,0.5095311438843098,-0.00621960312128065,0.47295283006572963,-0.1213031262159347,0.09285649391804836,94,44,19,66,-0.021791296509443777,0.567475485369012,0.03731303644776696,0.25665857771143896
BadRange,0.07793355819224282,1.168085999785903,0.18339196637272812,1.8576103246976046,0.06236948072910299,0.3024939888039209,0.042339262366294816,0.3384407044150568,60,14,0.005334457396819865,0.7811334164305122,2.657725108558198,13.136274974994002,0.02883085608482355,0.15539350398203272,0.2234402298927307,3.7262352918308808,0.32108455896377563,3.6648695464141046,-0.005431410670280442,0.6575550629110667,-0.0188223719596862,0.5208776019616184,-0.0976443290710449,0.061365745416776064,105,47,16,55,1.4498750802580138,3.356242064390959,0.05766557807073584,0.5905546170089058,0.06996878236532195,0.4770317037008981,0.03938655507343353,0.2844727176719507,77,21,0.004432367714265327,0.5733881100999191,0.2876526105292143,0.9059381275710194,0.0350801460444926,0.23103685690192782,0.1956590116024017,1.8051919871745943,0.3025563657283782,1.7440485695833834,0.018852979829534877,0.6648044089029491,0.016675774008035597,0.6152667636198957,-0.1068973541259765,0.061143417591211,58,47,17,102,0.2831557026549692,0.9041672588323956,0.04929485128012908,0.3625233895945469,0.04261210560798635,0.33233056178659415,0.02906664888258088,0.21181839467329716,78,23,0.002415909067772318,0.35439339738783926,1.3859225988458004,-0.2521781082398298,0.02287420630455015,0.16368074499251925,0.1315295100212097,1.1777611045934502,0.25283263623714436,1.1006029122236187,-0.0030259475577622567,0.535250852883589,-0.0047850906848907,0.49574056154393564,-0.1213031262159347,0.07715819236983147,90,44,15,70,-0.032353504546332276,0.6087354080724044,0.03886162270778377,0.26057613450818917
BadRange,0.0719870398771669,1.0072912873781565,0.16876419246196722,1.5653769931466057,0.06510330736637107,0.3159617778864575,0.04358670549001541,0.30666627556538567,63,17,0.005006853012398793,0.7323378442130845,0.6585839135519196,21.124930123023436,0.029792904853820853,0.15664972271661753,0.1804137825965881,4.118214255698809,0.3283831477165221,4.060830388202027,0.0010836731642484797,0.6085417347456726,-0.01186278462409965,0.5041496304596518,-0.147969365119934,0.057383867496781385,97,48,16,63,0.8502864649014803,4.238030697671774,0.05610510159852635,0.6016766584186327,0.04839851334691038,0.3986934629415125,0.03334323347778989,0.2608222696780682,82,22,0.003443760981498773,0.4057850914309835,0.13390789964140337,0.7636175592816996,0.0243017897009849,0.21312090887213048,0.143228530883789,1.5225935106146338,0.2501258850097655,1.4428429291434572,0.01950875548645852,0.5420257429313226,0.02177339047193525,0.4907314822536841,-0.1068973541259765,0.07975058147117653,44,45,16,116,-0.1538327029261106,1.0089111085684872,0.04222442671758835,0.3346538292485705,0.04220623150467864,0.2457443965560578,0.024421650711446953,0.17286503396811007,79,22,0.0016185737582229728,0.22260311230294547,1.423454401761906,0.9367264851633443,0.02226507663726805,0.12891028413794917,0.1315295100212097,1.1532460974040217,0.2187380045652389,1.0871830270750689,-0.004410208761692038,0.4148095154696106,-0.0045818462967871995,0.38959262568025355,-0.0872084945440292,0.06606307032895278,90,48,15,70,0.07105923930780264,0.9504412017197921,0.03159744687668106,0.22480253152225033
BadRange,0.07185203392438062,1.0287863708447142,0.16930991575121856,1.6173466989363292,0.06123831868171682,0.347942735887279,0.043796262028627055,0.34881806675207344,61,15,0.005264936181111068,0.7717561095945977,0.6781977180500456,15.59077558189929,0.03055074810981745,0.15441173559396168,0.1804137825965881,3.92902314981819,0.3283831477165221,3.8274820049087093,-0.0033841561526059944,0.631288933017662,-0.01455125212669365,0.4729612464915248,-0.147969365119934,0.10154114490948066,102,45,13,58,0.8567333301855918,3.6447516771608806,0.05744350333852354,0.6109258487279938,0.052331849932670524,0.3944486864626993,0.030972848925739503,0.24255130462838012,80,21,0.003077600038034628,0.38109394853535306,3.8984350545392994,-0.999886352153871,0.02806455269455905,0.21020460549767056,0.1056477427482605,1.1485690220099145,0.30250927805900574,1.0693567640721224,0.017519182059913853,0.5476676302344332,0.017198413610458298,0.5007483953806158,-0.1968615353107452,0.07921225793779213,48,45,14,112,-0.9387749963133055,0.36086219280323867,0.040332932483770165,0.284875613783899,0.044955015182495,0.3288863117318629,0.02625313083408396,0.21120321644667983,78,22,0.0018584734166387825,0.2634989622299639,0.7283667843689146,1.1212068976357683,0.02251977473497395,0.1661946410969791,0.1085843443870544,1.2272908060057568,0.1957928389310836,1.1325514204385037,-0.0038707223720848534,0.4383901356842342,-0.0045818462967871995,0.3785822178264202,-0.0872084945440292,0.09473938556725309,89,47,17,71,0.46623909639477423,1.1617369523112124,0.033967256059976435,0.267045035836135
BadRange,0.0765503458984564,1.0674656456973053,0.1827761036157606,1.694391036775934,0.06329506635665882,0.37565637010928843,0.04377582052722569,0.3552894708857837,62,14,0.005000965853354267,0.7574666069140292,0.48557272282606245,15.798300011533122,0.031307429075241054,0.18911394611021273,0.1951366066932678,3.955911412701166,0.2955767512321472,3.8597542698739975,-0.002671524137258514,0.6137693008117071,-0.013216376304626399,0.4631348223945835,-0.1004401445388794,0.09615714282716858,100,43,13,60,0.8218877746954857,3.6534895403140886,0.056018564911308445,0.6170525522961051,0.06437183171510687,0.40407558827326034,0.03572348839370531,0.26790114869533826,78,19,0.003943364614048102,0.46656654366635303,2.1232670509071276,0.8064795438242656,0.0308383107185364,0.20916888826828545,0.1192921102046966,1.6781156359988467,0.3161536455154418,1.6655958287526926,0.01950455037876962,0.5897798312678544,0.015871658921241698,0.5182109217380273,-0.1968615353107452,0.012519807246154124,55,47,14,105,-0.510632957645897,0.9283479647246353,0.0457961070362435,0.3445668212350316,0.048772066831588676,0.375816623658058,0.03103640571469437,0.23340566930240952,79,20,0.0024410225202458192,0.349979058457568,0.2579758001116206,2.926954032432678,0.0239255279302597,0.19256718862099353,0.1108791381120681,1.7175529088733523,0.1934073716402053,1.659209643463846,-0.0025646178051829355,0.49084190469637284,-0.0033432245254516497,0.44266267471178256,-0.0825282335281372,0.05834326540950635,83,44,14,77,0.4345257785343715,1.5714510944807871,0.03909751473601367,0.3302321653800624
BadRange,0.07212928075450598,1.0526868802810272,0.1727811665087936,1.6494884216839316,0.05947074294090263,0.3686159785388333,0.04210542132146653,0.35656622888517986,63,15,0.004724039301619023,0.6992009494583562,0.8566573080405102,14.644582371729896,0.02744975686073305,0.180281698317459,0.1951366066932678,3.830727361000295,0.2945823073387145,3.7895070373817754,-0.0034258089959621216,0.5656982604801734,-0.0183213353157043,0.4067555709660138,-0.0994457006454467,0.041220323618519794,105,46,15,55,1.0055287259888936,3.5431721534619527,0.05439930073759862,0.6157811523163583,0.050621896982192875,0.3390907452812051,0.03410051476559599,0.23231453892787302,74,22,0.0037571795512699223,0.43660003093290034,0.7080619011529325,0.4866878113337121,0.027210399508476202,0.17417380819300562,0.1882287561893463,1.403803071476661,0.28131312131881714,1.3111761123460002,0.020259130420163255,0.5887373585664113,0.0140075087547302,0.5724586978899683,-0.0930843651294708,0.09262695913066073,48,43,16,112,0.43900923114000756,0.8266585548329768,0.04415871721501304,0.29998058864057364,0.04328799992799753,0.3997237870108963,0.028137857874389695,0.21688753798788096,79,22,0.002192212215145744,0.3150194756114256,1.0823176617211772,-0.7457137011457156,0.0217802003026008,0.1969936031137648,0.1185739189386367,1.0733989730934663,0.2487762570381163,1.0636920401940422,-0.003314089961349964,0.49505280263734697,-0.003955364227294899,0.48404687788279555,-0.1302023380994796,0.009706932899424198,84,42,15,76,0.11408868277932513,0.17574200601056614,0.036982395161664475,0.2644658734361272
BadRange,0.0659743661417774,0.9883263953302618,0.15750857293605783,1.5272382239570435,0.05539061129093162,0.3040261727207274,0.04085754785686727,0.35705430952736317,56,13,0.0047253404711016175,0.6948616027392767,1.8330065558731032,13.8429815669335,0.02328553795814515,0.1528914593924799,0.1898359060287475,3.7734092750231167,0.3044015169143676,3.692376332515473,-0.0008937742561101719,0.5641358577893781,-0.016647458076477002,0.4089173923045011,-0.1145656108856201,0.08103294250764397,107,47,14,53,1.3513267407779113,3.466660111816845,0.05450787456369675,0.6136874910697784,0.0476812794804572,0.380329089501093,0.02901469595730303,0.22809964147893072,72,23,0.0028013664934105065,0.3408747118886533,1.9791701207192887,0.02733097148470698,0.024381414055824252,0.197886506092127,0.1882287561893463,1.256737515100653,0.2662821114063262,1.235424096053801,0.015718301385641086,0.5107732756561886,0.012925766408443399,0.4812421193335391,-0.0780533552169799,0.021313419046851984,48,41,14,112,0.6128745604862142,0.45955670438239044,0.038900473682996185,0.2828168537483232,0.03551183268427835,0.3555733284327114,0.025446238131262316,0.208201519851755,82,20,0.001894566441294741,0.273539940065443,1.385055481381043,0.08658608425143077,0.0182136222720145,0.17005473733065551,0.1185739189386367,1.1423418113287855,0.2487762570381163,1.1368908832027191,-0.005009619332849972,0.4523290905114768,-0.00403439998626705,0.40866553123806115,-0.1302023380994796,0.00545092812606635,88,43,18,72,-0.032797625505778485,0.8555736122556097,0.0341510921758613,0.2625611051593577
BadRange,0.06793183440386827,0.9643599650430168,0.16017485722899416,1.4833592898313053,0.05838933587074267,0.47253921401797583,0.043397802035324236,0.4216116089923989,51,15,0.005282431523865967,0.7906878623375215,1.6073002988572265,14.157206731936306,0.023274600505828847,0.1436138416254376,0.1898359060287475,4.208807264999722,0.3044015169143676,4.179153905544666,-0.003355105593800524,0.5675159735265692,-0.021454095840454053,0.34915915310325346,-0.1145656108856201,0.0296533594550555,111,47,14,49,1.3865187093718447,3.430662474250368,0.0575409110691021,0.6845534910653162,0.04661028832197185,0.3436422038161997,0.028106362848193355,0.19191864226246785,77,21,0.0023810976962222795,0.2853220781589606,0.6216082154768148,-0.3294986996680236,0.02413390576839445,0.16893245661644907,0.1385845839977264,1.0505381667129594,0.2189476639032363,0.921912779876784,0.013621137430891384,0.47858863853178446,0.0128431981429457,0.4390231110016295,-0.0803630799055099,0.12862538683617544,58,42,16,102,0.2868728712284103,0.6350384901716452,0.03620557204036427,0.23722350901049732,0.039248354732990154,0.28496034231040035,0.02561482464428987,0.20744777169911477,86,19,0.0018100431615879935,0.26668754820089574,0.2700308274901251,1.9509252137615398,0.01909056305885315,0.1340417619520867,0.0990200787782669,1.4376792676731769,0.1793579012155532,1.3755342852149766,-0.004797542281448837,0.4372546777729516,-0.00187297910451885,0.36794621412307504,-0.0803378224372863,0.0621449824582004,88,42,16,72,0.17472358404333999,1.3006682687300712,0.03339507083802844,0.2747651633059911
BadRange,0.07181865640245363,1.133437137425894,0.16735638968646505,1.7584570965655812,0.05790744721889483,0.5000447887905071,0.04558470290154215,0.3956707537239096,56,16,0.006389636929472602,0.9563919202728851,2.407198247508246,10.776722707732487,0.0275613963603973,0.22863198061871484,0.2121055722236633,3.860333462114305,0.4355997443199157,3.7627807183075723,-0.0015258241444825946,0.754732235766475,-0.016948461532592697,0.5924867762141561,-0.2234941720962524,0.09755274380673269,107,45,15,53,1.0902834885952037,2.9161476470796415,0.06337425973200089,0.6219092960937499,0.051936887204646974,0.3619256538536928,0.03181844447040927,0.22130654761843258,77,20,0.002877079859848536,0.3719115475918368,0.11620492134538063,0.3228597821401036,0.0279580587521196,0.15773937306602834,0.1385845839977264,1.3473518972547414,0.2291665375232696,1.2212258639448335,0.014610610343515861,0.5457516831177682,0.0128431981429457,0.46104562106296754,-0.0905819535255432,0.12612603330990785,60,37,13,100,0.048997716223825975,0.8681525275608717,0.03993334040333763,0.27215188400222373,0.036177601665258304,0.3903120471475479,0.025105337756685865,0.22084494942256958,77,23,0.001953348346710425,0.2831709341847999,3.7263037301147017,0.15466978988601898,0.0182480141520501,0.21157867811759734,0.1727854013442993,1.2442826793322361,0.24403548240661618,1.1318680947910364,-0.0021646033972501735,0.45797317768133783,-0.003675453364849,0.40620212319101934,-0.0712500810623169,0.11241458454119971,89,43,21,71,1.1097027833673583,0.8409972940605822,0.034982938645910316,0.2709824767568147
BadRange,0.07064412056185906,1.118494103732296,0.16603274106979346,1.7709451085326928,0.06436263024806971,0.4811796904049368,0.04540039903484281,0.40154991389558836,62,19,0.006258146687902298,0.9338550144498692,2.3995264786623034,8.081457051171748,0.030256062746047998,0.24656738652913043,0.2121055722236633,3.645587491241318,0.4355997443199157,3.6037956861115266,-0.0022861275821924056,0.7329890755213029,-0.0151956379413604,0.5955548486538771,-0.2234941720962524,0.041791805129791706,102,44,15,58,0.9623112768419932,2.571077459617637,0.06269515183420354,0.6297475919892783,0.05562563240528095,0.34021869141606276,0.03196582818869498,0.20562905494019443,77,22,0.002791151373340707,0.3896648850452029,0.13066426140699283,1.4508355488810194,0.0267641246318817,0.17562782721407563,0.1177286803722381,1.488872750518309,0.23458781838417042,1.43257400642385,0.01030707024037837,0.564939069589916,0.0075234025716781,0.5352907256001351,-0.1168591380119323,0.05629874409445918,64,40,13,96,-0.06598401526107611,0.7495703953736278,0.0406021830611504,0.2655348050559153,0.037507586181163725,0.3799608463522366,0.024993202779442027,0.20426706240205736,76,23,0.001922632536295198,0.27905915936977005,3.9529310235824253,-0.8064360986581351,0.018452785909175852,0.18429300462734358,0.1727854013442993,1.0618492220439752,0.2434349656105041,1.0224603266654282,-0.0025885041803121495,0.4730169634214739,-0.0039500296115875,0.41890507794017984,-0.0706495642662048,0.03938889537854705,90,45,19,70,1.1602575153720096,0.389166633862228,0.034676510183895976,0.235189522907161
BadRange,0.0723049885002262,1.1242399407824877,0.17029263459146,1.7823085758688832,0.06626002490520469,0.5974042705527003,0.04474563730880614,0.4081336378800539,68,18,0.006045903535836204,0.9073602519681454,3.5392042849492524,9.501778892937777,0.0324594378471374,0.3003599284013375,0.2549413442611694,3.668470438268735,0.3665533661842345,3.5910819628819435,-0.0016373183578252681,0.7005467073847069,-0.013839840888976999,0.5592745042631467,-0.1116120219230651,0.07738847538679179,94,45,15,66,1.500776874388675,2.855135653464017,0.06164217210750344,0.6454413704904506,0.04655471444129932,0.33631648558423044,0.03064837506157343,0.2204524094020814,73,24,0.0028766668279319395,0.38240073709778516,0.8047456919639626,4.632344242271548,0.023217208683490698,0.17830262378689332,0.1488526165485382,1.8048630339044103,0.2657117545604705,1.703941081844525,0.013251330610364664,0.5437592572467931,0.01013322174549095,0.5201889383709066,-0.1168591380119323,0.10092195205988509,59,43,16,101,0.3021379208713779,1.5375548854257162,0.04040448327465155,0.2944938153106122,0.04608813673257815,0.2730168631456289,0.02942370231205127,0.19697092461236032,73,24,0.002376296313878176,0.3548247668564273,0.44348777001117323,0.9599147951770526,0.023340374231338452,0.13777735135175345,0.1201675534248352,1.327799135331591,0.2254508733749389,1.2103334105331827,-0.002708084462210526,0.5380026112373832,-0.00529265403747555,0.4927904394814804,-0.1052833199501037,0.11746572479840832,93,39,17,67,0.5188947168929009,0.935093139725527,0.03856353378623916,0.2556911362526759
BadRange,0.07414060718427226,1.1518402450233145,0.17563519440591313,1.8265400219070975,0.06829451024532304,0.514326355994323,0.04495675412472333,0.42651035676167753,75,18,0.006156868669549553,0.9302610560676441,3.2488757557070764,7.870125229138685,0.034663498401641846,0.2290760499414323,0.2549413442611694,3.686588674337408,0.3665533661842345,3.630036685473048,-0.0006038013845682116,0.7130856032195948,-0.00910145044326775,0.5333886409363953,-0.1116120219230651,0.05655198886435995,86,41,15,74,1.403234133579547,2.5457797726145213,0.06222441303229828,0.6494382022552959,0.046517487615346825,0.45488034420204915,0.030763354690279788,0.22379566288613964,73,24,0.003005586363486228,0.3735539413296764,0.5055907373829904,-0.6968698416828043,0.0235752537846565,0.23657295659353506,0.1488526165485382,1.218178038555383,0.2279164493083953,1.1227762801748706,0.017209387011826026,0.5532872405050283,0.014769539237022351,0.5377239659857045,-0.0790638327598571,0.0954017583805125,55,42,14,105,0.4289958043288713,0.17618332056181954,0.0399033861630384,0.2596674234939901,0.04974349215626703,0.40558267745960125,0.03159665170707735,0.219663484217091,74,20,0.0025538123347385844,0.37807683747153875,0.01474661478756678,-0.9360962863782492,0.025063984096050252,0.17116022006598064,0.1201675534248352,1.0926169987582601,0.2254508733749389,0.9580440342289884,-0.0017395679373294049,0.5601671781824743,-0.0041155517101287495,0.4757199094587078,-0.1052833199501037,0.13457296452927167,88,39,16,72,0.28723114347618045,0.38423272762887023,0.040039057819172955,0.2535538797940643
BadRange,0.07058093822019759,1.0100344417622489,0.16699855744838693,1.6051966344098116,0.059498444199561976,0.49762089203532656,0.04289153073914344,0.3576640906124271,71,20,0.0050820324872545035,0.7226468469551274,0.7383369615193232,14.780913174826743,0.0306561887264251,0.23392498469291673,0.186088740825653,3.8205073335035404,0.3058952093124388,3.8085616566887297,-0.0001715682446956579,0.5976854703415025,-0.010170966386794999,0.4543947313682102,-0.1198064684867858,0.011945676814810572,89,42,17,71,0.868544917113201,3.469648656338037,0.05653509729838036,0.6044989044636756,0.05624348670244206,0.4455426940622319,0.03290530646219847,0.2626440434448105,76,20,0.0033576410690491975,0.4290898705299625,0.5511243816552356,0.00032483206815925314,0.02799598872661585,0.23056325190998048,0.1658986210823059,1.4485545005636977,0.2484103441238403,1.3243583646708335,0.01669973470270632,0.5707787373431221,0.014357000589370651,0.5061866933036973,-0.0825117230415344,0.12419613589286417,56,40,13,104,0.4371096380540933,0.7055622652134792,0.042791223799149576,0.32140551259577627,0.043206539005041,0.31232523819435754,0.0263447350938804,0.19563582770433374,81,18,0.0017757337590782068,0.2533204395938568,0.22543046608198214,0.6863884723759308,0.021949224174022702,0.128116235058356,0.0831088423728942,1.1740817055215205,0.1793497055768965,1.0745288301417608,-0.0011250907555222505,0.43673242672518675,-0.00076702237129205,0.35664427577163427,-0.0962408632040023,0.09955287537975964,81,45,17,79,-0.2526428516676548,1.1291652067916176,0.0333996990189537,0.2501703960115708
BadRange,0.06964975362799325,0.9493397810495006,0.16238920912146546,1.496847197658916,0.0619743317365645,0.38083029739113716,0.04215763788670297,0.33936616706771505,60,17,0.005138145027344543,0.7102304267977901,1.0907306219471211,18.773832237231105,0.030773699283599902,0.17368545877861946,0.186088740825653,4.172281006059693,0.3157064914703368,4.10075429576694,-0.004977259784936889,0.5470840315226355,-0.0140829384326934,0.39933427525640836,-0.1296177506446838,0.07152671029275348,102,47,13,58,1.0279750709192719,4.0646998610320235,0.056626926742722176,0.6410378220126565,0.05071751773357382,0.4323364105498233,0.03166221487103027,0.2257665572751686,74,21,0.003086619381073945,0.37534909786628873,0.9727098704427051,-0.6384241268504289,0.02600103616714475,0.19503159856792002,0.1658986210823059,1.2002021400854102,0.2674557566642761,1.0852811052741504,0.014106962177902447,0.5500745447223762,0.0102539360523223,0.4985749848765572,-0.1015571355819702,0.11492103481125976,59,41,18,101,0.32452817130622463,0.49347390569618355,0.041725436566157376,0.2697537638565205,0.04025910422205918,0.241325366187091,0.02455949918366964,0.1664002262993094,70,16,0.0016091509552843297,0.2096987696195616,0.4874086452280806,1.3584829558113531,0.018989548087120098,0.11393891385506871,0.0832723975181579,1.1378577817693403,0.1795132607221602,1.0334536128538465,-0.0025604080408811515,0.3996886214139044,-0.0049938410520553,0.354296833156141,-0.0962408632040023,0.10440416891549387,94,45,16,66,-0.08253637019413004,1.1989144697441612,0.031708795402516296,0.2234899897798876
BadRange,0.06487385627910187,0.9156739445516051,0.15232868209481218,1.4200662238219715,0.05347664654254905,0.39311440728238334,0.03798783093690868,0.3206421986983123,69,14,0.004050297523355292,0.5687071104526117,1.1841823069159547,14.862670479696323,0.02721694111824035,0.15567070413306638,0.1650615334510803,3.4555442488854986,0.2946792840957641,3.4422245547736687,-0.004954242706298817,0.49697934897941887,-0.01208114624023435,0.35812687261612014,-0.1296177506446838,0.013319694111829691,97,48,16,63,0.9456184839318671,3.641754674221514,0.050226069367208505,0.5672024657391792,0.0454566702246665,0.34665581632148035,0.029017667291918743,0.22125895066697107,75,23,0.0025353393501252276,0.3214854104203513,0.45832132969474504,0.3336960223123713,0.02158999443054195,0.15472030038372753,0.1072052419185638,1.3025559475787185,0.208762377500534,1.2724716840919779,0.012701936159282914,0.4946853113679615,0.0098509639501571,0.44722142775820606,-0.1015571355819702,0.030084263486740682,56,42,17,104,-0.17226439210512967,0.6943784550019635,0.03784440720054979,0.2770773414358059,0.03706870973110193,0.27916212295122916,0.025238536768592855,0.1980397314645679,62,21,0.0018064409724135421,0.25013492031333645,1.318343669999222,0.8611085979622346,0.018706701695919002,0.1503912526338974,0.1273874342441558,1.1498836668702317,0.2089007198810576,1.124518700211528,-0.0012247061356902037,0.42840156347459113,-0.00687815248966215,0.3749084538923707,-0.0815132856369018,0.0253649666587038,100,41,18,60,0.7784640940807541,1.0474602757197982,0.03368407723628542,0.258083360032882
BadRange,0.06476831042765455,0.931149276877303,0.1527930763363836,1.4770832010331962,0.0573818683624267,0.4147761312856523,0.038176287375390486,0.34143157445176575,72,19,0.004196525725633892,0.5825817603413885,1.2387355779973843,14.588188960131337,0.0307409465312957,0.20242768186212617,0.1650615334510803,3.499154612307354,0.33081603050231934,3.460976162813923,-0.0015919800847768672,0.5277778962285941,-0.00467282533645625,0.37403081546024,-0.165754497051239,0.038178449493431243,93,48,15,67,0.6514867997639621,3.3794074890798522,0.05134952789975684,0.5513911974214931,0.049867495894432,0.4782265438281231,0.03113454089034346,0.2734506016100893,77,23,0.002749879040999335,0.37084782887480544,0.49990792737956014,1.0835776760120357,0.02522768080234525,0.2077597505519612,0.1293226480484008,1.5172025309868284,0.25574147701263417,1.4592277203650514,0.010706273838877668,0.4978874204271763,0.008828878402709898,0.40127734200917775,-0.1264188289642334,0.057974810621777034,60,46,14,100,0.00011585035518892382,1.1725314485642355,0.04017634212477965,0.35065074569317184,0.03644552081823342,0.2649686300345504,0.024922349443659137,0.17636912194302018,70,25,0.0017683868737832014,0.2566563554535394,1.5405797083324249,0.16680987872270148,0.01921935379505155,0.14173311381062412,0.1273874342441558,1.0452409134265963,0.2160042822360991,0.9800366375781214,0.0004657085984945356,0.45141788437742564,-0.0053363591432570995,0.4470317468290342,-0.0886168479919433,0.06520427584847491,90,43,15,70,0.7005662897876165,0.5442057387663565,0.03334628545771192,0.22995271061187472
BadRange,0.07203254162075742,1.089158534467583,0.1698905239999292,1.7304142069165143,0.06431663036346424,0.5596980455648597,0.045428501553833434,0.4148611106518461,62,20,0.00617000007394679,0.896854554449371,1.9124148477550316,8.323297422185668,0.032040983438491794,0.2630831544216721,0.2247243523597717,3.4616430596128263,0.39047884941101074,3.411787016946657,-8.190125226973378e-05,0.7013089287418487,-0.0076733827590942,0.572286613143704,-0.165754497051239,0.04985604266616936,98,48,12,62,1.0113140444352775,2.6411464807162344,0.062293630823374406,0.6364120842004274,0.05716706812381735,0.42631135603733183,0.03272192149888721,0.25225891225108005,75,27,0.0028886281784597356,0.40208120275056786,0.6562721305887615,-0.08270848466556835,0.02855888009071355,0.21328969623790917,0.1293226480484008,1.3783985177170703,0.2609079480171202,1.3623589540527803,0.00664792172610759,0.5525823586061661,0.0036055147647857,0.560679746768902,-0.1315852999687194,0.016039563664289998,67,48,15,93,-0.24060153607788692,0.4975695654750043,0.04209839027396117,0.31102080269302584,0.04224496707320195,0.41728939105177143,0.027797104722121678,0.23090408366263682,79,23,0.002096261700516584,0.3020763025581175,0.6612930799167254,-0.2957602359241229,0.021357007324695497,0.199039334604952,0.1152497231960296,1.2382720380408472,0.20953878760337818,1.194870802904563,0.0003142972476780425,0.47652291956849946,-0.00148347020149225,0.41447701790970026,-0.0942890644073486,0.04340123513628414,81,44,16,79,0.3238391418894393,0.5436661907577149,0.03630845881052291,0.27386531303549727
BadRange,0.0794923917379222,1.1981689604367025,0.18497946992516495,1.8787675256562295,0.08372783660888665,0.5848579821865805,0.05664795678108927,0.45321826549411776,68,18,0.008838743775228076,1.2925369766223813,0.9888387420031637,13.841884820880807,0.041429340839386,0.30416390538745697,0.2333284616470337,4.715895005204123,0.44120287895202626,4.576224555281173,0.004690704494714743,0.8822440870091387,-0.00641113519668575,0.7705674289510224,-0.2078744173049926,0.13967044992295002,88,45,17,72,0.6042780362491582,3.135922925839783,0.07440979276095223,0.7170650929725924,0.05317582935094825,0.3733139147367338,0.03195027634501454,0.2357570936002245,74,22,0.00292118885496742,0.3796349794941666,0.7436636005334512,0.3152549543973726,0.025339312851428996,0.16428290546254642,0.1285774409770965,1.3851737886508277,0.26016274094581593,1.3074284537416936,0.010078974068164815,0.5383005889957839,0.00719318538904185,0.4750667076168297,-0.1315852999687194,0.07774533490913421,59,44,16,101,-0.30286094496003707,0.8789458453909633,0.04165334407695082,0.2997790109079665,0.04329475015401828,0.3244746634146327,0.026983083604136433,0.20116713566679917,71,23,0.001927885640553544,0.2722730451456473,0.6477027055245239,0.14395749741872654,0.021116062998771598,0.16623789824217797,0.1152497231960296,1.1986241362527512,0.20953878760337818,1.1509420692330485,0.00028105499222875075,0.4582228496513068,-0.0051837861537933,0.43347636411613427,-0.0942890644073486,0.047682067019702574,89,46,19,71,0.37003354359197704,0.7025389247121078,0.034819925379858674,0.2496094253089879
BadRange,0.07629343552506604,1.1437283781245149,0.17704382628202414,1.809637214321748,0.06288522481918325,0.5413498167701383,0.049612133381888225,0.38040864863070917,62,20,0.0071296113698774664,1.0624703147504615,1.5090880328634917,11.25557908049329,0.031744211912155,0.26769213816263804,0.2333284616470337,3.8332791412025404,0.44120287895202626,3.6792460421926085,-0.00212527401745318,0.8032626240804899,-0.014128029346466,0.714959041555284,-0.2078744173049926,0.15403309900993198,99,45,12,61,0.6336385006542454,3.1330223638818517,0.06692897064028179,0.6459407647035347,0.049058169126510495,0.37798136021058093,0.03235181695083152,0.21182929271982712,78,23,0.003147154619044408,0.39235501528151706,0.7646969761093332,0.20300846073484546,0.023647010326385453,0.18789550936626337,0.1451813578605651,1.3555938015790185,0.25546497106552113,1.3148113555446335,0.011479215417057261,0.5722348241277977,0.0094278752803802,0.5567525232681658,-0.110283613204956,0.040782446034385106,59,45,13,101,0.09247014621824856,0.47648433799505585,0.0429737289976249,0.25475934003868356,0.0426638051867484,0.296351650277743,0.026937547941924954,0.1978716462358811,69,22,0.0019212800064104072,0.24789498524006146,0.5755276956237778,0.6971277772063882,0.0211930871009826,0.15520527775846804,0.0834871977567672,1.2369422101575402,0.192537561058998,1.197315355260975,-0.00041129263117908833,0.4341397661134605,-0.00466686487197875,0.3825217521181121,-0.1090503633022308,0.03962685489656531,91,44,16,69,-0.11027219082812931,0.7888211389833868,0.03475891223487135,0.24375735623568615
BadRange,0.07671337026270779,1.1225483915277625,0.17780588552355742,1.7638827951090095,0.0689137876033782,0.43161898483531347,0.048887880798429206,0.3794375696879655,60,16,0.006638255873655325,0.9805388401579449,0.833277840372264,14.603741828869207,0.03216361999511725,0.20969059840182586,0.2080287933349609,4.1245467375891245,0.3744193911552428,4.110640852918504,0.0003727357834577685,0.7672549679726286,-0.01164069771766655,0.6226545191518564,-0.1663905978202819,0.013905884670620735,100,44,15,60,0.8734020045145394,3.38067735345689,0.06461318664462107,0.6259861454371539,0.045147277414798674,0.39260928452444316,0.030682533383369414,0.20799872753467633,78,23,0.002913327433097517,0.34098748556567676,0.7889643461303204,4.5950023402712326,0.02268536388874045,0.183644150969131,0.1451813578605651,1.679703149789634,0.25546497106552113,1.6657489287143576,0.012696875631809223,0.5171220774341458,0.01139490306377405,0.4737785089609061,-0.110283613204956,0.013954221075276248,61,46,13,99,0.22587876898063794,1.404255146453151,0.04086632905204484,0.2712420369261924,0.0475919842720031,0.3519104036289632,0.030073812013724777,0.20811015415948003,79,23,0.00238494866076769,0.30851788949614856,0.29106544771874265,6.737487359545886,0.0237461552023887,0.1865452624219459,0.114822119474411,1.7749777270409084,0.2238724827766418,1.666162278524956,-0.002058963011950253,0.47950574970223514,-0.0024880543351173,0.431926269445911,-0.1090503633022308,0.10881544851595247,85,42,15,75,0.03913310497212941,1.8987870022648843,0.038674303097089045,0.2803428713176884
BadRange,0.0744826915008823,1.0860888717094752,0.1735637781023977,1.7130217047842828,0.06953132152557365,0.5298585184308521,0.04821579131297764,0.4124041228653188,62,17,0.006467353542723402,0.9496776191739893,0.6391140855764585,10.84013579258073,0.03494161367416375,0.29352524700379984,0.1756532788276672,3.9909061629456173,0.3420438766479491,3.982950542736965,-0.002789132669568049,0.7212766696344027,-0.01401597261428825,0.6021043430909203,-0.1663905978202819,0.007955620208652297,102,43,14,58,0.8516423722364919,2.9305507571403018,0.06371569480261358,0.6553148747091687,0.048061929643154075,0.33866112846450763,0.032058979826979306,0.20404263473343248,70,23,0.0030803193231410207,0.3756338080131808,1.588234208130582,0.12003434259791801,0.0246465131640433,0.17379618364473062,0.1893601715564727,1.2767682232202382,0.2653152942657469,1.1405469609282617,0.012361559830605981,0.5539918699018533,0.00699528306722635,0.5354935999029329,-0.0759551227092742,0.13622126229197642,69,46,14,91,0.8966830424573952,0.726564805870849,0.04223196101696381,0.2621579983441833,0.04525612294673905,0.34060757096169847,0.027307441330049143,0.21914230131994689,81,21,0.0019193862339585757,0.2686265016206433,0.6329352307464684,-0.014547574763040139,0.022905923426151203,0.17963617764119078,0.114822119474411,1.1555135643927963,0.2136211097240447,1.1384957093293748,-0.003970225341618059,0.4377531652480266,-0.0036749169230461,0.39212880513380177,-0.0987989902496337,0.017017855063421374,86,43,16,74,0.28415820539780945,0.910394778924981,0.034515204298386816,0.27748633828708963
BadRange,0.07486728054492492,1.0310618319922176,0.17743403777480105,1.609768932201295,0.07108294963836655,0.40165412875672,0.04798942301422353,0.37720914356212826,56,17,0.005892053879567485,0.7615231946807345,0.5319842442239415,16.02395978946621,0.03244903683662399,0.1979670328738943,0.2043835520744323,4.169687900035015,0.30735760927200306,4.154550443940263,0.0017199162393808482,0.5704235757766124,-0.013419091701507499,0.3760639829971416,-0.1029740571975708,0.015137456094752625,101,48,15,59,1.0111413752483693,3.695453057740027,0.06084995930591295,0.660409069349413,0.053154949098825344,0.44595682779918816,0.03547541503328827,0.267372428990481,76,22,0.0038141905503756156,0.47251500852497796,1.0800490810437182,0.8200511027643498,0.026611961424350697,0.22861326903386534,0.1893601715564727,1.612974506994389,0.294124275445938,1.53880595873227,0.014643679279834027,0.5969885185917925,0.01013338565826415,0.5567544776955824,-0.1047641038894653,0.07416854826211916,62,44,14,98,0.6474267850042787,0.8781661609356447,0.0467233985919691,0.34076343288938016,0.0453416146337985,0.40749689809826617,0.026845032693818167,0.21966690811650932,76,24,0.0019557925202756104,0.2647336694874058,1.9259821879094803,-0.9188209568277936,0.0215575620532036,0.20396112767652627,0.1063932329416275,0.9948961162003798,0.2569628357887268,0.9336249692000235,-0.0029456732794642406,0.44235683783289026,-0.0041754469275474,0.431253281850232,-0.1505696028470993,0.06127114700035634,87,46,17,73,-0.11481399346905566,0.37257232078036945,0.034947483822334896,0.26278146340617686
BadRange,0.06594516053641547,0.9515500666093202,0.15731192290782908,1.4946540959217423,0.05576032400131217,0.3655624983710995,0.03914732862263914,0.3059487094586038,56,16,0.004342532691966555,0.5403592146683018,2.0221404298457086,15.156456349460694,0.0250057280063629,0.1706119589958546,0.2043835520744323,3.323673807115451,0.2998995184898375,3.227530038598402,-0.0007043790072202519,0.517416831526559,-0.011908680200576751,0.38506056251615134,-0.0955159664154052,0.09614376851704864,105,48,13,55,1.2999388247043258,3.555241400233325,0.052255653916415935,0.5221484818720804,0.04087066650390615,0.4398631054980599,0.029703387338668084,0.23675223006588358,75,25,0.0029356005740492075,0.35259746284934523,1.2327781334308225,-0.07418070247391961,0.0207993984222411,0.2185178540662322,0.1386957764625549,1.2823819563474905,0.2434598803520202,1.2092386401158999,0.014714781939983356,0.516948082664082,0.011822782456874799,0.515794296602589,-0.1047641038894653,0.07314331623159064,53,43,16,107,0.19190872517425056,0.630059091826805,0.040353476559395474,0.29216800420181993,0.0477414354681968,0.33283608595290426,0.02735956860706205,0.20087530602090017,72,21,0.0019403063622321518,0.2693647311907974,1.4561911587891965,-0.4408313219140956,0.02057665586471555,0.1730601511152965,0.0894414335489273,1.0770014533629813,0.2400110363960266,1.0190805086033572,-0.0022863307967781977,0.46028918173110134,-0.006340280175209,0.41247776530961716,-0.1505696028470993,0.05792094475962396,89,43,17,71,-0.17925051621774632,0.5382273041578398,0.03485768612725481,0.23978865772198354
BadRange,0.060287731432726366,0.8864096632518702,0.1435444079339502,1.4215953199005211,0.0404967665672301,0.4077064176633098,0.03046777658164499,0.2731040800444533,80,23,0.0031630689352699502,0.3999810833890102,1.6228753714892168,1.5100583267556287,0.020592451095581,0.21154745161739102,0.1442862153053283,1.7422752474664405,0.3089692592620849,1.697685605421569,-0.011883776262402513,0.5205373140094313,-0.0118618011474609,0.47162498141901954,-0.1646830439567566,0.044589642044871404,114,44,16,46,0.3165309755345766,1.1672224466641261,0.04297952060265552,0.3591963086013788,0.035711273550987147,0.27791863148472246,0.025466337671969062,0.1946551882806613,75,22,0.00204913367110601,0.24447529279131228,0.6734151253147376,0.31766916346618723,0.01789539307355885,0.14515201130959654,0.1154407262802124,1.105121164676632,0.21435505151748652,1.0921230831712911,0.013161490298807605,0.4284597118479179,0.011000990867614701,0.38200403987892095,-0.0989143252372741,0.012998081505340695,52,48,18,108,0.0006746421542170743,0.846531613427036,0.03338336447926378,0.24677432628722012,0.046499360352754524,0.313768446550812,0.028499507168307854,0.18169589858589574,72,25,0.0019536481836575988,0.2743037996097255,-0.40893973934572836,-0.4052144401590838,0.02546770870685565,0.16240696727970413,0.0959364175796508,1.0128770109877527,0.17706626653671248,0.9715288748145731,-0.005906534288078541,0.47259829404317216,-0.01009888947010035,0.47098726942805424,-0.0811298489570617,0.041348136173179666,93,36,17,67,0.26896089850087296,0.3574251399006394,0.03454855982748354,0.22573137149543232
BadRange,0.06951332166988869,1.0808020542606425,0.16361347973346685,1.6920024136460172,0.059847787022590526,0.5398491287786154,0.043052597474306786,0.42439035282396953,68,18,0.006131508214441896,0.8921950615075314,4.644899741569052,4.940723794937066,0.029900521039962748,0.2437322703907898,0.289135217666626,3.1850548187689043,0.45381826162338257,3.076516654533261,-0.002367582544684399,0.7353576454576275,-0.00990092754364005,0.4921891205721013,-0.1646830439567566,0.10853816423564308,98,46,14,62,1.4973130770272995,2.057445608160992,0.062053636259300306,0.5928272891614772,0.04356925189495077,0.2790632490286373,0.028580722569022297,0.19072999165990265,73,25,0.0025746217403923135,0.2983769018466149,1.0765366385024615,-0.19682938748947842,0.021380737423896796,0.1475374318203515,0.1650058925151825,1.0776901739562235,0.247402548789978,1.020637169054685,0.015374854020774343,0.4899547978107466,0.01264706254005425,0.4863907323017197,-0.0823966562747955,0.057053004901538425,52,48,17,108,0.39875196174763383,0.5048473242758577,0.03716700303767565,0.241497821830437,0.044849243015050846,0.3522668306049629,0.02768495095428075,0.18503457768199844,74,23,0.001895462138267785,0.26535147290270045,-0.19104427028524418,-0.7052354733948363,0.02316828817129135,0.1719700658911496,0.0959364175796508,0.9719344609055366,0.17706626653671248,0.9048177921199885,-0.002958415262401097,0.46668997037764304,-0.0060702711343764496,0.4354680160408341,-0.0811298489570617,0.06711666878554809,92,36,17,68,0.42020335751856647,0.2664630826160176,0.034399233800923884,0.2180640833599499
BadRange,0.0768872557061361,1.1833502910133042,0.18406249403953528,1.8893326619574689,0.06994377076625816,0.41663855146191653,0.04861320185009386,0.3582139737910538,65,19,0.006939163272979018,1.0055329571195433,3.0940704479028813,13.116081474824036,0.032931387424468946,0.21386266695629713,0.289135217666626,3.9927270402255313,0.4500267505645752,3.8558063087599317,0.0014025907963514412,0.7814747615269191,-0.0126399993896484,0.6675199591361126,-0.1608915328979492,0.13692073146559944,93,46,11,67,1.28751068768535,3.3049562552079883,0.06604751317916577,0.6283551179197857,0.0533091314136981,0.3282543875385835,0.03514567882521075,0.21153648186765905,70,23,0.00399986525863839,0.4285743252203865,1.3977176341104522,1.1110807674354861,0.0280040875077247,0.17057311080673598,0.1650058925151825,1.4788692818717202,0.3233500719070434,1.3612933533210216,0.016578933503478752,0.5970011850538645,0.012917585670948,0.5550979325993463,-0.1583441793918609,0.11757592855069848,57,44,15,103,0.08994286505838098,0.8630911177228914,0.04731858837255231,0.2686334124130279,0.046048048883676446,0.3259057796926964,0.029584223409183274,0.19334327114837355,68,23,0.002411099009824771,0.3192894342049479,2.0732034457949373,-0.42914513330152415,0.023277662694454148,0.16683774740120316,0.1374585777521133,1.0697582789770763,0.2990440875291824,0.9750740221267354,-4.7757569700472395e-05,0.5108567153766852,-0.0051880329847335,0.5019453411133759,-0.1615855097770691,0.09468425685034085,92,40,15,68,0.30032757120069686,0.4087168599815319,0.03894113732876686,0.24148467976145474
BadRange,0.08021260269946097,1.2000851599662943,0.19336697489023186,1.9223594463080815,0.07194386422634115,0.553650491555675,0.04788413673639293,0.3938172702809956,64,16,0.006095460298834319,0.8553106847295479,0.25367240615046427,11.190312011508423,0.033412218093872,0.2183689439855051,0.1916315555572509,3.729579688644171,0.3525230884552001,3.6581298576459083,-0.00020781010389326753,0.7084661859919537,-0.01134982705116265,0.5320807636005718,-0.1608915328979492,0.07144983099826316,96,43,13,64,0.5718980686568158,2.8901859940695567,0.06191590565284695,0.5944630754181139,0.06612500175833698,0.4495202184555332,0.03895591707550917,0.24815250441925904,75,26,0.004584556181673528,0.5216433153132037,0.5430510423993149,-0.7081712358289556,0.03092118352651585,0.26048340043142415,0.1381256580352783,1.28260333091112,0.29646983742713917,1.23118692207181,0.01654276782646774,0.6587375786692258,0.01395210623741145,0.68165960385924,-0.1583441793918609,0.05141640883931007,60,40,15,100,-0.15351516758711317,0.037945293952712386,0.05106842809763001,0.29615556344970034,0.04817938804626457,0.33928443127642754,0.031751588603947264,0.21246621289362033,78,21,0.0027805747030870643,0.3824813416695949,1.5060112382853088,0.14078045768260194,0.024501524865627247,0.16768727545872067,0.1374585777521133,1.2294885587124649,0.2990440875291824,1.1844131068195163,-0.0009392215870320803,0.5551556816469019,-0.00331804156303405,0.5134615413629926,-0.1615855097770691,0.04507545189294867,84,44,15,76,0.15002699297497593,0.7163173462721111,0.04180791116781869,0.2725500152352933
BadRange,0.06704992620297488,1.0241630304729183,0.15989535175263858,1.602962203398124,0.04745090007781967,0.5365158095229148,0.038086312566883815,0.35627997999041056,65,20,0.004381328179752687,0.6371791904072875,1.2840353925226244,7.004937202146854,0.024272650480270254,0.23430059780535695,0.1916315555572509,2.91701044745856,0.312357187271118,2.880148349568791,-0.003939450159668907,0.6047512398284357,-0.010761409997940001,0.4651984058126743,-0.1207256317138671,0.036862097889769,103,41,14,57,0.9440845906330946,2.3257032209310715,0.052344392644226904,0.5210135586846637,0.048679448664188274,0.35925562945063955,0.03061948284273963,0.20776332307783066,84,24,0.0029654077186550354,0.3560104221795505,0.5464603932522536,-0.7472794594251386,0.024660341441631203,0.19397161804652246,0.1160089075565338,1.0835894423384074,0.2292125523090362,0.9759063330970164,0.015717919776216133,0.5404293269167468,0.0175510868430137,0.5347674756541667,-0.1132036447525024,0.107683109241391,54,40,13,106,-0.1970611428334756,0.31872789609443253,0.04020484431611882,0.25287658014901726,0.0433840826153754,0.3744852631179452,0.02710326573345806,0.19768290635490923,79,25,0.0019149504434348686,0.2684606052347726,0.3656574873297931,-0.22832636200772027,0.022067129611969,0.1899784934567054,0.1108207255601883,1.1184258485687169,0.2023155242204666,1.0482550466895304,-0.005418733879923817,0.45778163665294114,-0.0058521926403044995,0.45692015305416744,-0.0914947986602783,0.0701708018791864,86,43,15,74,0.14459242820662427,0.45807760863679414,0.03427570568620219,0.24268617261419564
BadRange,0.06654360233428838,1.0285422810113232,0.15711945511400677,1.612294820282013,0.04844622313976278,0.5573155512312891,0.03970897774212058,0.37156951591783816,61,21,0.005105558107674776,0.7584329952779858,3.861352062027974,8.041241422641436,0.023463964462280197,0.2812594879219232,0.2760430574417114,3.2579474518733087,0.40679699182510376,3.191642929409862,-0.0003446631133556255,0.6578467955774494,-0.01014667749404905,0.5585955967212086,-0.1307539343833923,0.06630452246344667,100,42,13,60,1.4538120817119702,2.510513438881025,0.05666500944348475,0.5706755547826342,0.04814836382865892,0.23482041990040553,0.02829835786251348,0.15423390066558698,84,25,0.002551677207361832,0.2737809619626884,0.1581060733080739,-0.04691815393104504,0.0248730927705764,0.11843662135276467,0.1399581432342529,0.9622100789196636,0.20474952459335322,0.9077768303279833,0.017360042082145796,0.4872403639950577,0.01926627010107035,0.48662822869069416,-0.0647913813591003,0.05443324859168026,53,46,16,107,0.28113233305852364,0.0691766832703603,0.036077166681026764,0.1907296244862137,0.04082781076431265,0.29615183172691606,0.026084649799158754,0.19803445120545138,73,20,0.0019501074949361485,0.28006166629345086,2.3209051489984986,0.4498129908353934,0.021271422505378654,0.14948440890748746,0.1409233212471008,1.2120613855191746,0.2514672279357909,1.1575161436676122,-0.004362215381115667,0.46720766070950615,-0.006701529026031451,0.40990675761260553,-0.1105439066886901,0.054545241851562426,92,42,13,68,0.6349008919296615,0.8616001645815781,0.034746713505384344,0.24855314938218304
BadRange,0.04465254928263992,0.6277264975152541,0.10246279101818775,0.9609578114909847,0.0556911975145339,0.22747503635176386,0.03371944431681182,0.23713770219430613,69,14,0.0033700665255978948,0.45032383445840396,9.301687159834431,21.168269876690456,0.02778720855712885,0.11416681373054165,0.2962290644645691,3.262401737655516,0.3737549185752868,3.1354451990768113,0.002606264874339112,0.46309194887151456,-0.00624740123748775,0.3522848903896518,-0.0775258541107177,0.12695653857870445,88,51,14,72,1.938785127383944,4.438431704505358,0.045964152966091784,0.4856641651890598,0.031286150217056205,0.2488411627933921,0.018618083782494018,0.15966026468373704,88,19,0.0008966494335206901,0.1313609896206931,0.6915157169338624,1.9393587806034036,0.01500326395034785,0.12465208605234157,0.0720418691635131,0.9899642554598276,0.13732224702835072,0.9718218278307845,0.002198777720332141,0.2953386301140439,0.005171611905097901,0.23904288551410519,-0.0652803778648376,0.018142427629043074,70,42,13,90,-0.3265439192766134,1.424386660930912,0.023644564521967018,0.21008589477414483,0.018363742157816824,0.1610117731347483,0.011767796962521924,0.10048378254035004,80,19,0.0004099825825632565,0.05745860802020968,5.03005426696558,1.4495482708826257,0.0091285742819309,0.058699727430002395,0.0474313348531723,0.599909718418471,0.1357476562261581,0.5640701954703563,-0.0002121277851983904,0.20252723250542615,-0.000377509742975191,0.15394280832959667,-0.0883163213729858,0.03583952294811466,81,44,15,79,-0.7105533360209073,1.3403276159119695,0.01605631961729122,0.12822374239548126
BadRange,0.04262314427128043,0.554835078602584,0.09864643350243545,0.828566476142924,0.04896342754364,0.1722307632447445,0.029351690392941186,0.2375385889599979,68,13,0.0021897848349393765,0.32171223336392013,0.6797518618647032,16.199448655689793,0.023391634225845302,0.06761879636002369,0.126634418964386,2.6685420229272805,0.1940764188766479,2.638866234275658,0.0016023043543100413,0.313219213298974,-0.0058827400207519,0.18222865959238854,-0.0674419999122619,0.029675788651622372,90,50,15,70,0.8778172247153985,4.045933556005545,0.03707613302847842,0.4728699163451741,0.030543789267539877,0.23110879177463317,0.019064520415849946,0.16280739522527962,83,20,0.0010257508170387164,0.14668696020622216,0.7627010498178182,1.1088649950025689,0.0154703706502914,0.11503215762772073,0.0720418691635131,0.9534350203139471,0.13732224702835072,0.9050064449144865,0.005292909219861015,0.31923426391966603,0.00723192095756525,0.2681025171564144,-0.0652803778648376,0.04842857539946061,56,32,13,104,-0.5392340861247698,1.2600605886437544,0.024838180644935495,0.2116044539840577,0.020713314414024277,0.1426079622057142,0.012532716145506084,0.10703260730213163,85,19,0.0004017207022662286,0.05846462273384967,0.037699524515877325,2.2765777576915465,0.01017516106367105,0.06973792039265508,0.0474313348531723,0.7203818647277999,0.0862236395478248,0.7035919572694038,-0.0017023353837430436,0.19611299892428413,-0.0011038556694984,0.15671932570700214,-0.0387923046946525,0.016789907458396022,84,40,15,76,0.13899159888289,1.4368670554698162,0.01580311228506872,0.14143660907549155
BadRange,0.04522121630804674,0.6319591696203678,0.10597487263381458,0.967577050114111,0.045937001705169594,0.213747611252469,0.029647890846244952,0.2264057399432541,69,13,0.0022479070659638324,0.3200790236985639,-0.04567982188361164,19.577898960649897,0.0232697129249572,0.13664697278460863,0.1146703362464904,2.8921195662416443,0.18211233615875227,2.861110133226231,0.0031165588647127165,0.34432674423861714,-0.00344926118850705,0.27712677601921604,-0.0674419999122619,0.03100943301541357,85,50,14,75,0.6329433697782867,4.199078738300018,0.03747004139420179,0.4489076930735291,0.03529939800500857,0.280365744355792,0.021520123258233027,0.18618715451719814,80,16,0.0013446352443355247,0.19546628381765033,1.6777543087157385,0.871490653382744,0.0178253948688507,0.1124324124706256,0.0838324427604675,1.1297143383556574,0.1915269792079925,1.1117962882020582,0.0047018736600875745,0.37221963341647135,0.0047207623720168495,0.30927551575201284,-0.107694536447525,0.017918050153599242,66,34,16,94,-0.19408970695689465,1.1753034482576106,0.02869557258676488,0.2385766717786087,0.020923612639307875,0.19397566801739718,0.014987146465573415,0.14528712005401434,76,18,0.0006645964614324022,0.0995324772706277,1.277432821859053,4.690746327683698,0.01038125157356255,0.07814381373275633,0.0699071958661079,1.0687320449567466,0.1199813559651374,1.0243437226379213,0.0007421119604259724,0.25103067245902255,9.221211075780195e-05,0.17347506167217125,-0.0500741600990295,0.04438832231882525,79,40,15,81,0.659018281602089,1.8846297616745995,0.020431128260473493,0.19109180713834556
BadRange,0.045829246276632055,0.6541991919861024,0.10804287068545795,1.0151480337785888,0.04371319711208337,0.2057802552187119,0.029500261414796076,0.269828511143924,70,12,0.0024635309850440687,0.350213912545339,0.5050850446637138,10.770207564804782,0.0210114419460296,0.10719076479333413,0.1146703362464904,2.4257265868520164,0.2236004471778868,2.390729857478168,0.004295364767313003,0.3873402943159924,0.0009109973907470001,0.24762512837342582,-0.1089301109313964,0.03499672937384831,77,49,15,83,0.13211727148483346,3.182837848684962,0.03912575059234788,0.4474163708946504,0.03904458135366432,0.3012260028568659,0.02210182175040241,0.19333206639422035,80,22,0.0014359221037189372,0.1992545441943203,1.577595569942046,0.2989787536197701,0.01922032237052905,0.15201228804071193,0.0838324427604675,1.0657928199339732,0.1915269792079925,1.008399659885406,0.00846316441893576,0.3701523127145532,0.0085650980472564,0.33105666884231927,-0.107694536447525,0.05739316004856728,60,40,17,100,-0.3319037046028772,0.9693402313181283,0.028827418165357745,0.249483084770066,0.022819269448518673,0.2022668741699233,0.015023094837088089,0.14125633477223776,68,21,0.0006628104086498701,0.10062455058799015,1.278156140686213,1.2516376797529976,0.0114835314452647,0.10538018840565852,0.0699071958661079,0.8502980118796797,0.1199813559651374,0.8011234061286018,0.0009920311626046945,0.2576554267480431,-0.0015032254159450002,0.21904950628328945,-0.0500741600990295,0.04917460575107788,88,41,15,72,0.8669685306935897,1.293683168011839,0.020392929581951443,0.1850357577747445
BadRange,0.04545141876724603,0.5973009830377811,0.10439327456057046,0.9220081432383087,0.043168246746063094,0.26418476054839923,0.0314548245631158,0.29383262051870374,67,12,0.0029367260496432784,0.42494938435080415,0.7650141641984942,15.520291430066969,0.0213067531585692,0.13073576914704932,0.1298573017120361,3.22063267576883,0.2387874126434325,3.1585068975803745,0.006533764302730559,0.38873122744361105,0.0009109973907470001,0.2509145407236532,-0.1089301109313964,0.062125778188455404,76,50,17,84,0.46422408059512976,3.677692817011395,0.042473979663924646,0.5232947708137239,0.03344334661960592,0.23624020956994157,0.020188967252615802,0.18184121781583418,83,17,0.0012144679591188513,0.16860419238090413,1.6142221415448574,1.108646268670321,0.016788557171821553,0.11544967536689643,0.1006155312061309,0.9988597353936899,0.1920584440231322,0.9382594185071985,0.0077782789245247706,0.3308734466539758,0.008574083447456301,0.2682588423151886,-0.0914429128170013,0.0606003168864914,58,41,16,102,-0.047139216919803335,1.388072867691351,0.026512906104570317,0.24316034767252406,0.022329995408654074,0.1766601059431973,0.012844014397705855,0.12075068399727726,75,19,0.00043436405608463804,0.06257408215077902,0.2790440849732967,-0.1122533370591654,0.0106910876929759,0.07782814453104739,0.0474490523338317,0.5447305220483802,0.0831642150878905,0.5319259052446376,-0.0007173523772507864,0.2024034691407219,-0.00197371840476985,0.14606242072958453,-0.0357151627540588,0.012804616803742697,90,44,16,70,0.4701380472653336,0.9766851541753041,0.01651263486114834,0.1469929176204753
BadRange,0.04718282987195497,0.6265982222115567,0.10881535626947855,0.9619259622146206,0.0544513463973998,0.3741333011596366,0.033778863376937765,0.3246132602498505,73,15,0.0030387602282891933,0.4453845559268202,0.06717779037833793,15.264912194757347,0.02684870362281795,0.12551388297461458,0.1298573017120361,3.260998646967389,0.2022843956947326,3.2172272229473227,0.005327926948666571,0.4145250089436566,-1.853704452514998e-05,0.2177416640021751,-0.0724270939826965,0.04377142402006626,80,45,16,80,0.6490533146329662,3.5172723764034357,0.043388991875361306,0.5230234917162724,0.02950403094291675,0.24050367055242972,0.018978219353593846,0.16587427111049866,82,18,0.0010777695968198723,0.15081159878261957,2.2504015315671175,1.9521322750906718,0.01470729708671565,0.10948893857041149,0.1006155312061309,1.075657847999679,0.1920584440231322,1.0493492984523338,0.005742040835320941,0.32201767780436164,0.00634625554084775,0.24200980509747438,-0.0914429128170013,0.02630854954734523,63,42,15,97,0.03078019368441564,1.4150188512652346,0.025390236623189667,0.21706269592932328,0.024954671040177175,0.13981874324697277,0.014856288044829807,0.12882269104885558,81,17,0.0005403250457899217,0.08000698744099094,-0.2920182210515532,1.786741501844486,0.0124202370643615,0.07393931126464713,0.0483675003051757,0.8166962856613392,0.08408266305923451,0.7919143483255126,0.0007216875907033629,0.22538327546660233,0.00153779983520505,0.1762462507842571,-0.0357151627540588,0.02478193733582663,74,44,16,86,0.08010707217651544,1.4587855719772056,0.01842017817954442,0.17090747959330682
BadRange,0.04816589954029095,0.6162470603910732,0.11230176128447034,0.9478636530247317,0.06332932412624348,0.30053183446945675,0.03556434203404929,0.27545662216807965,73,13,0.0029533685921592522,0.43516584372262807,-0.7331520424857167,19.32041092097863,0.03071969747543335,0.14070876473651128,0.1007173657417297,3.3139002319553437,0.17314445972442621,3.263076453679781,0.004637431725859646,0.4236042031846424,-0.0033400356769561,0.30492616380830906,-0.0724270939826965,0.0508237782755624,86,44,16,74,0.4225919494657368,4.075731622182137,0.042846510872235,0.505692913502782,0.029527395963668775,0.246466988915617,0.0173137664981186,0.14951513515149856,83,21,0.0008347564492665754,0.11056570666387756,0.1364078208048558,0.6454650395587009,0.0149789452552795,0.10342840026638324,0.0527874529361724,0.840600492383622,0.1205654740333556,0.7999016114540534,0.007215727865695942,0.27654235428214813,0.00793312489986415,0.2112316100122924,-0.0677780210971832,0.04069888092956864,58,42,15,102,-0.3837713361847452,1.0262524465203837,0.02173959208008818,0.18463486385827685,0.028179559856653123,0.19336864090896214,0.016329356858041093,0.15213353380696046,87,17,0.000668374525654993,0.10225382120437525,0.030033009165350677,1.8887551861070362,0.0130378864705562,0.08060041965643854,0.0725722312927246,0.8802003661946074,0.11334495246410359,0.8351870487611596,0.0006210094317793784,0.2477170955579411,0.0019786953926086,0.16814760303738088,-0.040772721171379,0.0450133174334478,69,41,15,91,0.11429928769994192,1.587966301894309,0.02049324910029652,0.20221291198316962
BadRange,0.04760186030820398,0.6331024401962851,0.11089566923677897,0.970677846671238,0.051571622490882776,0.24041800704965727,0.032160270381718835,0.25186934350234835,68,15,0.0025790540397224813,0.36678383774886214,-0.4308412766303533,14.760955186884676,0.0247592628002166,0.11802369376359098,0.1007173657417297,2.805294962926183,0.1712572574615478,2.762429731454827,0.00698297582566738,0.3881886439929285,-0.00079014897346495,0.2827347064771212,-0.0705398917198181,0.042865231471356104,82,50,15,78,0.5258768408261854,3.680965230705448,0.03966078586641763,0.46485848860034135,0.03496640175580967,0.23613466299428426,0.020147687960416043,0.15444862283149186,84,22,0.0010749959626990672,0.15139866601899787,-0.2918309095176985,-0.1798951158348645,0.01724287867546075,0.11544178611789216,0.0686261653900146,0.8458253330054574,0.13640418648719782,0.8307248189549914,0.00704778693616389,0.3376742929124263,0.00793337821960445,0.3040660265250631,-0.0677780210971832,0.01510051405046601,61,41,17,99,-0.163520717266037,0.660841704952314,0.025022277892563737,0.19332547148549986,0.0266270823776721,0.20539890170325648,0.01683641557698133,0.16121980018360763,83,20,0.0007206701911488658,0.10957463226542713,0.0630269162849788,2.7848589948589604,0.01383978500962255,0.09796331562824995,0.0725722312927246,1.0629449803909847,0.11348330974578849,1.053192514579646,-0.0009003858081996403,0.2448149097658834,-0.00018140301108355,0.16789898424286623,-0.0409110784530639,0.009752465811338863,82,38,16,78,0.30138704342967787,1.7342167578136363,0.021270540642744612,0.2228010148579882
BadRange,0.04354771326850777,0.6105032929769575,0.10229562662541843,0.9413187065249304,0.03930437564849845,0.20738956124975477,0.02799801377113904,0.2395886659514537,71,14,0.0022647243597668483,0.33955280901510654,1.1326597827002152,14.97192412124151,0.02023130655288695,0.09707677291748161,0.1419762969017028,2.6691217775847345,0.21251618862152089,2.6042255954445777,4.271976649761478e-05,0.3998556420970158,-0.00459599494934075,0.2785772290832443,-0.0705398917198181,0.06489618214015697,89,50,16,71,0.956973253563944,3.6068227125896577,0.037740602893876624,0.4238729461740744,0.03252033889293662,0.27150397018413364,0.019260725772473924,0.16440857548498983,77,19,0.0009494437030640649,0.13103378604631363,-0.47193132572444396,0.2774123581906647,0.0172306448221206,0.11642367526679695,0.0686261653900146,0.8705723587924501,0.11806783080101,0.8517168363793992,0.005117223225533952,0.2990763832191908,0.0047305524349212005,0.228075187639744,-0.0494416654109954,0.018855522413050836,67,43,15,93,0.15010551221062268,0.964390137458293,0.02389108074670085,0.20392916183528376,0.022135793231427524,0.19820402783474395,0.015886297796969262,0.16009054547491858,79,18,0.0007140336373211871,0.1019172596873517,0.3034537847939651,1.593621844282378,0.01125758141279215,0.0980702903813081,0.0536828637123107,0.8856353842115623,0.113251820206642,0.8593813433683423,-0.0048176666256040225,0.24238668120872378,-0.0051206033676862005,0.17168203869784654,-0.0595689564943313,0.026254040843220076,97,40,15,63,0.11885547066698987,1.431571787854786,0.02063302869960016,0.20776418473830427
BadRange,0.0470120167941385,0.6472647670411235,0.109915622025728,1.0062918792367492,0.057222172617912154,0.33129287461952145,0.033031209241598795,0.25109500969578324,76,19,0.002764159451225256,0.41442586645649954,0.05824506940148666,24.012675228914638,0.027838975191116302,0.16206732127190132,0.1419762969017028,3.2284342864592337,0.2153156995773314,3.18009457102483,0.003979713842272763,0.45137902733801755,-3.510713577270001e-05,0.35053590420749703,-0.0733394026756286,0.04833971543440382,80,47,15,80,0.6492876460171348,4.449846547342671,0.04150334119761253,0.4590020045009442,0.03633549809455858,0.20905234246443682,0.021018945334944833,0.16352560014784914,77,18,0.0011621992712760646,0.16133395305806547,0.036874744066181186,2.5050613520868943,0.01746258139610285,0.10381236424157168,0.0673652589321136,1.0860195580758893,0.1447442770004272,1.051812500774064,0.003984493575990197,0.32530829045918963,0.0027302056550979,0.2782747081626784,-0.0773790180683136,0.03420705730182537,74,46,13,86,0.09516034491920285,1.6462646924460298,0.02673886494611776,0.23560235401325041,0.0214313166216015,0.18509176078644468,0.014156233596149797,0.13598835316573013,82,20,0.0006143311145907055,0.08450103971302596,0.6712633552808689,1.3974263215075542,0.0106986090540886,0.09385150347727958,0.0442783907055854,0.7858172190516763,0.1038473471999167,0.7649806377760563,-0.005245286319404829,0.2296045614395421,-0.0050348043441772,0.17544933066487473,-0.0595689564943313,0.020836581275620072,100,45,17,60,-0.19951327249129336,1.3563851066699457,0.01893899954313183,0.1782772702258521
BadRange,0.05002842035399622,0.6534294865560937,0.11929821088910081,1.009866839887689,0.061763092875480576,0.3125552756178711,0.03390883167739953,0.27116952343308703,75,15,0.0026624771047539355,0.39190360127855506,-0.280155301037051,21.481699489565745,0.03174307942390435,0.1639440201703831,0.1240936517715454,3.2076858365452927,0.19743305444717402,3.1818217847422208,0.0031894322484731672,0.4084311777449871,-0.00136306881904595,0.3140614628925255,-0.0733394026756286,0.025864051803071744,82,45,13,78,0.527641219850078,4.162618139863329,0.040795556699766734,0.47443395148787343,0.03931140154600138,0.2713840021580706,0.0236119199893437,0.181444837938548,77,22,0.001479318478409818,0.20300073720024525,0.024532004788024864,11.334230849990266,0.0201500654220581,0.1398773362404387,0.092977225780487,1.7810923254243727,0.1703562438488006,1.7575884271812758,0.007376388646662227,0.35293717838436833,0.006118729710578851,0.3075222897837002,-0.0773790180683136,0.023503898243096868,66,40,14,94,-0.021214670898880843,2.790388839517027,0.02959114162092626,0.28006443064824543,0.024344483390450426,0.18988641992303706,0.015943445656448563,0.15133483193622313,76,17,0.0007445327005578126,0.10677426532232476,0.9219035941021736,4.309603523970051,0.012100644409656549,0.07728994336407846,0.0628901720046997,1.0984234499687417,0.1352790743112564,1.0635377280963232,-0.004638049378991116,0.24849848375833375,-0.0064528211951255,0.1687525250429262,-0.0723889023065567,0.03488572187241859,101,38,16,59,0.12662194662814458,2.010801437557605,0.021133214748154636,0.2121856943625887
BadRange,0.045259740855046825,0.5906903272075781,0.10802480556070782,0.9306818153750869,0.0474611073732375,0.28129248850166705,0.028401893079280816,0.24167876677317182,76,14,0.0021967638168744192,0.29909013658296835,0.2791432255475037,18.749823444258745,0.023247301578521697,0.10828482572101611,0.1240936517715454,2.7353732368764527,0.2121420502662658,2.70762412713218,0.009385624527931204,0.35242981618970637,0.007123053073882999,0.2441187776645255,-0.0880483984947204,0.027749109744272873,65,45,14,95,0.3434534892531308,3.9548049121090245,0.03595787105537432,0.4181905800510792,0.035133622586727004,0.272372115339404,0.019923341721296273,0.1671952094597022,84,19,0.0010999067379905871,0.1531988717408994,0.39813044920149876,0.6731803095663973,0.01773683726787565,0.1219287294469019,0.092977225780487,0.929400095906943,0.1543341875076293,0.8851095543560406,0.006612493097782125,0.3270709274193452,0.007788836956024149,0.27728805921224786,-0.0613569617271423,0.04429054155090235,61,38,16,99,0.005766427089469653,1.102683045870512,0.025451231377723472,0.21499646550106083,0.0317429266870021,0.23883270933195158,0.017518616036395495,0.16855091928899227,81,16,0.0007697814806995076,0.11831139039732586,0.4143281067164466,6.6386284828015825,0.0152609609067439,0.07892336363793104,0.0628901720046997,1.307659016250851,0.1352790743112564,1.290147584182304,-0.0011480291839689038,0.25118107176603527,-0.00079201906919475,0.15734440626532462,-0.0723889023065567,0.017511432068546922,83,35,14,77,0.01967424504395413,2.319551211388828,0.021973006983668622,0.23498821158473396
BadRange,0.04203092992495489,0.5701596532733961,0.10011469393968558,0.8975566482156587,0.04530031979084005,0.27231868453672153,0.027207176992669658,0.2465333110202205,87,15,0.0018395660602480706,0.27199928609706114,-0.23927238087031988,10.145980118900516,0.022506475448608378,0.11970053638569189,0.0835371017456054,2.2208352893440053,0.17235571146011341,2.1955165394302996,-0.0015612654387950919,0.35264295995171335,0.00019043684005736817,0.22893968729247313,-0.088818609714508,0.025318749913705675,79,48,15,81,-0.27995691644699067,2.925775040042211,0.03397803564138846,0.3842424090252863,0.03287386149168002,0.22065299403323188,0.018894779514521315,0.1410143613299366,88,23,0.000925430795521193,0.1323486902304058,-0.030971157646428438,1.665026409899502,0.01709401607513425,0.1015108564724579,0.0533061921596527,0.9389052482864492,0.12293910980224601,0.9107913389628858,0.004380274377763263,0.3125710906393629,0.00711609423160545,0.3038016809542764,-0.0696329176425933,0.02811390932356344,66,45,16,94,-0.38180255675695957,1.0806114445532118,0.02372181425446369,0.18613974193311048,0.027620851993560624,0.21520787892359491,0.016059700923506125,0.15699391286578718,85,17,0.000628990470515457,0.0945987203276474,-0.09693749532191243,1.83486685358901,0.0134248957037925,0.07584453808487968,0.0488190203905105,0.8952711888764019,0.1085751056671142,0.8691814748040011,-0.002710583247244362,0.23234259762458254,0.0001710653305053,0.14598642738914586,-0.0597560852766037,0.02608971407240084,79,40,16,81,-0.24603573656125463,1.5352938548117805,0.019702741437625012,0.20153321725390266
BadRange,0.04570100944102899,0.5952413506866586,0.10742781981825805,0.9275757173682188,0.05290101468563067,0.2759162585030342,0.031404112465679604,0.26093578934419975,75,18,0.0025566384190698656,0.37988061178369587,0.6367780795377787,21.08932939073962,0.02460369467735287,0.14598013270204202,0.1475118994712829,3.230010279295668,0.2363305091857909,3.1937969739932104,0.0039488822221755955,0.375972223227668,-0.00018182396888728183,0.23190236346632737,-0.088818609714508,0.03621330530245738,80,50,14,80,0.46696468282166487,4.270334416589532,0.03990309445435288,0.4883907238522661,0.029636301100253948,0.21170948547656687,0.01959237651899452,0.17292147856160434,80,18,0.001020724587702645,0.1473309477447842,0.613293226807416,0.2667134392131172,0.01437047123908985,0.10362540198959685,0.0871976315975189,0.9113819654626579,0.1568305492401122,0.8624791746834053,0.002297295536845922,0.3163118905197431,0.00189137458801265,0.23250375657948547,-0.0696329176425933,0.04890279077925265,79,44,16,81,0.11300583324208321,1.1050658547463246,0.025232011225246882,0.21743443991375935,0.024659276008605825,0.16255264134148856,0.015895426406059374,0.13344808754736667,81,18,0.0006779942619274459,0.09604976394914275,0.1560073171093439,12.742726334813948,0.0122217386960982,0.07885077740182753,0.0593732595443725,1.2945080713496542,0.1191293448209762,1.261262732974774,-0.005391518957912917,0.23529160362080762,-0.0052243024110793495,0.17737924962054274,-0.0597560852766037,0.03324533837488005,93,41,19,67,0.05153320462205302,3.044130684542325,0.01992887824759376,0.2017117379199622
BadRange,0.04433428849476264,0.598188822024353,0.10287101939320539,0.9082563844263509,0.04908381402492513,0.16045924071977627,0.030736422999761953,0.2553268542187689,69,11,0.002524441604036727,0.3866102199498887,0.9317291114044854,21.808133406126046,0.0225271284580231,0.08190409965563562,0.1475118994712829,3.34936445028034,0.22345000505447382,3.3473000611937356,0.0030677054077386952,0.35814550943075835,-0.005932867527008,0.23844258753407804,-0.0759381055831909,0.0020643890866046365,89,47,13,71,0.8836442571780048,4.4111631692161986,0.039726931898172654,0.5082735621931079,0.02714155986905085,0.29678941334041536,0.01865310918656173,0.1715334765750238,75,21,0.0009412840674591464,0.13472568112421182,0.6437352052954517,-0.219180639259263,0.01368433982133855,0.1346862110177918,0.0871976315975189,0.8071005739185332,0.149009883403778,0.7867604292770869,0.002767446357756855,0.30576382863413093,-0.00086126476526255,0.2375830788630081,-0.0618122518062591,0.02034014464144625,82,42,15,78,0.393925423894365,0.7615897467489336,0.024172207812063626,0.20306196646149582,0.02465687505900845,0.18501962667117255,0.015278619555756406,0.1287084373262737,76,20,0.0006022508705954587,0.09105693344716727,0.09986542283296673,2.1553554869163047,0.0121520161628723,0.10657414275269497,0.0593732595443725,0.8874201680181639,0.1129465103149413,0.8775214164055172,-0.0015890741720795605,0.24434704636146168,-0.0024657547473907002,0.22343858666113342,-0.0535732507705688,0.009898751612646795,89,38,14,71,0.2990559285371367,1.3000192724788664,0.01939672895714046,0.17706341909495868
BadRange,0.04287324947992456,0.5637044087624858,0.10018865764141058,0.8673490280301671,0.045615181326866025,0.2329118673096768,0.029878363162279088,0.2570979909950464,74,13,0.002442355237686722,0.3690748686761339,0.39650658018050544,20.42215223760519,0.0228667557239532,0.10870217677497684,0.1128859519958496,3.2321385546006023,0.1888240575790405,3.1939914745472415,0.003717881441116333,0.3461640565894302,-0.00013488531112665,0.2107166255959606,-0.0759381055831909,0.0381470800533606,81,50,14,79,0.721084038059895,4.26288124192894,0.03901490611630901,0.49924474419034565,0.027371581643819674,0.2053389804927948,0.017238424939569043,0.15123038020614138,79,19,0.0007917417550366606,0.11185547538460909,-0.031070229021193718,0.3249381799066202,0.013059511780738699,0.0993169712967204,0.0546739101409912,0.8086806354326681,0.10846382379531849,0.7969646365660384,0.0036527840420603726,0.27413206551759584,0.0035824701189994,0.22254983754758106,-0.0537899136543273,0.011715998866629692,70,46,14,90,-0.10713209186719998,1.019005869831802,0.02201190679826669,0.19159093412702397,0.026468221098184475,0.24807754408932478,0.015419322892557786,0.13955561044754297,79,21,0.0006003791813190349,0.09057684250257408,0.3244039715532816,-0.11131820814478255,0.0136693120002746,0.1174840818024407,0.0439280420541763,0.6855959574611561,0.1128088980913161,0.6546141981652728,-0.00041849259287118825,0.24705290592314097,-0.00105920433998105,0.20682755011397544,-0.0688808560371398,0.030981759295883274,82,36,15,78,-0.2655345371331063,0.8540868709735675,0.019427319214141713,0.17187700305016304
BadRange,0.04464113366127812,0.5795039967681388,0.10459758281707741,0.9118292502936055,0.053642034530639524,0.1831272143865896,0.03110097547993059,0.2583829252941983,84,12,0.002567372874973759,0.38806616872099864,0.056112327022377784,21.735890904506707,0.0270326733589171,0.08789188670801917,0.1113901734352111,3.2907598094864703,0.20093947649002059,3.2249806406142234,0.0017168346792459405,0.3764119709484298,0.0037326514720916,0.2426507103937856,-0.0895493030548095,0.06577916887224701,71,47,15,89,0.2591861324547153,4.408355362865687,0.04014640534570151,0.4963669981452404,0.0311664268374442,0.20761357059126279,0.018490973252337388,0.15619566107583313,89,20,0.0008847861839112542,0.12351142205084796,0.056933660590484436,0.7007793276782666,0.0156037881970406,0.10139693825574556,0.0521549880504608,0.8953474951644022,0.119414210319519,0.8804120690790402,0.003642787970602504,0.2890472412275031,0.00779914855957025,0.20661213229210684,-0.0672592222690582,0.014935426085361877,59,45,16,101,-0.6452254391291635,1.1900597169855147,0.02330484789355324,0.19990776470567026,0.023120388388633648,0.21752586868934973,0.014963040004949973,0.12821372677042892,79,18,0.0005902935056192883,0.08821505747819856,0.48699987617949825,3.7328916847703795,0.01196762919425965,0.09067107235780406,0.0494866520166397,0.9239821767208164,0.11836750805377949,0.9141140853514498,-0.0016759434714913326,0.24637003811767258,-0.00197686254978175,0.19376431375714304,-0.0688808560371398,0.009868091369366646,83,40,18,77,-0.3273501150615616,1.6135948385847476,0.019194460796682775,0.16588207195503402
BadRange,0.050275433867238484,0.6717427051394799,0.1184155012667177,1.0403684375488371,0.060338526964187525,0.3101374698395572,0.0345107268961146,0.3088017074414397,73,14,0.003098438959733615,0.4779876029776342,0.25457927666427205,18.25075216177769,0.02909505367279045,0.12896632716459272,0.1385220289230346,3.4523735792405077,0.22807133197784413,3.4442173439128765,0.003085571154952052,0.44270566953420265,-0.0006695687770843,0.27716069081135536,-0.0895493030548095,0.00815623532763129,82,40,17,78,0.5177796973581695,3.8816851202880667,0.04403547569836302,0.5310360563463724,0.03939512372016895,0.38849142752595744,0.023296747864223973,0.2052829082404431,87,19,0.0013719625047427814,0.20002753670024337,0.015126636166603369,1.1613922612380598,0.01733718812465665,0.16205232234272984,0.0908746421337127,1.20829505553034,0.1620791554450988,1.1413111368672715,0.004540254548192014,0.3635380489381669,0.009509623050689649,0.2974542387899875,-0.0712045133113861,0.06698391866306856,62,42,16,98,-0.29931958451348634,1.235068654987107,0.02901940628673468,0.26051415254161225,0.024559549987315972,0.1529584403753149,0.01575067220255728,0.13916452319780015,80,16,0.0006222971147209845,0.09173154787857028,-0.17999690584448702,2.631876919504051,0.011941909790039099,0.075225099224024,0.0494866520166397,0.8882331397655002,0.09592665731906891,0.875159714664858,-0.0006837791763246018,0.23412471907646776,-0.00066577643156045,0.18259251552105193,-0.0464400053024292,0.013073425100642284,81,43,15,79,-0.11239852425603265,1.7551807808243334,0.019771477906441917,0.1921383975053798
BadRange,0.046813713056971226,0.6466949549012617,0.10970574513077713,0.9899470617275927,0.03670397400856008,0.2662858617954187,0.029617310781031796,0.2927388358702281,67,14,0.0026457039722588105,0.4114565022912786,1.2208714537420962,10.416257744693409,0.01834318041801455,0.09721968072483066,0.1385220289230346,2.6443297559859444,0.2225692868232726,2.600759283515994,0.0012523010373115622,0.42152793989299586,-0.00406846404075615,0.254009837274496,-0.084047257900238,0.04357047246995062,90,42,17,70,0.8758187207544033,3.1299160259510606,0.040772375958260214,0.48349839522054827,0.03470639884471885,0.27327859825169476,0.022111301356926523,0.1805140781449822,88,19,0.0012847702886587505,0.19088401813157233,0.118199513401259,9.688330136027247,0.0179529637098312,0.12688619529679485,0.0908746421337127,1.6434140863381321,0.1620791554450988,1.6160812071977517,0.004589155782014119,0.33455413330223466,0.0073492377996444,0.26228556777845763,-0.0712045133113861,0.02733287914038043,62,35,14,98,-0.18283690867921074,2.8351758345945757,0.02805064744812935,0.28099386118198905,0.028089154511690025,0.14738328229772985,0.01625410414999346,0.13954720340090498,75,16,0.0006423365179916485,0.09746383173338781,0.05493899806282032,6.033985285567555,0.0138554647564887,0.07265889745527153,0.0636568665504455,1.0602944122008553,0.11276738345623011,1.0380926232567473,-0.0006073260679840993,0.23386498853236204,-0.00215052813291545,0.1529845033060473,-0.0491105169057846,0.022201788944108066,87,44,14,73,0.16150843520231514,2.3643374472167746,0.020090148498924976,0.20681150565707407
BadRange,0.043721808834515825,0.572296557147448,0.09977351203560807,0.8859647166224418,0.038380280137062,0.2278699941998977,0.027772839488461577,0.23429732191894714,74,16,0.0023553215531707,0.3591909556958952,0.6901017321556386,21.605074635814287,0.0202851593494415,0.11321366508967919,0.1167516708374023,3.1821086689377704,0.2007989287376403,3.135284991674441,0.00478732250630855,0.35016827699319636,0.0035921633243560496,0.2313161476427135,-0.084047257900238,0.046823677263329366,71,46,18,89,0.4589196184529939,4.4617183946620065,0.038187323972140766,0.48638784265595225,0.02957615256309505,0.21527840881467286,0.019263962237164332,0.16373458917612116,88,17,0.0009382298700077291,0.1413848490864919,-0.22565773681128887,2.050388940158765,0.0152652412652969,0.11157955061731054,0.0598494708538055,0.9907850966893977,0.1234498322010039,0.9617233022928157,0.0015203258953988485,0.3028959186154333,0.004899114370346,0.23883257458570803,-0.0636003613471984,0.029061794396582023,69,38,16,91,-0.22825285704130935,1.5542521032850407,0.024243674461036008,0.22279791644583383,0.0263072773814201,0.15204766403847142,0.014943658998236012,0.11781865340552161,78,18,0.000546667131216736,0.08229474883068573,0.36371057027700093,3.8666579460187513,0.0132346153259277,0.07670807711315406,0.0636568665504455,0.9034563996355651,0.11276738345623011,0.8770051660812481,-0.0009682748466730087,0.2329005210138122,-0.00218645483255385,0.192476202675947,-0.0491105169057846,0.02645123355431699,84,48,18,76,0.2960755882352791,1.823307232847513,0.01851681271272811,0.1674875999654319
BadRange,0.048625428578999194,0.6451687815122056,0.11305116102099394,0.9988380123592566,0.04805168509483328,0.3076819245651512,0.02993260260671373,0.26440820713113916,72,17,0.0025092822079371357,0.3690713825157969,0.3698554743352309,14.745002435080202,0.0237231254577636,0.12329625623316959,0.1167516708374023,2.851896231517717,0.201071798801422,2.8424477965532313,0.0035785708576440813,0.3692595815748339,-0.00032702088356019996,0.2323287535803803,-0.0843201279640197,0.009448434964485808,80,45,16,80,0.49998419877441186,3.6977133987263255,0.03956359689567293,0.48240931161304856,0.03580312430858605,0.2679403372552066,0.022639298328431277,0.19245791431377016,85,19,0.0013863020526209966,0.1859025789727238,0.5937902778799522,1.354704602228674,0.0177661180496216,0.12416544516220214,0.0697845518589019,1.168726698741097,0.1703564524650573,1.1558948185381952,0.005116009991616001,0.35218678412553095,0.006711259484291,0.2838165003317849,-0.1005719006061554,0.012831880202901661,67,47,15,93,-0.48171480974758035,1.2558357790602621,0.029078340936190227,0.24873087476234335,0.02949163317680343,0.1074041029209474,0.017717941002920217,0.11677987643035247,79,16,0.0007944621213665362,0.11032166155093882,0.5816148889903165,6.426144509078378,0.01564605534076685,0.05480341487392103,0.0782029628753662,1.0589804486594383,0.1330612301826476,1.0005587128158067,-0.001154982298612589,0.27739164665889177,-0.00152467936277385,0.2443047787683491,-0.0548582673072814,0.05842173584363158,83,47,16,77,0.4414117481847108,2.26765462760977,0.02232306738788381,0.18268972580527723
BadRange,0.04980581314118439,0.6995200477959037,0.11632419034838652,1.0945695536116158,0.04842866957187645,0.21843728398037357,0.032250622408464505,0.270742794835347,63,12,0.0028618602324525667,0.4221523970236973,0.3550617423388136,20.807037005538728,0.02351084351539605,0.112224365034409,0.1236671805381774,3.3248817256467125,0.2079873085021971,3.274227827236996,0.0035602964460849816,0.4163108261284247,-0.0028212666511535003,0.3075386928297148,-0.0843201279640197,0.050653898409716666,90,45,15,70,0.6469145521252107,4.217331832378076,0.04227477573739026,0.4988363389649613,0.03445316106081,0.23664585187033835,0.022052182399202095,0.15827650297766005,78,23,0.001333074095802197,0.1719918708619608,0.8743694337719168,2.1730452345792397,0.01846693456172935,0.13154961691505795,0.0697845518589019,1.0266396661803707,0.1703564524650573,0.9316827856791867,0.005264120269566767,0.36043206728196736,0.0033930093050002497,0.3169943976003775,-0.1005719006061554,0.09495688050118398,72,48,13,88,-0.35431764761595236,1.2934165224210634,0.028469740708583855,0.20513555454091348,0.026833042502403148,0.23112999178990198,0.018605406340211586,0.14857249787052174,76,23,0.0009675894620347783,0.13337511472142385,0.9257691276766473,-0.5593263066366818,0.013472385704517302,0.1175841000410051,0.0797596126794815,0.7360448421201664,0.1346178799867629,0.7134718428968982,-0.0028505820780992423,0.3178266602012237,-0.004415333271026599,0.30434046126784,-0.0548582673072814,0.02257299922326811,91,42,16,69,0.650274506506317,0.526457836504121,0.02450244696983735,0.17989254789112244
BadRange,0.04587416700726175,0.6444075350061587,0.10528600364923454,0.994893489242693,0.0411871075630187,0.2737542637604468,0.031048968993127306,0.28419222681273854,70,14,0.0028476987155343593,0.4296369127838485,0.5923302492911571,14.312537157688727,0.0211389660835266,0.1360705976559874,0.1236671805381774,3.0200704838111174,0.2098283171653746,2.9904803378353892,0.006196360290050501,0.43002223653616306,0.00220379233360285,0.28175374746890347,-0.0861611366271972,0.029590145975728392,78,43,12,82,0.37432030512973963,3.5319023084775236,0.0418613081900939,0.49468958839689026,0.029550552368163927,0.2446984016634805,0.018981770693790125,0.14902777334234849,81,19,0.0009847864145815658,0.12836551005866245,0.18658372821796165,0.49048244371927385,0.015263333916664,0.12355115751611005,0.0695537328720092,0.8833081748982075,0.1328477263450621,0.8544983140012314,0.006917052902281277,0.3060421172150924,0.0076004117727279,0.27069514876628153,-0.0632939934730529,0.02880986089697603,67,45,14,93,0.11789335704987944,0.8515398483870974,0.0239001252755438,0.1862893785194586,0.02182188630104063,0.18205131834500812,0.015175697836093563,0.12575098253829942,75,20,0.0006721408301483868,0.09298057879279716,1.5511684206117922,0.41578711450508177,0.0116103067994117,0.08149805573117455,0.0797596126794815,0.7316112754590087,0.1376715153455734,0.6876678495466255,-0.0028810609132051434,0.2588291354914378,-0.0037792697548866,0.23437756378375604,-0.0579119026660919,0.04394342591238316,89,43,15,71,0.3689961354303813,0.9998331237901984,0.02035626108574057,0.1612081183239607
BadRange,0.04937410932604309,0.6837815514255464,0.11592823669314363,1.0387451202683622,0.042007550597190725,0.2902898438444267,0.03254331854172047,0.31707411081449005,71,13,0.0031060994785933314,0.4701106467971796,0.5056467593524103,16.97845200728546,0.020120918750762898,0.14937123092612883,0.1363943815231323,3.415854100976857,0.22255551815032948,3.3794094027270476,0.005042663961648941,0.4290388995332184,-0.00097632408142085,0.27566458771215724,-0.0861611366271972,0.03644469824980925,81,42,15,79,0.5333667760860117,3.7070062959834384,0.043908237238580484,0.534823587255185,0.03469401597976675,0.2788505146178908,0.02340294155990701,0.20898492222020212,93,19,0.001512171906048595,0.21314001401912339,0.12761315677084228,2.3193071579408606,0.017487421631813098,0.14072384608608315,0.0814724862575531,1.3901278021034142,0.15290048718452448,1.3730705639316254,0.007059110142290578,0.3674001778959341,0.01255913078784935,0.3018225018164278,-0.0714280009269714,0.017057238171788936,56,45,16,104,-0.3924394504982266,1.475656559938736,0.03001511410098212,0.2795659551897537,0.022985726594924802,0.18585143162058843,0.014863564070546958,0.11936155792236035,81,21,0.0006194410901843382,0.08314999666475438,0.5709938898764055,0.57569129797528,0.0115131884813308,0.10729333792251261,0.0438966751098632,0.6735189879998789,0.1061855256557463,0.6197083377283267,-0.004223219770938155,0.24230604283920956,-0.00370060652494425,0.21827669506737368,-0.0622888505458831,0.053810650271552185,91,42,15,69,-0.39823977381483294,1.060006046038432,0.019277910482861624,0.15632587203773252
BadRange,0.04900358788217831,0.7121219553532393,0.1146143741905687,1.1041270468054465,0.0367726385593413,0.23698672877484261,0.028708775788545575,0.2544948166948317,58,15,0.0024946477047056662,0.33519336103409764,0.934592626903207,12.996172898236264,0.0184467136859893,0.10417709224792664,0.1363943815231323,2.56805193815167,0.2045337557792663,2.5243743809179957,0.011348742246627807,0.40363374405920527,0.0023834407329559,0.26135208438285207,-0.068139374256134,0.04367755723367439,76,44,14,84,1.0499925114169442,3.273781235679306,0.037938856666256945,0.4150580220774507,0.05264338105916965,0.28662634165707124,0.028847544245654683,0.2322112060956626,87,18,0.0020611807603884043,0.3099955431615085,-0.16882930428554177,3.043210535837704,0.0259113013744354,0.12146243951994483,0.1126734018325805,1.5589119817463866,0.1999953985214232,1.495519150106018,0.004409838188439597,0.4535343435473308,0.008226037025451601,0.3504505194578208,-0.0873219966888427,0.06339283164036853,65,39,16,95,-0.10045098973747656,1.778803416744328,0.03573193420326484,0.3229584220679191,0.0240169018507003,0.17782636187827594,0.014690606491640163,0.11590442540742416,84,22,0.0005878654603219746,0.08257761175848519,1.1135502896553389,0.27968271840521286,0.01285966485738755,0.08427955820001592,0.059345006942749,0.641431886070184,0.1216338574886321,0.5839489696367759,-0.0003517718985676793,0.2469589591989104,0.000533178448677,0.22304568985385473,-0.0622888505458831,0.05748291643340808,78,43,13,82,-0.19912756158115588,0.9788343491997946,0.01922504051687758,0.14693156308253205
BadRange,0.04262613782215162,0.6339444708122404,0.09807087697088697,0.9961135772623552,0.03631965816020955,0.29143425696386904,0.024093041690066416,0.2122418500387698,74,21,0.0018781983018267884,0.2654933548493707,4.877567794526219,10.448314246678608,0.018927246332168503,0.14885401154667194,0.162931203842163,1.9925917576764116,0.23959755897521962,1.957061032416085,-0.0054242346435785195,0.4043132547593508,-0.00826865434646605,0.33399272641532524,-0.0766663551330566,0.03553072526032657,99,43,14,61,1.4708960289500284,2.7319179839683594,0.033935960662491695,0.31941218961597406,0.03762768208980552,0.34624534018950803,0.023196940429042984,0.20145027344884434,76,19,0.001438878780408455,0.2134413346257876,0.7665655582989701,1.0358337401771003,0.01885626465082165,0.12719139022237175,0.1126734018325805,1.207468571657173,0.1999953985214232,1.1845894222710944,0.005048993555828921,0.3833263780841165,0.0033096596598625,0.30784999178084405,-0.0873219966888427,0.022879149386078577,72,39,14,88,0.14991812315348407,1.12749320338306,0.0296530359781336,0.2578802483531852,0.021081797778606325,0.17148302377261757,0.01293803272303189,0.10011801706279291,76,22,0.0004566306365870968,0.0626371740849224,1.2225105602550022,5.726822304686403,0.01068924367427815,0.08688207692405336,0.059345006942749,0.8188709979765428,0.11553932726383201,0.8076251510964501,-0.00015238383784889827,0.20847394441888775,-0.0010558813810348,0.1824723447731319,-0.056194320321083,0.011245846880092806,86,46,16,74,0.19188104836094222,1.9078592516678212,0.016945964497115745,0.1384766716214428
BadRange,0.050561666999248446,0.7501204388142446,0.11788792960345724,1.1675736994631476,0.0558179318904876,0.341649185979929,0.03560589483939107,0.27434534670300653,67,17,0.003396666840127831,0.494477129302893,0.833870876451174,24.831128784373043,0.027292668819427452,0.18189111782319795,0.162931203842163,3.6150929085875885,0.23959755897521962,3.541455478623572,0.00681777223944664,0.479790582122107,-0.0005289912223816,0.40706335525614085,-0.0766663551330566,0.07363742996401668,80,44,12,80,0.9086544553671771,4.542735989463885,0.045710984400511696,0.5140798834907107,0.03349039703607552,0.3402527673163187,0.022795998134533837,0.20548925188227216,69,19,0.0015796283665972955,0.23123828789428655,1.4229164177395521,1.6599433815156566,0.016543030738830553,0.14150279527295218,0.0925478339195251,1.3356138596791016,0.19267967343330372,1.306786181085194,0.005536732124164697,0.4001572192797447,0.0018857270479202002,0.33637913782386725,-0.1001318395137786,0.0288276785939076,74,39,14,86,0.12716608386725003,1.2966566304863807,0.031026259140202853,0.2666692478569451,0.023272883147001225,0.17571130951160455,0.01597814598586406,0.13398186550508007,68,18,0.0007695549558187587,0.11515781289189128,2.2528767777029532,1.397149609201759,0.01152989268302915,0.07501529048819294,0.0871796011924743,0.8059010852921844,0.1433739215135573,0.7638345409215749,-0.0005030053667724041,0.2876258980612958,-0.0028226971626281504,0.23382590148653898,-0.056194320321083,0.04206654437060948,94,42,14,66,0.6645079821140965,1.4164026548783626,0.021994140625958485,0.18008096972285653
BadRange,0.05059972301328257,0.7338991281186886,0.1206594257801769,1.1430798119206556,0.05102179944515218,0.20347831023894825,0.03285273570567365,0.2354137060152928,68,15,0.002849432880721419,0.42227002578366607,0.8016262518468857,22.095016377457664,0.02462017536163315,0.09984555548273218,0.1503686308860778,3.239540720555055,0.215088129043579,3.1871785067028022,0.0017094038426876095,0.4417401388914939,-0.00659054517745965,0.3432529378407917,-0.0647194981575012,0.0523622138522526,87,48,13,73,0.9905197431353284,4.455166538109401,0.04229841264343683,0.47658753180899494,0.03564370423555365,0.2774300239107822,0.02274537196382877,0.20243097567428125,74,18,0.0015992687049548693,0.22393371668168124,1.5595241172757293,3.181105767948277,0.0182853937149047,0.15790228499354822,0.0925478339195251,1.4310130464808588,0.19267967343330372,1.423862028965263,0.008116083592176426,0.39190588417948,0.00700038671493525,0.3180703027516335,-0.1001318395137786,0.007151017515595787,61,45,14,99,-0.1261925500796065,1.5234226914241984,0.03065198655011245,0.26522348053515415,0.030329968780279052,0.19572230546081198,0.019318195694358976,0.1488614645375365,70,21,0.0009889162140740418,0.14850420562048158,0.6823363818064938,11.649993509729653,0.014931239187717448,0.10572421204054358,0.0871796011924743,1.491173414352121,0.1403860300779342,1.4656125647445766,0.0011555189732462222,0.3094337888496817,-0.00205122679471965,0.26325683603830163,-0.0532064288854599,0.025560849607544296,86,39,16,74,0.5510948798039115,2.8061410529772757,0.024912170947793157,0.2296844268526105
BadRange,0.04697862375223137,0.6045690933188724,0.11063844360411144,0.9351892690378065,0.05579984188079823,0.2420079962329143,0.03386874941643324,0.2741401874924068,63,13,0.002971658977131173,0.4460271291135935,0.36454100435019443,21.54800025146491,0.026744902133941602,0.10111382706523457,0.1460404992103576,3.603825288669571,0.207657217979431,3.5383620580988935,0.004395244643092158,0.3706346915160458,-0.0048308670520782,0.21183192085772784,-0.0616167187690734,0.06546323057067767,86,44,15,74,0.9375363092988149,4.462438013729235,0.043006141848738466,0.5555691267145783,0.03122392296791065,0.17117782055484587,0.018013644739985422,0.12597676718703932,88,19,0.0008246601037908191,0.11315082854278379,0.06964738556938244,0.5674504663551057,0.01509749889373775,0.08791044172141772,0.061612993478775,0.7311305955318073,0.1336171925067901,0.7304327586745744,0.0037169795483350623,0.2918878523583151,0.0059573501348495,0.2604591399973007,-0.0720041990280151,0.0006978368572329261,62,45,15,98,-0.36364428301519147,0.9661126031207528,0.022466671397417055,0.16718944401018337,0.028391901403665452,0.17253828596826257,0.017098253554431682,0.1467106102738588,78,17,0.0007739596406483708,0.11577591174228996,0.11149709405854002,3.6896673059282,0.014357686042785702,0.07068005705921217,0.05755215883255,1.0595784385873392,0.12290154397487629,1.027079504599099,-0.002580970199778667,0.27266672516344564,-0.0033402889966964,0.20871709289162782,-0.0653493851423263,0.032498933988240226,91,41,16,69,0.068394178098354,1.8804379246593947,0.02191035752276609,0.20354058251594923
BadRange,0.04558044385356431,0.5983080281845445,0.10685297995805718,0.9487192067340469,0.045017227530479306,0.21990742801564794,0.0312066331505775,0.2590951094015354,66,12,0.002672403123592626,0.403401587535906,0.7750084642932924,17.498041425173092,0.022783815860748298,0.11220810187768673,0.1460404992103576,3.1582650431248243,0.21384507417678822,3.112559775959405,0.005218982696533206,0.38313338293921295,-0.002319186925888,0.27062820470733934,-0.0678045749664306,0.045705267165419665,85,45,15,75,0.9212275059230441,4.019427222325159,0.04066137718183188,0.5065672693862686,0.030129760503768824,0.2565718531591904,0.01933353961911049,0.1483102822004371,82,19,0.0010205306115583406,0.13292577004581074,0.023665981817695858,0.12233356692947339,0.01440469920635215,0.12118082578284993,0.0628374814987182,0.8017297754262473,0.1348416805267333,0.7725888759073429,0.006620351411402213,0.3121059820117293,0.00746548175811765,0.2771991163759826,-0.0720041990280151,0.029140899518904397,59,48,14,101,-0.08468916888400893,0.8799310119210526,0.02444869004042625,0.1884558994521129,0.025386281311511927,0.1467280963942636,0.0158712826739065,0.13250379152524674,83,18,0.0006698714607248555,0.09828605999961645,-0.23840771306217778,3.0507229518031993,0.0130146965384483,0.06937040217898388,0.036578357219696,0.9265586085399616,0.1019277423620223,0.8824691452622667,-0.004170924611389624,0.2534798417831045,-0.0035588294267654003,0.20512542125569128,-0.0653493851423263,0.04408946327769492,94,38,14,66,-0.28152019466802103,1.7346972688916906,0.020094695337790774,0.18448314234430402
BadRange,0.046764494075558126,0.6286211023899839,0.10876660779118516,0.9803066390007946,0.046563863754272294,0.26851285002441044,0.0317725938186049,0.24776819339993927,69,19,0.002833570891900474,0.39457169105306816,0.4573804428245749,24.417408898980103,0.02334401011466975,0.15522967582193586,0.1292077302932739,3.210618506960981,0.2231741547584533,3.1746146591526743,0.0057690769433975195,0.4302105927272956,-0.0002932548522949,0.3114448189023196,-0.0939664244651794,0.03600384780830669,80,48,14,80,0.7047646356808859,4.493236154459128,0.04181660539427891,0.45770136219842883,0.03321249037981025,0.2800355888424203,0.019915298081468757,0.16413556107696153,75,23,0.0010608661049720796,0.13766843509057458,-0.2576519961948165,-0.07716932159704504,0.016442775726318297,0.14288838299132595,0.0637483298778534,0.828180755201968,0.12227752804756159,0.7738156276389746,0.0069459719583392044,0.3123001026823013,0.0052229315042495,0.28349777835113743,-0.0585291981697082,0.054365127562993366,65,50,17,95,0.07359580851022943,0.8304898124321556,0.024872905400367136,0.20034240927771307,0.025489348918199477,0.1967373901280839,0.015606445539742669,0.14351387094252016,80,16,0.0006595751879067443,0.09183972339617878,-0.39614438010322006,1.0369069783710252,0.01309424638748165,0.08105041975259247,0.036578357219696,0.7727209089939616,0.095324695110321,0.7548961201538547,-0.005724347475916136,0.237795943591198,-0.0059072151780128,0.17420233625055864,-0.058746337890625,0.017824788840106957,97,40,18,63,-0.13649422050017568,1.3518626367052147,0.019541057268260765,0.18786381399234542
BadRange,0.0438929242976572,0.610237629641543,0.1025846782326696,0.9496185570925119,0.04732336103916158,0.27484358740467196,0.0309956449270248,0.24637817965922643,64,16,0.002685804112297876,0.3769229010137067,0.6443733653422994,15.953542496571451,0.022830963134765597,0.12340392459102036,0.1292077302932739,2.7835516383112555,0.2231741547584533,2.730088799847496,0.005751020833849907,0.42688266944900705,-0.00199508666992185,0.3020109278925939,-0.0939664244651794,0.05346283846375957,85,48,15,75,0.8772537997399916,3.76593346748843,0.040692784637630486,0.4412415297065729,0.026604264974593974,0.2281029843336593,0.01668352941051122,0.13173494719840748,80,22,0.0008518472815624273,0.10817328247557106,0.48758438808211046,-0.18125863216807048,0.01343815028667445,0.1132765503856699,0.0712238550186157,0.6863992287702062,0.1297530531883239,0.6500108156469564,0.007183474767953141,0.28693723138097166,0.0073465779423713,0.25970367344860595,-0.0585291981697082,0.03638841312324982,56,45,17,104,-0.001217913195457333,0.6860084179431615,0.021996048615639637,0.1607492075345747,0.022931106388568774,0.23161917442123775,0.014188140889164027,0.13298337203178098,78,19,0.0006165075036462842,0.08029457330766018,0.31584707705867343,-0.4600518752819962,0.0115587338805198,0.08470045370179133,0.0465395748615264,0.6216436638071257,0.1052859127521514,0.6029484452491476,-0.007284165266901238,0.23579865626253302,-0.007761053740978199,0.17164779675609854,-0.058746337890625,0.01869521855797811,108,43,15,52,0.1902398061703423,0.8148233068971619,0.018285179788362124,0.15714186906246205
BadRange,0.0421411994704932,0.5421991320933338,0.10162086158990838,0.8468085723126717,0.04469229280948625,0.24557670832951917,0.02723086014389988,0.22634035897424215,66,15,0.0019504469921802997,0.29208940519214777,-0.2028578657254787,25.989924784257763,0.022844821214675952,0.11259506648035815,0.0983750224113464,3.0185011915121818,0.15391033887863148,3.001305670487289,0.00604895949363708,0.3153887128640434,0.0018489956855773,0.2119122400938361,-0.0555353164672851,0.017195521024892805,74,47,13,86,0.5879222692289344,4.752609331841471,0.03449458197043769,0.43888422731981347,0.029513336718082275,0.20053110627655477,0.01751570780295875,0.14865635987958503,84,18,0.0009347656323844236,0.11256621475035777,0.0797476778812749,3.4513827428311092,0.0140672549605369,0.08486661283785188,0.0745280683040618,1.046009880448448,0.1202884018421172,1.0417253022386697,0.008906749170273526,0.26548692556501446,0.01057514548301695,0.1947248196094153,-0.0457603335380554,0.004284578209778188,51,46,15,109,0.039365087254484094,1.8016292831653533,0.022540492468279168,0.2051411882201969,0.027693606913089724,0.2129428241896567,0.016410979900974742,0.14382024425808246,74,18,0.0007177690471524299,0.10536524378649997,0.012050982613398098,2.438600921815322,0.013578355312347402,0.09163540698685543,0.0465395748615264,0.9020545562294535,0.111007586121559,0.8804028359197669,-0.0036932677961885817,0.2659329338836137,-0.004549771547317449,0.2123110922224003,-0.0644680112600326,0.021651720309686696,96,42,16,64,0.018097635314295868,1.4811018552457986,0.020921306342461615,0.18613145479083726
BadRange,0.04222906710633724,0.574196608894226,0.10160267844796159,0.9023381320287596,0.03762140870094285,0.21547662171575135,0.025767080327495907,0.2239631579321605,67,14,0.0019855727683923837,0.28053597749299514,0.22780438239301626,13.95583722739276,0.018268436193466152,0.10848031645322169,0.0983750224113464,2.39646819883721,0.1799446940422057,2.3634141928105676,0.009765990823507301,0.3578042277347378,0.0053239166736602506,0.2583491592300789,-0.0815696716308593,0.03305400602664202,60,43,14,100,0.21549722043846045,3.515299715286145,0.03395310718887198,0.39052799145278044,0.03173188865184773,0.3325648256521621,0.01900864733150225,0.17793491416759888,86,19,0.0009667027024532252,0.1284450777301404,-0.33325622505064967,2.1067540045819078,0.01521693170070635,0.1378815262610519,0.0745280683040618,1.1297247721076795,0.12170568108558641,1.1222148308332514,0.006667805742472399,0.2790946480862973,0.008666381239891,0.2338435131030265,-0.0471776127815246,0.007509941274428059,56,45,17,104,-0.11904765113257769,1.3234445317012251,0.023732885776585316,0.22483606280960872,0.0281107872724532,0.20830046442343597,0.017093880032189146,0.15211316159955046,85,18,0.0007305359548442533,0.11173463013010591,0.09404411444822447,1.7620629290157561,0.0146737396717071,0.10037511119602276,0.0452124327421188,0.9118560158447381,0.1096804440021514,0.8992458619287141,-0.0008461881428957003,0.26543925620772435,0.0018784552812576,0.20615088619750382,-0.0644680112600326,0.01261015391602393,76,38,15,84,-0.5298047687424805,1.4413877826847024,0.02141812404576389,0.2031665114973331
BadRange,0.044831968211348425,0.6155314841727456,0.10564314678311323,0.9534903639467844,0.04619644582271565,0.2021016005722864,0.029857600890099957,0.22970830852502103,76,13,0.002317711548864305,0.34748933756051825,-0.06543952124440944,21.795846479381808,0.02355414628982535,0.1143607612688881,0.1045935750007629,2.9674134700294523,0.1938751935958861,2.9126504081425084,0.0031350485980510775,0.39733963181805687,0.00058558583259585,0.31478135273259333,-0.0892816185951232,0.05476306188694396,80,43,15,80,0.3100721041354961,4.298329590346571,0.03804983410012576,0.43544294063310895,0.03032996505498875,0.24680377234596984,0.019595428537577352,0.16051534413544352,84,20,0.0010490902359057467,0.14906713551734932,0.12150917001405448,0.7629430045227532,0.014563560485839849,0.12832421243540476,0.0717517733573913,0.9403525648033284,0.14398878812789911,0.882692306634869,0.0048779066652059454,0.32469751099383243,0.00667491555213925,0.28838515391105024,-0.0722370147705078,0.05766025816845947,58,44,16,102,-0.24780611049848295,1.0736319038069475,0.025216295500108874,0.20889868805657777,0.028191126883029827,0.25086325914275276,0.015784078710712447,0.15081415885559865,84,14,0.0006190415361644285,0.09040312936717154,-0.19835250654517278,1.571235577436326,0.01413282006978985,0.09290831420398447,0.0428683906793594,0.9079031537702139,0.1037110239267348,0.9012946552270378,-0.0032885068096220453,0.2314532211348952,-0.0020567700266838,0.1775185136988766,-0.0608426332473754,0.006608498543176109,88,41,15,72,-0.20837071265445442,1.3674678198555474,0.019453843016652667,0.19191804447068764
BadRange,0.044510433997554985,0.6157862566877266,0.10486087828874566,0.9483846368085364,0.0449305623769759,0.25469961179129375,0.02893775451928373,0.23142979696784255,71,17,0.002156086404064932,0.30835895127171203,-0.056707667984864596,19.372590010520042,0.02223375439643855,0.1242259206409334,0.1045935750007629,2.7731988420281444,0.1938751935958861,2.7496865000229924,0.006326368451118468,0.36185293533529717,0.0017018616199492502,0.2430139425647569,-0.0892816185951232,0.023512342005151912,76,48,14,84,0.4061456412917614,4.062534742585406,0.03627333084481468,0.4212142025869276,0.029981199651956447,0.22127465543573338,0.020743976153898936,0.15234401651565227,87,19,0.0011542805378564947,0.167249627809001,0.3259993921106097,2.141805307300121,0.0153400152921677,0.10387813481814397,0.0717517733573913,0.9919613230250621,0.1515477150678634,0.9232819679010014,-0.0005183985456824339,0.35308654178520593,0.0017766803503036,0.3071530533841671,-0.0797959417104721,0.06867935512406075,74,44,14,86,-0.30550786830928595,1.4818326345373178,0.026938674340122294,0.2063480598870873,0.028069227933883577,0.187128988647159,0.015869309466797814,0.1463709019265886,79,18,0.0006467981003890851,0.09310891974142732,0.0990640096677855,1.7863276982168035,0.014057695865631051,0.09572218515947015,0.0588299632072448,0.8529426881884162,0.1112157702445983,0.8454916323352681,-0.0029389789327978993,0.233445159688033,-0.003676101565361,0.19275539512294626,-0.0523858070373535,0.0074510558531480624,89,43,16,71,0.2264869472889671,1.4724230540573164,0.01995242683054936,0.19650006910852746
BadRange,0.038841288571230995,0.5478186503723214,0.09132170572876906,0.8631715205077692,0.0351774096488952,0.22384374615776784,0.02206134267151352,0.20750913943555893,78,17,0.0014720152727682706,0.2026752699556816,2.0421227859686795,7.596371648806063,0.01762342453002925,0.11705336119729949,0.1112351417541503,1.7813988614518275,0.19674694538116438,1.7652788134050759,-0.006098780035972587,0.3198591209462451,-0.00720357894897455,0.24859304312313563,-0.0855118036270141,0.016120048046751576,101,48,15,59,0.7358643079360242,2.515906965853294,0.029805481367530036,0.3168050073833698,0.02850349247455585,0.2565148527285238,0.018858738595154096,0.1728736136141408,94,19,0.0009713018585118055,0.1415272871212694,0.5176633151488397,2.5912374799438185,0.014341659843921599,0.12055445435108872,0.0455506443977355,1.139448852733575,0.1253465861082076,1.115599854871535,-0.00284567410126329,0.30255248681402713,0.00024711340665815,0.22352675132553285,-0.0797959417104721,0.023848997862040183,79,40,16,81,-0.777675088798542,1.5454723963764698,0.024550618749543496,0.22358282546724673,0.025858722627162826,0.11501039438408883,0.015546604990959117,0.11996783667100475,80,15,0.0006103358636433429,0.09059087873917246,0.05519442996995094,9.886154178300487,0.013246409595012599,0.05747113270584167,0.0588299632072448,1.1349981249080132,0.1112157702445983,1.0953801225577835,-0.0013355055823922092,0.24075991274749708,-0.0013982728123664,0.1943284749677184,-0.0523858070373535,0.03961800235022966,81,40,15,79,0.15191943048104073,2.7038338028786377,0.019546463647512058,0.1806254222223163
BadRange,0.04378450192824616,0.5921078223354954,0.10209471002221085,0.9226372172749453,0.0507518798112868,0.297066685670461,0.030561488978564692,0.2534469133268881,72,16,0.0023264210692880336,0.3474183069609566,0.10272258567290349,22.739803013849716,0.026524126529693652,0.12570460276752315,0.114824891090393,3.0911037339264045,0.20033669471740712,3.0473565874921293,0.00345047302544117,0.3753362280619782,-0.0029642283916472504,0.26510272797936685,-0.0855118036270141,0.04374714643427506,85,48,13,75,0.4859573416709292,4.353266874219162,0.03809432060155175,0.45446784579897775,0.028995595872402052,0.2516764244695914,0.017852609790861562,0.15315219272484504,85,21,0.0008717431058346232,0.12877151187212676,0.5113126716023073,-0.167672766136016,0.014603748917579599,0.13070707491404662,0.0400402545928955,0.7522853641851397,0.11106529831886289,0.7181841309066106,-0.002012073993682865,0.30447129365450337,-0.0009968057274818,0.28102490341728203,-0.0710250437259674,0.03410123327852911,84,42,16,76,-0.683430912398651,0.809601912678248,0.023327927482839392,0.1899177274834552,0.026022583246230947,0.1500052571519344,0.015674792206846123,0.13412331627777177,84,18,0.0006111985996490827,0.09129709445574795,-0.1800824110634549,1.0463993574354822,0.01317686587572095,0.07074317519457185,0.046541690826416,0.7282563900076772,0.1023057997226714,0.6722457291625448,-0.0010496838949620717,0.24282969555846357,0.0006374567747115499,0.1829672078624067,-0.0557641088962554,0.05601066084513241,77,41,17,83,-0.3209868700621316,1.4362404231578985,0.019577866812606523,0.17980776793768344
BadRange,0.04278366371805757,0.5936889626225592,0.10248947396874404,0.9372335815077915,0.0491554141044616,0.26947126933639787,0.028254567068070124,0.23761952642280476,67,15,0.001981730316780666,0.30479438924884855,0.18089116749594103,14.1469411403301,0.02424666285514825,0.11639033154089824,0.114824891090393,2.4908039857650808,0.19050616025924672,2.46467523540002,-0.0013667896389961188,0.38034780661513046,-0.0068488419055938495,0.26882152338226367,-0.0756812691688537,0.026128750365060596,94,44,14,66,0.5787088602561935,3.461570648994083,0.03527734974957887,0.4001623861033266,0.02851057797670355,0.25338699615854626,0.017997609847225204,0.1524533767452344,86,24,0.0008559530526227261,0.12572629500561874,0.6121244732344651,1.7032026221842544,0.014269381761550851,0.12301048573036136,0.0538694113492965,0.9937474687343378,0.13032726943492878,0.9706244346542267,0.00036056060343979954,0.2968260672595967,0.0022536367177962997,0.25994469800945086,-0.0764578580856323,0.023123034080111207,71,43,16,89,-0.6170885382208687,1.0815605133143065,0.02319923342781372,0.19396025572477496,0.031126163899898397,0.32634550887486763,0.017693599360063622,0.18717600923472916,88,16,0.0007935297164644198,0.118671899970861,-0.299059444281212,0.22050956480405715,0.0143540501594543,0.09393258223840928,0.0448791980743408,0.8694530904204899,0.1053897738456725,0.8584306236070431,-0.002863054629415273,0.2600597076330642,-0.0003281086683272863,0.17015311630351992,-0.0605105757713317,0.011022466813446815,80,41,16,80,-0.37740953512613196,1.1214819316986158,0.022154608044133356,0.2259222176694142
BadRange,0.04513378343574608,0.58590102015027,0.10607188180088974,0.9160712483494274,0.04893182218074785,0.2123283143188865,0.029372980408370452,0.22216149268874244,72,14,0.0022022797953544743,0.32443803407112604,-0.059308641548470487,26.30625532840574,0.023829549551010146,0.10561415228238383,0.1061417460441589,3.1498169367018516,0.1894260644912719,3.1009186709827317,0.003247733786702156,0.34150885228209504,-0.0016906559467315002,0.2270053215996744,-0.083284318447113,0.048898265719119795,82,48,17,78,0.4299740521331531,4.857234388334985,0.03707381177250532,0.4558615336745274,0.031129393726587226,0.1931340180621497,0.01940219481941308,0.1500332298016329,86,18,0.0009773602142198596,0.13757143111748005,0.25118755463240783,2.020466059297668,0.01517932116985315,0.09543457051433518,0.0592767000198364,1.0086445288020602,0.1357345581054687,0.9564618505250745,0.0007444290444254782,0.3132561715657024,0.0022536367177962997,0.26129239361308876,-0.0764578580856323,0.05218267827698574,70,44,14,90,-0.43982743320063455,1.4698742870111479,0.02478173316480915,0.19860010597549863,0.030409049242734826,0.19680151129858145,0.017775354705518064,0.16064701030795223,89,17,0.0008225961041944301,0.11830842012990575,-0.16012480211579883,3.206105615821108,0.014285221695899901,0.0916407267257312,0.045985534787178,1.0325587848398825,0.1065299361944198,0.9938156373161835,-0.003461752366274594,0.26130622450163016,-0.00064150989055625,0.18608849115404424,-0.0605444014072418,0.038743147523699006,83,43,18,77,-0.37034256301753893,1.8537550601585289,0.022478810946330467,0.22366823012356815
BadRange,0.04317145895005288,0.5699478747088093,0.10031685754656769,0.882350231403817,0.047467842698097076,0.1914668443278102,0.02806931439787145,0.21067802653925974,69,14,0.002057129225443997,0.30223751930370335,0.10101970551230766,18.60359737839416,0.023041963577270497,0.0986248697345434,0.1061417460441589,2.7332510152266587,0.1894260644912719,2.7104890158755035,0.003668043017387394,0.31796427782583825,-0.0019626915454864,0.22457208033210263,-0.083284318447113,0.02276199935115502,86,46,14,74,0.5579868124671986,4.300786261590239,0.03578062054192009,0.44848214828507554,0.029179684817790902,0.2741842245208381,0.019047503916081003,0.1581839352244564,83,22,0.000971327581144858,0.13173388445496115,0.26558570394441006,0.322195977318962,0.0142724215984344,0.14391245519202012,0.0630219578742981,0.902539252503788,0.1361269354820251,0.8912839324764669,0.004078840278089034,0.30575686138649305,0.00584505498409265,0.2985020618033817,-0.073104977607727,0.011255320027321143,64,46,17,96,-0.3927006490489631,0.7772000182848725,0.024375321063161426,0.19556744660101794,0.025347836315631776,0.20441376745699852,0.015253139950800642,0.12436235692555499,78,19,0.0006424841638591513,0.09145202222876739,0.8631261309361573,1.476145399466109,0.0118459239602088,0.08591974110482505,0.0531680732965469,0.7945956998215965,0.12162993848323811,0.7480435337636466,-0.0032589430920779657,0.2586290921914858,-0.00416129082441325,0.20953721340267703,-0.0684618651866912,0.04655216605794986,91,42,17,69,-0.34928410868836723,1.1823221745420736,0.019834076320346387,0.156725922874856
BadRange,0.04428002120474235,0.6139851555659924,0.10381633549928643,0.9481944921104228,0.04953256249427784,0.25741337571915734,0.030017916178330734,0.2644713860464774,62,15,0.002608722839054951,0.37679348899703485,1.8134789548911625,18.03441433494984,0.022670358419418203,0.10093083501978604,0.1398636102676391,3.063668546623329,0.20703506469726551,3.0337452891990218,0.004111894592642791,0.3850121685592301,-0.00359645485877985,0.25555324726453565,-0.0671714544296264,0.02992325742430729,91,44,14,69,1.2097766388408644,3.9619207563512457,0.04029506388320768,0.4780785699635091,0.029858134686946723,0.2639817222991999,0.01923950072377916,0.1437719925007503,90,21,0.0009537285018731873,0.1289886772162136,-0.13094131560769906,-0.3149488784792265,0.015266790986061,0.13751161920727106,0.0630219578742981,0.7654996757939652,0.12036001682281489,0.7475230240214178,0.0026284500956535216,0.31189006907221567,0.0055371224880218,0.29710163700055525,-0.0573380589485168,0.01797665177254737,63,44,17,97,-0.3498758659038832,0.5969351808762458,0.024349066620684184,0.1780821777448326,0.025889541953802,0.17408216382351246,0.015627204310148912,0.13072618717211631,72,18,0.0006329520557965715,0.09495064087331721,0.4450743090528815,2.3315794104346823,0.0125614032149315,0.09337568218434325,0.0547206997871398,0.8953718078706281,0.12318256497383101,0.8609611252684967,-0.001666530407965175,0.2512922544789771,-0.0044519826769828,0.2230180442994973,-0.0684618651866912,0.034410682602131405,96,39,13,64,0.12936810109734695,1.5265893714103838,0.01988185763240965,0.17833351819607615
BadRange,0.048808842156508284,0.7040958580942036,0.11580512315034844,1.0901862272894949,0.03802335262298575,0.3206492161597926,0.029871604382060428,0.307800969909071,69,15,0.0028419252432071882,0.40550765952845824,1.763279652145509,10.104857475424748,0.019845485687255852,0.13334736607994535,0.1398636102676391,2.6683627387108473,0.2471906542778014,2.6574385999160652,0.006464341655373573,0.40639719285487547,0.00118803977966305,0.2603320370421279,-0.1073270440101623,0.010924138794781888,78,48,16,82,0.656096515262811,3.022619188106008,0.041777073113782266,0.49025399658558155,0.0382478237152098,0.3090620639143937,0.022980966232716997,0.17404396798777444,86,21,0.001371679048923401,0.18481565531558544,-0.07206723868710263,-0.4222940686375347,0.0191479623317718,0.16621505148411547,0.0978307127952575,0.8894924861075071,0.1554855406284331,0.8617359582830895,0.005579270422458639,0.37313835899258,0.00831587612628935,0.35155881399841615,-0.0576548278331756,0.027756527824417572,63,43,13,97,0.07265628673056287,0.5507451823664733,0.028833438783480343,0.21350274088149296,0.029664214700460323,0.2575968828575086,0.018511183997616133,0.1565823937673977,76,25,0.0009258913912159599,0.13419239984988995,0.6400463451908656,-0.17723653911353665,0.01630368828773495,0.13761666413044404,0.0547206997871398,0.8316730967971201,0.1390423476696013,0.8261878206345529,-0.0029043132439255633,0.3106506754420395,-0.00452718138694755,0.30282857851999284,-0.0843216478824615,0.005485276162567172,95,41,16,65,-0.2281158651529802,0.60599747189829,0.023954822974497338,0.19413541072482002
BadRange,0.05273718129640177,0.7571015063477937,0.1257490665465591,1.178470447259342,0.03861878812313073,0.2681967346139456,0.03271221836097534,0.3051321998351648,66,13,0.003166676838769677,0.4687962590565148,0.8062427978564934,14.362558864738666,0.020724892616272,0.13699372961237616,0.1371508836746215,3.1795028451562954,0.2444779276847838,3.1080131355534917,0.0071456890553236035,0.44867638105687363,-0.0023220479488371996,0.3243863147302958,-0.1073270440101623,0.07148970960280371,84,46,14,76,0.5590684310565154,3.5141472319299774,0.044048140070593995,0.5171902591292897,0.038008689880371,0.3339057010500678,0.023180374735966285,0.17938025589560536,90,23,0.0014871633069922792,0.19800521256807385,0.31822431374389515,0.292116861764268,0.01767954230308525,0.17059366777692064,0.0978307127952575,1.0777541856274042,0.1855639815330504,1.0246956643387084,0.007877571508288371,0.3858313767770108,0.0110470950603485,0.3722044915438252,-0.0877332687377929,0.053058521288695704,56,43,18,104,-0.2167604475390287,0.8065195943470875,0.029544481914129367,0.22167399771382795,0.0392021052539347,0.24838305677470268,0.02088517006603066,0.1689725564464501,82,20,0.0011799347080536002,0.16525011847399682,-0.09374130750569742,1.2406780989405393,0.01964384317398065,0.12259165191200722,0.0516378581523895,1.0872397299516494,0.13595950603485102,1.031873755859323,-0.006981929810717694,0.3439626894254573,-0.00629293918609615,0.2845479464395816,-0.0843216478824615,0.05536597409232642,99,42,17,61,-0.10738480762121262,1.1110575967249299,0.02632571688886011,0.2166559178910265
BadRange,0.04839948463208056,0.677041790006149,0.11409351624548411,1.0251673961906294,0.05192419886589038,0.3071402533857008,0.03286394532769914,0.2944747536336872,60,14,0.00291231400398757,0.42589512514841876,0.5737216567402026,13.393671627623494,0.023891091346740702,0.14519655136775522,0.1371508836746215,3.006002284442805,0.2214978933334349,2.9964991827560725,0.008216770738363268,0.42764002509170046,-0.0015079081058502,0.3115756803935872,-0.0843470096588134,0.0095031016867326,85,43,18,75,0.9405219420864592,3.357827472712048,0.04199647701457387,0.49296970909781934,0.028946340084075824,0.18432728232444065,0.019448286094702734,0.1468475381351485,86,20,0.0010383138131471504,0.14416811055488327,0.7729066997547385,1.2031716222198199,0.014600858092308001,0.09304282401064165,0.057799607515335,0.9160817999065852,0.14553287625312789,0.8821869321473985,0.0038542004302143953,0.3247256544029994,0.0056674182415008,0.27320007045640826,-0.0877332687377929,0.03389486775918674,64,44,17,96,-0.6005348962920531,1.2592182113872015,0.025260230950720292,0.19677743754665333,0.032086238265037474,0.21878848593433786,0.018410436981939678,0.1623816860408212,77,18,0.00093396550246857,0.12613569531856844,-0.29569346297716503,2.9183020092839067,0.01590254902839655,0.10427777134468769,0.0506125092506408,1.0031377171744176,0.1086997240781783,0.957512336236109,-0.007520056376233689,0.2728017166959294,-0.008964605629444101,0.2067926808442842,-0.0580872148275375,0.045625380938308605,105,43,17,55,0.1698855483526849,1.8013661623094772,0.02303242868130977,0.22740914380543792
BadRange,0.04606338216289803,0.6170038209537897,0.10536904469132401,0.9499415690863277,0.05560120940208425,0.2556845089989538,0.03264840199612077,0.2861583813721792,62,14,0.0027559756105178536,0.41764996433079093,0.22318479662717516,16.0430631158964,0.0277094542980194,0.11321010944942203,0.1349937319755554,3.0951332171228216,0.2128062844276428,3.0570971493734302,0.0036841925233602538,0.4234823862667294,-0.00262141227722165,0.2789946217554823,-0.0778125524520874,0.038036067749391334,88,41,18,72,0.7679230659229327,3.676644078541452,0.04146877563879363,0.4881727489860812,0.029709883034229202,0.21105040099280206,0.018638422281946943,0.14969335530342423,85,23,0.0009397084761105453,0.13234871449360036,0.31894665853318527,1.4369164861211372,0.015232920646667399,0.10008527257900612,0.0618882179260253,0.9409284916532231,0.1287159025669097,0.9080112887004087,0.0027058938518166493,0.3060875784039004,0.0047399550676345496,0.2530232536473135,-0.0668276846408844,0.03291720295281441,71,45,17,89,-0.2405770258342842,1.2609007572207829,0.02415871911369437,0.19661919753787144,0.02138468250632275,0.22560245839294932,0.013544441857375166,0.12234145775332501,76,21,0.0005802268243304274,0.07219129211489432,1.5498430436328086,0.7902007087667986,0.0110528841614723,0.10479690396022173,0.0598849803209304,0.6912157762741612,0.1156192421913146,0.6586327196213608,-0.0066955647431313796,0.22037160441569792,-0.0078981295228004,0.17434428217463396,-0.0557342618703842,0.03258305665280038,109,43,16,51,0.5940670298485994,1.0691914862283185,0.017883232102088267,0.15371287545988288
BadRange,0.04699098037418618,0.6543707652042873,0.10822412744164445,1.0043857974482195,0.0548391640186309,0.2798952942001459,0.0321708542667329,0.29073605789909945,68,13,0.00271476237279582,0.39422393072047635,0.14188010928075867,12.616934831406162,0.02722334861755365,0.1280519696333479,0.1349937319755554,2.867399013778234,0.2128062844276428,2.860619955290707,0.0075837332755327195,0.4083487970949615,0.0021916627883911003,0.2562205535577059,-0.0778125524520874,0.0067790584875270865,76,45,17,84,0.6355579465177649,3.268000375495242,0.040614320027529474,0.47694359271466724,0.036474972963333005,0.24817092372251429,0.021025127065367955,0.16716719705422536,82,22,0.0011132451685818196,0.15749016425043846,-0.30758466357691505,0.7612082918402407,0.0179885923862457,0.12211015922700609,0.0618882179260253,1.020903337276204,0.12388879060745231,0.9495202870317402,0.002013672702014444,0.33864769711704257,0.00309942662715905,0.29224302126095836,-0.062000572681427,0.07138305024446379,75,44,18,85,-0.030575100200086542,1.0071855216394885,0.02638321083473326,0.20690070441581948,0.024853002279996775,0.1468001844461485,0.014512392767937806,0.10763357120657259,75,19,0.0006118866862802272,0.08532395299140083,1.505486134245415,-0.08902491832110249,0.012867122888565,0.092212773582531,0.0670469403266906,0.5778323036700032,0.12292593717575061,0.5176944469443595,-0.0018756332807242742,0.2573893032362154,-0.00285986065864555,0.22696525279345198,-0.05587899684906,0.060137856725643674,92,44,16,68,0.5724024181151283,0.7683735350802682,0.01952675774151279,0.13811118553895763
BadRange,0.0448003755265672,0.63015557388417,0.1072430986165998,0.9958202896360457,0.04447676241397847,0.20250471553852264,0.02720649149268861,0.21970423719622598,70,14,0.002017088066481416,0.2807717096927057,0.8706019481790297,13.492408958141162,0.0216334164142609,0.11335789124885375,0.1322056651115417,2.374836019716105,0.2163831591606139,2.336276924915842,-0.0017962768673896658,0.368278434429307,-0.005274593830108551,0.3031303864459548,-0.0841774940490722,0.03855909480026278,94,49,15,66,0.7210887790451351,3.3283173873196428,0.03557192633399279,0.3809759893051061,0.03788672760128965,0.18761331572566806,0.022032921797363048,0.1466988394699438,81,16,0.001194269560044149,0.1507156474017256,-0.4937319321925906,1.6609962667720755,0.0189168751239776,0.08320991484943467,0.0667484402656555,0.9465035362193601,0.12429261207580561,0.9070780409763539,0.003681843075901265,0.33241035984669637,0.0040443539619445,0.2859752953708415,-0.0575441718101501,0.03942549524300617,71,45,17,89,0.07359651948883277,1.3828243266374831,0.02715643026516368,0.20054675282416182,0.0286573097109794,0.2316301155047163,0.0170823379408102,0.14107996805468953,73,20,0.0008220741342368004,0.11738906686100015,1.22871454497652,1.0904537035278263,0.0150892361998557,0.0921748677397472,0.0670469403266906,0.894069927598651,0.15511843562126149,0.8474859370353109,-0.00153763806447386,0.2951314953600423,-0.00328870117664335,0.2320982258950398,-0.0880714952945709,0.04658399056334007,90,43,16,70,-0.03391375459774059,1.0679644243562036,0.02268586689018465,0.17403007587065358
BadRange,0.045069542596199184,0.5975210476000854,0.10687946319580055,0.9244469484217567,0.05009691417217245,0.18671221263461574,0.030360603211447557,0.20489738537283494,67,13,0.0023748466047268085,0.3203578672975064,0.002349199335048624,28.443101002492526,0.0251699090003967,0.09265460480197692,0.1322056651115417,3.1296053742852936,0.2163831591606139,3.0660189987768383,0.007484435290098191,0.35370076516022847,0.0007381439208984,0.2563037602133085,-0.0841774940490722,0.06358637550845536,78,51,16,82,0.31369447312968507,5.082831597215801,0.037911016056786845,0.44187513623485913,0.03646140918135632,0.19060672754247354,0.02120395244215611,0.14337339817008446,87,23,0.0011228240584980787,0.13971923897364594,-0.3042568863649957,10.640203204943878,0.018830776214599547,0.11072473053689395,0.071410447359085,1.4113150266497985,0.122308313846588,1.3900678318677737,0.0034623117186128967,0.3023341799921304,0.0053830444812774,0.28012682416007495,-0.050897866487503,0.021247194782024647,67,46,17,93,0.08688111329267177,2.6537712730391014,0.026346074792662825,0.21980282660177974,0.023689873516559552,0.17392468074472828,0.015424458734923926,0.12224256963527518,75,19,0.0006720843944295084,0.09685751614330139,1.6984851599262063,0.6449526127239444,0.0126081109046936,0.08474643846343702,0.0506050586700439,0.6969974305000392,0.13867655396461478,0.6568588566742135,0.0002370052970945828,0.26841200326939785,-0.00113985687494275,0.22523200863069454,-0.0880714952945709,0.040138573825825634,84,43,16,76,-0.3164824553985179,1.0552625055749876,0.020558162926213062,0.15751988015552246
BadRange,0.04154322183912616,0.5569709576056887,0.09844829127192475,0.8666097250426523,0.04434210062026968,0.15896114818984772,0.027731420099735227,0.21363039295918573,76,12,0.0020097188549235735,0.2793713016845484,-0.10595636765486205,15.174923137122608,0.022471696138382,0.0815023205159219,0.1029227972030639,2.36435412778061,0.1878799200057982,2.339496960070877,-0.0014600902795791544,0.3431472090372143,-0.0025105178356170004,0.23711973537748904,-0.0849571228027343,0.024857167709733296,90,47,15,70,0.25659004928511014,3.827127148641496,0.03552223037791401,0.40202151013909543,0.03100939840078342,0.23357724364452875,0.01841169801540669,0.144153599222376,88,20,0.000945156985054684,0.1258660253550089,-0.019067965955753774,0.2290823899186223,0.0153124928474426,0.1255594659518475,0.071410447359085,0.7990582612249527,0.122308313846588,0.7216232476380278,0.005631199944764358,0.30551452336782153,0.00718502700328825,0.27284665151042764,-0.050897866487503,0.07743501358692498,56,44,14,104,-0.11373863461055878,0.9288289403492647,0.02371768340297566,0.18035215930601362,0.022657100111245998,0.16364003936604216,0.014015448559075544,0.1165421488942918,70,18,0.000510026550527487,0.07180684340910601,0.3684243329340795,3.036438022193294,0.01059920340776435,0.06801019257729672,0.0506050586700439,0.8081713304854865,0.1039160192012786,0.7765170836429894,-0.0005003519356250715,0.21794799263761674,-0.0026105791330337,0.1658885550509378,-0.0533109605312347,0.031654246842497076,91,46,15,69,0.1849046774985424,1.6883587677266576,0.017903058085850975,0.155902263980801
BadRange,0.05368019522517842,0.7386401532740635,0.12640854641795135,1.1196368362153415,0.06343796849250785,0.3007779913513192,0.03790181895717974,0.25497489766325915,71,17,0.0034946783043768147,0.4723786831415247,-0.26780342324663176,25.638721495598347,0.03051242232322695,0.1363502509169851,0.1327353119850158,3.5502274134904854,0.21769243478775013,3.492900749499191,0.006981162726879128,0.46864688569818225,-0.0015760064125060502,0.35187984622466667,-0.0849571228027343,0.057326663991294664,82,45,18,78,0.5397047994460723,4.729858124896843,0.04635588129387866,0.5027412651323935,0.0381713472306727,0.2927676691462683,0.022876437347149437,0.17263679687115857,89,21,0.0014304963314672953,0.18812473940547383,0.4406961288593023,-0.4776808960342165,0.0184364542365074,0.1279863958875026,0.085730493068695,0.9062934201874339,0.1864961683750151,0.8348349182171169,0.004875281918793905,0.3800417979832863,0.00756765902042385,0.3321363912571553,-0.1007656753063201,0.07145850197031706,58,43,16,102,-0.31587776629955355,0.6145809152855355,0.029593333149927657,0.20902863725122653,0.0260415598750114,0.23823235014528052,0.01728580251801754,0.17175193448682932,70,19,0.000874864002453985,0.123122946722301,1.1308035127250342,1.5778211136770093,0.0128409266471862,0.11636475366717235,0.0577566921710968,0.9791736988713811,0.14377263188362122,0.9701685750878521,-0.0030536031350493326,0.27094815253387283,-0.005086615681648201,0.2033572319016645,-0.0860159397125244,0.009005123783528966,96,45,17,64,-0.2776942920450556,1.3868520289319193,0.0232560915815657,0.2229574967584229
BadRange,0.053716158889221155,0.7421181391161317,0.12777054414153075,1.161531786287406,0.059602960944175644,0.3613230935856764,0.03638233723118898,0.29690963717841945,76,16,0.0033750064623664453,0.46213339332527986,-0.06381247250245314,11.2665371964318,0.029943406581878548,0.15892388064344826,0.1327353119850158,2.8573092605843455,0.23722046613693232,2.8188677954185226,0.006762294843792915,0.4806744856209566,0.0025538206100463503,0.346758627655178,-0.1044851541519165,0.03844146516582292,74,43,15,86,0.43879781082936703,3.074604358551134,0.04557004872506359,0.4807134616362523,0.030600152909755603,0.3181839476935092,0.02186572889913801,0.16966262919134337,93,25,0.0015274352670773775,0.1923130884599512,1.2083616447642331,-0.8627635897461041,0.0135755240917206,0.14526241996579098,0.085730493068695,0.8109313078448381,0.1864961683750151,0.7582038864558425,0.010060067754238821,0.38941482375012926,0.01446989178657525,0.3756445769908443,-0.1007656753063201,0.05272742138899565,45,43,19,115,-0.7203799335294432,0.3049427422650274,0.029305454081909453,0.20166601970487488,0.028433106839656774,0.27026840278080705,0.018449407685548026,0.1747983974670696,83,19,0.0009482362871702072,0.1359839638103289,0.8106576171523447,1.3122106984916817,0.01422779262065885,0.10809148446018654,0.0577566921710968,0.9704174932482668,0.14377263188362122,0.9387272312626728,-0.002805711328983302,0.29144247691631997,-0.0018956214189529003,0.22239975614750307,-0.0860159397125244,0.03169026198559398,88,39,18,72,-0.2752976643727752,1.3645153065774387,0.02425806047030399,0.22593195094808785
BadRange,0.05549956238046179,0.7687371287306667,0.1344925619661806,1.220745869105516,0.05854633450508107,0.27076324681923425,0.03621269932948049,0.2624793823886221,74,19,0.0034233884270026805,0.42683697891052147,0.10876153445043402,16.00187505020026,0.0299556851387024,0.15983959551424654,0.1457179188728332,2.966764941554453,0.2502030730247497,2.9118599191395496,0.004136599972844124,0.469066082480747,0.00108724832534785,0.3487358595136753,-0.1044851541519165,0.05490502241490344,76,45,16,84,0.37860126174124537,3.5917241211736646,0.04621531568446965,0.454768060858155,0.030188269913196477,0.23277509825117088,0.02267823977163058,0.16559115024058424,90,22,0.0016188990642021295,0.1929271801866518,1.2137538489152915,0.7343674995348639,0.0150104910135269,0.1199365766669594,0.1035690903663635,1.0755334144010922,0.19835996627807612,1.0137706426650537,0.008315677661448697,0.38352075497614213,0.0125808790326118,0.3550036927323478,-0.0947908759117126,0.0617627717360384,53,43,14,107,-0.5738053660172612,0.9029032144424828,0.030799190059712662,0.21410046868043453,0.03650293871760355,0.3293196439346501,0.022826709281653125,0.198377864921814,72,19,0.001473437593028436,0.19792795930835463,2.1070798234559147,0.6241386238736402,0.01860895752906795,0.1252645603344562,0.1319542080163955,1.149973257378617,0.1991913467645644,1.1148481205090062,-0.0024277785792946724,0.3681590316486269,-0.00442577898502345,0.2899490693770709,-0.0672371387481689,0.03512513686961086,94,38,15,66,0.9502433892037759,1.0644566610282844,0.030344013106111054,0.24977367099816578
BadRange,0.05291762943488576,0.7449595110382947,0.12833093985915162,1.1852523326643505,0.04806801676750172,0.2985335704787476,0.031084766439162158,0.19013786147038428,73,22,0.0028634476082769877,0.3007759036733206,0.7381665618470556,17.33740580621412,0.02459615468978875,0.15635578169954467,0.1457179188728332,2.3317894955257574,0.2499354481697082,2.2439431931920364,0.0110935378819704,0.4284011929447955,0.008476525545120201,0.3978230984669329,-0.104217529296875,0.08784630233372086,70,49,16,90,0.4782918456113584,3.7493946257474855,0.040952043405103604,0.34241542248677503,0.040897510945796876,0.2581115864850061,0.025087583796121138,0.17383071520481203,83,21,0.0016449205249793554,0.20959875085812935,0.255288248349943,-0.37201045711696556,0.020136281847953748,0.137232625104713,0.1035690903663635,0.9265904078505052,0.19835996627807612,0.8105027961713972,0.0007290247827768266,0.4058476077404077,0.00273902714252465,0.36572676573711593,-0.0947908759117126,0.11608761167910797,76,45,17,84,-0.11066495413613675,0.7039666483199778,0.032155969755574984,0.2118642729426495,0.03891079872846592,0.3535234781561192,0.02364128099172371,0.21852167356249289,77,20,0.0014861425633088015,0.19836783621345863,1.4949536749599766,1.2328480585657005,0.0192457661032676,0.12299173087567965,0.1319542080163955,1.234789906880129,0.1991913467645644,1.2091259755946684,0.0015181072987616082,0.35100353197914735,-0.0001230463385582,0.2401796712669375,-0.0672371387481689,0.025663931285460417,80,36,17,80,0.7053995233735632,1.2854025215731077,0.03053459862195213,0.27416118753686175
BadRange,0.042879703607704975,0.5872331496109895,0.10403247565031028,0.9383705364049559,0.04252877831459035,0.25281643000630816,0.02534939058125015,0.18615348738770648,78,19,0.001788705723360305,0.18511400328191513,0.606073090926948,3.277513236215502,0.0215439200401305,0.12455856410113983,0.0951350927352905,1.335542816499008,0.1996920704841613,1.293734924150995,-0.009468790888786308,0.3453204178206113,-0.01032045483589165,0.2859335356589381,-0.1045569777488708,0.04180789234801295,100,46,15,60,0.09360439623053295,1.6608711478281883,0.032167534337638436,0.25664725269932964,0.030291914939880326,0.2717529927183064,0.020107595901936247,0.14797938400330363,88,19,0.0010311373768611945,0.1303741620130174,-0.21146069888716656,0.12832099321726043,0.015853866934776348,0.12536188283348018,0.0660821795463562,0.8426406665718131,0.1233777701854705,0.7760358512777032,-0.00039352569729090225,0.3110356918884738,0.00231027603149405,0.2774509998270317,-0.0572955906391143,0.06660481529410989,72,49,18,88,-0.2607577617013983,0.718810840873767,0.025462879590599168,0.18338745972523804,0.0305463485419749,0.3070054533054404,0.018456304930150456,0.1680966115165208,78,19,0.000809477825542039,0.12039769216352353,-0.41207379304549674,-0.36461347008277345,0.015191733837127701,0.12513539359410353,0.0543325543403625,0.7703058320943867,0.10859672725200639,0.7371451006789469,-0.0008744254708290069,0.28201442669587073,-0.0021741241216659,0.22084209463417603,-0.0542641729116439,0.03316073141543985,84,37,13,76,0.09609941125343587,0.8401146537679675,0.022546310603314277,0.20215230718179517
BadRange,0.0512424744299164,0.6697179976841531,0.11994704663753486,1.0391261437236143,0.060171559453010476,0.2872316611976984,0.03420827576890584,0.23967152772567094,76,16,0.0032833379639047727,0.35747546563726473,1.4706141882958264,18.52376229930411,0.0304694175720215,0.14824893525456523,0.1731560826301574,2.792795672872946,0.2777130603790282,2.7468768422383896,0.0053006712347269,0.43084189025739666,0.0029842257499694,0.33310688004143135,-0.1045569777488708,0.04591883063455682,74,50,15,86,0.7634728553523943,3.8478447624297156,0.04513001886961321,0.4145488285313301,0.031079351902007953,0.22526916077416304,0.02108413426438342,0.12875382576528166,83,21,0.0011850564339883954,0.13831753207996553,0.10728797581524763,3.334929367168195,0.016314029693603502,0.11340330255505672,0.0716619789600372,1.0178840534112301,0.1421988010406493,0.9784476209629992,-0.001045400463044642,0.3304257220407127,0.0011361241340636999,0.30550952728771896,-0.0705368220806121,0.03943643244823095,78,48,16,82,-0.12411102828545759,1.2470854391315784,0.02728037346642335,0.17069380273999193,0.030210055410861875,0.28350372391320294,0.01945613885764028,0.1984194844384162,74,17,0.0009545123425411954,0.13834436636207806,0.25371963023911537,0.15758351854278452,0.015827618539333198,0.10745343107830245,0.078922227025032,0.9098125856628856,0.1387837976217269,0.8909376595190927,-0.0021575586870312647,0.2778585314255051,-0.0049142464995383505,0.17790612853418863,-0.0598615705966949,0.018874926143792957,90,43,15,70,0.21773498920571635,1.137519937665789,0.02440569383200667,0.24726302367345523
BadRange,0.048554978574181965,0.687188874854444,0.11244681566953638,1.0748090358036897,0.0444228500127791,0.23186983044112627,0.029673146046698053,0.26284327053090545,66,13,0.002742640832433518,0.34356982087972665,2.8562688650296213,5.887030982054814,0.02232143282890315,0.11933106533642185,0.1731560826301574,1.9051580751039787,0.2591063380241393,1.862468499946778,0.003262947499752043,0.41488351609228824,-0.0022058784961699997,0.30855668630808686,-0.0859502553939819,0.04268957515720083,84,46,14,76,1.1564976176974235,2.4933490427773837,0.04140311043381618,0.4140549347062858,0.0379991978406905,0.24394821736155994,0.023304969796445186,0.14719162606956165,83,22,0.0014886054199683995,0.19464028057536173,0.9892431376672683,0.8635043019393498,0.01914954185485835,0.13041964331585235,0.0716619789600372,0.949431605994524,0.1868728101253509,0.9357127089043423,0.006009266339242451,0.39643754355048494,0.00628858804702755,0.38254223946954147,-0.1152108311653137,0.013718897090181658,67,45,15,93,-0.5195930211891623,0.741963736527155,0.029998190394802397,0.19359120496298143,0.0279564894735812,0.25147275261243873,0.01681298288516695,0.1559372020331465,73,17,0.0007553124478444645,0.10738944827535837,0.8764375258300414,0.47508713562678917,0.0140740871429443,0.10235628264716443,0.078922227025032,0.8462950614420274,0.1387837976217269,0.8098504825196692,-0.001313125342130657,0.2634879761609167,-0.0024655386805534,0.20052548591991468,-0.0598615705966949,0.03644457892235818,88,44,13,72,0.3047774878760282,1.1651689710959077,0.021755554062519056,0.19484233291043965
BadRange,0.050451163281176006,0.6944961951355069,0.1175509542226789,1.0556329824187507,0.05306544899940475,0.3219714362627464,0.03366864588577296,0.26323384047348375,63,17,0.0030863419711959807,0.41660387662421333,0.3726250902810566,19.723028400249024,0.02396768331527705,0.15478159362996918,0.1383845806121826,3.127939526052861,0.2247141003608703,3.0755810389167966,0.004242322221398355,0.44835330417113234,-0.0026638805866241,0.3225355936874012,-0.0863295197486877,0.052358487136064204,86,47,14,74,0.6829140883986737,4.008853713738343,0.043851853905918045,0.464309370208099,0.0406300798058509,0.33307067702878707,0.023637527041137186,0.21639419622912662,80,19,0.0015873891155433085,0.20983981007288274,1.160864566820413,-0.38886469797782874,0.0206450670957565,0.1504850632371183,0.0870827734470367,1.0273266613056757,0.2022936046123504,1.0020743002216257,0.008709810115396963,0.37857566640236984,0.0085607916116714,0.26451328082614767,-0.1152108311653137,0.025252361084050056,59,46,17,101,-0.4213825717342869,0.8312904613388007,0.030364782728627856,0.25791524747653916,0.025976825505495023,0.17354343117834997,0.015560603770427357,0.13988059785027857,71,18,0.0006272851265245167,0.08768506210192246,0.2578036809244919,1.6764454366430375,0.0128792673349381,0.08813340036960887,0.0534813404083251,0.8114898964083967,0.11034148931503279,0.8010959326253352,3.2385811209683854e-05,0.22870401184524847,-0.00221338123083105,0.18869664777912742,-0.0568601489067077,0.010393963783061616,89,41,14,71,0.4037169452950382,1.4714107459538546,0.019862474469774544,0.18809448973271622
BadRange,0.04984654322908057,0.7255094603307836,0.1153038342297075,1.0977603083851037,0.0438277572393416,0.3034907978132211,0.02984312821645287,0.23756036343642886,61,20,0.002709767269411674,0.310073698379103,0.7021714680674407,11.702898320937273,0.022253036499023302,0.14847633748885442,0.1383845806121826,2.295076637304679,0.2247141003608703,2.2519042296905663,0.012855364009737958,0.4193377124539664,0.00534078478813165,0.32489150722140636,-0.0863295197486877,0.04317240761411276,65,52,18,95,0.836827357595934,2.9492551872617607,0.039216787055775526,0.3663735543034971,0.042793966829776625,0.3881835792293771,0.027616531816311136,0.24195602292378326,82,20,0.0020076702497388915,0.29798193465631856,0.1453534779274106,1.9796272577866363,0.02230362594127645,0.18400570895280216,0.0926297008991241,1.4661361347070492,0.18076822161674488,1.4098244614302358,0.002308836393058295,0.4447584350935483,0.0034016072750090998,0.36103422999593526,-0.0881385207176208,0.05631167327681346,73,41,16,87,-0.01661142733705099,1.3839819682371741,0.035458728679894344,0.3164993982134193,0.022506516426801577,0.15497787801900914,0.015093012903816951,0.1241473070803965,76,19,0.0006151059427366287,0.08577184059446258,0.45085021752047805,5.296480403875593,0.012318305671215099,0.0867721527575659,0.0582653582096099,0.9846409638677842,0.11512550711631761,0.9655231072390117,0.00317405732348561,0.23366416083758917,0.0013893619179725,0.19465075820263983,-0.0568601489067077,0.019117856628772474,78,39,16,82,0.3194613600048784,2.001374613936212,0.01940930398222293,0.17655849040623292
Good,0.11238094610078171,1.4766542391555402,0.26362522406503536,2.32549789600847,0.14898109436035148,0.7866897008711783,0.07946266937535251,0.6051856369871296,79,16,0.014138006699252184,2.1063701400003145,-0.9381337696253285,21.607627890355882,0.07524555921554554,0.33733613682293284,0.2007558941841125,7.343613003627967,0.390870451927185,7.175646188415534,-0.00936782695353031,0.9690209517632326,-0.009818643331527651,0.7017197262068383,-0.1901145577430725,0.1679668152124328,83,42,13,77,0.07846203912028572,4.227689499681294,0.09382707501160867,1.0804483028096223,0.07111646234989158,0.6387570402887879,0.049182246942073064,0.42043320358100206,83,19,0.006530968750222226,0.9509552336546281,0.1316520194089983,6.337649636807713,0.03545024991035455,0.31774497039509897,0.1524998843669891,3.454889085105052,0.3235781490802764,3.317852890828646,-0.0028570875525474504,0.774013941624452,-0.0018600821495056,0.6392240648630512,-0.1710782647132873,0.13703619427640598,82,42,16,78,-0.0692169089488207,2.1211686253283295,0.06402587935574526,0.5931759029374065,0.05615274701267468,0.37098592196206837,0.035764305624616057,0.29262763771141964,81,18,0.003245419981891185,0.48714910667720823,-0.030128564319639395,1.0065979159420042,0.028320423327386355,0.19068965489111736,0.1094778776168823,1.7913334095202678,0.20012521743774409,1.725834051680371,-0.0008591017103753973,0.5824630026207854,-0.00015164259821174304,0.4947501715755489,-0.0906473398208618,0.06549935783989688,82,43,18,78,0.4025641740051935,1.2268522438075793,0.045170808550324106,0.38455943266962933
Good,0.10608999622929831,1.3964277995968721,0.25283963898196793,2.1731555489595578,0.13414840400218953,0.5686786662037093,0.07364920540712769,0.5576044299635399,90,16,0.012327330783897165,1.8475125945622382,-0.745469036555483,23.775018789643937,0.0635940134525299,0.28551924485729663,0.2001650333404541,7.1447238375836255,0.39223861694335926,7.025316718059756,0.004175164178013798,0.8770117357359257,0.021233588457107502,0.6356146685301769,-0.1920735836029052,0.11940711952386951,70,44,17,90,-0.22090151467995756,4.478031609304645,0.0879516719440759,1.0384425886603923,0.07232679426670065,0.633686680741726,0.04499986122362311,0.39433761713559656,76,17,0.005178231930388615,0.7566867949035639,0.061429441006852326,3.2484957005683013,0.0364465713500976,0.2874288352574834,0.1561974287033081,2.7692814442859106,0.299133151769638,2.695987371477386,0.005529904179275037,0.6892953780368595,0.00318984687328335,0.549943057454112,-0.1429357230663299,0.07329407280852467,78,43,16,82,-0.06085439819218678,1.6479468341191734,0.05679768899772848,0.5306210292860501,0.06994805112481108,0.43435432007065594,0.038896438641677335,0.3084665892964842,83,18,0.003586649317709366,0.5393874808204917,-0.2803761351452545,3.51957291074097,0.0321479998528957,0.1939697910906947,0.1437804698944091,2.281174080275856,0.23442780971527089,2.242797143325027,-0.0010016805608756866,0.6068484351867726,0.0012262780219316001,0.4939593439026341,-0.0906473398208618,0.03837693695082922,79,45,17,81,0.22812360624374595,1.6045845695067147,0.04748415118180402,0.41366950278193954
Good,0.10359003670631761,1.3368322276827649,0.24253397753462172,2.1120247841032134,0.1398647427558898,0.6385958352700509,0.07599961901549246,0.5970850847768167,83,17,0.012650740357940391,1.9317968264346235,-0.9363234698339173,21.637738416075557,0.06589922308921815,0.3230871090825943,0.1732495427131652,7.2807321544403,0.3653231263160704,7.2469672020910085,-0.011660644039511673,0.8668796506713479,-0.0043301284313201,0.5726725066631022,-0.1920735836029052,0.0337649523492918,83,43,11,77,-0.0007715361386669114,4.247598470708763,0.08842858528862409,1.0864237192212554,0.06255312263965596,0.522543519259843,0.04229041059734295,0.36722676216627775,75,21,0.00488281834682873,0.7333017717895451,0.5653937275852323,4.443125488862911,0.0319004505872726,0.28299600899009086,0.1691774725914001,2.804188776718691,0.31211319565773,2.6979692399985344,0.005313170142471787,0.6878259982207728,0.0027491301298141002,0.5508574217942118,-0.1429357230663299,0.1062195367201568,78,43,17,82,0.18160676896158404,1.8377561891063732,0.055159293073628976,0.5100952538116214,0.057027095928788046,0.39701386209498407,0.033402203896548556,0.26486872137075507,80,19,0.002889647058993254,0.4440221661630094,0.09084785389447836,3.0058331289004654,0.02901693992316717,0.2075152355735119,0.1437804698944091,1.878039576717847,0.2330779433250426,1.795687515367403,-0.00017493395716883207,0.5573191352110924,-0.0002485197037458226,0.5143442674015399,-0.0892974734306335,0.08235206135044404,80,45,17,80,0.22352316088879176,1.6299176406919715,0.04263047376071555,0.3652636687251682
Good,0.10435542948166594,1.3955112890853427,0.24366523380624108,2.200768625469091,0.12448270618915547,0.7706764375247743,0.06984803968109185,0.5795262385030181,82,16,0.011010365098702221,1.6201045307309963,-0.7171972477416437,22.75065812799923,0.06416419148445125,0.2428639250795174,0.199316143989563,6.753305075684409,0.3789379596710205,6.713080057109852,0.0003055509179830607,0.7907556803562755,0.00784790515899655,0.43075648785187814,-0.1796218156814575,0.04022501857455756,78,45,16,82,0.06556124726690199,4.328528817934764,0.08321456588344509,0.9974016165593876,0.0716862529516219,0.47655874494271444,0.048626322462223426,0.3643002441035931,78,20,0.0067614199629728615,0.9521005281845168,1.1856816175786733,4.955441152116599,0.03684489428997035,0.25493439213204433,0.179662674665451,2.9813183253919546,0.4209633469581603,2.8851158109185753,0.008081956766545767,0.837936479417005,0.006863266229629451,0.7338871892236101,-0.2413006722927093,0.09620251447337944,70,42,17,90,-0.25324682772832313,1.7337348168584645,0.06470499636930226,0.4999629832765141,0.05092097446322433,0.49565282363590957,0.03327153293497754,0.2705188587949565,77,22,0.003189697563743667,0.43996550432996095,0.8715779741443459,-0.10967056027559074,0.02602667361497875,0.23251469813373643,0.1609997153282165,1.5014954405531558,0.2623349875211715,1.463299791676367,0.004251486387511252,0.5720764656958103,0.00202855467796325,0.530434974093229,-0.101335272192955,0.03819564887678883,74,43,17,86,0.4812864929027131,0.6292122938078953,0.04458598748583621,0.33569930254165176
Good,0.10291728472175084,1.442477760162121,0.2444505537883376,2.277257064045987,0.10510556399822224,0.6731930009423392,0.06777676980476821,0.5277158547692966,71,20,0.01193223735072773,1.7037786069322483,0.6000308272891921,23.163987884361173,0.0530602633953094,0.32409611673853606,0.3098584413528442,6.6466115453031245,0.5571995377540588,6.565279200682542,-0.0035482708364724972,0.883763405054346,-0.00888827443122855,0.6614447227983555,-0.2473410964012146,0.08133234462058278,90,43,17,70,0.2228442166305337,4.359215019093086,0.08655566060732647,0.9605940093603522,0.07659852504730212,0.6383079896836328,0.04903377565089608,0.400354715620346,82,20,0.006668987801950676,0.9421994798752003,1.2134953195065679,4.560162852737917,0.0380746573209762,0.28681407690369176,0.1834383010864257,3.074108261332956,0.424738973379135,2.934320046639223,0.006963882409036155,0.8141988768663536,0.0087321102619171,0.6837451562600068,-0.2413006722927093,0.13978821469373293,72,42,15,88,-0.2638146452337096,1.6964483484947455,0.0643858003644113,0.528469174867152,0.05637547094374885,0.40684704937883787,0.03507319361924597,0.30005337638341006,76,17,0.003336432829242197,0.475274877948583,1.085498897407759,0.5554250422912435,0.0288483221083879,0.15362594653515904,0.1609997153282165,1.753633956993832,0.2623349875211715,1.6998667718391973,-0.0001032165964716062,0.5792947821252873,-0.0028765685856342003,0.4570988508868985,-0.101335272192955,0.053767185154634724,84,43,16,76,0.6940322307452196,1.0708460884009718,0.04580802011139944,0.3737545094724596
Good,0.09475024600868326,1.2382155393165677,0.22620904657058394,1.9782704120331758,0.1083302050828933,0.519103919635696,0.06267232795711603,0.451895266751281,79,18,0.01024942906513469,1.3494165157673115,0.9884088072624015,23.423558819372133,0.05299878120422355,0.2547535873550693,0.3098584413528442,5.896193759773445,0.5571995377540588,5.7992200096589155,-0.007462014630436889,0.7927832936901651,-0.00913459062576285,0.5441860896644239,-0.2473410964012146,0.09697375011452958,87,44,15,73,0.03826717933760467,4.445041380023142,0.07993841342241165,0.849064876798637,0.0715897232294082,0.4221006392914417,0.044504508213140025,0.3711472422853321,74,18,0.0053387766548796045,0.7548330539215661,0.15791253693163299,6.330133594911432,0.03447073698043815,0.19279033157479497,0.1834383010864257,3.0741152164173875,0.3015188574790953,2.9490463525925312,0.011034007184207436,0.6767275508158302,0.006237313151359549,0.523141739697337,-0.1180805563926696,0.1250688638248561,73,45,15,87,0.3501320677671218,2.2561360140987765,0.0568788724667642,0.5448604187205875,0.05687550641596305,0.4296080941876964,0.03395679856213969,0.26258569540602517,76,19,0.0027558444698535284,0.38241089839995523,0.0855368324395287,3.57785342017935,0.030046496540308,0.19321046025193567,0.1260609626770019,1.915098159329043,0.2178786993026732,1.8646803526006905,0.0028907285362947755,0.5087595675271802,-0.003241267055273,0.4113266458753633,-0.0918177366256713,0.050417806728352436,84,42,15,76,0.5281548345100278,1.6266963822624865,0.04153103235825649,0.3515317920892955
Good,0.09659386028142711,1.2224360672842847,0.2288576201535759,1.9010370121048623,0.119480088353157,0.5912043397784077,0.06183596514165397,0.46856055501940075,80,18,0.008808832090332883,1.267039662156511,-0.7292680190814966,26.93501547023007,0.06054255366325375,0.2597559363475897,0.1352719068527221,6.242161090599243,0.3282404541969298,6.165844124521033,-0.008136266842484478,0.6828800734960672,-0.00588306784629815,0.42665165643652353,-0.1929685473442077,0.07631696607820987,85,49,16,75,-0.10253474230693428,4.821273264318957,0.07398331423866326,0.8948265012719041,0.07618851959705344,0.47773160086157884,0.04914260794874278,0.41949901368524956,78,18,0.007106323365848566,1.0256683270296134,0.6136588450730756,18.326566210564337,0.03952391445636745,0.26282943228699096,0.1446040868759155,4.737574285727921,0.33530732989311207,4.5890589029469755,0.015185091458261002,0.7277290596384834,0.01350496709346765,0.5899482188467187,-0.1907032430171966,0.14851538278094548,57,42,18,103,-0.40417365609116146,3.7706390086686703,0.06509491938214651,0.7043285758701702,0.05076915118843307,0.37031281816937744,0.030262742147024214,0.24729267047263043,74,20,0.002478543285420588,0.3402679007698542,0.6380664553913227,2.1585627234748426,0.025505481287837,0.167913710676175,0.1330636739730835,1.6521979701511287,0.2017399072647094,1.511275219915123,0.00866923561552539,0.49042787897031176,0.00415331032127135,0.40574439932036344,-0.0686762332916259,0.14092275023600578,73,46,15,87,0.7142370163342695,1.3912763073282823,0.038512386732117106,0.3158296950866646
Good,0.10027945427543847,1.3282169261952312,0.2389518565125761,2.1147355131627865,0.12897932529449457,0.5560418431074773,0.06536740594543514,0.4673679001600409,82,16,0.0095941526248951,1.3789891485340129,-0.8266789960929257,25.007882372117308,0.06441733241081235,0.27375595193074453,0.1414526104927063,6.248335230206624,0.334421157836914,6.144435744029831,-0.005595612898468971,0.7547188738836342,-0.00299903750419615,0.5911263315618487,-0.1929685473442077,0.10389948617679355,84,48,14,76,-0.11416142370644632,4.606685857093442,0.07747612824053987,0.8996602525052622,0.08333709836006155,0.712553247271677,0.05058484331704673,0.43912891170483326,81,20,0.006944877620264044,1.0397259558424177,0.265819678429442,9.919605058093804,0.04199428856372825,0.34422378806615284,0.1446040868759155,3.879054691817126,0.33530732989311207,3.7614292615440497,0.00829628631472587,0.8140481497450114,0.0101979970932006,0.6751984456912385,-0.1907032430171966,0.11762543027307629,67,41,16,93,-0.3132817669605987,2.536407626298437,0.06556360507545082,0.6140452473060446,0.052213655784726073,0.4463061798794754,0.03290003953879929,0.2885852723439748,70,22,0.003171180389455135,0.4309836132663524,0.8270190660184427,0.9299602012939423,0.0260500451549887,0.22589970927818312,0.1537331491708755,1.689180755306503,0.23394633829593647,1.609336578356643,0.009890919749159363,0.5459684895341408,0.0031966427341103,0.4492432301381457,-0.080213189125061,0.07984417694986001,73,48,16,87,0.804385070916511,1.1138167130682255,0.043543168198697066,0.364557295499845
Good,0.1022818607366344,1.3491962830853836,0.24401813987642504,2.124731615075971,0.1323401927947997,0.44346589796012337,0.06722853498533363,0.5369753418372512,84,13,0.01006541779241334,1.5527420161640242,-0.9888327603024285,22.946738777476412,0.06787034869194025,0.1734715280968279,0.1560795307159423,6.721121933668772,0.3133829832077025,6.699151552377196,-0.0025570351630449296,0.7425184578256895,0.0053049325942993,0.4676991635212159,-0.1573034524917602,0.02197038129157605,79,43,15,81,-0.2114821191473705,4.463291927107519,0.07952277592457697,1.0007039302172165,0.08773867785930625,0.5470559385239917,0.04847670029848809,0.3673552096592296,80,20,0.006023534953798751,0.8883070501444452,-0.3747641025017434,9.249989815861495,0.043259412050247206,0.25946770138986025,0.1770057678222656,3.4169274625057,0.2999969124794006,3.3695477911368954,0.010733315162360663,0.7728778118048,0.0104366093873977,0.6658985017344252,-0.122991144657135,0.04737967136880458,71,40,16,89,0.1581355448157601,2.433277332387372,0.06060080985613791,0.5394135131457773,0.05615136772394168,0.6051418460922133,0.036172945172002036,0.33292289299549316,71,21,0.0035458729705601555,0.5276522666631872,0.2229174145489199,-0.2793121523827522,0.02828963845968245,0.2947720895240333,0.1537331491708755,1.7443333429682373,0.25057406723499287,1.68448326419054,0.006126765604130925,0.6093353454454814,0.0020847395062446,0.49570720229007104,-0.0968409180641174,0.05985007877769729,77,47,14,83,0.5120279535782296,0.700654411322448,0.0468223818955418,0.39542724166908777
Good,0.10107216182177643,1.2959718531519,0.24120192632079102,2.0331927179680886,0.1296749562025069,0.5802993577917928,0.06857208574190732,0.5714664826217041,82,14,0.010520650722824447,1.6184569083586786,-0.984618705464932,17.61646119163595,0.06406760215759269,0.24253056467462575,0.1656495928764343,6.398136803322902,0.32295304536819447,6.311210838408186,-0.008396611362695696,0.7842372990354043,-0.0063388645648956,0.4885535961321624,-0.1573034524917602,0.08692596491471538,84,41,17,76,-0.055337537012496545,3.862581693866631,0.08090621090440028,1.001712916538632,0.08010200411081303,0.4177302330718746,0.04678417601855468,0.3952071044157839,77,16,0.005782646925034441,0.8380006215406346,-0.22636736155113812,10.202661448694304,0.0430567562580108,0.178822459325157,0.1770057678222656,3.6853194967401373,0.2999969124794006,3.580413922523838,0.013876057974994175,0.6826798445024329,0.010849684476852351,0.5137768331196073,-0.122991144657135,0.1049055742162993,69,42,15,91,0.1354941755581468,2.816752908358335,0.05867818077308523,0.6098760951625901,0.057955179363489026,0.5260598795297442,0.03428844736248716,0.295677048036591,79,22,0.0029796213508577916,0.4474730029091903,-0.20698675057445293,-0.5061980411985312,0.0297979190945625,0.24385016906756396,0.1118536069989204,1.407315930334211,0.20869452506303782,1.2884754580085578,0.00012105056084692617,0.5662755744302512,-0.00051006674766535,0.50212990834146,-0.0968409180641174,0.11884047232565342,81,45,17,79,0.18169244285308148,0.7280528862488431,0.04328927057558696,0.35609686422780973
Good,0.09603368588997827,1.192021975842643,0.2269654058292506,1.8327526002398136,0.1133050173521041,0.41694215554114467,0.06531862763222303,0.5144372963758767,85,12,0.00957461379508298,1.4785256550157966,-0.8513199563640681,25.7012832128257,0.0568188428878784,0.20104898066731863,0.1656495928764343,6.783228282685439,0.3173273801803588,6.7475024517416475,-0.0007410939782857978,0.7073705569249837,0.00893598794937125,0.44174653189288227,-0.1516777873039245,0.03572583094379141,75,44,16,85,-0.09476658677796063,4.737611937527903,0.07759650126095795,0.9890159504332753,0.08854571729898444,0.5093713437048721,0.047946415264159395,0.3611105313490002,76,17,0.0054418024953373605,0.7911881005859991,-0.6721590948194027,20.459412051679056,0.04474462568759905,0.23905927799289317,0.1416569352149963,4.263387217636724,0.2593861520290374,4.227679782175988,0.011353399232029915,0.6364671432209031,0.0051047205924986995,0.5281739650211923,-0.1177292168140411,0.03570743546073512,77,47,18,83,0.18412334986605827,4.00419896338796,0.05738298466243105,0.6213675854003179,0.044533281587064176,0.3563463745347608,0.028680798692803322,0.2381393718537583,83,18,0.002219410526374821,0.32800273739483043,0.09087302864023306,0.3312122136554807,0.0225654244422912,0.17245644697298562,0.0996682718396186,1.264314152646994,0.2090531066060065,1.163167173629837,0.0017495595617219735,0.4889149000939266,0.00294367596507065,0.4091917982771273,-0.1093848347663879,0.10114697901715707,73,45,17,87,-0.12631262458031622,1.030270847304373,0.03731990711393795,0.2982699412629039
Good,0.09747794651711952,1.2601450869891793,0.22628749277442672,1.9481758203794448,0.12051720917224876,0.7700653979859194,0.0688662850670516,0.5498769229009394,76,18,0.011031987792315574,1.6253636891006422,-0.6346588064717165,18.732027838283607,0.05786511301994325,0.3317110032955637,0.1799476742744445,6.333893628823243,0.3766155838966368,6.266856686721354,-0.007317622378468511,0.824970716426357,-0.01609244942665095,0.5902855692356279,-0.1966679096221923,0.06703694210188883,86,46,14,74,0.048687170457262854,3.96501495695763,0.08297272279171064,0.9720015463668901,0.07875151187181458,0.43219822591374524,0.04588136919774111,0.36532521069777174,74,17,0.005207572084733656,0.7704053484598131,-0.3063784644706389,9.854374433971003,0.038296505808830185,0.17312204858636476,0.1602858304977417,3.372742623288654,0.272828459739685,3.2237356469829574,0.008293239399790767,0.6722044900140515,0.0005749017000198354,0.4864094671216309,-0.1125426292419433,0.1490069763056965,80,41,15,80,0.31336560936516483,2.8868093188578032,0.05662148165112422,0.5643992133807082,0.0417811609804629,0.300167574108046,0.026496844505309085,0.19057854123730267,82,19,0.0018391298993002065,0.2632948824885294,0.2452076397914551,1.3678121538259154,0.021213147789239748,0.1494429029211623,0.0852062404155731,1.2939353597479646,0.194591075181961,1.1945951831125095,0.002649447903968388,0.45100061393903607,0.00285268202424045,0.38450334345790427,-0.1093848347663879,0.09934017663545516,75,46,19,85,-0.05746749068931176,1.203654652694384,0.03390607244722937,0.24473113556542384
Good,0.10657417376534317,1.3096060774185567,0.248978936281055,1.993007265437602,0.14119970798492423,0.8364186784647389,0.07817104237154122,0.6108124129788363,84,16,0.013065496797678931,1.9351227373284772,-0.9462809838455262,23.899468278402598,0.07002860307693475,0.3388147073843869,0.1799476742744445,7.4841329931557095,0.3766155838966368,7.3858238472635955,0.005706391856074333,0.8555852337157791,0.0173717141151428,0.5853781437109788,-0.1966679096221923,0.09830914589211426,76,46,21,84,-0.13988428264831876,4.479299118124981,0.09046836948495966,1.0968576230195024,0.07642568647861464,0.49717994127693854,0.04644819330424066,0.3727064957536197,80,16,0.005398803269874828,0.7960154775932101,-0.35371350923776435,15.22512167604167,0.03856702148914335,0.24493650103188624,0.1602858304977417,3.934556594504793,0.2780008018016815,3.8491182579172807,0.006303367204964158,0.6601297114778581,0.0065384060144424005,0.5385880826365241,-0.1177149713039398,0.08543833658751243,75,44,16,85,0.05060656574872923,3.361345574822871,0.057926603792814495,0.6002035001708753,0.05318501126021138,0.3179523424043067,0.03023011802957622,0.20439660785266528,82,20,0.0021586788783212146,0.30805224114340496,-0.5444413894722819,4.567913527370964,0.0265110414475202,0.1554314629191913,0.0884431600570678,1.677712274235817,0.1738527938723563,1.604361692267733,0.004380392457824195,0.477292320243965,0.00557583756744855,0.44390545673664616,-0.0854096338152885,0.07335058196808404,73,44,16,87,-0.09027486480003499,1.659233352737182,0.03658348200470569,0.28327421728695557
Good,0.09292244026013788,1.162257385788374,0.21975632006302454,1.8230843425188517,0.11963915824890127,0.5985758446703748,0.06494208571966734,0.49507163472381477,75,14,0.009678434966331749,1.403064884338943,-0.7432895940820314,20.82748127457968,0.0609550476074218,0.2406823265625049,0.1787573099136352,6.14383023166402,0.3611359596252441,6.080689373033497,-0.007417375221848481,0.722900807721235,-0.02051314711570735,0.4639124953343601,-0.1823786497116089,0.06314085863052331,90,47,16,70,0.21632835157137043,4.324938122013144,0.07766403633373979,0.9383385884290004,0.06848855316638941,0.4587579738444175,0.04270934724248941,0.3378474464253116,84,19,0.004803890668414364,0.6798753385565445,-0.2031170763346437,6.451923791368667,0.03340524435043325,0.22970434296147366,0.1491785049438476,2.738401761539064,0.2668934762477874,2.6483199803985573,0.012236606143414968,0.6509568132736478,0.0167012065649032,0.5474796634901429,-0.1177149713039398,0.09008178114050658,64,47,18,96,-0.08272714161266907,2.285688269485576,0.053578341046386785,0.5060934358487194,0.04240249563008535,0.36351896668253036,0.026472677728015658,0.22496186297663903,83,25,0.0019441374586899379,0.27237723731949515,0.4140026061455777,-0.7641105255235416,0.0210983138531446,0.20155584956899525,0.106937400996685,1.054471174322792,0.1914769187569618,1.036455069795431,0.006452270911540825,0.44922672152396886,0.0073773609474300506,0.44200899320857173,-0.0845395177602768,0.018016104527361083,66,45,15,94,0.07663346370096955,0.3679447342234415,0.034363270017632196,0.2656550206345095
Good,0.08924541480942624,1.16382321869133,0.20602969888597705,1.8204597335551678,0.09848870337009427,0.4584067831942378,0.05748403767589475,0.45771689568320534,77,15,0.008065301692145851,1.1592848944499703,-0.4566576735908918,22.64369237919848,0.0507521331310271,0.198380575666881,0.1766530275344848,5.733196609323766,0.343530774116516,5.722815114641872,-0.004941824451088902,0.6594358922667325,-0.0078024268150329,0.450453537742875,-0.1668777465820312,0.010381494681894577,87,47,14,73,0.10014211503908294,4.383352380652302,0.0710488674326156,0.851134066079104,0.0718791186809539,0.4604723135296766,0.04414592325687405,0.3343792019576541,76,17,0.005295112024178982,0.7433297011668211,1.2301093059808244,7.0873499379260725,0.03580132126808165,0.21524280788768368,0.2519431710243225,2.9338989809328146,0.3653510510921478,2.7232885278615178,0.013077768683433527,0.7031742602362874,0.011848717927932701,0.5824793058085501,-0.1134078800678253,0.2106104530712967,69,44,14,91,0.6410078314428366,2.4386707426750527,0.05619746838564385,0.49887439391892113,0.04080623481422655,0.297368629855455,0.025887131088238625,0.20543721883050634,79,19,0.0019303153130773667,0.28229722901750837,1.7004318593802408,0.7146527563014713,0.02079892344772815,0.1546457185181918,0.106937400996685,1.2603704105223543,0.2432989850640296,1.2496076486315062,0.005247729108668856,0.4578495810521478,0.0037671402096748,0.41858674695350406,-0.1363615840673446,0.010762761890848049,74,44,16,86,-0.12529417213546906,0.9610283857987201,0.03444303889288061,0.2695755740935761
Good,0.08667208860768758,1.140801195402201,0.20084934987127762,1.793995484446231,0.09547401964664455,0.4489359627038791,0.05462384380400177,0.3970870377884632,82,18,0.007323034933553523,1.0712762757311167,-0.26995316376861167,22.757240030642567,0.0477495789527893,0.27788773227356633,0.1766530275344848,5.32508245045401,0.343530774116516,5.253135842342464,-0.002888235449790956,0.6810569825987884,-0.0018741488456725502,0.5640474001663183,-0.1668777465820312,0.0719466081115468,82,48,15,78,-0.05470416971829762,4.416627903643738,0.06780330360187714,0.7793828726528126,0.07187212258577334,0.4542619039528241,0.04294419413432476,0.3530473961668392,77,17,0.005123118665183307,0.7230362271425353,1.4993638473081043,8.643045806466416,0.0367983430624007,0.2265823097809805,0.2519431710243225,3.1715656665574077,0.3653510510921478,3.0875468047756374,0.013128711283206931,0.6707132139352403,0.01118172705173485,0.5306449161919345,-0.1134078800678253,0.08401886178177043,65,43,16,95,0.6820994875048585,2.5216326952411574,0.05521449181552843,0.5226662527801041,0.0457735043019055,0.2885004585388035,0.026913089212321162,0.21018028941569933,79,18,0.0018284292248550887,0.2719016167823107,0.80492707621868,1.9244762583710466,0.02276619710028165,0.1342952005022926,0.0799646452069282,1.4288774500219434,0.2163262292742728,1.3615968905131348,0.002868685894645751,0.44222528791220234,0.0018916428089141499,0.3779643650441773,-0.1363615840673446,0.06728055950880867,77,45,18,83,-0.3754145234734448,1.3254380633800167,0.03378867223781897,0.27629406709750476
Good,0.08484432986727945,1.1305241747315282,0.2010527889057992,1.7713138432901478,0.08774544298648823,0.5043778259635627,0.05344475076999511,0.4404711914071791,77,17,0.006994843057682971,1.0185409982818145,-0.12735136063684838,18.807826401368544,0.04434934258460995,0.2435078316906527,0.1864193081855774,5.106487264537211,0.3294314742088318,5.072149914374854,-0.008147960528731343,0.6283989180558119,-0.01364767551422115,0.42528069368879745,-0.1430121660232544,0.0343373501623576,90,49,15,70,0.3740362855736647,3.998167566072002,0.06582146731898526,0.78971880949367,0.06306974217295643,0.43490701200906695,0.04057331283576783,0.33967306749570597,78,18,0.005000066312727162,0.7174883463703524,1.086132061264439,4.102105363229239,0.031512454152107204,0.18737446827289544,0.1636672914028167,2.6179651284856544,0.33169272541999806,2.4955272753433713,0.015611243620514855,0.7006172957198242,0.01341223716735835,0.5814774032378978,-0.1680254340171814,0.12243785314228306,56,43,16,104,-0.30881054093394356,1.8640193327225594,0.05384656064839044,0.47605015629510383,0.04893832840025415,0.47336239933546764,0.028784870669769546,0.26744338074079926,79,20,0.0020452464887909445,0.29709552134429434,-0.2895369685612459,-0.06834599209922265,0.024354249238967847,0.19755327719911941,0.0923306941986084,1.3404087388313612,0.17624174058437342,1.3148072395640136,0.003875737008638682,0.44229762951451185,0.00352593511342995,0.3343027603326614,-0.083911046385765,0.025601499267347668,74,44,19,86,0.032322455517952604,0.8310063038143876,0.03565393015123849,0.31854093656881516
Good,0.095902893516278,1.2843657421444385,0.22706720102578382,2.0024878515946645,0.1081032454967498,0.5498193821703515,0.062230534441769084,0.4770835377423775,72,19,0.008963339266367453,1.337312313888558,-0.7279867206319857,24.612967854331668,0.059625595808029154,0.28010918120683104,0.1864193081855774,6.2533697185425705,0.3229863047599792,6.174625808960302,-0.005109630897641175,0.710861256223267,-0.01631182432174675,0.4654840332157887,-0.1365669965744018,0.07874390958226864,92,47,16,68,0.2827171373802224,4.6020335724810595,0.0749069273304048,0.9121340846000858,0.06431660801172245,0.44354197104448934,0.046123661845922426,0.4004526015420652,75,17,0.005996927103439937,0.884391046288759,0.5622401674936679,9.678495954929929,0.03485167771577835,0.27414503968699866,0.2064466178417205,3.6427680151166006,0.37447205185890187,3.587985580305063,0.011340871453285214,0.7337100199899083,0.0086855366826057,0.5554627367875298,-0.1680254340171814,0.05478243481153779,69,43,18,91,-0.0867955444671342,2.61206387356882,0.06035087405602182,0.5882692010084901,0.0529324123635887,0.5070847380773255,0.032466696386400096,0.2746618736057404,77,19,0.0029159508413538703,0.43073183072247745,1.3326946884736017,0.4747649627161641,0.02686065249145025,0.23794147919169167,0.1775063276290893,1.5979306729305505,0.2733660340309142,1.5131224046882996,0.002573909168131648,0.5579165753814889,0.00190082192420955,0.4888419680407,-0.0958597064018249,0.08480826824225093,77,43,15,83,0.5398995478789966,0.9437558593692462,0.042746516485418024,0.34563119887687926
Good,0.09615609723450641,1.213043378029462,0.23007499184459426,1.8778653179688412,0.12335109710693348,0.5126506910380006,0.06496263687964524,0.48504578792290987,79,18,0.00942426564957219,1.421803466180941,-0.7947578219929365,24.573366258671392,0.05989223718643184,0.26710505927990214,0.1558718085289001,6.562245132734978,0.353525698184967,6.499270456475248,-0.0011289257556200021,0.6984270216471322,-0.00287720561027525,0.4576352033935914,-0.1976538896560669,0.06297467625972991,81,46,13,79,-0.26902060806801503,4.633404121607248,0.0769800533348895,0.966438389973234,0.07955576106905932,0.43238592890116023,0.04523460892960425,0.33801156507524,70,19,0.0051535463873847555,0.7354236930841642,0.08816194747996331,18.556505692406855,0.039620190858841,0.22847089462476927,0.2064466178417205,3.886701131575222,0.3266130387783049,3.817099029616476,0.009353520721197125,0.6425655654441758,0.0028623938560485,0.5453049434725614,-0.1201664209365844,0.06960210195874565,76,45,17,84,0.26338507562050556,3.727426723671229,0.0561532327825673,0.5679200535194817,0.056241229176521176,0.2884554465099959,0.033968818124849295,0.26486455582505924,82,18,0.0030078133555912208,0.45154838362338573,1.215552968492796,5.626160731569707,0.02988642826676365,0.133726826211533,0.1775063276290893,2.144025478181535,0.2733660340309142,2.104767883613992,0.0004076750017702576,0.5368727308775333,0.00151247531175605,0.4327801962474174,-0.0958597064018249,0.03925759456754292,78,47,16,82,0.5410767554316245,2.195507323428765,0.04349182990823955,0.40412381080986237
Good,0.08882631603551987,1.0975044055087424,0.21304507259279468,1.7532217660355376,0.1062757521867751,0.492006373608181,0.059405513405799824,0.4753402290676553,78,15,0.008063160194941894,1.204714031584823,-0.5805960555585359,21.612944108286552,0.05498558282852175,0.1777881579544971,0.1558718085289001,5.762581624470587,0.353525698184967,5.703401843733034,-0.005975532531738282,0.6779876799573225,-0.0129766166210174,0.39621145044483713,-0.1976538896560669,0.05917978073755278,84,47,16,76,-0.25072069631504396,4.2939765220889585,0.0709594135589476,0.8631608989121962,0.07755170762538895,0.39229173458333955,0.041789686202537236,0.29921054014316795,75,19,0.004258589692475575,0.6073725347771884,-0.6845519528118515,14.505593062837605,0.0386184230446815,0.18853079639796097,0.1214023828506469,3.2600822142694907,0.23379644751548762,3.135863024887527,0.011000187508761873,0.6000842002053765,0.00636801123619075,0.4468412797114798,-0.1123940646648407,0.1242191893819636,68,47,15,92,0.11424993020424914,3.3877136167895423,0.050562764359678665,0.49726400175466373,0.052626835647970355,0.3952388653674244,0.031308358155656565,0.26636329064190684,77,17,0.0024018936058845595,0.35927442172744006,-0.4025046921801394,4.050799260436292,0.02737870719283815,0.139459320194452,0.1027755290269851,1.8767000442942403,0.1938301995396613,1.8053848684692952,0.0026028396561741814,0.47514988587283896,0.0021681264042853997,0.3468717155432287,-0.0910546705126762,0.07131517582494509,75,45,17,85,-0.013040498299938518,1.9422160797427719,0.038778957263474245,0.3653861076757958
Good,0.08412496073599957,1.0231151108826917,0.19955802663229383,1.6107126118779984,0.1084743589162826,0.46012066655612277,0.05748164728283878,0.4252998178006179,80,18,0.007124264447453035,1.061966907593356,-0.9426121914719299,25.833771819061635,0.055715203285217146,0.17000839508379945,0.1478627324104309,5.62819935289193,0.2890353798866272,5.5597289057403,-0.002515946328639984,0.6340220326965064,-0.0028016269207,0.37333385849700046,-0.1411726474761963,0.06847044715163034,82,46,15,78,0.021231573058068304,4.746001497311291,0.0668902060592288,0.8123933589393417,0.06832922250032412,0.4007143034653012,0.03865614476148035,0.33898807739713993,82,16,0.0037530046412290858,0.5496922836691188,-0.35121784793267663,9.046679347316537,0.034225836396217305,0.17709663495925104,0.1214023828506469,2.9591517215809002,0.2238061130046843,2.9261006296024688,0.006299943290650837,0.5526473798106782,0.0074287950992584,0.4007764818985736,-0.1024037301540374,0.03305109197843128,71,45,17,89,0.1571982946370224,2.580187991941026,0.04817095986057961,0.49423997942043374,0.04511136095970855,0.44878615795632404,0.02814459079352668,0.27286473057717786,72,20,0.0020377771967482754,0.3057388664446914,-0.29404224842326254,1.820368903186516,0.0198693126440048,0.16860938116723692,0.0890848040580749,1.600310693364599,0.1703178584575652,1.5948565808075386,0.0017182543931994587,0.4240431993708137,-0.00229166820645325,0.3101646476415453,-0.0812330543994903,0.005454112557060309,83,45,16,77,0.20366289096290707,1.4333356018496535,0.035758214605267985,0.3548608621869362
Good,0.08404142858048905,1.0900563246315782,0.19914251412264983,1.7187435537131304,0.11140125989913927,0.30162478358076317,0.05809861738234754,0.4643150257294089,82,12,0.007757243191072112,1.1300112494848025,-0.8186337174776748,23.034555566490262,0.0560556650161743,0.15299403920827764,0.1478627324104309,5.650317693083758,0.3058195114135742,5.641064796319593,8.004158735274918e-05,0.660800610075589,0.00183510780334465,0.4525302695273642,-0.1579567790031433,0.00925289676416547,78,47,17,82,-0.12573783861471238,4.389589550349886,0.06984814138981751,0.832678691458195,0.06439129263162607,0.5081308579515931,0.03819608120713378,0.3295904711966417,78,21,0.0038919989749411983,0.572933126848798,0.07002654120879992,5.7760889096790695,0.03207188844680785,0.22622281792001497,0.1395928263664245,2.596866003896366,0.24199655652046193,2.538946805462785,0.005229924060404295,0.6025544183361942,0.0047980099916458,0.4540245153643251,-0.1024037301540374,0.0579191984335809,76,45,15,84,0.3629784837334751,2.0534809934740896,0.049196280001112154,0.4581062101656435,0.04372444748878465,0.28617434348589765,0.027876959030399984,0.24465872325127705,72,19,0.002113551754093401,0.310388981633183,0.6821020496854389,0.4307192015594641,0.01931858435273165,0.14586239345442978,0.1248322799801826,1.3912356869737115,0.20709574222564692,1.3611216775804786,-0.0009890453133266394,0.45538852530134727,-0.005172774195671,0.3861969442811528,-0.0822634622454643,0.030114009393232808,88,44,19,72,0.5449645833158908,1.0824370081958516,0.03644576065694345,0.320952134526392
Good,0.08285935947506262,1.102988828039716,0.19289509581401923,1.7579672831024218,0.10165643692016593,0.4373904055292288,0.05702851663809265,0.426616451621479,75,15,0.00791013483071832,1.1359930042155044,-0.6379771467442463,22.65825565358768,0.047809481620788546,0.20781469015903814,0.1492462158203125,5.487429317907083,0.3072029948234558,5.438880480749183,-0.004889478161931032,0.700484013819015,-0.009473443031311,0.5253450859582388,-0.1579567790031433,0.04854883715790075,89,51,15,71,0.12723547317796444,4.393405337844045,0.07036242044816055,0.8033151004428503,0.06000523269176475,0.42511708977010115,0.03897067518904802,0.32187801959998263,72,20,0.004303127483402921,0.6077146554260969,0.36954625214390546,5.451916955734072,0.02721434831619255,0.20040750542775343,0.1601965129375457,2.6016770589729115,0.2888057827949523,2.446878366184725,0.011162181012332434,0.6303772821084702,0.00469003617763515,0.496487855359144,-0.1286092698574066,0.1547986927881865,75,47,16,85,0.39457789568973134,2.125156991457382,0.050803460409797004,0.4586274497101486,0.035490572452545055,0.3089957331765447,0.024492598203651093,0.20442479454284201,78,22,0.0016962425612805443,0.24818831247871453,1.4892542479783213,0.3143764703648593,0.018842723220586798,0.14720562870473786,0.1248322799801826,1.097484132368832,0.20709574222564692,1.043881804831767,0.0002007393981330109,0.4271059871749367,-0.00159922614693635,0.3742229381102069,-0.0822634622454643,0.053602327537064925,82,43,16,78,0.5970275698815778,0.9426460929629459,0.032661577904156906,0.25645426141524225
Good,0.07790675854016038,0.9822262662408946,0.17991796078160383,1.542434698970288,0.08835975825786577,0.3675394888642166,0.05185236971825356,0.4052320206240485,76,15,0.006521588386211399,0.9503210510091078,-0.5163516998775965,20.74292405661243,0.04177588224411005,0.13792645788173816,0.1492462158203125,4.978383698975352,0.3069819808006286,4.9755172826011735,-0.00281270518898963,0.6234466871778018,-0.0090421140193939,0.4066238018931736,-0.1577357649803161,0.0028664163741788764,87,49,18,73,0.23693608279699263,4.246546304885212,0.06398176965907063,0.7494232977804548,0.0568185821175574,0.3663422173007923,0.03867875291034576,0.29124354982112466,74,18,0.004249905265404704,0.5955709951933096,0.32813229958704904,14.608534190233886,0.0289562195539474,0.19437962930437166,0.1601965129375457,3.2483648380011676,0.2888057827949523,3.2158260344743983,0.011639092117547978,0.595215438542627,0.01105630397796625,0.5384141368961899,-0.1286092698574066,0.03253880352676923,69,45,16,91,0.03733112392719606,3.266580613273684,0.05036443115025701,0.4912123541950239,0.0327690690755843,0.23681361046153895,0.020898751990462143,0.1659209928012949,74,22,0.001107785628220401,0.1605255641913468,0.10981147348039455,4.0364419747175,0.01605440024286505,0.1223187993646323,0.07204270362854,1.2402772668757147,0.1307309716939925,1.2104508627415724,-0.0010966979083605042,0.32377257324985903,-0.005238197743892651,0.2976252383123197,-0.0586882680654525,0.029826404134142358,89,45,16,71,0.4392897604620526,1.7623656992464523,0.026372527564664325,0.23600187499787253
Good,0.0763105124795886,1.0400085407066955,0.18094748448580483,1.664965490344213,0.08746923506259913,0.39013284786993846,0.04969763442408289,0.3992883528798927,69,17,0.006211144175138259,0.9263618304342258,0.44883037380007407,15.026827091818134,0.04026365280151365,0.19709628160724935,0.2314341068267822,4.418122012413433,0.400118350982666,4.33640733611936,-0.007695407792925825,0.6556200875614931,-0.0177228450775146,0.49616350310865953,-0.1686842441558838,0.08171467629407343,96,45,15,64,0.576623125741733,3.581049678362591,0.06202248168873666,0.7046446843765204,0.050432078540325026,0.42249224449520406,0.036231544613838165,0.3217294055312724,80,16,0.003874510828774541,0.540930050893372,0.1821999084076027,1.4537834367323326,0.0247585177421569,0.15386358009132375,0.1412518620491027,1.8580064534766176,0.2567937672138213,1.7926058233110764,0.013061929494142518,0.5978555698990722,0.0126188248395919,0.4359533086540054,-0.1155419051647186,0.06540063016554126,63,40,18,97,0.18600530188428271,1.4954291823804042,0.04759319507273952,0.42836756230371553,0.03861592430621375,0.30657550598895084,0.024171373481221912,0.18844590075816714,77,21,0.00158654801470265,0.22618330470463635,1.1204734310086195,0.25300120522416236,0.018996397033333733,0.15441943397839014,0.1220626384019851,1.0606784131269447,0.2068594247102736,1.00285012008755,0.0015796317486092455,0.41148983288364765,-4.1095539927482605e-05,0.37888144678732183,-0.0847967863082885,0.05782829303939469,81,43,15,79,0.44035993544911484,0.8188650358478383,0.03154866099048054,0.2384521380445646
Good,0.08462384430774506,1.1477553204703994,0.20288026902824616,1.7923760935176993,0.10240676999092099,0.6350246164796199,0.05681973011232908,0.44499985459377145,74,17,0.007381866248507364,1.1023268747790422,0.007763190730473379,25.02872824324968,0.049888640642166,0.26396892470141203,0.2314341068267822,5.717595191016456,0.400118350982666,5.686493839862875,-0.0012001264840364428,0.6414073441361232,-0.012333124876022249,0.43267861392974305,-0.1686842441558838,0.031101351153581282,87,48,16,73,0.4522276533955677,4.610304605623131,0.06812660136151745,0.8312180782846864,0.06360744684934608,0.34013799205251405,0.0409796618041582,0.30104771605252995,85,18,0.004642967554985769,0.6903838451054196,1.0549257779075472,8.868137485178147,0.03226701915264125,0.1752122495593202,0.1311763525009155,2.9613966005941235,0.3392038643360137,2.858380909829882,0.008156302385032168,0.6810102050821132,0.0120288878679275,0.5911090592080999,-0.2080275118350982,0.10301569076424136,70,41,18,90,-0.19712714429498163,2.543541141879651,0.0534149952165346,0.47603460554820753,0.04561589378863558,0.33177321903097395,0.02800827428116458,0.219779235760437,76,21,0.0020793970002779385,0.30453391294728266,0.7557475982358519,1.4171414985532422,0.02270589023828505,0.15781431453822933,0.1220626384019851,1.4552196278853167,0.2363925129175185,1.406439847158427,0.001709383702836926,0.4699585442994628,0.0013101696968078,0.4232555661241001,-0.1143298745155334,0.048779780726889745,76,42,16,84,0.20652734063400843,1.0644256847119866,0.03612279731090836,0.2892626481023993
Good,0.08584566323354897,1.1553602573210526,0.20545538179576373,1.844269932770258,0.08886419236659987,0.44881748796091253,0.05482558280229564,0.4480036802944308,76,15,0.007521306967107286,1.0901377820316986,0.40799476154077574,16.908629519068647,0.0446301102638244,0.17385826095772733,0.2317108511924743,5.079591489091007,0.3776544928550719,4.991500112410423,-0.006233921647071835,0.6566284181610952,-0.0152309238910675,0.39018753085347313,-0.1459436416625976,0.08809137668058499,88,45,15,72,0.44086646267992957,3.906935025085473,0.06849288683879644,0.8117739232661741,0.0678334608674048,0.35063112695094845,0.04206233161268752,0.29760825432004356,82,17,0.004801959330992497,0.7021093029861928,0.8804399702480792,10.633417488882055,0.034630149602889945,0.15484015312514152,0.1444631814956665,3.0387585876952654,0.3524906933307647,2.9910662330141244,0.007791930157691233,0.6889274707810952,0.00840379297733305,0.5818047086392197,-0.2080275118350982,0.047692354681140844,69,42,18,91,-0.20449258171451545,2.8284616405213616,0.054396729519596565,0.4769572758532529,0.0524799618870019,0.31095301170638295,0.030370611744583543,0.23302892949022103,77,17,0.0024073263379362055,0.3566237614600922,0.3005610289884322,5.168933292833483,0.02685184031724925,0.13016058777604597,0.1072720885276794,1.9188543200163022,0.2216019630432128,1.8904517487285308,-0.0019717688206583213,0.49871404382806744,-0.0039204955101013,0.4254879216402547,-0.1143298745155334,0.02840257128777128,88,41,18,72,0.3949410560750999,1.848993474643498,0.038860383395733555,0.3284936284751177
Good,0.09037200668345938,1.1679971711091284,0.21452828399836996,1.8665773638173184,0.09290397167205805,0.616472645038376,0.059207719978876375,0.49254776520565047,77,19,0.008639469158918259,1.2501241397814653,-0.12679820453192825,18.045231691616415,0.04739919304847715,0.2560477863242372,0.2317108511924743,5.507216443263811,0.4084162116050719,5.463171588815841,-0.003500996902585027,0.733329902779445,-0.00628393888473505,0.4595679386901114,-0.1767053604125976,0.04404485444797005,85,44,16,75,0.23567009174577153,3.8318770762087815,0.07362943932017459,0.8440091193055647,0.07079982757568352,0.4105308605386566,0.04196386852185239,0.3011561838253683,71,19,0.004622634411471821,0.612121170783784,-0.05527411645648028,17.760668099823786,0.038080632686615004,0.19025453462634248,0.1611465811729431,3.460444501999096,0.2717608213424682,3.4106306780499365,0.01402762224897742,0.5962531052690817,0.008041277527809101,0.4953953737653608,-0.1106142401695251,0.04981382394915939,69,45,16,91,0.4266391242683029,3.601935667406907,0.052050989236159334,0.5065603668278453,0.05662893131375303,0.30415313242172515,0.032605590252205684,0.2580066394191251,69,18,0.002751571208264896,0.4021295342599662,-0.15043713994972308,0.7898448113062222,0.028598723933100652,0.15399623487261632,0.114611804485321,1.5615722037804274,0.2072691842913627,1.491764654543412,7.056444883347443e-05,0.5369943557687914,-0.0023848637938499,0.432310619236286,-0.0926573798060417,0.06980754923701539,91,41,16,69,0.4554283134067176,1.115920030270845,0.04159979469983353,0.3372930419270859
Good,0.0874686585263647,1.128077373409994,0.20514800399541833,1.7995626469951858,0.09848473966121671,0.5111593013996965,0.058659056196920537,0.4745458807590603,79,14,0.00862425426973341,1.2323746911030695,-0.5260941647884607,18.271746271959376,0.0507462322711945,0.22170511438426554,0.1559264659881591,5.432540301811915,0.3326318264007567,5.34558693864717,-0.010785341635346408,0.7387977806600987,-0.0113790333271026,0.5079549494269185,-0.1767053604125976,0.08695336316474583,87,45,15,73,-0.022194918681646542,3.8744691629016264,0.0728491873668976,0.8285846549356208,0.06647121906280509,0.3317417191900981,0.03797738886787553,0.2671084764159188,75,20,0.0040707031789901215,0.5019082660284682,0.14602625424131777,10.321400619253666,0.03278100490570065,0.17588437408941193,0.1611465811729431,2.6802403846951566,0.26468703150749195,2.5566128536993946,0.01824027141556143,0.5645515996498881,0.01400828361511225,0.4620696721397133,-0.1035404503345489,0.12362753099576215,63,46,19,97,0.2821204285496195,2.8150425533907426,0.047174046649492894,0.4280067258364297,0.048999289050698176,0.3897437961359541,0.029425967845600053,0.21826929047516486,70,19,0.0022307661059311344,0.3227484380177889,-0.12215247459729328,1.4407463579467068,0.0239584147930145,0.1715371294615951,0.114611804485321,1.4633981971931598,0.2072691842913627,1.349493089847942,0.0005632943473756384,0.4962132666851988,-0.00159445405006405,0.43386572788126576,-0.0926573798060417,0.11390510734521778,88,42,15,72,0.28051157533374826,1.0834360045770621,0.037452346452225574,0.27662399025282075
Good,0.08919218218337027,1.100233415224353,0.20769255876541115,1.6964594059304563,0.11643831431865687,0.4910668827013759,0.06347884817980225,0.46614951623227846,78,17,0.00945691857908396,1.353727733671719,-0.6618361418975041,24.157763821103167,0.055951625108718844,0.25849891544701176,0.197256326675415,6.201380659447458,0.3533618450164794,6.125017140857768,-0.0050958607345819446,0.7312605437096116,-0.00711444020271295,0.5607758779805876,-0.1561055183410644,0.07636351858968995,85,47,16,75,0.1221377233774524,4.562728219253692,0.07695203972548861,0.9049783151464141,0.06587012112140647,0.24010003799909085,0.037375541398068854,0.24969874728544347,81,15,0.004071422815302893,0.49808378937019254,0.2784552876789874,20.30018554170032,0.0328587442636489,0.11497388082357568,0.1443590819835662,3.1506015242172216,0.2508579194545745,3.1158373821796244,0.018011771608144034,0.5457285166471657,0.018388926982879597,0.44752916658112163,-0.1064988374710083,0.034764142037597257,60,47,18,100,-0.04697087741058129,3.9950960811489353,0.047267102318742045,0.44750885520654976,0.045223182067275,0.3222273158978254,0.02626669786521229,0.20141035887666547,71,21,0.001702614601870242,0.24838733225090526,-0.3134495494308136,4.433610330189769,0.021839592605829204,0.15542839829012345,0.0900196582078933,1.555307950866104,0.1716297268867492,1.4444418213144836,0.0013162706978619128,0.4194703455736791,-0.002264492213726,0.34642218417386783,-0.0816100686788559,0.11086612955162048,85,44,16,75,0.2637137378892252,1.7309020959719381,0.032696839731409605,0.2691318662574232
Good,0.08837694702874255,1.1004104130140349,0.20670752162113765,1.6828648383473797,0.09841090440750114,0.4421473554026734,0.058139283992350056,0.4700396756401684,76,15,0.008285468290749016,1.1859234171624835,-0.43157412872570244,22.56426949824081,0.0485376715660095,0.23039272171429664,0.197256326675415,5.823905704012834,0.360137641429901,5.786744722156611,-0.005318715423345557,0.6586306065196819,-0.0099326372146606,0.39114260282669394,-0.162881314754486,0.0371609818562231,93,48,15,67,0.24844816673803685,4.385752495780217,0.07198971937758891,0.8672537929107025,0.0722960904240607,0.372721549344749,0.04244681995478454,0.30141648414721334,79,22,0.0045183497158600575,0.6311749830371297,-0.17241929069572004,16.336876567404428,0.03695742785930625,0.19510344705339897,0.1443590819835662,3.471922319859207,0.2521082162857054,3.4313307093584124,0.0106507227756083,0.6017723282962055,0.010344401001930199,0.5498608810892064,-0.1077491343021392,0.040591610500794385,73,44,19,87,0.11552568900969086,3.534551227485974,0.052226219847090735,0.5186955252690092,0.046931408345699144,0.26731268806280495,0.027187322753306896,0.2000606672217791,78,20,0.0018522938154372113,0.26148934221077413,-0.19945741533819472,4.5380196894817315,0.023543268442153847,0.15247265258987874,0.0900196582078933,1.4988713876636475,0.18000127375125868,1.4279389216837577,-0.0039920523646287545,0.42246190353149216,-0.0058702183887361994,0.35243020370918166,-0.0899816155433654,0.07093246597988974,94,41,17,66,0.19114387636062594,1.9237671793009612,0.03389583974867703,0.2881237273730199
Good,0.08571623836615185,1.0960384548107487,0.2023341235145924,1.7093454063519782,0.09297059476375567,0.39306046672601563,0.053193391859531355,0.39276530398364307,82,14,0.007079150952040643,1.0383477480575969,-0.45992598622464564,26.495052143965783,0.0460041463375091,0.19900618312762014,0.1550557613372802,5.64470487469678,0.3179370760917662,5.583371342202182,-0.003393441438674921,0.6115487091889801,-0.0022634267807006498,0.452942888971995,-0.162881314754486,0.06133353249459793,87,50,13,73,-0.0206691295508145,4.872958377372363,0.0666386398966331,0.8150803177275778,0.07383000105619422,0.38379517869247914,0.043450234737247184,0.3783797815763487,80,15,0.004803898859882661,0.7046471824208445,-0.05476560694488253,6.471613957834441,0.0370368808507919,0.19226469039978125,0.17177215218544,3.115534892438293,0.3027360439300536,3.0775772892507423,0.009213043097406623,0.6274732406898222,0.00925369560718535,0.47848630109724477,-0.1309638917446136,0.037957603187550794,71,39,17,89,0.13175915817012476,2.2790502868450595,0.05418400167063626,0.5576060568529154,0.05161149706691495,0.41645012614785215,0.029313760061340833,0.24243157538779453,83,19,0.0021372252912145906,0.31330223166060306,-0.08038169504197112,-0.08335036623093472,0.02615514583885665,0.19832108193231013,0.1085794568061828,1.2306829649704543,0.1985610723495482,1.1756977428115465,-0.0015080557903274859,0.47032345647317586,-0.00055786967277525,0.4194978045762632,-0.0899816155433654,0.05498522215890769,83,42,17,77,0.15971402946128374,0.8500561773192425,0.036631657268081215,0.30347665141115515
Good,0.09046963547845518,1.181345350602216,0.21458518918603636,1.8523303773678825,0.10994666814804066,0.4916891186635914,0.057786744814366055,0.4101654701186577,76,18,0.007830854761447795,1.148286762736315,-0.7376096482177017,26.88192726700978,0.051384031772613505,0.24509118750094067,0.1573806405067443,5.933492103864921,0.2927109599113463,5.838487185479658,-0.007210620120167721,0.6480926507662393,-0.01168441772460935,0.48601985010334653,-0.135330319404602,0.09500491838526363,91,47,14,69,0.18797941341600882,4.901095689644665,0.06980505601257149,0.8533830785521259,0.0713608264923095,0.5214407649164119,0.045867652907036205,0.38701349762741266,76,18,0.00593541401497662,0.8126261463394043,0.7452409311247004,6.943316424226973,0.0350578948855399,0.2604852197420401,0.2410792112350464,3.2212416654494347,0.37204310297966,3.112043408213199,0.017295166756957768,0.7194031417951997,0.0098662972450256,0.5822967960948034,-0.1309638917446136,0.10919825723623558,70,40,15,90,0.5429597453922991,2.167629999867114,0.05858293881936849,0.5432175125256916,0.0506865493953227,0.3508696122897995,0.029411375134950457,0.23068889491101974,76,22,0.002181904364620909,0.32212600461100777,0.13642978672933292,1.2109808471303403,0.0251924917101859,0.18058141087259155,0.1085794568061828,1.437701474592698,0.2241097092628478,1.3558586919889442,0.0016430499264970429,0.48483458480644365,0.0002663508057594,0.41315292385634494,-0.115530252456665,0.08184278260375372,79,44,15,81,0.1884522151761862,1.1614519514067123,0.037007435796452236,0.2950617392793772
Good,0.09453699042217295,1.224419493090104,0.2253162315301595,1.908158472032599,0.10875886678695668,0.44812606498395596,0.061479855999350505,0.40321129220335417,69,17,0.008697019531565209,1.2582679116771993,-0.6895924989514959,29.37378363630016,0.054690480232238645,0.21607169669557963,0.1824867725372314,6.319479124372236,0.32859349250793446,6.268821135973482,-0.007084673643112172,0.6813999442663444,-0.01695227622985835,0.49931707898400424,-0.1461067199707031,0.05065798839875411,94,47,14,66,0.2704052264194667,5.177394271869973,0.07361599912651506,0.8910454688909102,0.07071925327181808,0.49890347048291467,0.04697824311559086,0.4073560653968505,71,17,0.006374690424393005,0.8642377951118172,0.7897831709757033,6.445868982477581,0.03557854145765295,0.27271349357476843,0.2410792112350464,3.334185161406187,0.385122150182724,3.2396758091497078,0.018093679938465352,0.7296713923494538,0.01016023755073545,0.5668936521673326,-0.1440429389476776,0.09450935225647898,65,41,15,95,0.3170377901465524,2.1630717502268393,0.060661346880144455,0.5760359835102551,0.05245250742882475,0.36713883132434,0.030741710552683755,0.22980170882387374,75,20,0.0023054693220384715,0.33165889721325437,-0.09140553147439867,1.0702776514457906,0.027017422020435302,0.18868701535739055,0.0879969596862793,1.4599582104998303,0.20352721214294428,1.3737333496291702,0.00020814350573346435,0.4970871354168009,-0.0024776980280876,0.44639373500694624,-0.115530252456665,0.0862248608706602,85,44,17,75,-0.069753665234623,1.0349864883641087,0.03807803972750402,0.2907976564836337
Good,0.08587996411796261,1.1100912532814695,0.2073125578090546,1.7739590874819573,0.10465383529663075,0.3805164084170284,0.05743319781031455,0.39688722175809793,69,15,0.007485037402747876,1.1019856272847095,-0.5692622775535798,24.7139273385669,0.0495897531509399,0.17083499743080766,0.1824867725372314,5.556305880976922,0.33135145902633656,5.500757244640974,-0.004760971292853347,0.671498657100063,-0.01731681823730465,0.45642353335067654,-0.1488646864891052,0.05554863633594752,94,50,14,66,0.3709205000220199,4.720796792482141,0.06844531603484996,0.80689229813992,0.067487247288227,0.5462743065393665,0.03965820880373936,0.35014853314486527,81,19,0.0043520821444873806,0.6094000726686543,0.7532148433079544,6.251673413925012,0.03420642018318165,0.263671953166078,0.1695633232593536,2.762345576511319,0.31360626220703125,2.6867774654875403,0.010811414010822763,0.6194175867052852,0.0112708508968353,0.4733220760727317,-0.1440429389476776,0.07556811102377847,63,46,15,97,-0.0970272635986943,2.044612268238742,0.0511814104164545,0.4751020163594918,0.05520277097821227,0.4523919798036653,0.030619682355027135,0.25189837806756776,81,17,0.002249598582312719,0.3309198297130115,-0.45047208124863714,-0.18449575550582553,0.0274737775325774,0.1933213554425693,0.0750995874404907,1.3291512944165236,0.1803466603159904,1.2822719765061137,0.0015247607836499791,0.48304284367660927,0.0025587156414984998,0.4102549591888475,-0.1052470728754997,0.04687931791040979,76,45,17,84,-0.2557831126891429,0.7909925455531392,0.037583272319438525,0.31239308712874275
Good,0.09128079973791882,1.2264475993523862,0.21788382239639736,1.8983523274101537,0.11581920087337486,0.4202827992234688,0.059999327482655594,0.46282672800564034,71,13,0.008314429514237451,1.27018611489026,-0.4908752875854172,22.728840005864683,0.05322590470314025,0.2149137080868358,0.2206027507781982,5.9180643171144816,0.36946743726730336,5.870443339513627,-0.00263318642973899,0.7119271357974261,-0.015307098627090449,0.5048872533818581,-0.1488646864891052,0.047620977600854986,92,48,13,68,0.3882579784699112,4.417953768650297,0.07226495467088144,0.8736966683040135,0.07484259456396095,0.5385966908066491,0.04467725520953532,0.36542491202281935,82,19,0.005423697197166086,0.7638348620311644,1.003124524902649,12.654854201609071,0.0382369756698607,0.23790231991547775,0.2041248381137848,3.5322018436518996,0.3763071596622467,3.4803668864244286,0.013089839369058604,0.6854288477619822,0.015301406383514349,0.5560629079629438,-0.1721823215484619,0.05183495722747095,67,47,13,93,-0.004938078148263299,2.951607932594532,0.05690965457123603,0.5422380996267652,0.052038455381989375,0.4084656280952027,0.030004162418772417,0.2614522824624237,83,20,0.002341432575362997,0.3482371651487995,0.34569471656996287,-0.43453613209936304,0.026084166020154897,0.18881973289434664,0.1213896423578262,1.2498203758510165,0.2258355766534805,1.212455654409791,0.0012074899394065098,0.5009963438507455,0.002510093152523,0.3896804467149039,-0.1044459342956543,0.037364721441225456,75,45,18,85,0.18996168954013468,0.7555772881262803,0.038355337334402745,0.3118330139625774
Good,0.0930909343809124,1.2355982007912985,0.21846108324825741,1.877775214588297,0.11845497786998743,0.4593737930574231,0.06137483850587154,0.5021577369776606,77,13,0.009142984236884102,1.3967826185022452,-0.568448989943684,23.471011743302224,0.060136198997497496,0.2115908040940871,0.2206027507781982,6.508290978541911,0.3674802780151366,6.467747634472154,-0.0036513943225145286,0.6718890334877718,-0.005704283714294401,0.409308426297386,-0.1468775272369384,0.04054334406975752,90,46,15,70,0.19846533953508108,4.537066814570333,0.07574224724461556,0.9722899491309743,0.08066704869270311,0.6315473766407351,0.0465091351117007,0.3965355945873247,79,22,0.005931644273731076,0.8334619692928723,0.5825644957311069,8.555207305920723,0.04010011255741115,0.32650865858037925,0.2041248381137848,3.3742408439281086,0.3763071596622467,3.321148375588548,0.014266622625291343,0.7314662729180806,0.012430578470230099,0.6166311195244476,-0.1721823215484619,0.05309246833956066,63,44,15,97,-0.016907328512084596,2.226430136753896,0.05937825576598528,0.546277457777826,0.04293035529553875,0.3148362205163747,0.026923647627700074,0.2125779892323446,76,21,0.002004164756486533,0.2946316920068389,1.1001229214671229,0.2062855626912432,0.02125333994626995,0.17575779798133978,0.1213896423578262,1.1767923060671248,0.2258355766534805,1.1282100563476931,-0.0001741636078804721,0.4744199081824445,-0.00342043116688725,0.4266700401709911,-0.1044459342956543,0.048582249719431723,84,44,17,76,0.5536864214460745,0.7147930076034187,0.03550282320022859,0.26373745036873303
Good,0.08495940339000593,1.102318458864476,0.20135577321052528,1.708081245852948,0.11263479292392717,0.4278961956919304,0.05889333606697615,0.41748043004356394,78,15,0.008313440418073866,1.233879666691268,-0.44665632665821553,25.665674222851873,0.05489262938499445,0.1772980015768826,0.1852216720581054,6.006899687457471,0.33209919929504383,5.889799652740962,-0.004717048630118367,0.6922177576452603,-0.0062312483787536,0.4908211251812452,-0.1468775272369384,0.11710003471650961,89,45,16,71,0.21251078230185233,4.822342683182686,0.07215392152170781,0.8687429094339909,0.06767462939023963,0.519784885350414,0.03955429030116644,0.35206685795926773,74,20,0.004276338428448291,0.5912116054060454,-0.06411625542023591,4.820525753245364,0.034105360507965046,0.2976928335221092,0.1492662727832794,2.675882816081488,0.26427161693572987,2.624132381121413,0.012240022607147686,0.598364584433406,0.0101537406444549,0.5447821963818715,-0.1150053441524505,0.051750434960074705,62,43,15,98,0.026786589569038895,1.7841992350409992,0.05038611533171191,0.4828782760716025,0.043495608493685625,0.3753418588123877,0.025875893305055752,0.2106956963221527,76,21,0.001702264413464713,0.24097658893203772,0.1875983667871286,1.6149317433751467,0.0212505757808685,0.19302767409763355,0.1073227077722549,1.3619619778252712,0.1986481696367263,1.2950540106085962,-0.0009654429741203778,0.41749890377428167,-0.00509431585669515,0.3656580151895137,-0.0913254618644714,0.06690796721667507,85,48,18,75,0.29207404964718536,1.0348578826931172,0.03270578858663059,0.25820777346801715
Good,0.08856951705509525,1.2041642506003631,0.2117667631804941,1.9119487898527172,0.1012224256992339,0.47324668975399253,0.05845929906703527,0.48725174536055027,82,14,0.008713739326810908,1.3215776494634437,-0.2512092740795002,18.104871502516175,0.0518298149108886,0.25266209963104214,0.1852216720581054,5.662112723685957,0.3533153533935546,5.601867510641876,-0.0006481859833002118,0.7474880881973012,0.00319218635559075,0.576242096995276,-0.1680936813354492,0.06024521304408094,79,42,14,81,-0.12159465145115134,3.9229974182539094,0.07402645751190164,0.8734066678624497,0.06826539337635033,0.4853562592184794,0.041077494858182,0.3255071707044113,73,19,0.004301069042957923,0.6176524462218593,-0.18258484481147086,9.749080820971114,0.03331780433654785,0.2193710869381649,0.1492662727832794,2.9705372613216614,0.26427161693572987,2.9082594498259158,0.008850552188232538,0.6280562175067955,0.0042393207550047995,0.4994603320154598,-0.1150053441524505,0.06227781149574544,74,43,16,86,0.19366562077651542,2.557869294693009,0.051246950542804766,0.4724381799483568,0.0505148023366927,0.35061628313361226,0.032619931639055674,0.2421046867713662,77,21,0.0026574549544330773,0.39058300935263723,-0.19816413843954184,1.8327117686381662,0.0263946056365967,0.1571722928581942,0.1073227077722549,1.6580113390565037,0.2048353850841521,1.6046931334367065,-0.004704235820099708,0.5364044841486204,-0.0068035945296287,0.4449904940889381,-0.0975126773118972,0.05331820561979718,85,43,18,75,0.09727369094444308,1.3355172951982137,0.040608943611628104,0.32070740362188355
Good,0.08488431101217105,1.1387901508764235,0.2017343647778032,1.8110755571406774,0.09246096014976495,0.41889031769790813,0.054026987357065036,0.43553054888329834,86,14,0.007468521208422302,1.1270356342088288,-0.2773863333185762,21.658388968949335,0.04724085330963135,0.23546484011310123,0.1592763066291809,5.543403795375898,0.3273699879646301,5.484229913393555,-0.00015639699995518286,0.6648031134616457,0.00678995251655575,0.5013750212479734,-0.1680936813354492,0.059173881982343315,74,41,16,86,-0.4461989683101181,4.29923005453399,0.06853581936544513,0.8276910380936421,0.06722372770309443,0.3678256005046457,0.04036739249771922,0.27813233142020766,71,20,0.00402484032655387,0.5831045677331435,-0.29750547151285867,16.226573620363123,0.03191342949867245,0.1735019050242435,0.1549460589885711,3.1032415119477967,0.2557685077190398,2.95725539420635,0.00883347210474312,0.617921332375367,0.0023146048188209,0.49340302009315634,-0.1008224487304687,0.14598611774144638,77,42,15,83,0.3605078682439458,3.4263430331184086,0.049526004601060804,0.4486399388469497,0.04986525699496262,0.37504174515165434,0.03191571990319057,0.2575011720446885,81,23,0.0026484299856551685,0.3992840359470576,-0.23972205846273642,2.003174366128821,0.0262190140783786,0.2013543871415617,0.0967993736267089,1.748108167203304,0.1943120509386061,1.6517256029067808,-0.0033522362355142775,0.5283511113036649,-0.0015153326094150001,0.48065610919389273,-0.0975126773118972,0.09638256429652327,82,38,16,78,0.082331882878108,1.3380902619633235,0.04067396061927891,0.3465965076731731
Good,0.08813926611671521,1.077315031845561,0.2052363923564551,1.6657744048433183,0.11706954240798942,0.4913303881963094,0.05944358522072431,0.4241768582302901,84,17,0.007814444086083965,1.1649420607891352,-0.8950010741280106,28.35633505414775,0.05642250180244445,0.21740356236502661,0.1592763066291809,6.11052672087154,0.3058759570121765,6.040175062701475,-0.006475568190217012,0.637383881079138,0.0008501708507537499,0.45446093532970755,-0.1465996503829956,0.07035165817006579,80,43,14,80,-0.10409240159594774,5.015697999090833,0.06980363884058982,0.8710245972012676,0.069353014230728,0.4759293431514309,0.04086409123498012,0.2920232456059436,77,22,0.004651389777054722,0.6157060599580094,-0.26505268281364547,18.252961492617043,0.0342234522104263,0.2484396694712368,0.1549460589885711,3.436414229499495,0.2557685077190398,3.401279156683734,0.01796828107908367,0.6066541479369173,0.016051203012466347,0.5352493677052758,-0.1008224487304687,0.03513507281576086,65,42,18,95,0.21768831759386675,3.651049162356432,0.05099522222752798,0.49767138228849594,0.038206309080123804,0.30339042759660095,0.026526659205264834,0.22438148251620646,77,20,0.001865759416384269,0.26486454018277567,-0.11659495723589863,1.6958002448041292,0.018804095685482,0.14448228651274087,0.0922973230481147,1.4019459959004146,0.1664283350110053,1.322956815754155,0.0033726074965670706,0.4217363758272631,0.00243006646633145,0.3274552818618381,-0.0741310119628906,0.07898918014625964,78,42,17,82,0.30583870887704523,1.450477228957849,0.03408793886796222,0.2949626577837628
Good,0.08972432151247325,1.0736833312182295,0.20901733983308057,1.6490400064843018,0.10543704032897942,0.4154167771826982,0.05908258171286429,0.41960601809191495,81,15,0.007952582163399198,1.1924681937245356,-0.7494198719106069,28.54634603096912,0.0533860623836517,0.20061132958473377,0.1604929566383361,6.234458528771149,0.3070926070213317,6.203485409611346,-0.005500454828143114,0.6316611879822019,-0.0015279054641723498,0.4397509805597797,-0.1465996503829956,0.030973119159802276,80,47,15,80,-0.01619886776653971,5.072164809149615,0.07050658632909192,0.8907706423774017,0.07712221145629874,0.38760174030206035,0.04401591001078482,0.3444804932688201,80,16,0.0050223124260984475,0.6932269123858156,-0.46266579804561214,12.794404834552047,0.03746923804283139,0.1759724816549594,0.1455545127391815,3.5694163776402665,0.26201623678207386,3.4963399533588486,0.016431970056146373,0.6068702295760999,0.01654191315174095,0.4553886074362462,-0.1164617240428924,0.07307642428141779,64,46,16,96,-0.15330442245335024,3.2352743185629436,0.05373061740457829,0.5700310840998652,0.037062207236885976,0.3184488978103781,0.025724001999187708,0.20556807768578594,77,22,0.0017120068453365656,0.23696472723312623,0.12994043300148128,0.6861744402833696,0.018698152154684053,0.1621093935076664,0.0961213111877441,1.2092118005347947,0.1702523231506347,1.190707586905638,0.003309669648297128,0.41050858892600006,0.00255914032459255,0.35961134613877543,-0.0741310119628906,0.01850421362915658,78,46,16,82,0.42735090696696837,0.9548571170898307,0.03264523026837095,0.2616245891561238
Good,0.0854571402319342,1.0813980149826667,0.20166890233755091,1.6896109816875058,0.09438134729862202,0.29565988409124205,0.054858335005119406,0.37923874250476236,82,13,0.0069634028428143604,1.0322130121612638,-0.6022615532218181,26.925392591629862,0.050520807504653896,0.16006353271948287,0.1604929566383361,5.567117560530098,0.30491328239440907,5.519581534166216,-0.002663980796933177,0.6297757525160489,-0.00113281607627865,0.4384462629170558,-0.144420325756073,0.04753602636388228,81,45,14,79,0.08157260086206763,4.9315635256075385,0.06612380218703766,0.7972424434913812,0.0768910199403762,0.5426605971427818,0.04499690769822332,0.3663842468080265,83,17,0.004918040583673214,0.7413336061454844,-0.31146833775423133,12.77784148289921,0.0388512015342712,0.21210153659607403,0.1123375594615936,3.612954872469188,0.26917576789855946,3.56736675785643,0.004317689780145876,0.646558714280961,0.0066117346286773005,0.5034266754805692,-0.1568382084369659,0.04558811461275792,71,45,18,89,-0.3571459720357952,3.0907984897197878,0.055446799657054076,0.5685907448533037,0.0394081994891166,0.29376472648723967,0.025822807278018396,0.21140156007844485,77,22,0.0017010937040264173,0.24066441634882693,0.09792659960019545,-0.32526191994354337,0.01969911903142925,0.15101431109212,0.0961213111877441,1.0817645921574075,0.1713729500770568,1.040343953234224,-0.0005141375586390481,0.41327651489049544,-0.0017381012439727,0.38045200934238177,-0.0752516388893127,0.04142063892318357,83,46,15,77,0.28841139073414607,0.6676176304807769,0.03270480475673118,0.2643235490621163
Good,0.09315262799493138,1.238172463969145,0.2170271150767801,1.931602366909217,0.11153489351272575,0.40748475180778976,0.06345092976465817,0.43865518952888927,74,14,0.009485103064464501,1.4113816902455338,-0.5705328058732757,22.266219945482366,0.0541526973247528,0.21824223844288895,0.1842045187950134,5.999174089530258,0.35426151752471924,5.9607566120029825,-0.0031886167824268286,0.7956260513354815,-0.01138570904731745,0.6045526705813432,-0.1700569987297058,0.0384174775272758,91,43,14,69,0.324087535393518,4.431247134683915,0.07717021707450307,0.8822476277564274,0.07183974236249913,0.6396382956291291,0.04493305633543056,0.39673383643565996,86,18,0.0054284511664024985,0.8131185678855448,0.35225630747413605,10.9508837521974,0.03674115240573885,0.2874014939821103,0.1697377264499664,3.6476990180292828,0.32657593488693226,3.5775695635240847,0.0030941023491322882,0.6900572784840766,0.00790227949619285,0.5780112900467684,-0.1568382084369659,0.07012945450519821,69,43,18,91,-0.23849543777683313,2.6818692206869192,0.05834797811917633,0.5804649173694258,0.03994846902787675,0.3518976400357191,0.02649013091577212,0.20813557995869394,75,24,0.0018114145737914908,0.2654187920397785,-0.04864215253417603,-0.33259345234967963,0.019816316664218903,0.19950697192854278,0.0940873771905899,1.0741960825627055,0.1860083490610122,1.0274674503128804,-0.0009462611749768201,0.44591903708965935,-0.00368171930313105,0.43871949861427373,-0.0919209718704223,0.046728632249825035,86,45,17,74,0.20085089123582742,0.6208006385080813,0.0337394932861096,0.2580213254768091
Good,0.09323723990273167,1.235831906625802,0.21643158383667443,1.9085468584091991,0.11452630162239064,0.5270728155463564,0.06398021149914708,0.5066314092550085,73,16,0.009889075308597511,1.4786540987489878,-0.5616746465308968,17.020471459046814,0.0560011863708496,0.2506181069493908,0.1842045187950134,5.8535077035566765,0.35426151752471924,5.7580278172867505,-0.003902846202254287,0.7734470808338021,-0.01186507940292355,0.5569502728430797,-0.1700569987297058,0.09547988626992616,93,46,15,67,0.25089760887571577,3.949081892946064,0.07876684715482742,0.9383142927072238,0.06766509264707556,0.6005081332384844,0.04240241948748004,0.406182556907075,78,18,0.005041028694544384,0.73362786529216,0.4245565139478953,2.9179922653818666,0.033744066953659,0.21966844009522235,0.1697377264499664,2.687211198998466,0.3249876201152801,2.649437896528618,0.010168721619993437,0.6674845626888195,0.00967018306255335,0.47136766213588555,-0.1552498936653137,0.03777330246984827,66,40,14,94,-0.0667350746708844,1.6663790936598268,0.05537513039596503,0.5367422322346875,0.0470948573201894,0.38895366118075136,0.027499249717220613,0.21466491383522562,80,20,0.0019391543920470864,0.28470028813388376,-0.12457669761314305,-0.6338417457772034,0.023832317441701903,0.16619941860615492,0.0940873771905899,1.050154263761193,0.1860083490610122,0.9939159701813985,0.00030925027094781535,0.46761521488657765,0.00019213929772379998,0.40137120608578947,-0.0919209718704223,0.05623829357979437,80,45,14,80,0.1425185805411863,0.5578247984440119,0.034921307536368934,0.2569752885793955
Good,0.08863209816754833,1.220693856472263,0.2103301183506844,1.9256005797230347,0.09665565192699423,0.539182792711409,0.05659912161063398,0.43171126842434093,81,17,0.007941848432725494,1.1784910291519584,-0.33524940021109817,23.368935797248714,0.0476861000061035,0.21905260797031134,0.1948170065879821,5.664552074183936,0.3537360429763793,5.6177537960814075,-0.00395581685006618,0.6992115430165865,-0.00344580411911005,0.49137390446102247,-0.1589190363883972,0.04679827810252815,87,46,16,73,0.15850068762639327,4.530938706920961,0.07056292456397373,0.8304181159297541,0.06857989728450765,0.4091376822456437,0.040829759661573886,0.3348050708088847,74,19,0.00475642261232459,0.6708156283703782,0.5757997418197114,5.818256870637988,0.03226920962333675,0.19988171679818786,0.1409454047679901,2.7907077141752614,0.3251415193080902,2.725378381602223,0.01430565258488058,0.6588713411645454,0.009533554315567,0.5470795832031254,-0.1841961145401001,0.06532933257303859,63,41,14,97,-0.062414130272215464,2.018769846458129,0.05277804419457819,0.48652254229625513,0.05772293545305715,0.41565086176818655,0.03282548380724616,0.25246529384055116,82,20,0.0027520324624030145,0.41806850724032524,0.6411584589982264,-0.1131144775094084,0.028853826224803848,0.1948319459602578,0.1470406055450439,1.4140613944394789,0.2627603858709334,1.378106884818048,-0.00047201595734804936,0.5675176955419027,0.0008504986763,0.5001968111812917,-0.1157197803258895,0.035954509621430784,79,45,16,81,0.2103257255104264,0.6481178008894084,0.0416006469463228,0.309826035844526
Good,0.08431026213855977,1.162850718157185,0.2000056854262946,1.8335313034087761,0.09541895985603319,0.44540473135220177,0.05425796516239639,0.4150181688992284,72,16,0.007317819141973978,1.0819772116537347,-0.1509538384209197,22.911919626782858,0.04814878106117245,0.22316276685814934,0.1948170065879821,5.450446142211784,0.35786008834838856,5.3743827143795855,-0.0021370269358158,0.6598738812359654,-0.00653541088104245,0.4589678864210036,-0.1630430817604065,0.07606342783219854,92,46,19,68,0.24310631973764754,4.467667342291522,0.06780712624361983,0.8040793944109733,0.049905296415090505,0.5450083006965072,0.03532165987417099,0.31602444829184967,80,21,0.004117769101239258,0.5513818273888473,1.5255218618732451,4.3857191432988305,0.0249316096305847,0.2592982621533473,0.1409454047679901,2.341132064685307,0.3251415193080902,2.1706173390401413,0.01612794520333408,0.61725854775691,0.016116715967655147,0.5233984154281357,-0.1841961145401001,0.17051472564516545,52,42,13,108,-0.24094652659721977,1.7418554226868717,0.04824982233400642,0.4127635068775794,0.04970216378569592,0.5188906134411423,0.032158834058209275,0.28284331115346356,86,28,0.0028042340813284037,0.4222327990089546,0.8533328738337032,-0.4422584922138473,0.023684740066528202,0.2592975538071628,0.1470406055450439,1.4348048605514772,0.2627603858709334,1.3940128633354874,-0.0008467263774946325,0.5563988744159007,0.00156874209642405,0.586943779514329,-0.1157197803258895,0.040791997215989854,76,44,18,84,0.23300053527502926,0.3158460783780358,0.04198747168965964,0.33563833445790026
Good,0.08496798691977307,1.063487004769359,0.19804383348673557,1.628362384676568,0.10104632377624502,0.5415057942957275,0.057177872862666804,0.47426815154035934,67,15,0.007817297593886316,1.1069431631523978,-0.47666686278988113,21.33101008123525,0.04770606756210335,0.22348761229040232,0.1633057594299316,5.6491800606851506,0.32634884119033813,5.632653237889324,-0.006001092493534077,0.6085466371998787,-0.01924681663513175,0.3302146816597856,-0.1630430817604065,0.016526822795826637,100,50,16,60,0.3511106667192747,4.253032509319815,0.06985914226895401,0.8582622871273776,0.05455365031957617,0.48910852432747154,0.038561558257788384,0.3208792483888394,80,17,0.0048171151752343586,0.5864737077552007,1.42338330219577,5.767033710098067,0.02716837823390955,0.24938299835360947,0.2135490775108337,2.6302769231855176,0.3754591643810271,2.507835106040438,0.01768242651596664,0.6166132420169679,0.0180346220731735,0.5450241153993092,-0.1619100868701934,0.1224418171450799,53,44,18,107,0.008452211276067483,1.9977613248349952,0.05210563800085013,0.45416056359455625,0.033907577395439,0.3236970432171752,0.023310403150098823,0.19531828650560348,93,20,0.0015555631373294738,0.22438290594847524,0.9712643346835632,0.06537329868304198,0.01699436828494065,0.13965631731243422,0.1084777191281318,1.0654621905681494,0.1991352513432502,1.0208914615617002,-0.0013295447686687144,0.4032025054597213,0.0025867111980915,0.3492907259125388,-0.0906575322151184,0.04457072900644916,72,45,16,88,0.0012577518343617517,0.8907163433316284,0.031250004623521094,0.2486174682911051
Good,0.08724336784652754,1.1266335930078117,0.2061820698156951,1.7549829428477834,0.09081454575061787,0.49211953741082115,0.05648693180643018,0.5126801729843004,69,14,0.008109241682272162,1.1580647289223,-0.017431049647933072,14.587181752372622,0.03873562812805175,0.1938873033758506,0.1633057594299316,5.1590597123094195,0.3497370481491088,5.131797594889808,-0.0047134838998317665,0.6602552984908259,-0.02070012688636775,0.40297411851741516,-0.1864312887191772,0.027262117419611605,93,48,16,67,0.05617392804537121,3.5397669743641305,0.07125865099644099,0.8497809539740758,0.06314104795455922,0.5758185459317238,0.04221616303548213,0.3521813783029429,88,20,0.005223762641741383,0.646416116661253,0.8616810150896166,3.342067447697006,0.03393684327602385,0.2594229396399309,0.2135490775108337,2.4726953874532724,0.3754591643810271,2.392521952734946,0.017806275747716416,0.6577724992394874,0.0214254707098007,0.5372501355547991,-0.1619100868701934,0.08017343471832669,58,45,17,102,-0.0682375576685391,1.568807718075307,0.05446400410804745,0.4623326247470443,0.03952751308679575,0.2776122719494918,0.025627394721377594,0.21656369731359057,88,21,0.0018920041760294415,0.272796234443958,1.7195930429028197,2.132740739369857,0.0195404849946499,0.1437595038185761,0.150780975818634,1.4829826569664706,0.2420466542243957,1.4539101758732054,0.0041098377900198,0.4369551451174698,0.00614006072282785,0.38978631575653155,-0.0912656784057617,0.029072481093265153,67,45,17,93,0.18963976899595655,1.283400232917681,0.03424825156784968,0.28612311266189056
Good,0.09465523378321834,1.3220476254091493,0.22426605245098452,2.0652668779550813,0.09836399555206285,0.7640471819874349,0.06044443240389223,0.5133535417448126,75,21,0.009974515466242045,1.3857998306788628,0.353010870828943,16.40893405547121,0.04634931683540345,0.34249314361726313,0.1962668895721435,5.508389885234078,0.43852722644805897,5.478383831772911,-0.008330179750919334,0.8163541302002945,-0.013737052679061851,0.6023369103032781,-0.2422603368759155,0.030006053461167092,91,44,16,69,-0.22410839686064318,3.569013648422281,0.07876199493254737,0.848154328400076,0.07068068534135813,0.31311085601013106,0.042296648388728465,0.2971224680801847,79,18,0.004766057966094456,0.6241355595694231,-0.21463097405033293,5.131740139147141,0.035380020737647955,0.18150684733838607,0.1503271162509918,2.5274716282206815,0.271797090768814,2.4015744416329206,0.014257519692182533,0.6536720296038578,0.0129568576812744,0.589746404177243,-0.1214699745178222,0.12589718658776103,65,44,17,95,0.05232226171044878,2.0363576498930915,0.052848513647530994,0.44367604993170007,0.052904020994901574,0.48544850972454096,0.03496979482064485,0.29891426952614475,84,21,0.0034093423109137853,0.48639570106683905,1.1607841415885725,-0.2658547764711403,0.026166409254074152,0.2372453932735012,0.1604796648025512,1.5472146808850524,0.29971927404403675,1.4826158942946948,0.004299243201967321,0.5952407181509287,0.00672084465622895,0.5160843853006236,-0.1392396092414856,0.06459878659035777,72,41,15,88,0.23730162361467616,0.7667009857663118,0.04610467120181943,0.3634338846640552
Good,0.09408041140038595,1.2972191376820634,0.22402444152161458,2.0288140006695112,0.1019896566867827,0.560955056279635,0.058783131763339005,0.46586618633173593,72,17,0.008789610037421758,1.1702117465413273,0.41592781227518394,16.76553708767805,0.051946312189102194,0.28228157613396926,0.1962668895721435,5.102965829018692,0.43852722644805897,5.042397030502692,-0.0015015386044979011,0.7469534063410532,-0.0125253498554229,0.5669566294791532,-0.2422603368759155,0.06056879851599959,88,47,17,72,-0.10495758745744607,3.64015325943814,0.07433564305997443,0.7824783417429679,0.07246218249201768,0.46099096356544705,0.04557996348245066,0.3527896902753372,78,17,0.005770268274116402,0.7487092142651065,-0.20833614214403218,5.591545675701486,0.036670424044132205,0.22028332804365974,0.1778821647167205,2.8916819748621183,0.2993521392345427,2.7754270757591804,0.015922808181494462,0.6989820196258676,0.01453635096549985,0.5750169762903182,-0.1214699745178222,0.11625489910293817,61,42,17,99,0.14490994428674003,2.1168524571717158,0.058085877441738695,0.5100326955253456,0.04908750392496573,0.4035015788523685,0.03370580472910656,0.2460289682813206,75,24,0.003266048926298404,0.43511857150198785,1.4000855293118635,0.4062898115813871,0.024544980376958847,0.22252111121252255,0.1604796648025512,1.508125462604575,0.29971927404403675,1.4765771522155924,0.0030085081118158986,0.5828785747025905,-0.0005172342061996,0.5488873049735274,-0.1392396092414856,0.03154831038898265,81,43,20,79,0.5140475503196799,0.5410293877263649,0.045221795356031394,0.3088221796676277
Good,0.09094535711870969,1.1433138445653097,0.21332702077925184,1.769464942531702,0.10741947591304774,0.36037286772399035,0.05868731899186965,0.40901418397941325,67,15,0.00805538894638125,1.1597614862033199,-0.7202821929844574,23.038992959325338,0.0524072647094726,0.17560367867793747,0.1567056775093078,5.72827749246715,0.3129418492317199,5.674589739185288,-0.005874009430408468,0.6497122740447777,-0.0186105072498321,0.4425732165707559,-0.1562361717224121,0.05368775328186185,96,48,17,64,0.31627902497131705,4.623866275070082,0.07093349958390519,0.8588570586301796,0.06606660783290849,0.5968444096217914,0.04392112167435693,0.39255618596314185,83,18,0.005233105469710151,0.7158054055247917,0.05830827878353295,8.753082098752627,0.0338921397924422,0.2812381849509183,0.1778821647167205,3.3654098337755918,0.3078814446926116,3.3167249868681,0.01203660173341631,0.6252577662915404,0.013460248708724951,0.48079332797568863,-0.1299992799758911,0.04868484690749194,67,44,13,93,-0.013196538773038318,2.5193456687502027,0.056084492748197386,0.5699632718139872,0.04433303512632837,0.32556564822525647,0.028591548413387458,0.2035665254472937,71,23,0.0022512127728742466,0.31376667227653493,0.9536727618161809,0.7233385435734063,0.022162340581417053,0.18149706706516971,0.1360875815153122,1.2377840791410581,0.2253541201353073,1.1453636583830105,0.00012458856217563934,0.4944949021953834,-0.0033531375229357997,0.4766393226514724,-0.0892665386199951,0.09242042075804772,89,46,15,71,0.5881680821338641,0.923055045534201,0.037627668940868525,0.2631377281564031
Good,0.09196585451711597,1.1572506857797478,0.21660108000040032,1.799649643280903,0.11265076696872703,0.36154767284776784,0.05950346421450372,0.43357889683198647,72,14,0.007822035291374575,1.160294123632252,-0.8006042133306299,24.217077389629114,0.052629441022872904,0.2034813419416621,0.1567056775093078,5.81152640096829,0.3129418492317199,5.748906308391915,0.0012850854545831693,0.6591083599994875,-0.0109142661094665,0.4314079558823654,-0.1562361717224121,0.06262009257637512,86,47,16,74,0.11387776701127202,4.610906378362222,0.07012743557345592,0.8519802189083017,0.07757452875375734,0.5267983903330381,0.04544896850362416,0.3568507283803314,77,21,0.00516870455827575,0.7152857015585374,-0.3706562630572501,17.315821635053265,0.03688223659992215,0.2433652095858515,0.1437776386737823,3.8026040328029094,0.2737769186496734,3.7375874934634217,0.009482203423976893,0.6304714714863205,0.00685504078865045,0.512733876806575,-0.1299992799758911,0.0650165393394879,71,47,16,89,-0.08480795500593767,3.5397144287914593,0.05621636698175707,0.5637299222148945,0.04890435561537735,0.446035413891913,0.03022673819214101,0.2654811626570586,80,19,0.0025019938932581143,0.3737084554910389,0.71385451581676,0.7126094696049758,0.02545153722167005,0.20541546942372374,0.1204949021339416,1.4885481193435737,0.2631711363792419,1.4419341795275495,2.1681562066077666e-05,0.5100698117950951,0.0001231208443642,0.4315896427833732,-0.1426762342453003,0.04661393981602412,80,43,13,80,-0.05794359994524035,1.0683767486482296,0.03966838277388599,0.3369528788812394
Good,0.09093892652488109,1.1727156224079842,0.21490652561187723,1.8689991079419208,0.10076783597469322,0.44105544855622014,0.05668604234233495,0.3914463885373736,74,17,0.007579378423920311,1.1002845897829148,-0.33957524666088634,24.7051083102403,0.049354881048202556,0.1925916715888514,0.1867814660072326,5.441148935261217,0.3483237624168395,5.292296430473922,-0.0031590647995471894,0.7020336520041677,-0.0092541873455047,0.5736127881094337,-0.1615422964096069,0.14885250478729528,88,45,15,72,0.21211639438039617,4.622459018097536,0.06897000952135687,0.7793801006162564,0.07755185663700095,0.3908362623919991,0.04540573289268646,0.34573457184944073,75,16,0.00535523936588786,0.7671250553846769,-0.08729637154845094,16.33769908376241,0.036610260605812045,0.18007265869732433,0.1860752403736114,3.9053232259665402,0.3122625201940536,3.837135409379136,0.011037444416433567,0.6467062285564882,0.008012667298316949,0.5121136320324876,-0.1261872798204422,0.06818781658740428,70,43,17,90,0.2588150832489335,3.601258313205718,0.056969146891485925,0.5906742836207789,0.04934366047382348,0.4062426720380747,0.03153031082474622,0.2685903605235281,75,18,0.0026975065416057786,0.4015336735851708,0.6538474670658596,2.8830645854328116,0.0256655737757682,0.19034932025512222,0.1204949021339416,1.7672321640531177,0.2631711363792419,1.6325537921040107,0.0014542543329298472,0.5202592273812647,0.0006218329071998501,0.4117707802600397,-0.1426762342453003,0.13467837194910695,79,45,16,81,0.055354980911582356,1.6851212138329033,0.04116329479131555,0.361751309479068
Good,0.08967172729006327,1.1552639281104577,0.2107990714162586,1.8135292166211865,0.09306578338146201,0.463199306164108,0.053168330928310706,0.3635401529084215,79,17,0.0070708539161823515,1.0056970411257673,-0.19292825188510676,29.325225285430747,0.0481893420219421,0.23868741226454812,0.1867814660072326,5.402924160392853,0.3483237624168395,5.306232112552848,-0.0002102382481098168,0.6688226320536949,-0.0022140741348266003,0.5571569616473608,-0.1615422964096069,0.09669204784000511,81,49,15,79,0.19052142552479517,5.082608654159431,0.06668608143081081,0.7472438209704614,0.07570685446262354,0.30764408123623743,0.043968791908118844,0.30506119012739075,73,15,0.005311924407558768,0.6856987594275793,-0.10934588188889727,17.019624038929255,0.0401167571544647,0.1481537418315327,0.1860752403736114,3.591957919887097,0.3122625201940536,3.560615607112283,0.019216844253242004,0.6340927549396179,0.014588534832000701,0.48596281779734224,-0.1261872798204422,0.03134231277481411,61,42,14,99,0.16144162310029078,3.7037389828417546,0.05449057989486681,0.5325646792274765,0.0540543571114539,0.4454249706793996,0.032608828201773535,0.26467314579899287,75,21,0.0026207080669416144,0.38848600393745614,0.0317702010481713,3.4580029373209333,0.026340335607528652,0.20439928509086375,0.132387176156044,1.8971152806679603,0.2210897207260131,1.849575118404346,0.0014578673522919442,0.5106138296278736,-0.0017951428890228,0.4446591824228154,-0.0887025445699691,0.047540162263614315,82,45,14,78,0.38132147700557534,1.55320647741463,0.04057222353889039,0.357434638682673
Good,0.0875018246343647,1.1612641605549272,0.20353283748030643,1.8255018304746746,0.07877518236637106,0.5095333978971925,0.051615499318577306,0.41868372912288376,73,17,0.007018845998250314,1.018290915183845,0.5825347667579042,22.04509531956318,0.0396531522274017,0.28406482539919337,0.2196404337882995,5.13669922889472,0.36124449968338,5.098721200547392,-0.005703415349125858,0.6710572082829498,-0.01187503337860105,0.5114077058446955,-0.1416040658950805,0.037978028347327455,90,48,15,70,0.7057703436909656,4.254961631290876,0.06619391982005561,0.7536399262216266,0.07061947137117378,0.4302608624556685,0.042350343081634455,0.3140311271514457,78,21,0.00478170836369317,0.6453718614278893,0.3415094698987473,9.132902536947785,0.038773775100707945,0.17672165376495536,0.1250813901424408,2.963672928282122,0.30822178721427906,2.9300816330191215,0.01059727100655436,0.6459603923791513,0.009622305631637549,0.5423511266181847,-0.1831403970718383,0.03359129526300054,66,41,15,94,-0.3395517225020004,2.45714311173121,0.05379921277413221,0.4776055201788002,0.05302744358777993,0.43164444873472074,0.03170155475381757,0.25210864854591214,78,23,0.002559072063713964,0.36370677346229735,0.2688544009279439,1.220081413572304,0.026529349386692,0.21082263556466715,0.132387176156044,1.579549612314934,0.2272280603647232,1.5047873664907752,-0.0013229390606284124,0.5084842298125734,-0.0016928240656852,0.46304194792100917,-0.0948408842086792,0.07476224582415884,84,48,15,76,0.4497004588670735,1.0736924510221166,0.04009636031178101,0.3242692731268432
Good,0.09743715763502045,1.3178770872330638,0.2285025244951246,2.0695927160410488,0.10656982660293571,0.41979900302766515,0.05925678482279177,0.44089900140757954,74,13,0.008214861637450489,1.2027810764255775,-0.2617197048701927,27.194266881184372,0.0504679977893829,0.1579023739398306,0.2196404337882995,5.890816765211689,0.3683982491493224,5.685074066886468,0.0006923504173755642,0.7154566782374698,-0.01088541746139525,0.47085345423884023,-0.1487578153610229,0.2057426983252207,86,48,15,74,0.39914135408964985,4.878593258613509,0.07187556804868132,0.8312056412170113,0.07888920605182637,0.34076985891951994,0.049038938800804274,0.3176702331065144,78,19,0.0063772091768976155,0.9493507819202855,0.45877300707485436,12.856518349771159,0.0393199473619461,0.1646207671108706,0.1907982528209686,3.6002211651028073,0.3739386498928069,3.5387772155370842,0.0012845618650317212,0.8169949142677498,-0.0015235990285873001,0.7361591906040639,-0.1831403970718383,0.06144394956572312,81,39,17,79,0.3526544825081948,2.9883146949735884,0.06331795088700537,0.5309143923279139,0.05446380563080305,0.42902504027665933,0.03444408606505017,0.30685959538829427,79,18,0.003155339740790154,0.453707700270664,0.003072030637652823,1.3784993633854352,0.0287839770317077,0.20210198176182892,0.1259331852197647,1.7438611696838684,0.22383888065814972,1.6967933421194175,-0.0023936780169606154,0.5371411235358291,-0.0029560923576354503,0.4366856766625371,-0.097905695438385,0.04706782756445091,90,49,15,70,0.3407104764577399,1.3362051637075758,0.04448285818997753,0.4064321759867582
Good,0.09855646589803031,1.3851817104906783,0.2349242094159124,2.1461982980218,0.11352249979972827,0.32296726363449557,0.05969647309742863,0.40968935370161985,66,13,0.00834804264405764,1.2367867688228171,-0.4676536814590646,24.04970413490867,0.04844349622726435,0.16718178301005363,0.1764001846313476,5.697750845767636,0.389038324356079,5.556930177597721,-0.006260814890265453,0.752481183950664,-0.0201839208602905,0.5961294748405568,-0.2126381397247314,0.14082066816991431,95,46,17,65,0.21780754784220685,4.5847127665362235,0.0721865427584478,0.818876569833955,0.09769626706838602,0.5501455474829157,0.053887802542885735,0.37472913236428324,75,20,0.007124587394119417,1.0665764237367612,-0.18547643988399987,11.756337949845705,0.046873927116394,0.2687831968716521,0.1907982528209686,3.8788053847693513,0.3354743719100952,3.7491513279075948,0.010583381261676548,0.8493304979562866,0.00495187938213345,0.7437810172823974,-0.1446761190891266,0.12965405686175666,74,40,13,86,0.33797082210841706,2.7867893388204457,0.06609205824768948,0.58754925663989,0.05149261280894275,0.4317783939107638,0.032034190919948705,0.2779350380016437,77,23,0.002749791340111821,0.41336234877677314,0.16890833810834094,-0.07313625669827184,0.0258596539497375,0.2355525983037727,0.1259331852197647,1.491279778644476,0.22383888065814972,1.4694917732828383,-0.001255125086754553,0.5443866161148495,-0.00279939174652095,0.5098450899900302,-0.097905695438385,0.02178800536163767,89,47,17,71,0.26497604439702255,0.707126134294931,0.04156733415818062,0.34206075625800275
Good,0.09462202362108549,1.2188203809309934,0.22298354044556595,1.88025582835509,0.10245667397975908,0.46690377603827615,0.0632252517715096,0.471709987816215,68,18,0.009523010992607857,1.392403329671877,-0.540911964839395,22.627704975173152,0.0479207038879394,0.25911386367810024,0.1764001846313476,6.056125140806096,0.389038324356079,6.002334832577039,-0.003382799774408328,0.7815230371999999,-0.0191414356231689,0.5614548570505238,-0.2126381397247314,0.053790308229057573,93,44,15,67,0.36696604486296835,4.330354008789323,0.0773162323494923,0.8840956237860045,0.07884394377470008,0.49384750788563414,0.04570289658033285,0.3759323462433747,81,16,0.005693081729371596,0.7677314458817106,0.39679154333683675,14.786517386284757,0.04075457155704495,0.19801734520784484,0.1636291742324829,3.839471883664918,0.3500088453292846,3.7472900560395628,0.01532040266320108,0.6497862916334696,0.01698370277881615,0.4778586742626924,-0.1863796710968017,0.09218182762535562,61,45,15,99,-0.28995924883169427,3.3079323239989766,0.05783047307166619,0.5878003241636859,0.04996451362967483,0.35515007982389923,0.027851097430102483,0.22026227085872727,82,21,0.001938250231787776,0.28649253922850754,-0.2244551157964123,3.0989680711631866,0.02483738958835595,0.17326983444043675,0.0899761468172073,1.560364739400848,0.1704889237880706,1.5072553042131258,-0.0014004429802298526,0.44894649952162047,-0.00103368237614625,0.37068746455394586,-0.0805127769708633,0.053109435187722084,82,45,15,78,0.08584208510427062,1.5441141800651532,0.034886268468039626,0.29144395652644967
Good,0.08204806048952953,1.1265655554686034,0.19526916809845696,1.7397416765321305,0.0935269445180892,0.5615156695325242,0.05487539442256088,0.4832199133705554,73,14,0.007186454431942117,1.104264765746823,-0.5020109618689119,21.262770047387104,0.0469085574150085,0.25211822115720633,0.1783772706985473,5.490461202668534,0.3405008316040038,5.4807453669619575,-0.0022819414734840393,0.6559550445898991,-0.0054420232772827,0.4551929800573751,-0.1621235609054565,0.009715835706576878,87,42,13,73,0.33755809373734047,4.142346987470853,0.0671903464395525,0.8209675664871825,0.06592073291540142,0.43865669127429585,0.037676047333516136,0.29670264401756796,86,21,0.003577716780796156,0.5285505787860878,0.7900381026135723,10.187334918564735,0.032253772020339896,0.20212884309597592,0.106760561466217,2.7403040683964237,0.2912866175174712,2.700300735320514,0.005358338542282575,0.5860760051005648,0.0104635804891586,0.4761804272115537,-0.1845260560512542,0.040003333075909656,68,45,16,92,-0.5844889239908116,2.6005256470208726,0.04713007501460079,0.4301923930422883,0.04688446968793855,0.41191706284036855,0.02882419234912954,0.2557683893669084,76,22,0.00230031789692546,0.3469932244723154,0.8705250091410863,-0.21447754130188423,0.023027032613754148,0.21236014824984029,0.1335431337356567,1.3036305951058405,0.2173727750778197,1.2677965348035827,0.00168924446043093,0.4977106268416667,-0.00037977099418635003,0.4684698786788427,-0.083829641342163,0.03583406030225773,82,44,14,78,0.605382348506048,0.5623934195685073,0.03799828051364663,0.3150830944388964
Good,0.07884248558059555,1.1190091889056304,0.18763937369454628,1.7353767394829633,0.08845955133438096,0.5435010745637505,0.0540867935121059,0.5439676156639864,73,16,0.007419024527363043,1.1185032709947353,-0.3098061412014781,12.217151999112456,0.0440540015697479,0.23140618533880863,0.1783772706985473,4.861087776382074,0.3381487727165221,4.809052599109864,0.003571224212646484,0.690590850160101,-0.00248333811759945,0.3822926050336868,-0.1597715020179748,0.05203517727220935,83,39,15,77,0.17093168681245327,3.0343120057465667,0.06821450951153485,0.8009916033704001,0.06040839850902545,0.45593625411913885,0.03597214239882301,0.3005947750678919,81,21,0.0033058865364934712,0.48758406377930613,1.0082909623224943,5.16042201608102,0.030888020992278997,0.20199106123085792,0.106760561466217,2.335266151297461,0.2912866175174712,2.2776918994608004,0.0025176411494612686,0.5654972732010343,0.0033350139856338,0.48924468506479996,-0.1845260560512542,0.05757425183666048,73,47,17,87,-0.5464660463525757,1.8363772707861747,0.04552796437881835,0.40963019637412096,0.0401606485247611,0.552159347325977,0.02733511683902175,0.2545847347414342,74,21,0.002172753303556815,0.32549200999928474,1.1110589910002737,-0.7096900454633444,0.0207215212285518,0.2413511787958213,0.1335431337356567,1.251259025756409,0.203399896621704,1.2013992094744335,0.004935064565506765,0.47928861612182827,0.00188884884119025,0.4327626752966726,-0.0698567628860473,0.04985981628197551,77,46,15,83,0.7385970088696922,0.4994746131605752,0.0366333655861819,0.3094744455610309
Good,0.08134415252993907,1.0927247755029543,0.19279417280107713,1.695612500284514,0.1089098602533339,0.7106839301532167,0.05819407666102048,0.5166945149296859,76,17,0.007991084993795809,1.1687075684815915,-0.7391967942826545,16.632012131974584,0.04944926500320425,0.21221895672998342,0.1642829179763794,5.215328255869517,0.3240544199943542,5.134836912073648,-0.002339779958128925,0.7161728962786156,-0.0051636397838592,0.42992052217843785,-0.1597715020179748,0.08049134379586942,85,45,14,75,-0.021435463501672452,3.616728554163168,0.07085429145244197,0.8098172331566494,0.0614124536514281,0.42792378896331973,0.03683073255233462,0.3096033404757164,81,17,0.0033530869933802113,0.47773002124800557,-0.0818168622180977,5.104967528795841,0.03012481331825255,0.1608378002828594,0.1308899223804474,2.3060949439787244,0.25262191891670216,2.2631423609237236,-0.001284774392843245,0.535045049937763,-0.00086514651775355,0.39915292877676106,-0.1217319965362548,0.042952583055001034,81,46,16,79,-0.11222781114701035,2.12371770886536,0.045904234201293144,0.43755778565248077,0.03817887790501105,0.28278349455486296,0.02552332204533736,0.19833405739361926,72,21,0.0018566379087864569,0.2614229754163944,0.9071922572155953,0.42923068408557574,0.0191883966326713,0.14682162337406846,0.1160951927304267,1.1343468687044946,0.198232166469097,1.001870685302328,0.0036394176306203015,0.4443945540681355,0.0004723705351352,0.3887352501025195,-0.0821369737386703,0.13247618340216655,79,45,18,81,0.47192644571877324,1.0393867155593273,0.03397599348265699,0.2528565912349872
Good,0.08516618221984676,1.1643922615250153,0.20191579096019246,1.8347024489239687,0.10351315140724174,0.5338052760811909,0.05644612816162402,0.46168212051623864,83,16,0.00726254241002443,1.0927397249746498,-0.7118381835282088,18.282028073115853,0.05201062560081475,0.22721312120019913,0.1681604385375976,5.043809669587258,0.3112564086914062,5.020238837504446,0.003163123875856398,0.7174196381000185,0.0077978372573852,0.5345054947156211,-0.1430959701538086,0.023570832082811535,77,45,15,83,-0.06325187017586749,3.777351385918753,0.06750976563775167,0.760295197829822,0.0641062483191489,0.34251330663497515,0.03865666048368436,0.2918117328267114,90,19,0.003991626284984015,0.5760530034591789,-0.006788214068988552,5.8481807783068245,0.033540502190589905,0.18703427120184818,0.1349368691444397,2.4674147953702334,0.25666886568069447,2.419210119345545,0.007958057243376958,0.6206569159154696,0.01104351878166195,0.5441933944971082,-0.1217319965362548,0.048204676024688184,62,43,14,98,-0.19958846530243995,2.1421501432572883,0.04946440944545195,0.43685008433726635,0.04641871526837338,0.4346861472011896,0.029451271567959302,0.23266286502049346,77,22,0.002279110628625591,0.32932841082249703,-0.26283658102848806,-0.09474141935694114,0.021339030936360297,0.21057237235790788,0.1001583337783813,1.3071876138010028,0.18229530751705159,1.286164418741909,0.005617008917033669,0.49662589490848086,0.00277370214462275,0.47632824826755815,-0.0821369737386703,0.021023195059093676,72,45,16,88,0.09084796393089539,0.5696268513997078,0.03743866569837829,0.287560656781917
Good,0.0897268093666492,1.1931611789115695,0.2095741680264471,1.8949000728604608,0.10609261691570275,0.6108485459462598,0.061410666760057166,0.5137672572440036,74,14,0.008561318010978232,1.278695071812197,-0.7956190468360544,19.605469068354953,0.05601578950881955,0.23998418027349547,0.1681604385375976,5.597169675954879,0.3091759681701659,5.534098372523472,-0.0034459166228771195,0.7609258106201537,-0.013054549694061252,0.4815670646653837,-0.1410155296325683,0.06307130343140713,89,46,17,71,0.15435666097347642,3.9412950754010803,0.07329752870117928,0.8364729419080208,0.0649907886981963,0.4716022423145627,0.04071015096269544,0.32148599556733687,90,18,0.004268350057871413,0.6143154716795085,-0.20007799685018002,4.427139154527205,0.0343963056802749,0.22534402125751712,0.1349368691444397,2.489222542558827,0.256240040063858,2.44946863333303,0.007034661248326297,0.6534470736848158,0.01104351878166195,0.5802314995815198,-0.1213031709194183,0.039753909225796906,67,44,15,93,-0.16578024953151319,1.636397295219612,0.05132932102876378,0.4328075710662414,0.043812027201056376,0.3388364334926088,0.027611433907877618,0.20478590227006946,74,20,0.002052828228142252,0.30092994091300446,-0.0749359128384719,0.7291694836571758,0.0225155018270016,0.16770933132071142,0.1001583337783813,1.2094242529077561,0.182236187160015,1.1133031918962557,0.005046997312456366,0.4805271885554914,0.0014300420880317,0.42770601786648954,-0.0820778533816337,0.09612106101150047,73,43,15,87,0.23108338282619062,1.0846582439365862,0.03557322801862197,0.26461965530164167
Good,0.09124077266933406,1.2057788156820697,0.21411082245409466,1.8957278947903409,0.1098491102457046,0.7729463861673174,0.06403641359880563,0.5669243416449263,76,15,0.009799083895718779,1.4399640441449386,-0.38103258171901233,18.157705439952185,0.05133807659149165,0.18707703874045895,0.1581498980522155,5.891742053269338,0.3710525035858153,5.735271374522889,-0.0004293333739042289,0.7975001782837973,-0.005436897277832,0.4918630324962418,-0.2129026055335998,0.15647067874644924,84,46,17,76,-0.14525796645250127,3.789650221977299,0.07850325063287403,0.896636776951654,0.07035249471664418,0.45864074459100707,0.04268971101264465,0.35204995882246903,85,17,0.004804326443476304,0.6867808951456646,-0.05575704954761118,7.4670440712444055,0.0359455198049545,0.21702698511810434,0.1516649425029754,3.008227365035047,0.2729681134223937,2.904916856923398,0.010146888066083189,0.6582264711981587,0.01309879124164575,0.5054212711785578,-0.1213031709194183,0.10331050811164867,65,45,17,95,-0.07449809547899401,2.3266151423298633,0.05401834945398553,0.5035065121323498,0.03762478567659851,0.35854526214871346,0.025865809676470196,0.23031109524136442,74,17,0.0019253510001643217,0.28235917147821693,0.980728768163504,2.4298691738792773,0.01922749355435355,0.1346574006744027,0.1130987927317619,1.543846614720525,0.2187134474515914,1.4665663386182917,0.004099764069542285,0.44000124530838475,0.0014891028404235,0.33938704136637443,-0.1056146547198295,0.07728027610223333,74,43,18,86,0.2876369724821846,1.5476166962092577,0.03455428775406146,0.2979229356818429
Good,0.08820134623480716,1.1792947628537909,0.2040878809988496,1.8243166937649034,0.09852278232574457,0.7434654213589437,0.06254753199405964,0.5738879241718178,82,15,0.009933478568701259,1.4660345337609975,-0.06836351303102628,16.48096923567898,0.048761546611785896,0.2111985880843156,0.1581498980522155,5.7670597248567015,0.3735275864601134,5.714845956383741,-0.008088018372654916,0.8216550956772886,-0.0036518275737762,0.5242508680236904,-0.2153776884078979,0.0522137684729608,81,43,16,79,-0.466111221060203,3.57026728777275,0.07862342739340591,0.8893353909007237,0.06110332161188113,0.3631045107897519,0.03715517330681902,0.301743815849991,74,21,0.00406204722771254,0.5292698260296519,0.29345642418787987,6.851268531204312,0.02829205989837635,0.1617118561828811,0.1516649425029754,2.637191158196783,0.26466187834739674,2.572092468882107,0.017050778586417424,0.5633722642045764,0.01289440691471095,0.49305932105449213,-0.1129969358444213,0.06509868931467577,60,43,17,100,0.33270146767297454,2.2560732764265103,0.047562476271733115,0.46030589606767025,0.03983262926340093,0.38126457331760083,0.02635143970255736,0.22600746422210116,76,21,0.001949780407722057,0.27914735511526395,0.8099213112288872,1.7398169558541952,0.02078535780310635,0.18423997903650946,0.1130987927317619,1.5003063043638096,0.2187134474515914,1.4809762450765869,0.005220519960857924,0.439289333883038,0.00423562154173845,0.3959437645575493,-0.1056146547198295,0.019330059287222773,72,46,17,88,0.3177570996816171,1.1059258884202845,0.03462443861782552,0.2935510794595393
Good,0.08780719431053217,1.1861564468340544,0.2030590073764322,1.8156119360619658,0.1086115539073943,0.5312447684163255,0.061062029227614355,0.5162828861000357,84,16,0.008979419776939244,1.3727004707347918,-0.2574456631782116,21.50035212766797,0.054788470268249456,0.2166915150947079,0.1591053605079651,5.924507489630295,0.374483048915863,5.856003196028831,-0.003818054497241977,0.7838662665931843,0.0009509325027465499,0.48437529757817877,-0.2153776884078979,0.06850429360146384,77,45,15,83,-0.49194381099012613,4.170189714154807,0.07505174614349784,0.870777897533036,0.06618615239858613,0.45541388079435297,0.039311138262273705,0.29242138122397,73,20,0.004134219991761012,0.567081160640269,-0.2067276768000097,8.34208533256443,0.03103283047676085,0.2263503414819068,0.1337836980819702,2.7144943916261184,0.23601728677749628,2.6465900610730975,0.014818268176168195,0.6087175433021451,0.00795510411262505,0.5560903587402828,-0.1022335886955261,0.06790433055302103,68,41,18,92,0.302591729967936,2.409667318102712,0.04877680058006535,0.44333295965500935,0.047121264040470054,0.290336947728147,0.026435608094907324,0.18565621800317114,78,20,0.0016740105065645749,0.2372780515637888,-0.5055984026288898,0.1299999864350383,0.0239689275622367,0.15003014433784778,0.0813020467758178,1.0582256998435429,0.1401795148849486,1.0198000087565657,0.0027105828514322632,0.4230281261666361,0.00096565857529635,0.3921938001831776,-0.0588774681091308,0.03842569108697713,78,48,15,82,0.2613910535747489,0.7256694097950126,0.03233331606885433,0.24150622359627386
Good,0.08074061319744405,1.1008284540956914,0.18811612918972948,1.7169099950935103,0.09715156257152548,0.5800706062162972,0.05447384635917838,0.4507869051008726,77,20,0.007222770951511697,1.0860989132784968,-0.5546019525004984,18.815807794891946,0.0483855605125426,0.2358628318891542,0.1591053605079651,5.089684766033019,0.3228229284286499,4.9833824301445295,-0.008049111813306805,0.7068747241359398,-0.01002284884452815,0.443102289607774,-0.1637175679206848,0.10630233588849006,91,46,15,69,0.02594917718245295,3.8724842872064493,0.06691358282142118,0.7657852425166183,0.05569380521774285,0.3916801647231052,0.03584041099064048,0.27302599599076927,76,21,0.0035300172285190655,0.5019935522229182,0.1944482653720936,7.644006645119864,0.0287526696920394,0.1986967768070434,0.1327679753303527,2.4232184474622294,0.2475763261318206,2.340345320307516,0.011703954450786105,0.590742365873969,0.00853577256202695,0.5014453262049519,-0.1148083508014679,0.08287312715471304,65,42,18,95,0.09677387555487924,2.238887937293545,0.04563214378542472,0.3911738863786078,0.04767250828444947,0.3009478920080305,0.026000058605568442,0.1771765621655236,71,21,0.0016255611151749587,0.22714221865252768,-0.2742708740608184,0.506613370663342,0.02337307110428805,0.15253652957390224,0.0897531658411026,1.0300959116700703,0.1486306339502334,0.9687219704533172,0.0019004614092409627,0.41929290508360145,-0.00067823752760885,0.3734316308032374,-0.0588774681091308,0.06137394121675313,83,44,14,77,0.4207442775585238,0.860535476704112,0.03191756588843913,0.22657378135848302
Good,0.0822250863132688,1.0606525208583184,0.1917398738861082,1.634710204316976,0.10540832579135889,0.5067157422265105,0.0555961680784821,0.43131979772475704,77,19,0.007122825517473706,1.0846922974826652,-0.8890267284744495,27.471609201058946,0.0529890656471252,0.23860592800864416,0.1486271023750305,5.80016905702612,0.2926538586616516,5.741185477632657,-0.0021207004785537727,0.6317346778973117,-0.00493252277374265,0.45054072641178156,-0.1440267562866211,0.05898357939346328,87,47,15,73,-0.03247575388564246,4.873573982499076,0.06689722580593038,0.8280118321767178,0.05786072462797153,0.4960746465354199,0.03672328440938141,0.31594655485018835,78,20,0.0037229376526746218,0.5246227638489408,0.04212432744198491,7.611926455752156,0.028130255639553,0.26210399021658715,0.1340526938438415,2.6105397278149263,0.2488610446453094,2.5194627623105457,0.011114306189119804,0.5825265911507576,0.01044122129678725,0.44703794513636896,-0.1148083508014679,0.0910769655043806,62,45,16,98,0.10716289760877476,2.225195143653092,0.04708678705674156,0.4304480624317166,0.046549011021852375,0.38500000411087915,0.026423929702723354,0.2366644953343469,82,17,0.001707452622312528,0.26071837951102683,-0.20287530311464863,0.14211080536001042,0.024168670177459647,0.18900719002340005,0.0955397635698318,1.3031694262817857,0.1693369597196578,1.2556131504864294,0.0009398580994456997,0.4204489352689068,0.0016824156045912998,0.3342540772216279,-0.073797196149826,0.04755627579535623,77,42,19,83,0.2033111522002635,0.9141131280357233,0.03275638388130407,0.2897258572207
Good,0.07905559752003695,1.0358788655501845,0.18717668320983627,1.6280027784093771,0.10650500655174248,0.6175199797577562,0.051393461897969214,0.431709285105629,76,17,0.006262933802592834,0.9172859508222522,-0.9118381193365552,18.61802901042921,0.053851872682571356,0.20175416500928928,0.1486271023750305,4.670132099553626,0.2696931958198547,4.607518571631248,-0.011700795590877524,0.6492768168817384,-0.01445782184600825,0.3891678011905943,-0.1210660934448242,0.06261352792237816,102,43,15,58,0.3226445455888515,3.821556204966641,0.061653729807334,0.7040778123774173,0.05898029357194891,0.4942999034039032,0.035852507641538946,0.3243566304854201,75,18,0.0034934449533837717,0.4821176436493292,-0.13722119998187976,1.5343941627816404,0.03018549084663385,0.1712077041728698,0.1340526938438415,1.9505041731260289,0.2193939685821532,1.8704108023762807,0.012534161657094945,0.5587543314164428,0.00832615792751305,0.412682731600855,-0.0853412747383117,0.08009337074974822,64,45,16,96,0.3182111948643652,1.3864578019675935,0.045155751563773425,0.4122029121351439,0.04111344926059235,0.3300023652076474,0.026820908735680816,0.2269494170776009,81,20,0.0017737229128888838,0.2702541617886059,-0.31039726796708456,2.0987456424663025,0.020587496459484,0.17776647246285673,0.0955397635698318,1.451138397857108,0.1736270785331725,1.384506173369474,0.00012511818204075185,0.4199716301111957,0.0011464655399321998,0.3846124026504345,-0.0780873149633407,0.06663222448763403,79,45,15,81,-0.007317935467148297,1.4291731413586728,0.03339959953054949,0.30639515611437285
Good,0.08449179942004591,1.1803382950894836,0.19731554489582756,1.8368675431874546,0.11830072104930867,0.5424475548885819,0.0599469371931627,0.41875765062970366,71,20,0.008194682309341445,1.2077701467446937,-0.2776686533598718,25.369767015179292,0.060331523418426444,0.2813431065258074,0.2350977659225464,5.566967735998514,0.3597122430801391,5.435323388357606,0.0031166646629571942,0.7718088427227063,-0.0081590414047241,0.6504770171400547,-0.1246144771575927,0.13164434764090807,85,43,14,75,0.4914204020521738,4.581916395971035,0.07172247593629405,0.7823562213210364,0.05738137662410723,0.38273556641841716,0.033453902602195704,0.2558677998883425,80,22,0.003147179316797408,0.45555776154167665,4.651316501964047,16.395953961963436,0.02878713607788075,0.2115259003863086,0.0864650011062622,2.829558621145513,0.3227547705173492,2.775557563656134,0.006957914121448984,0.5336336562966775,0.0071935057640075,0.4875029567212679,-0.236289769411087,0.05400105748937885,67,45,17,93,-1.1522122039346425,3.4320097792582214,0.04393906019013003,0.4132709551966073,0.03943022154271595,0.2728063116521525,0.02949554178514513,0.22079151196754357,76,20,0.002520977457637235,0.37431960036243056,1.2260160532886442,1.6589410862847345,0.01905053853988645,0.15590373205385236,0.1170965880155563,1.5690637490288892,0.25056438148021687,1.5212579736764476,0.0015240416163578643,0.5314250441680709,-0.001219734549522398,0.5064647062753722,-0.1334677934646606,0.047805775352441696,81,45,15,79,0.1887019984134896,1.179464686568449,0.03978923350060815,0.30316171063212194
Good,0.08403214290835628,1.1910976768043247,0.1978212836384771,1.8741830399509676,0.10744878649711598,0.5586678833449609,0.05703516680281605,0.41231291849275925,67,17,0.007773804299607248,1.140433579485515,0.1694537420187272,21.027157938883537,0.041563928127288804,0.2920433786602117,0.2350977659225464,5.156036030994964,0.3626149296760559,5.027624336945656,-0.00249879844486712,0.7581178583843184,-0.02046588063240045,0.6222758118215732,-0.1275171637535095,0.12841169404930824,95,44,17,65,0.7167732693321417,4.173418566155258,0.06987776348756528,0.7521242532216931,0.06405334174633015,0.5285053598170402,0.036568778228247494,0.31894286354481116,83,21,0.00345065195841111,0.5167029855186407,3.0342833470631234,2.186911188328831,0.03236286342144005,0.2546951313213851,0.0864650011062622,1.9927306053487626,0.3227547705173492,1.9494496539812782,0.002717585954815146,0.5891149629224552,0.0050053000450134,0.5044743811165229,-0.236289769411087,0.04328095136748434,74,43,18,86,-0.8975418088939112,1.3213803389326935,0.04650580217358842,0.41188171357747233,0.04320412129163735,0.3917054693971703,0.029467867470812002,0.2480895745849386,78,23,0.002461577952052711,0.3727975736367848,1.2576138279356641,0.058076771759091095,0.02149312198162085,0.1921264709961116,0.1170965880155563,1.2987652366382867,0.25056438148021687,1.2560885042952439,0.0012873957864940164,0.5269502186441939,0.0006980746984480999,0.4686338532323504,-0.1334677934646606,0.04267673234304278,79,44,16,81,0.2311247811731177,0.8111979355919666,0.03932549328693784,0.3084169916000431
Good,0.07557430223633009,1.0395351204222694,0.17843977257609345,1.5957407269310924,0.09102155268192283,0.44045581913019466,0.04894744184333827,0.33461493735911113,71,16,0.005695208322410423,0.8658969643683117,-0.4274656684795741,32.40446495407097,0.0405171811580658,0.21252866053242275,0.1455712914466858,5.316640847645552,0.2730884552001953,5.29009177307272,-0.000846433266997329,0.5754925078846935,-0.009091168642044001,0.4623041452744816,-0.1275171637535095,0.026549074572831195,90,45,17,70,0.3712547915384029,5.420075247172384,0.05984288655661136,0.7312354871974538,0.06315021961927403,0.48686755508766316,0.03755574360140595,0.3199655825750683,83,23,0.0037497708885096213,0.5709752521051166,1.488259321773847,8.954519399532924,0.03121577203273765,0.24515780279774796,0.1130390167236328,2.820607261843677,0.2939616441726684,2.752581108867344,0.0020469442941248354,0.6025819820347447,0.0061222538352012,0.5025487220159549,-0.1809226274490356,0.06802615297633255,74,42,18,86,-0.6920718219641366,2.3909397813404794,0.048519378991657695,0.4559278528804697,0.04245152883231633,0.37799334436044757,0.02495766697684298,0.2161216606338494,74,23,0.0016289416670187296,0.24187133918207318,0.31649251113345,-0.09027232250696882,0.01954425126314165,0.2027932460250254,0.1038348823785781,1.192241231316092,0.1800477653741835,1.1775529246271486,0.003264028113335371,0.41766623701165456,0.0003239512443542,0.36955454497037665,-0.0762128829956054,0.014688306688943482,79,43,15,81,0.27110867948311973,0.5519475945903425,0.0318397664787439,0.2596656574185304
Good,0.07559714776908247,1.0861103327641357,0.17687553986906981,1.718237666108299,0.09138382971286763,0.5831995731948916,0.049406352443620516,0.40148281070719916,78,16,0.006027249144149309,0.9144432260322874,-0.4061148501919476,19.968886260315532,0.04730415344238275,0.2544663773369729,0.1455712914466858,4.693653445673021,0.27826249599456776,4.6471324025007466,0.0015569400042295429,0.6541692115324466,8.943676948545e-05,0.4865661617901989,-0.132691204547882,0.046521043172273735,80,45,18,80,0.11073219141255883,4.015006533677502,0.06154903268385734,0.6974997266775842,0.05518942326307282,0.45357166325341963,0.03487431479617949,0.30068605864540077,81,21,0.0034173534650777824,0.5194724779380958,2.0735186612916108,5.075166376314261,0.027764156460761996,0.2236606836051261,0.1130390167236328,2.349251655556816,0.2939616441726684,2.2686019364718537,-0.000214649736881254,0.597727330936528,0.00012758374214170292,0.4714808064916489,-0.1809226274490356,0.08064971908496248,80,42,15,80,-0.637194884479876,1.7155866857832645,0.046359816054074444,0.40273380264088876,0.04584167525172225,0.31945807141959914,0.026389239553827742,0.18903541984910696,74,22,0.0018770838104879431,0.2699364325752868,0.3621337406138081,-0.6787625757366977,0.023661464452743447,0.16197615628534634,0.1038348823785781,0.9633887722596692,0.1916866302490233,0.8341025673113915,0.0025286986492574206,0.4663411236393246,-0.00019874423742289487,0.4408325786159254,-0.0878517478704452,0.12928620494827767,81,42,15,79,0.10330721432402876,0.45601275674484626,0.03426545378314342,0.2290466960645777
Good,0.0838612121686341,1.1975214165384955,0.19816368386149386,1.9104644976453224,0.09502288699150077,0.24752146082180182,0.05356155024375762,0.3450793070600078,73,12,0.006996046152806868,1.0642520639903994,-0.27220549324752996,26.645504802123376,0.048023104667663595,0.13137404663648128,0.1851161122322082,5.190459733480818,0.3178073167800902,5.0567835904669165,-0.0033427875488996504,0.7391749171098309,-0.0107724070549011,0.6040758360049879,-0.132691204547882,0.13367614301390165,88,42,13,72,0.4368522540207634,4.843735981869735,0.06624790200571036,0.7196335914241873,0.06334622949361793,0.3855758093295943,0.040966334156691986,0.32606943762195933,72,20,0.004703361218047769,0.6940304895912078,0.43588692741657065,5.987905768909174,0.03212535381317125,0.18738350097725118,0.1675657331943512,2.7441217854973017,0.2843559980392456,2.648925897256743,0.006065794825553901,0.6629395065172865,0.00055775046348565,0.5588470728794643,-0.1167902648448944,0.09519588824055902,79,43,16,81,0.5357563289430344,2.275376329598781,0.05404686430819849,0.5045212585112984,0.05268174037337288,0.2757922546241686,0.02932562573347236,0.1854546497662799,84,19,0.002175190428930301,0.32076559635212637,0.28412336421235285,1.603098002420186,0.02609276026487345,0.13007029322760477,0.1345286518335342,1.3069256710343904,0.2223803997039794,1.1899695651155662,-0.0008712143637239949,0.5083500740182051,0.00115147233009335,0.4615500037197314,-0.0878517478704452,0.1169561059188243,77,40,13,83,0.08876700339876477,1.2252670883658552,0.03697675630421444,0.24969140673601856
Good,0.07999829346580065,1.1565999260624447,0.19108297444879985,1.8141197449927988,0.07629004120826713,0.409554861198383,0.047361609763465776,0.3279194960871517,69,19,0.005590423638380842,0.7828708580904666,0.0012939007917989187,17.499039215689656,0.035444438457489055,0.20251520147459856,0.1851161122322082,3.93365121085622,0.304175853729248,3.9030391225044676,0.007959723845124247,0.664109727515879,-0.00515815615653985,0.5458206258818658,-0.1190597414970398,0.03061208835175227,86,44,14,74,0.5353698078988262,3.7685889523685026,0.05875571489654142,0.5846615498809987,0.06440490484237657,0.42638924423558977,0.04274275058531198,0.33737487978011843,73,16,0.005245650637007861,0.72627908532818,0.20226689020165178,13.329796277243421,0.034235864877700695,0.19776447934001626,0.1675657331943512,3.5153660463624123,0.2843559980392456,3.406660610530261,0.013268422614783042,0.6558203710126407,0.0076045542955398004,0.5070531531196654,-0.1167902648448944,0.10870543583215117,70,42,18,90,0.3951669044434808,3.2187156627617752,0.055874798130361114,0.5442230482927222,0.050817610695958054,0.417478418047755,0.029990982538438356,0.23915302717141443,87,21,0.002249080422875976,0.3279577336757361,0.0849607853527381,-0.10479521957888593,0.0256392359733581,0.2134072776409146,0.1345286518335342,1.2586628302656775,0.2200963646173476,1.160569318361215,0.00020478512160479736,0.49418964646427943,0.001402735710144,0.4402488887779983,-0.0855677127838134,0.09809351190446262,73,40,17,87,0.03731166477404668,0.7897719225794939,0.03760949067096981,0.28936884248869404
Good,0.08261960959540761,1.145882866772373,0.19275812152773117,1.7788035843708017,0.07575146853923789,0.49455333586524586,0.04990001231431958,0.4599312266188661,64,16,0.007180894027983548,1.0130966885972397,0.19668472903764922,10.877280139349423,0.0364398956298827,0.23105855797752559,0.1721258163452148,4.229230963616889,0.3273628950119018,4.155538954298408,-0.009371385723352412,0.6769615820002407,-0.017745226621627752,0.4657282665842386,-0.155237078666687,0.07369200931848056,109,45,13,51,0.500169083637194,3.1210184149239573,0.06654254531289251,0.7448622054400201,0.06822372972965232,0.4163905198419886,0.042671888847835314,0.329625232675748,78,19,0.00490786521102691,0.7165337780953993,0.5243650334757133,7.307612398107475,0.033581852912902846,0.20771515738190466,0.1538735926151275,2.9137983919846415,0.3349108397960662,2.8104044697939017,0.007580517418682575,0.6920346400174345,0.0035677403211593,0.591533386276683,-0.1810372471809387,0.10339392219074,76,42,13,84,-0.13042715423241988,2.3582637953591403,0.055035279823168505,0.48746470140035697,0.043499223887920324,0.33400035843174297,0.025166146628907832,0.18473387687999704,78,21,0.0016097600559620573,0.21692434682502848,-0.18621302960351782,-0.40246518587299596,0.0211468823254108,0.15325552067003106,0.0795176029205322,0.9452166932464161,0.1650853157043456,0.8379699282215086,-0.0012193262809887498,0.4098073623531264,-0.00218642503023145,0.35451743460857577,-0.0855677127838134,0.1072467650249075,85,47,17,75,-0.003888070159686394,0.6946976112012045,0.03179515058782417,0.22131939044331791
Good,0.09160539137947059,1.2853092718000219,0.2162697516009209,1.9710119794328875,0.09925754368305198,0.5505328650033425,0.05818341384641821,0.44966683162344806,67,17,0.008257103044339749,1.2521685361912314,-0.44274334404032345,21.875527351321306,0.04535126686096185,0.2237903783767778,0.1721258163452148,5.701936650612104,0.3273628950119018,5.638089641390383,-0.0013253040611743805,0.735143773735532,-0.01249477267265315,0.521810884634982,-0.155237078666687,0.06384700922171993,94,42,17,66,0.36302900113555425,4.34559207733099,0.07205122546617537,0.8436422038572466,0.07766573503613462,0.5205695888108726,0.0487804520851932,0.3493113459983937,82,21,0.006062472714753709,0.9034219130214661,0.03595491494849856,6.098634080943485,0.03930615633726115,0.2507812679827182,0.1742843985557556,3.0691908296561086,0.3553216457366943,2.9258555502232024,0.010683555249124763,0.7935956489833251,0.012895941734313951,0.7568028440878608,-0.1810372471809387,0.14333527943290603,70,40,16,90,-0.24337993679425404,2.081493494982174,0.06081134529997193,0.5230945028732393,0.04743420705199235,0.2197796899997072,0.02715989725460526,0.2039085319221751,79,16,0.0018445104323037364,0.27068142275721935,-0.029645168971937252,1.0052614112111895,0.02219772338867185,0.11740758642529639,0.0692046880722045,1.2261526165783692,0.1692435145378111,1.1551294824702945,-0.001307886629365383,0.4422725567140306,-0.0021485239267349,0.38854044203356536,-0.1000388264656066,0.0710231341080747,84,47,14,76,-0.3182581597716187,1.1814601655041335,0.03403451378465763,0.27400074513558165
Good,0.07661452539341203,1.140246558188039,0.1855365680158136,1.8021708670170755,0.06696498394012437,0.3864857479894849,0.043959517264738644,0.3710877921287502,69,16,0.005557958161958887,0.7500631884615511,0.37606457927452785,9.004499055582237,0.0325284898281097,0.20802842629894747,0.1362168192863464,3.3372150867015815,0.28949779272079457,3.212974471859071,-0.013798777014017086,0.6367999354736422,-0.022587537765502902,0.48269461081858156,-0.1532809734344482,0.12424061484251057,105,39,14,55,0.4323981941788147,2.823483827719844,0.05748014788076142,0.5869829900791983,0.0749193280935287,0.41898382993995886,0.04141997228143733,0.2793417957650867,74,23,0.004493015076441091,0.6236882883425204,-0.01391713651284432,0.3733617301695893,0.035235121846199,0.2213425824201482,0.1742843985557556,1.730494265356643,0.30117541551589955,1.6041205181806717,0.014540853444486851,0.7020165778937748,0.00980833172798155,0.6702193019358154,-0.126891016960144,0.12637374717597147,66,39,17,94,0.109110868639779,0.8159963080049738,0.05111779961880513,0.361747166823507,0.04628637805581087,0.3234831191551705,0.026614837371744166,0.19915324437587678,83,20,0.0018457251885696101,0.27851376578682074,-0.006975115412219957,0.24410756706085124,0.0228178277611732,0.15142471276527067,0.0675988644361496,1.10440393428474,0.1676376909017562,1.0179738157919171,-0.0011245589703321461,0.4633543536496585,-0.00039903819561,0.4084973706707364,-0.1000388264656066,0.08643011849282291,82,43,17,78,-0.3651968416079563,0.9680333313687254,0.034052325403515694,0.25261929605777933
Good,0.07795304568845546,1.0787483620194196,0.18880201935768107,1.674245176545886,0.08376854658126814,0.3153103724480767,0.05028290287591512,0.3132746511835573,77,19,0.006162808355805745,0.8166373651518231,-0.3492677090501899,27.74964722682539,0.03986179828643795,0.1660707962463346,0.1471762657165527,4.7176430354832295,0.30045723915100087,4.659329137438528,0.0015581808984279715,0.6227085682346012,-0.00690278410911555,0.5086478150538457,-0.1532809734344482,0.0583138980447014,83,45,15,77,0.018642426678019804,4.903111657611669,0.06223774498078475,0.6548827408010048,0.06796826422214505,0.45533970119637013,0.04117122627794739,0.32938837910783114,80,17,0.004423464693995185,0.6070592139439566,-0.13430246600540174,7.039584310131945,0.0349153727293015,0.1838759196806503,0.1292979121208191,2.7700691731556932,0.2521721124649048,2.6724816824272555,0.010494484100490803,0.6201155137587928,0.01065710186958305,0.487560231925661,-0.1228742003440857,0.09758749072843788,65,45,17,95,-0.25344569024252445,2.2855235423347873,0.05168390854246073,0.4717159776174907,0.04145999997854225,0.27310632911538557,0.02537786832544948,0.20690094765053446,79,20,0.0017785441248064878,0.2611967409075286,0.41556212982112006,0.7638537959488794,0.020021900534629752,0.13916090061494424,0.1006670594215393,1.2312675736698782,0.19850674271583552,1.1847702209902922,0.0017801094800233858,0.431421094552492,0.00080415606498715,0.390412635282112,-0.0978396832942962,0.04649735267958608,78,45,14,82,0.03029649683380016,1.091222557576308,0.03339749229079779,0.2739937592038519
Good,0.07413939837748067,1.0168739968636051,0.1789349976181982,1.5917799241398674,0.07814739644527423,0.33686687927824227,0.04700603084638711,0.3767344326698928,70,13,0.0052390821672629725,0.7084042495047603,-0.492380920391283,12.386985309028928,0.03715291619300835,0.15323985965094306,0.1471762657165527,3.784236058922372,0.26329177618026733,3.759092347975516,-0.0036158882081508553,0.5402980317833719,-0.01154541969299315,0.3701566020273,-0.1161155104637146,0.025143710946856135,93,46,14,67,0.4114258621412149,3.3655969762128475,0.057287549720349565,0.6453543881897563,0.058646738529205246,0.36774543248847574,0.03694730866700406,0.30249406086807107,80,17,0.00365417698023588,0.5201594156358847,0.2107218436538174,1.4454280276347458,0.02801150083541875,0.17148946650936098,0.1102030575275421,1.81401004474071,0.2330772578716278,1.693473268055815,0.004333106055855752,0.6004584876025574,0.00422233343124385,0.48290885608829137,-0.1228742003440857,0.12053677668489476,74,46,16,86,-0.26864733248726264,1.4530085387614888,0.04774233572980053,0.39951097644737416,0.0454378277063369,0.30210818471697876,0.02702724241884421,0.22094066332034573,81,20,0.0019842741519382747,0.2869431861275354,0.22549909729701278,1.6422679887194338,0.022285282611846896,0.17480343909608614,0.1006670594215393,1.4639347589935505,0.19850674271583552,1.357715810733641,0.003148498199880121,0.45102340475393815,0.0037002563476562,0.38722531913056535,-0.0978396832942962,0.10621894825990968,73,44,14,87,0.018654855587751394,1.2102128135030776,0.03518516416981922,0.28900012887834614
Good,0.07935977401979487,1.067612284325658,0.18924126431345917,1.6755635352661693,0.08280666172504417,0.32065693300220577,0.051497126994654495,0.392573836370152,66,13,0.00635337553097844,0.949720151047138,-0.16734911679950892,24.61349363541,0.03776878118515005,0.15541741883845264,0.1774322986602783,5.256377150784114,0.2935478091239929,5.162587862784083,-0.00012762062251567285,0.6007797628907241,-0.01443946361541745,0.42251823758825535,-0.1161155104637146,0.09378928800003093,94,47,16,66,0.6663449230697449,4.666956663762833,0.06321247723214649,0.7673225055660128,0.06238794326782213,0.6362763669877546,0.03942424736684184,0.36090860483745535,79,22,0.004035276922879099,0.6026844704740989,-0.01261803586894139,5.360353961044039,0.03015771508216855,0.279524140651789,0.1370964646339416,2.6928611380191287,0.2573714554309844,2.636961364022097,0.0060061572119593605,0.615216443805283,0.00505924224853515,0.47370977630486205,-0.1202749907970428,0.05589977399703182,73,43,16,87,-0.18339605045853463,1.8081112353355937,0.050016089510342386,0.4734904410288345,0.04338275268673885,0.4252827389664833,0.026992186252027706,0.2327527513949663,80,22,0.0020298188324059325,0.29835732858578706,0.6180138793620933,2.066274360902436,0.021656848490238148,0.1811567439645761,0.1257405877113342,1.570920608343659,0.20823830366134638,1.5219022019752246,0.001797168049961325,0.45956732857016225,0.00209141522645945,0.39279048543230866,-0.0824977159500122,0.04901840636843441,74,45,15,86,0.37314509057673223,1.1734890963720543,0.03568424710675928,0.29522059395758893
Good,0.08033435708167003,1.0927476373492389,0.19065131425857523,1.7013248605553333,0.08648382127284987,0.3860820507860591,0.05144137278199192,0.3699846830780929,64,15,0.006311343276722774,0.8262980423813893,-0.24634427506858936,20.665518049325584,0.03895467519760125,0.1670225331092225,0.1774322986602783,4.5779859101603755,0.3106495141983032,4.497494858998293,0.005959569662809375,0.5981833486991033,-0.00822788476943965,0.41488722034950437,-0.1332172155380249,0.08049105116208327,90,49,16,70,0.5468921492957655,4.20975074930169,0.06271888425866992,0.684452133987846,0.06193089485168447,0.46236608607538277,0.03927434567362066,0.3285581324670604,81,20,0.0042468590559061005,0.6146729453777148,0.21756363335943973,8.26757006884099,0.031740620732307406,0.20572536128098762,0.1370964646339416,2.8943143472315715,0.2573714554309844,2.802774658078308,0.012315723299980156,0.6221159872461578,0.013356760144233652,0.5158333265913684,-0.1202749907970428,0.0915396891532633,68,42,15,92,-0.16240488482571336,2.369489571952736,0.050183160066437874,0.4771212045072544,0.04323448613286013,0.24292509627967873,0.028011138793080998,0.20090414410784552,86,23,0.0023639981424741136,0.3138255198431174,1.8136470916566276,6.519983185667767,0.019602417945861848,0.1234455549801442,0.1452928185462951,1.7905802838980407,0.2446409910917281,1.7606456347463837,0.0011845968663692433,0.48102552461007214,0.00273898243904105,0.4382661933875108,-0.099348172545433,0.029934649151656948,71,46,17,89,0.5146312971671213,1.904135293450934,0.03854061739572006,0.2871236049451914
Good,0.082743650980957,1.0894440448720113,0.19447596371173834,1.7289193443680548,0.08501432836055747,0.46606243913454276,0.05259757261723276,0.4410800511911803,68,18,0.007162057045650407,0.9507602835033427,-0.09831717721329936,12.068024205871591,0.040926605463027954,0.23151259713831693,0.1950182914733886,4.346994616787167,0.32823550701141346,4.295303482514613,-0.009235715121030795,0.6356572882424936,-0.021403819322585997,0.40584687016176174,-0.1332172155380249,0.0516911342725541,104,48,15,56,0.5540527637246739,3.2630730705346225,0.0664725769889877,0.7393917063421404,0.06266134977340687,0.3441221364637551,0.03869281405815851,0.27020899113338165,73,17,0.004003925999698,0.5635421525961364,0.020212918911381106,7.875156617765098,0.031477928161621,0.17129445336113758,0.1294223070144653,2.4601522264312536,0.2597566246986388,2.346250289257814,0.009406751208007331,0.6120215049718201,0.005889400839805549,0.5077301494652933,-0.1303343176841735,0.11390193717343944,73,45,14,87,0.024483471973370693,2.626336275216047,0.049286397337782395,0.43470890265574835,0.044317454099655075,0.39909115165413306,0.028151562216225962,0.22141589659897712,85,23,0.0021861239220441766,0.3018426544673669,1.5332595066279309,-0.40295934668797395,0.0217033997178077,0.2065665848007035,0.1452928185462951,1.193745757062832,0.2446409910917281,1.116101210460019,-0.0009183758869767214,0.481240551153741,0.0022788122296332498,0.44877954424407973,-0.099348172545433,0.07764454660281303,76,44,17,84,0.301510474491797,0.45356227530059606,0.03706847699766094,0.2650475172353264
Good,0.08675930029022345,1.1960551219921534,0.20434862896800016,1.8691477379645267,0.09039857983589161,0.5010365867802448,0.05264169178437437,0.4228962951452296,69,16,0.006815283103350709,0.9720697111703478,-0.3123910706824211,20.97784219228678,0.03952544927597035,0.1864196219816029,0.1950182914733886,4.961048690088957,0.327114701271057,4.903398051179609,0.0006681907922029582,0.6580387623509119,-0.00657504796981805,0.4406687159987095,-0.1320964097976684,0.0576506389093483,90,47,16,70,0.30961093435840625,4.15988672954924,0.06546672656744042,0.7342034448393905,0.07944494485855097,0.6518664313321232,0.04644061555154618,0.405320839472474,74,22,0.005994398884945021,0.848925700716584,0.4348376675380572,3.30778774523308,0.0384202599525451,0.27719229918819976,0.2101098895072937,2.8670161954568685,0.3404442071914672,2.8360692741910327,0.01516450010240077,0.7503126188609518,0.01035802066326135,0.5877860868101754,-0.1303343176841735,0.03094692126583556,61,43,14,99,0.2883605960764597,1.5624765129206473,0.05948658526212739,0.5347491698867834,0.043297886848449624,0.2673758452185434,0.027729312969604465,0.20503910807923512,81,20,0.001973099976106128,0.29555280241045806,0.01619793457146468,2.6721953053901064,0.02181027084589,0.1413464850223909,0.1059582978487014,1.4872265976097105,0.1913758069276808,1.4047770578768208,0.0005590329878032215,0.46079635675266284,0.00127742439508435,0.4180069578007706,-0.0854175090789794,0.08244953973288978,78,43,13,82,0.08700925326793066,1.5187619461189243,0.03522256234001302,0.2884779367888136
Good,0.0810498562643311,1.1542766713478092,0.1875685632228849,1.8225783386120091,0.06803122162818902,0.39465114867379897,0.04559779158793387,0.3799558095410101,74,15,0.005946884985476786,0.7940504408666001,-0.14954874432076126,9.12924251881082,0.029881000518798696,0.15827169180849382,0.1392639875411987,3.4706546593076797,0.29886871576309204,3.3873771112981292,-0.015219764038920383,0.6558302591534519,-0.021971315145492498,0.4622115009212851,-0.1596047282218933,0.08327754800955049,107,46,13,53,0.12366699725858805,2.840280510124657,0.05922061428038373,0.6032720050237009,0.06878855079412455,0.6806988672810736,0.04484688190976154,0.39306920577963195,67,20,0.005698529603369431,0.8021056822979297,0.6367896990582111,0.28473043390180486,0.0331486612558365,0.332603572878449,0.2101098895072937,2.142230666406497,0.328197568655014,2.052436645412221,0.01707318071275949,0.7478589909992024,0.0086528211832046,0.6359642859829736,-0.1180876791477203,0.08979402099427596,69,41,14,91,0.6028287663153844,0.9765155119366503,0.05736422308827262,0.4927601971340466,0.040613941848278,0.29410700970794823,0.024146945318207103,0.19471231091538832,74,17,0.0015777223149705318,0.2363556662562662,0.5325415082631895,-0.17480986323242487,0.01994515210390085,0.11861728375117384,0.1059582978487014,1.004211720309315,0.1913758069276808,0.9536768918505242,0.0021489772945642483,0.41888908845935446,0.00038069486618035,0.3702574105123899,-0.0854175090789794,0.05053482845879084,78,43,16,82,0.16865488809359166,0.8194083429335617,0.03142659761138571,0.24675412423292398
Good,0.08598043718580242,1.132057078572538,0.1989609102904794,1.7514998941164284,0.08852095901966085,0.45219540925993745,0.055625442415475804,0.44052437056648003,70,16,0.007872476673510738,1.1535138471083364,-0.05597285192759127,17.110059909769713,0.0481544733047485,0.2368896729297545,0.2241793274879455,5.242989635111255,0.3837840557098388,5.20192218436219,-0.0017126917839050183,0.6957306592194457,-0.009870171546936,0.5488823933038558,-0.1596047282218933,0.04106745074906514,94,47,16,66,0.32650120029816865,3.832156332609891,0.07034409306566007,0.8182131121721354,0.07229556143283833,0.5475623960425526,0.044557189499027976,0.3486969544918012,75,18,0.004871744836494069,0.7371964200517638,-0.41905646113541994,18.39824320767192,0.0368857681751251,0.2474587701886003,0.1517538428306579,3.894861181078083,0.2698415219783782,3.840626824736775,0.007442830875515938,0.6407166407448366,0.0007904171943664,0.4928647523834413,-0.1180876791477203,0.05423435634130775,79,40,17,81,0.14044048303643739,3.7497042860194596,0.05484748244847349,0.5715580515786791,0.0391461662948131,0.3184892312698043,0.02434088886715467,0.18725105737145412,72,24,0.0015737193240858744,0.22668724921865352,0.799603110730319,-0.11773035510962204,0.019546002149581944,0.17236380410818808,0.1126143783330917,1.0865784454175889,0.19661329686641688,1.0512265271975445,0.002980458643287419,0.41505259415214596,-0.00020830333232875307,0.4136993566601468,-0.0839989185333252,0.03535191822004439,80,41,16,80,0.2776384075121857,0.47960093879257504,0.031318071120300106,0.2332779314599379
Good,0.07867870473978605,1.1005240350388377,0.18549555808305718,1.740275538421467,0.06678792834281913,0.4052878999435736,0.047326644137501685,0.3861173448508435,70,16,0.006340371337964179,0.9126850933530549,0.7970568732112251,10.589055074664461,0.0336525738239288,0.20028123605408482,0.2241793274879455,3.853307282322789,0.345391809940338,3.7096911964663866,-0.008520111441612226,0.6773552428137797,-0.0139791369438171,0.4878653976231244,-0.1212124824523925,0.1436160858564025,105,46,17,55,0.7974789507047819,3.1588584538158546,0.06256681289006374,0.6737024331154966,0.06593518331646907,0.35179758231198693,0.04042108791181813,0.32227817133823344,78,19,0.003956321718301004,0.5981909989828504,-0.37629884858114515,2.806421631100891,0.0339236706495285,0.1816883227382615,0.1246906518936157,2.150269861630049,0.2280279994010925,2.1270952331710062,0.005342489574104545,0.6228807713353376,0.004012256860733,0.4913588392798564,-0.1033373475074768,0.023174628459042623,76,40,15,84,0.11628668389316281,1.6550989169228165,0.04959365833965723,0.45848723393737506,0.0431130118668078,0.3332848590193559,0.026360649265116026,0.20284943814418174,73,23,0.0017461072070740103,0.25913668011097,0.3185306463025519,-0.10832729214991632,0.021376445889472948,0.1658881945445896,0.1126143783330917,1.0499719192331982,0.19661329686641688,0.9950923390145591,0.0016122792847454547,0.44003952427234966,-0.0034408494830131,0.40087781454673044,-0.0839989185333252,0.05487958021863918,85,42,17,75,0.37845907091770936,0.7370733587874454,0.03309931782046821,0.2559333842802345
Good,0.08730067123623865,1.2022164183837072,0.2051201069355009,1.8796229610827666,0.10505704581737507,0.29192446652851844,0.055422334210015786,0.374707709906152,77,12,0.007351728420089814,1.0627068290472557,-0.6519702973929058,26.374117414059132,0.044036775827407795,0.17336248913407395,0.155552864074707,5.373665598615145,0.3123304843902587,5.2064656267325375,0.0027386602014303207,0.6997088910667173,-0.00346592068672175,0.5561257178499657,-0.1567776203155517,0.16719997188260718,83,45,17,77,0.16444005985749494,4.826051699395243,0.06794248402105031,0.7570431274435033,0.07248983159661282,0.4708889562690286,0.04437806026311587,0.36081869453354487,74,19,0.005280332047841602,0.773419105168726,0.5371431059342875,10.366910311091363,0.03348174691200255,0.24675232562172456,0.1539112031459808,3.4043698335111596,0.32249537110328674,3.298414737546821,0.008279560413211585,0.6917948463155871,0.00252810865640635,0.5650477711805351,-0.1685841679573059,0.10595509596433848,77,45,17,83,-0.18099746353488952,2.689401266247171,0.05702614569074539,0.5429907879328336,0.04798690229654297,0.312868014518982,0.028733165323501404,0.21270009969441803,75,20,0.0021805057044990916,0.3105084899481599,0.5562186117970351,0.3035472638495178,0.02349528670310975,0.13603795256752055,0.1074881702661514,1.2222240161638278,0.2249462604522704,1.1905171102485481,0.00041293567046523543,0.4881192237004621,-0.0011779367923736,0.4141163080432031,-0.117458090186119,0.03170690591527973,85,43,16,75,0.23398687220551836,0.8773541635712505,0.037029929074185855,0.26879009171139123
Good,0.08698462463038213,1.2127632244572024,0.20142640374600865,1.9019685185840567,0.10980981588363638,0.6392725092682843,0.056504117334261486,0.46538947831382815,74,18,0.00766652397056748,1.1280035007624796,-0.6906845023791361,13.34185775023822,0.051920562982559246,0.2457566247685167,0.155552864074707,4.705738880021053,0.3123304843902587,4.635078781307846,0.0010679762810468674,0.7396737910230516,-0.0032877624034881,0.48691388461274243,-0.1567776203155517,0.07066009871320643,83,43,17,77,0.14711771416683894,3.3151894864028613,0.0694302919645457,0.7621588965800152,0.06598315387964238,0.5469022297998853,0.041368626677431124,0.395948949098838,72,18,0.00485978531430608,0.7158725593742006,0.7912747171326497,1.1726509731569088,0.03146052360534665,0.239128470409063,0.1539112031459808,2.190974211150241,0.32249537110328674,2.067133433664836,0.005133323511108752,0.6729955864397316,0.00086446851491925,0.4727014544466618,-0.1685841679573059,0.12384077748540483,79,45,14,81,-0.17629357177776292,1.3594101018018208,0.05504499987502825,0.5127860177567658,0.042783219367265625,0.46836990297024655,0.02829754972364749,0.2688055532031807,76,22,0.0023866598324372547,0.3530701753827362,1.481602461598622,0.7142361435755054,0.021572895348072,0.22914919353504953,0.1441876888275146,1.5783164236524017,0.2616457790136336,1.4998924513926142,0.00015912121161819006,0.48929914112127354,-0.00096195191144935,0.42516678353054993,-0.117458090186119,0.07842397225978746,84,43,16,76,0.3876777672577801,0.9907791942531894,0.03874297924746309,0.33712983534644375
Good,0.08954926236173874,1.2355041501130963,0.21051028467714764,1.9661030928957426,0.09721684455871572,0.5038749375413951,0.05685666487552221,0.41350448692219294,70,15,0.007959790715519643,1.202263425768767,-0.43240259437706063,19.36382590271784,0.0477862060070037,0.2355113653911024,0.1768953204154968,5.176997456020534,0.32422560453414906,5.091384595101509,-0.003534958884119982,0.777803813331163,-0.0146229267120361,0.629118472507356,-0.1473302841186523,0.08561286091902559,94,46,15,66,0.4833074610741877,4.069448516934036,0.07066528962384927,0.7728419332154982,0.07168449461460108,0.5420699262686688,0.04280901863123286,0.38458944097582354,78,18,0.004729961071212486,0.6748032326842979,-0.08832321114483888,2.7422689554001813,0.0365280210971832,0.2159137902353873,0.1648760735988617,2.5231719252016442,0.30118250846862793,2.4538935395734387,0.0070127732586115505,0.643289054556248,0.0047625228762626,0.46327067533131727,-0.1363064348697662,0.0692783856282054,73,46,16,87,0.1569204657054611,1.6570784308526756,0.05408631983402582,0.5108643900023044,0.047594627365469794,0.5001668290880832,0.031176349974702998,0.2946336286715262,77,21,0.0028901208974134135,0.41826730930426165,1.2126537335005407,-0.7985681615596745,0.0239170864224433,0.23572689381558812,0.1441876888275146,1.3024398188232886,0.2595832645893096,1.2838154985099484,-3.594439476728422e-05,0.5450102250083319,-0.00092207640409465,0.4744588357121631,-0.115395575761795,0.01862432031334035,83,45,14,77,0.41456412471900334,0.5355793209880876,0.04263431480482416,0.34818265887408756
Good,0.09057722571070817,1.2891242905990332,0.2190279947221277,2.0406334430949116,0.08170497417449937,0.4155318587943413,0.05068643111735578,0.41308169107156706,68,16,0.006600477667435592,0.9712751345775422,0.09193723442131185,12.463113382445194,0.0386164784431458,0.23365116774494038,0.1768953204154968,4.21994916008134,0.36052066087722767,4.17864041171132,0.007206615060567856,0.7063969122271125,-0.0022923052310942996,0.5351328027887428,-0.1836253404617309,0.041308748370020146,82,49,18,78,0.43272612345491507,3.207370667166333,0.06402329168556656,0.6872252447149649,0.08465833961963645,0.7210890937728957,0.05002164205536243,0.4221830336382253,82,19,0.00638323086545163,0.9144255983472384,-0.29750276822019206,6.010998893628136,0.0452265813946723,0.2911136561019787,0.1817585527896881,3.3252838426531475,0.31806498765945435,3.224196447419711,0.011861295253038398,0.7589324969706773,0.012988604605197851,0.6119488627404,-0.1363064348697662,0.1010873952334363,68,45,14,92,0.14501837957748379,2.043472853435322,0.0622337162421682,0.5817620332997775,0.0553966835141181,0.47642661878437087,0.035374174993485163,0.3174188484376885,81,21,0.0033485550132592466,0.4926437601502858,0.3630317348776355,0.22239748867827336,0.026875033974647453,0.23563712487934854,0.1377121210098266,1.6867973317490872,0.2531076967716216,1.6864751689761077,-0.00068642795085907,0.5753040338971216,-0.0005412176251411,0.4990292089090367,-0.115395575761795,0.0003221627729793915,81,44,16,79,0.2605002793890289,0.8996725953175035,0.04588611222965519,0.4020808733724912
Good,0.09403119371165727,1.284544759154308,0.2235413189232347,2.001434779614287,0.0780541002750396,0.4073555504291976,0.05525506615638729,0.41500068390145567,68,15,0.00830569368399636,1.117257135969342,0.5126714866713633,14.978872340293961,0.035573810338974,0.20358046463834362,0.2372953295707702,4.593695590407431,0.4209206700325011,4.489082134989949,-0.006343442201614371,0.6827510798348044,-0.017427176237106302,0.47405939969569105,-0.1836253404617309,0.10461345541748199,97,46,16,63,0.6251073101110779,3.8290708703062304,0.0719945441226551,0.8069126959924169,0.07521426305174815,0.4935341515908775,0.047929630335420324,0.39973257323349914,82,17,0.006534471947638492,0.9624689696011711,1.6979757342959418,10.236314738764728,0.03789921104907985,0.2604985041439061,0.1817585527896881,3.7862786841367573,0.4430035948753357,3.6834598952732933,0.005679484456777571,0.7750612619615603,0.0066570341587066,0.6384729626386851,-0.2612450420856476,0.10281878886346393,73,43,14,87,-0.4367563772304844,2.66517349771943,0.0638535149356676,0.6014557421853456,0.05579234659671778,0.4780263761300733,0.034798929085954985,0.2915974595120678,76,22,0.0031736950441227877,0.4234167375144849,0.5598840303696488,0.0857969515322008,0.027956858277320848,0.2364621448401897,0.1374831795692443,1.5186380308883858,0.2524467408657073,1.4702060911568056,-0.0038300735875964136,0.5436224378179225,-0.0060770064592361,0.49565637799194473,-0.114963561296463,0.048431939731580165,88,43,16,72,0.38194730787372655,0.7413262744604676,0.044511491712599834,0.3576190467737755
Good,0.09314542250935698,1.2666012918576868,0.2199419509619472,1.9593795162297434,0.10446876287460313,0.464268848235187,0.06075100156012918,0.40900877896091936,65,15,0.009464200356868588,1.2594765617097403,0.03195933727561995,22.8205520048307,0.047081142663955605,0.18812722006323299,0.2372953295707702,5.739455589163017,0.3735726475715636,5.633493663214499,-0.0004849810153245815,0.7393451647639664,-0.0094257295131683,0.5533684644993792,-0.1362773180007934,0.1059619259485172,98,47,13,62,0.6017629110851013,4.540632592639858,0.07714979314683147,0.8443016576140804,0.06905739754438392,0.5494315386842052,0.043503617227543104,0.3732828140069325,82,19,0.005719449335694558,0.7948199572060487,2.893735101663455,6.3087610232656,0.03547334671020505,0.22928555541635143,0.1698702275753021,3.0828548074196243,0.4311152696609497,2.972334098861327,0.010572403203696004,0.7136058727109912,0.012960255146026601,0.5670268220716279,-0.2612450420856476,0.11052070855829714,65,46,15,95,-0.8300770935043175,2.1456875035748086,0.0590310024105345,0.5344030460602123,0.05143468454480157,0.3124867254780699,0.03193518898799079,0.22338084045981596,78,22,0.0026846432731459304,0.3559309929049903,1.0185984948425446,4.980264664853077,0.0258544534444809,0.16024054913530622,0.1374831795692443,1.7964471090299965,0.2524467408657073,1.7350504164232043,0.0003097587730735513,0.5064284787547857,-0.00267147272825235,0.4358094293068987,-0.114963561296463,0.06139669260679217,82,44,16,78,0.4222403651080557,1.8082351640019672,0.041089637803359634,0.3153746800412234
Good,0.08100662474786904,1.0760177628387053,0.1931034594401715,1.709248405375472,0.0752150863409041,0.3722622757764796,0.051029123868793214,0.4136609112580774,73,11,0.007502128457621274,1.0054754286377259,0.5806106630441112,11.979767878951371,0.03456550836563105,0.24067404991110813,0.2178097367286682,4.275130813541483,0.3952971100807189,4.2420448715328885,-0.0142898842692375,0.6716958496151684,-0.02124002575874325,0.5358775508213756,-0.1774873733520507,0.03308594200859406,108,45,15,52,0.6077315961114017,3.3340231872637562,0.06717763549371086,0.744513340543662,0.06461178511381142,0.42173424563782974,0.03682772349799049,0.277579097549973,81,23,0.0040966575597334385,0.4835064369440453,0.15967409086532003,1.826284390859259,0.032425716519355746,0.21314773267991555,0.1698702275753021,1.7533293921844681,0.2639473378658294,1.670062130506973,0.021420061402022825,0.5885518932323621,0.0227522104978561,0.5408926981151634,-0.0940771102905273,0.08326726167749524,57,51,16,103,0.15732879745001388,1.2780875885500969,0.04598705800293715,0.3702878689839131,0.0466756485402583,0.3396874867025178,0.02620896681240988,0.1846155310863549,79,22,0.0017462231485016893,0.25160155076611884,0.9614766052131776,-0.3836962003957951,0.0230597630143165,0.15447588337069404,0.1342949867248535,1.0487428318501846,0.23275530338287348,0.9502845360192397,0.0034478198969736655,0.4490006625279415,0.0029666349291801,0.4027451397360612,-0.09846031665802,0.09845829583094493,77,43,18,83,0.22531403881201628,0.6190488084465493,0.03295893394153707,0.22360669895060925
Good,0.0868210771783963,1.0906378371852055,0.20427968319505432,1.6841050421475072,0.09661097824573506,0.3348864573696609,0.058011756958439895,0.46584446651112443,77,12,0.008234612647793745,1.214966692471327,0.005724211638038046,22.686938757779934,0.0488938987255096,0.17325397741076776,0.235956609249115,5.977024156217595,0.41344398260116566,5.9500158184929255,-0.0027559764683246584,0.6427047408465717,-0.011832386255264199,0.3779775481862683,-0.1774873733520507,0.027008337724669707,85,45,18,75,0.39769928701362994,4.456219717006112,0.07191215814543615,0.8954871906200936,0.06518477946519848,0.35954560318173756,0.038541586627252364,0.29992826056036415,90,19,0.004404733430937825,0.5705815160310298,0.24069074061679085,10.793026818583002,0.032767504453659,0.18135907677430613,0.1349828839302063,2.9239313585757825,0.262675940990448,2.806302575267879,0.01953447069972752,0.5694801919816947,0.025765240192413302,0.4278825456523535,-0.1276930570602417,0.11762878330790326,54,48,19,106,-0.43579481470758596,3.071882679139421,0.04884953511110619,0.4962598381609397,0.0455917976796626,0.3248306095122513,0.026823534606955902,0.19058348226458777,80,24,0.0018858388075151937,0.2751813980750139,0.6868034430745178,-0.6434013450046563,0.023817609995603492,0.1675751424612905,0.1207431703805923,0.9769934524032581,0.2192034870386123,0.9482221530073818,-0.00025356372352689573,0.471920109319241,-0.00038236379623409405,0.4552588969079772,-0.09846031665802,0.02877129939587631,82,45,14,78,-0.09508120120399212,0.1271727451812217,0.03443831360797323,0.2290694403344311
Good,0.07737658566225636,1.03783855839306,0.1811322838068006,1.6258423688512695,0.06907552480697625,0.5433238420023024,0.04761302063707258,0.4248794152457318,65,16,0.006273755366892531,0.8846519150171094,1.1864546739459287,17.97311841250943,0.03161501884460445,0.2311831828330286,0.235956609249115,4.6004503447642495,0.3611825108528137,4.526007826185281,-0.01195483990013598,0.624706734461058,-0.025835722684860202,0.424223195115688,-0.1252259016036987,0.07444251857896834,102,46,17,58,0.9722773982905341,3.7888983775138327,0.061659881923031706,0.7031311477499131,0.05285860598087295,0.30671981763362827,0.03299348236178044,0.25537952832945865,85,17,0.0034459822821704057,0.4298089182784418,1.011681893398353,5.822603083210794,0.025951098650693852,0.17154738526406627,0.1349828839302063,2.1251525196546543,0.262675940990448,2.007554067663016,0.017062443029135448,0.540472535390826,0.0222477167844772,0.4592279371723472,-0.1276930570602417,0.11759845199163828,50,43,17,110,-0.4683134087969808,2.155124148374492,0.043293492639074185,0.3710772921732808,0.042300939559936405,0.3500564739201047,0.026192991714924528,0.1912514475500444,80,24,0.0018598645136803898,0.26793639096955,0.9030709217047783,-0.4506766583528612,0.0213372409343719,0.18242085866773994,0.1207431703805923,1.0671340096786652,0.2105085998773574,0.9912258157234142,-0.0037280592136085004,0.46066309899938546,-0.0034348256886005003,0.4538676107415689,-0.0897654294967651,0.075908193955251,87,46,16,73,0.16588664305245315,0.5366011171616193,0.033996180259723965,0.2360633393600803
Good,0.08641745720189971,1.1448409701507196,0.20027532324194885,1.7480782252886673,0.08521169424057003,0.5927020429106278,0.055264790975488684,0.4508977974037077,69,19,0.007989226406707843,1.1535133464634293,0.3403320550025084,21.252798173551735,0.0375884175300598,0.30061001965917766,0.2270331382751464,5.416972362307705,0.37834835052490223,5.40284954772345,-0.0039644006639718956,0.718729303932524,-0.01856946945190425,0.6372115326902812,-0.1513152122497558,0.014122814584254526,95,47,13,65,0.7754168871429851,4.097939633930604,0.07077326739439398,0.7980861696158495,0.06397617980837815,0.4340904729222296,0.03981042416766283,0.3542282441437727,84,18,0.0048567543449900795,0.6315982803183118,0.5308248423772821,6.550185889979124,0.0308362245559692,0.22514027668538952,0.1395616829395294,2.924065267182625,0.2645633816719055,2.892806145882795,0.01789716519415377,0.599005900573035,0.02354829013347625,0.45399696560653136,-0.1250016987323761,0.031259121299830106,50,44,17,110,-0.5002592846233505,2.3160541340635348,0.05227082781181871,0.5222932235794364,0.03942753747105592,0.3323808175171664,0.025728863452095498,0.20298630855821936,82,21,0.0018280165883256155,0.25000292389676304,1.0164130931473583,0.43336391953237374,0.02078148722648615,0.15748678729970172,0.0931515246629715,1.196862686378413,0.2235911637544632,1.1893586157998202,-0.002950011659413573,0.4303430207831084,-0.0025440454483032,0.37435417845247093,-0.1304396390914917,0.0075040705785928575,86,46,16,74,-0.08818357723663604,0.7867277429096527,0.03377778360953635,0.254573777832738
Good,0.08463601841657041,1.1560378454738611,0.19559078879654385,1.8081713256705325,0.07571697235107412,0.5517546346816649,0.053048591190017716,0.46461340401091356,71,18,0.008144396747418368,1.1672667339945968,0.62872999253534,13.196059158389495,0.0372503101825714,0.24853221740360634,0.2270331382751464,4.70773574179302,0.38214755058288563,4.6805349815464625,-0.007026345655322069,0.7162049688544403,-0.0113684237003326,0.4988705500089494,-0.1551144123077392,0.027200760246557702,97,42,14,63,0.6213595766766856,3.4649184466224354,0.07122206169311077,0.8088987430963207,0.06328786164522165,0.52686877911581,0.04161157293245193,0.3879887747769517,82,18,0.004765986882167089,0.6814325301693998,0.1067336778384127,1.6176912906896002,0.03173173964023585,0.25837161338602094,0.1395616829395294,2.233877074553957,0.2645633816719055,2.2175447583758654,0.011020726710557928,0.6379786920947215,0.012005940079689,0.5182617539880806,-0.1250016987323761,0.01633231617809136,61,44,16,99,-0.2693521926369921,1.410789734734178,0.05362141113821474,0.5238470374093077,0.03654344938695417,0.2838835924768777,0.024847083075437655,0.16118151465968011,84,25,0.0017974768426955703,0.24188066250490445,1.1554603841257602,-0.8623559982665099,0.01815278828144065,0.14349005323915703,0.0815469622611999,0.8915063578488356,0.2119866013526916,0.7910956986888691,-0.00544208013452589,0.45398766472137103,-0.0035039782524108496,0.45331155965007985,-0.1304396390914917,0.10041065915996653,88,45,16,72,-0.2333109602943294,-0.001866437088280733,0.03317658931362082,0.18914508395869126
Good,0.0824737845474304,1.1796793667424175,0.19414991140365578,1.8392478084083317,0.08090664446353904,0.3364969833888488,0.052819201424717854,0.38100356019717163,72,12,0.007183472661988538,0.9794463161374157,0.04051270134114393,27.80214007820721,0.0397377014160156,0.16289445598456237,0.1721357107162475,5.256868019239222,0.3272501230239867,5.162521274740254,3.475025296212075e-05,0.6641327317101332,-0.0089989304542541,0.47685532042281187,-0.1551144123077392,0.09434674449896809,88,43,14,72,0.2998579633994318,4.925308161236555,0.06721537115429076,0.7337397568679592,0.05948804318904862,0.6126018102921055,0.04162967028096314,0.385185557959753,76,22,0.0057846128746129235,0.8026643058618821,4.631104206253065,3.9836033124391674,0.0301371663808822,0.2760084671164735,0.2990995943546295,2.766754786692403,0.4834767580032348,2.6494486050707655,0.009816715493798246,0.7405200334702318,0.0075081437826156,0.5657699285209219,-0.1843771636486053,0.11730618162163753,65,49,16,95,0.6210050000630113,1.7244380049484254,0.05950753997823327,0.5042761008526272,0.04555896297097192,0.25889592848704224,0.02642835054779421,0.17695969896281238,87,18,0.0018174948122460768,0.24425735697350284,0.44328264013604723,1.03359159029322,0.0215104892849921,0.12684932936177856,0.0733431577682495,1.155409544936433,0.1845592260360717,1.1192942730707132,-0.004537375085055827,0.43459504322796677,-0.0015277042984962,0.38185516959676424,-0.1112160682678222,0.0361152718657199,82,48,15,78,-0.5158040365341332,1.0571704099950663,0.03350166029853675,0.23533912844060703
Good,0.08080726376914352,1.213430657005715,0.1908144639432428,1.875349731644337,0.08009555935859672,0.43560794453815477,0.05101227788254614,0.35395001823800565,70,19,0.006335276002706672,0.8283023289849971,-0.03754697353162495,22.769050364836662,0.037549376487731906,0.22014347608870083,0.1721357107162475,4.488739553774123,0.2927691936492919,4.393204769405536,0.0033652208745479665,0.644114988556576,-0.010214388370513899,0.5179952949136657,-0.1206334829330444,0.0955347843685875,89,47,14,71,0.5573367689863425,4.295759755075738,0.06303216940604518,0.6429760574871813,0.0499809682369231,0.655144654328774,0.03828483895049427,0.34920186773453765,75,23,0.005435090044879166,0.7326936448945236,5.730353316093122,1.112570320789522,0.0248367264866828,0.325281497922874,0.2990995943546295,2.19212617201583,0.4834767580032348,2.121371074937024,0.012535683903843155,0.7325081032911825,0.00903083384037015,0.6679964735199944,-0.1843771636486053,0.07075509707880594,65,50,13,95,0.6167727128397542,0.9623518024252988,0.05709784524555582,0.4428606140844745,0.05043924227356905,0.2865951367251509,0.029753641705028665,0.18973829263695205,86,22,0.002254231711822334,0.31341118045876615,0.41867338173268465,3.3800162550798376,0.02396540343761435,0.1454424020323758,0.1008093357086181,1.5160708205186924,0.222574695944786,1.440989546997249,-0.0038838127627968773,0.4987266397965783,-0.0009177625179290499,0.4562028058263149,-0.1217653602361679,0.07508127352144336,83,47,17,77,-0.31149815057086566,1.3545634525808197,0.03745099363285366,0.2543283688776778
Good,0.07714623827975046,0.9866336642912141,0.18186959773302058,1.5200866957763195,0.07843270897865284,0.314601589380487,0.049047387298196514,0.35771356394926895,66,14,0.006353639445569919,0.8441881025422882,0.2989625219837406,20.656323894883613,0.037521600723266546,0.16729973007883342,0.1989697217941284,4.7699507024389,0.34526526927947987,4.73185505514071,-0.009056296199560153,0.5573388891468902,-0.01937982439994805,0.3949877428022661,-0.1462955474853515,0.03809564729818966,101,49,11,59,0.6636067265277584,4.325757492052244,0.06255771194184032,0.7304529178439898,0.054912734776735195,0.36989680429546035,0.03326546592870724,0.268812521135675,78,19,0.0031566361583056472,0.4101495262186789,0.6515414303040985,7.56526134064743,0.026298344135284396,0.18976876809389417,0.1270279884338379,2.3242144824252904,0.2654062509536743,2.2949793181629623,0.012293352279812092,0.5084010658843661,0.01112315058708185,0.43582920427404914,-0.1383782625198364,0.029235164262327865,66,44,14,94,-0.39531741158387773,2.298056703040075,0.042816220856918184,0.38945844762480036,0.04239003360271443,0.4142216065080988,0.02777408581925551,0.22446633036039876,78,21,0.002013589126590575,0.2816204254531036,0.28525609291770726,0.5581034341824065,0.021786540746688798,0.1446365031961087,0.1008093357086181,1.3471407480536968,0.222574695944786,1.321609253006523,-0.00392598407343029,0.4543467407450629,-0.00535508245229715,0.3481088138251844,-0.1217653602361679,0.025531495047173617,90,44,16,70,0.008386450550309519,0.8950318976679087,0.03536803592876477,0.2742069740678421
Good,0.08727247553354947,1.1739042919662717,0.20824285455048058,1.8072803317659454,0.0864705890417098,0.5265003736930266,0.05011888209730382,0.4004799054478233,74,15,0.006285564204344134,0.8411145336468313,0.01593459880221726,19.450741212231012,0.042732656002044594,0.18351292804696445,0.1989697217941284,4.558684949266688,0.34526526927947987,4.5064131560317815,0.0019494280219078106,0.6073939877822973,-0.0070946812629699,0.390880635151147,-0.1462955474853515,0.0522717932349067,84,51,15,76,0.33469885063840493,4.0018559075552655,0.0628439405471948,0.6871586987390538,0.06754282116889945,0.6549256754982083,0.044300525271100885,0.4078157881955088,82,21,0.005990358844399968,0.7843196198862278,0.522478375123415,2.5247342540074538,0.0343765914440155,0.2903418290451927,0.1970744729042053,2.737762295954036,0.3354527354240417,2.6474214381442827,0.01880670865066348,0.7051890554404581,0.02093678712844845,0.5708421853746319,-0.1383782625198364,0.09034085780975346,52,45,17,108,-0.2509034684982641,1.4525220326918997,0.058408942086825864,0.5357499565779006,0.04994377121329295,0.43298871494488156,0.031748269032686904,0.2820019426654522,80,23,0.0026832202527935,0.38271206820915,0.41871641958203965,3.051879096126858,0.025264203548431396,0.22937971499582852,0.1175410896539688,1.97399613130364,0.24518592655658722,1.9440356844943958,0.00018675932660699516,0.49469728854318995,0.000357337296009,0.409447404424489,-0.1276448369026184,0.02996044680924423,79,44,15,81,0.0009281723736153877,1.3964957269636755,0.04107949377738425,0.3714655581842897
Good,0.09002088773479718,1.274686991789476,0.21535927813500144,2.021208593267632,0.07218204438686363,0.461935915637718,0.04814712394028899,0.4048655127020717,78,16,0.006648514447431204,0.8625111932428249,-0.21925567556645476,9.54162627789021,0.03710848093032825,0.2340667922688926,0.139559805393219,3.7086354396160957,0.2814593911170959,3.6426688562008382,-0.017128263413906088,0.6613114407225743,-0.02036970853805535,0.4843210947541499,-0.1418995857238769,0.06596658341525735,107,45,17,53,0.2914500188868283,2.869156039137496,0.06233965895648545,0.6520570309507124,0.06544126383960236,0.6215178126404068,0.04187676650646606,0.35128822137937665,78,20,0.005827734511987706,0.694001843539384,0.7337461928532232,-0.5291538098709054,0.03348435461521145,0.2620368526394339,0.1970744729042053,1.7801551576141033,0.33395174145698536,1.6860541086914405,0.02399274620693175,0.7219525434406823,0.0219105780124664,0.571945480572976,-0.1368772685527801,0.09410104892266288,44,45,15,116,-0.11870806731062378,0.6121686700543449,0.05555150320983701,0.4156757974177875,0.05116520076990118,0.5068419466227845,0.0359714277554303,0.2688655698177868,78,20,0.003546275723185136,0.5214746988396349,0.37485654672369106,0.3533194322554958,0.025860197842121152,0.23960969698936735,0.1175410896539688,1.6881683381537722,0.2558056265115737,1.6716160675828318,-0.0038511324673890955,0.6379446091043747,-0.0053798779845237,0.5782900699958158,-0.1382645368576049,0.016552270570940334,88,43,17,72,0.19124203059335204,0.6928772957334286,0.04706843518379275,0.33838051739765024
Good,0.09447846415319268,1.298271108489017,0.22558922726660946,2.022952506415839,0.1004837900400161,0.5945925276348849,0.05852662712335584,0.43908165279467115,64,18,0.008491769067595946,1.2072987172550362,-0.4732452717550135,26.300492680499005,0.045137345790862995,0.2206898276507201,0.1898912191390991,5.9255790032322455,0.33179080486297596,5.787574140766193,-0.0016081921756267506,0.7005286307682802,-0.0147059857845306,0.44490682459126074,-0.1418995857238769,0.13800486246605267,97,46,17,63,0.3986185599237771,4.787911771420075,0.07306252606254605,0.8464976991870415,0.07027421332895747,0.4824577980128981,0.04425947995274325,0.3370156239889662,84,22,0.005583775439324532,0.7223539547188638,0.08947523146824654,2.2809391880320726,0.036943286657333346,0.24778777301010263,0.1425293684005737,2.3590563139513536,0.29788997769355774,2.3014183499496212,0.018929440365172905,0.7319576187751667,0.02130876481533045,0.6295514398351082,-0.155360609292984,0.05763796400173224,49,41,15,111,-0.44784342346837924,1.140623738485824,0.05613582752228533,0.43196296025915404,0.05316187068819993,0.489413791881916,0.034151571113616185,0.26453208821775176,79,22,0.0030019271602926513,0.4462343031098468,0.2641843099398735,-0.4844287429834817,0.0276510640978813,0.24230076476230777,0.1054296493530273,1.3414917889365312,0.2436941862106322,1.1769854279322507,-0.0033738493919372504,0.5904662568723924,-0.004786558449268299,0.5285794107555144,-0.1382645368576049,0.16450636100428057,90,44,15,70,0.09386712730691021,0.5673890394325984,0.04331916496536533,0.31238422272091904
Good,0.08913355786430625,1.298587668101167,0.21290663756430125,2.049729662517044,0.0579615533351897,0.5277412059828489,0.04692122212145474,0.4511321533352455,69,16,0.006895410783929166,0.9739770818105135,0.7521494443092771,7.277921727288337,0.0291192233562469,0.2230679308798284,0.1898912191390991,3.643502176141659,0.3537357449531555,3.527400299212454,-0.01310203410685061,0.697569889911129,-0.02108797430992125,0.44436540880340675,-0.1638445258140564,0.11610187692920476,110,46,14,50,0.7187668212784653,2.625041510036307,0.0645290120873917,0.698121286382165,0.07179728895425787,0.4523483179417913,0.04326116556185294,0.3340267182091157,90,20,0.005346304893315616,0.7463423435797956,0.22918127258930765,0.004641312592060132,0.033882945775985704,0.2373486160567828,0.1339225769042968,1.7452943945828454,0.2892831861972808,1.633877541793292,0.016162818903103456,0.7531823635965895,0.02213954925537105,0.6490968271033326,-0.155360609292984,0.1114168527895534,53,40,16,107,-0.5071570325812207,0.8031740023660172,0.05567383761376854,0.4231532473547264,0.06380736827850335,0.3568123388125387,0.035506026019575046,0.2382429677968494,83,21,0.0032007842574464517,0.4612048090037527,-0.3373059691032543,0.8558805667251814,0.031916297972202246,0.18797784637839926,0.0867930203676223,1.4955705616877362,0.2253452688455581,1.4486926559945021,-0.008870379161089657,0.5989774090093256,-0.006928682327270451,0.5586260243780704,-0.1385522484779358,0.04687790569323407,90,41,16,70,-0.2232454763875685,0.9429665585958712,0.04397605448414502,0.3200482346463229
Good,0.08965265502450001,1.207659525608318,0.21439091004431224,1.904580292234007,0.08506387472152703,0.3496964711207645,0.052868233211338475,0.3791480867225149,78,12,0.007022436197055122,1.0091308351245514,-0.19591962000440777,25.64408762311902,0.04246237874031065,0.17771553737460877,0.1874396800994873,5.292486534861999,0.3512842059135437,5.203714440434697,0.0050616100430488555,0.6639131287781747,0.0023533403873443,0.4906965662788739,-0.1638445258140564,0.08877209442730181,77,46,17,83,0.013729354304358328,4.710958848113175,0.06626345532325995,0.7538900400990359,0.06738590449094758,0.49262970148815477,0.04026072560460303,0.3156791417644038,86,21,0.004825684986265137,0.6128946664274342,0.370428811923746,13.526202068662474,0.03296655416488645,0.23104415322501315,0.1366982460021972,3.175341899648259,0.2846697568893432,3.0966121863561624,0.018397703813388927,0.6184515736563906,0.0208761692047119,0.5435861327741565,-0.147971510887146,0.07872971329209637,55,44,16,105,-0.4199168215427081,3.0330354068953778,0.05190778093475332,0.480012830525777,0.06322780624032012,0.500719435324958,0.03684201244032007,0.27482286857970434,82,23,0.0034439952979072454,0.4937094826415599,-0.40628165260863325,-0.42775666477379914,0.0315079241991043,0.253662580059509,0.0871146619319915,1.5033888527811685,0.22566691040992728,1.395161071354764,-0.006684420164674518,0.6222155897994418,-0.0063345357775687495,0.5513118332872651,-0.1385522484779358,0.10822778142640459,88,40,15,72,-0.19753331348526543,0.5612100578740273,0.046055100586873544,0.3264310684541114
Good,0.08670074492182465,1.1432149354481063,0.20802058115601518,1.806936820866343,0.09851585328578943,0.4023873069003113,0.055900672334246296,0.4204322005989324,75,13,0.00717103613331129,1.0551137760332714,-0.48355400191716047,20.994766056671164,0.0486096441745758,0.19757243512756195,0.1874396800994873,5.289626621010596,0.3428496122360229,5.194724848403515,0.0010011177510023173,0.651693860941406,-0.003992617130279499,0.46181296695485036,-0.1554099321365356,0.09490177260708087,85,44,18,75,0.22443720565261377,4.25692763273535,0.06714966178848264,0.793982926544743,0.06822476536035532,0.3436480140988324,0.040598689548205544,0.2942933010681563,76,23,0.004284868872902895,0.5841525644988657,-0.029257904627801867,3.0419764732088703,0.0340306833386421,0.18349261753006793,0.1366982460021972,2.2339349110124878,0.2846697568893432,2.181914296234999,0.010676564974710336,0.6355312095515914,0.0071262866258620505,0.5943961881011565,-0.147971510887146,0.052020614777488504,71,44,17,89,-0.0005448294291981777,1.4030447068689507,0.05079547353582207,0.424561710690869,0.0535426810383796,0.34401765942878826,0.033012400360894346,0.26208997333367334,75,20,0.002694562690761223,0.38767445603215583,-0.24935320553366047,1.4603179920206042,0.0284094065427779,0.1849344528870726,0.0888031721115112,1.7090205327126922,0.2014759629964828,1.6628441077737741,-0.002136265812441702,0.5197117503733458,-0.005882114171981751,0.42733500164765353,-0.1126727908849716,0.046176424938918124,90,42,14,70,-0.05097621811242955,1.2670252751832278,0.04111084020662859,0.3428908755800144
Good,0.08952972439272507,1.2174874877083166,0.213567666262388,1.923127830717503,0.09883254766464222,0.43934017291081684,0.05573046040255573,0.44461871094433925,67,14,0.007598334006131992,1.0985194776664007,-0.35767244950814936,18.040859481685718,0.04406836628913875,0.16982827823928398,0.1639794707298278,5.095157671474266,0.3193894028663634,5.064255243530244,-0.008242280408740027,0.6975225879370008,-0.02186754345893855,0.46425086853890773,-0.1554099321365356,0.03090242794402193,99,45,15,61,0.4620385921959562,3.9141625969925258,0.0686328198990233,0.7822926031761195,0.0715198628604411,0.6122332531255407,0.04478025017189789,0.3490489261136265,78,20,0.00504310721303553,0.7109749756451746,-0.27995158485179816,1.1765911585826077,0.0367080122232436,0.3077224971535246,0.1531347334384918,2.03539791798301,0.2738487422466277,1.933681335714303,0.007534122047945855,0.7064312906755099,0.00679783523082725,0.6401093313876355,-0.1207140088081359,0.10171658226870725,74,44,16,86,0.3209963417539551,1.1583647835716306,0.05580900955748574,0.4603583465081389,0.05227199941873537,0.41896666744942146,0.030820950513007074,0.26211111421918315,74,23,0.0025357828870224155,0.3786792686145454,0.35556222285591543,1.2696304221199455,0.0274327732622623,0.19102861612520597,0.100081592798233,1.6365289725734562,0.2156690955162048,1.5996999047611498,-0.0021236567292362385,0.5191739521049924,-0.0052938982844352,0.4467123072632123,-0.1155875027179718,0.036829067812306375,90,41,17,70,-0.027787974584022872,1.0731388933093273,0.039878486960383014,0.33035991898265815
Good,0.0793714431158986,1.1460930552094584,0.19001761704683282,1.8016377018639145,0.08352065086364738,0.5702861349218249,0.04763334984891112,0.3943093366820088,65,19,0.005694822724263411,0.7750303463678074,0.008239726884812448,14.471785627864854,0.0327717959880828,0.2577350407149241,0.1639794707298278,3.948539364717814,0.31379365921020497,3.919571542068157,0.007521144300699242,0.6282530068537366,-0.00577971339225765,0.457019768688839,-0.1498141884803772,0.028967822649657197,86,49,14,74,0.48162823452292336,3.299849082328945,0.059369403983713064,0.6167077960809689,0.0643928498029708,0.4195585491109177,0.04138336543343026,0.3114650007421195,79,20,0.004697362598602518,0.6468788998179822,0.06219265734676949,2.7836133623973423,0.032723277807235704,0.20969701537551402,0.1531347334384918,2.2191876651449056,0.2738487422466277,2.138308475603821,0.009903265815228218,0.6857718215977482,0.00799950957298275,0.6219788929329169,-0.1207140088081359,0.0808791895410846,68,46,15,92,0.22650750722201438,1.4335850979278446,0.053438044538466234,0.42023315971075925,0.04631211236119265,0.3099965042675523,0.03014518778305496,0.2577449741456007,77,19,0.0024689582896918025,0.36155907583484215,0.2692718569282775,1.7584941317011573,0.02452622354030605,0.15789718802673142,0.100081592798233,1.6045126796273523,0.2156690955162048,1.5972635876608618,0.0009178373962640774,0.48761287341242954,-0.0007223188877105,0.41541149039672176,-0.1155875027179718,0.007249091966490542,81,44,18,79,-0.041841771805171006,1.4492400539179238,0.039394875707654285,0.3518419553113529
Good,0.07421709293609588,1.0262960336632836,0.17683664534240937,1.6343288776777165,0.05596758425235745,0.3663350566674615,0.04337287102825936,0.3612807658066962,70,15,0.005599397563031972,0.7526936380622535,0.31041899979074294,13.860908890240282,0.0289457440376282,0.15446482172187567,0.1413227319717407,3.762738167861164,0.289718747138977,3.6823131231769235,-0.012706115469336494,0.6108038667064278,-0.02140611410140985,0.43556976207135156,-0.1483960151672363,0.08042504468424065,106,47,11,54,0.494351913480434,3.5131745657141216,0.05795837245328609,0.6161268331104643,0.0562746822834014,0.37216563564279387,0.03414500484825108,0.25115139077714155,83,24,0.003351169632484923,0.42302996723135494,0.4265142803364874,-0.1354992115774043,0.029207419604063,0.1959977551932572,0.1322857439517974,1.325218185837162,0.2674441635608672,1.248931573248126,0.014825282339006655,0.5680686162146742,0.017838746309280347,0.5571605141441986,-0.1351584196090698,0.07628661258903603,62,46,14,98,-0.06466207171072678,0.6761114909809227,0.04343365676229923,0.3167459778802253,0.047340838238596805,0.33109149315044384,0.02828005811257749,0.21232812273258017,78,19,0.0019885273787356435,0.27450686529199764,-0.3147966564451421,-0.22086455603121813,0.02402507886290545,0.1662282602240739,0.0909682512283325,1.096690928451219,0.1689710021018981,1.0343981051405682,-0.0018192471703514436,0.45545639475661465,-0.0021426677703857,0.38043557178883025,-0.0780027508735656,0.06229282331065079,83,43,15,77,-0.02117422723858347,0.7531311203368215,0.03531735656030892,0.2589716929845894
Good,0.08511696942994015,1.163020477949641,0.20051237929612375,1.8445710190726503,0.08351381123065935,0.6475464733855734,0.05491207483224566,0.43245018936623064,73,20,0.0077718369210894814,1.1291481708199067,-0.3236428059858407,21.13911524799942,0.039435863494873,0.31677637825925103,0.1809999346733093,5.270040587825295,0.3349356055259704,5.202752824611867,0.0014369167387485483,0.7280731727227834,-0.0043371021747589,0.5803731740262354,-0.1539356708526611,0.06728776321342825,83,48,15,77,0.2590424014813143,4.13589464542772,0.069898998803111,0.7739881303878547,0.06550586782395826,0.4193498606574712,0.038099437113851276,0.2724358879800285,86,20,0.0041838729039074055,0.5390490932038579,0.4156221574323422,5.259426250387943,0.0306720286607743,0.19014202016954826,0.157296597957611,2.2525300351364836,0.2924550175666808,2.1816546060152144,0.014677178114652616,0.6295996221571604,0.0184803754091262,0.5271544621391431,-0.1351584196090698,0.07087542912126918,56,44,17,104,-0.23936598122360792,1.814744201165426,0.049138500270542736,0.3776948622677026,0.050271503627300124,0.27622320897548436,0.029810589016415135,0.18405043982610952,80,20,0.0021798295376694314,0.30710387408670187,-0.0608762339104052,3.3847897944100405,0.02442687749862665,0.13280974010027088,0.0681624114513397,1.5234375295581322,0.19390018284320829,1.5026682098661948,-0.0013153165346011487,0.4868982241927066,-0.00142162293195715,0.4416638940752925,-0.1257377713918686,0.020769319691937363,84,43,15,76,-0.3266272259794735,1.480375740107361,0.03700298683789572,0.26463936472998606
Good,0.07226251496192708,1.094281004562629,0.1679648262262342,1.7350152035467972,0.04672493040561665,0.6872203845916526,0.04093682841397818,0.423185118924474,71,17,0.00547588783450528,0.7588413411564425,1.3407651521090598,4.216541821362103,0.023910462856292652,0.28664295143802176,0.1809999346733093,2.8376231229890703,0.3349356055259704,2.806034110103046,-0.012628429383039458,0.6628283176613644,-0.015586078166961649,0.5136902586053145,-0.1539356708526611,0.03158901288602416,103,45,15,57,0.7294270322611625,1.849329886736899,0.05730160890215679,0.5652432772379056,0.052761375904083155,0.4183909524916005,0.03220241059549149,0.2294547541605076,76,20,0.003007699292787871,0.42323574596240704,1.442224249987432,-0.5339672305123955,0.02501379698514935,0.1447413303807947,0.157296597957611,1.2407330050476222,0.2847969830036162,1.214370075864878,0.0076642388477921415,0.58659706539149,0.0054889768362045,0.504694242760402,-0.1275003850460052,0.02636292918274402,70,40,15,90,0.24490741756944048,0.4340371805086656,0.04280799902770671,0.28131766534737734,0.0458835065364837,0.3504978144885804,0.029022567821666557,0.23527769065038226,83,23,0.0022488128361639495,0.31991120624187447,0.3328601270834932,-0.4194362789135111,0.021463274955749498,0.18859439575497394,0.0863205194473266,1.14981769559471,0.2120582908391952,1.1185958460247518,-0.004376334697008127,0.4855898204939426,-0.00178193300962445,0.4644544998787944,-0.1257377713918686,0.031221849569958004,88,45,18,72,-0.3951304275967069,0.6031668747298317,0.03735070194212608,0.29002367571378584
Good,0.08363530909449145,1.185316861305662,0.19846809074282623,1.849209473795588,0.08452209830284105,0.5051011717076683,0.05357922059483822,0.4012853123056007,65,19,0.0071645204371636505,1.0182038709802919,-0.07760048050681867,28.318794142726922,0.04008406400680535,0.23371754009849197,0.2286386489868164,5.551998134576626,0.34961050748825073,5.497035513274212,0.007445373386144649,0.638040496979661,-0.00376543402671805,0.4666266709015562,-0.1209718585014343,0.05496262130241372,84,48,16,76,0.46391140125706,4.958952046826776,0.06670986038489171,0.7817340949416488,0.06385175511240952,0.5480454751516719,0.04189448893070217,0.3283295950103187,77,21,0.004694000718654327,0.6769197995548533,0.2300656259766689,2.6161525751218653,0.0318282544612884,0.2924341131209959,0.1514956057071685,2.3077741717748386,0.313156098127365,2.12494422639138,0.0051513105630874596,0.698840404445358,0.0019730776548385,0.6591203290321086,-0.1616604924201965,0.1828299453834587,77,40,16,83,0.07104589431784693,1.4228570307440918,0.05408788049316684,0.43421410464136434,0.04849354922771445,0.3734325451586721,0.029425232147332236,0.2163456668019103,82,24,0.002225347222133962,0.3326005209743181,0.017838441098241287,0.17227843836316126,0.02545501291751855,0.2026841948173006,0.0863205194473266,1.3183671408716073,0.199275568127632,1.2295943701428194,-0.0012223771773278707,0.5123285723705691,-0.0006413981318473499,0.5066923275836699,-0.1129550486803054,0.08877277072878793,81,42,17,79,-0.0316655380677337,0.6444604540138453,0.03739098613834033,0.2648017275378934
Good,0.08397551033994688,1.1853225977561823,0.2024808780848978,1.8449418154604422,0.0883357077836989,0.46487625780701836,0.05214390140026803,0.37751096925713123,63,16,0.0064710332028688035,0.9031844448923831,0.06272231669613948,20.726136730417963,0.037378460168838445,0.22648514486372634,0.2286386489868164,4.805761172283342,0.33725428581237793,4.762532307092698,0.008642062544822703,0.6183574445191904,-0.0097984969615936,0.45177626400358606,-0.1086156368255615,0.043228865190643256,94,49,15,66,0.7430212945068235,4.244665980612132,0.06320345907868746,0.7216775704565574,0.07236347720026959,0.5081478976229276,0.04454441057983782,0.3529345296158031,76,21,0.004936178903240028,0.721126900014399,-0.17987892276331108,1.2823928817231067,0.0361626408994198,0.25349507433355534,0.1397142708301544,2.200999211552356,0.3013747632503509,2.0932159804273116,-0.0013718518428504443,0.7098748231422704,-0.0070847719907759996,0.6358852860757042,-0.1616604924201965,0.10778323112504426,87,40,16,73,0.0957581600049821,1.1809760109858634,0.05570117790199071,0.4660521810732454,0.05680734291672698,0.39467792129237067,0.03134680003742683,0.2369061090700842,81,20,0.0024041007725994555,0.3548543210915824,-0.457645637196459,-0.10137680223827639,0.0282935351133346,0.20172408438832035,0.0841286331415176,1.2753706608223183,0.175740361213684,1.2201737249769287,-0.003953482862561937,0.5167095477989812,-0.0029064938426017,0.47640708395169806,-0.0916117280721664,0.055196935845389684,86,42,13,74,0.10823617427659087,0.6842244599977741,0.03868183987000089,0.29642126156022414
Good,0.07619036341834624,1.0153773391207224,0.18066319257020927,1.6014493866296338,0.0616209357976912,0.3104055221106222,0.04254668839275834,0.3406187212109038,65,14,0.004792641632917161,0.6741482673657133,0.10436625513973619,21.68425759319043,0.03044199943542475,0.13312165970777406,0.1427172422409057,4.283685767336116,0.2429644465446471,4.246279070384497,-0.004566770792007432,0.513444947256985,-0.0160374045372009,0.35199057432253966,-0.1002472043037414,0.0374066969516193,103,45,12,57,0.8041465888814553,4.33470176391274,0.05471063387703217,0.6407203395413519,0.06711493059992779,0.575927562769797,0.038779020410729524,0.32992682273203633,73,19,0.003892461656794093,0.5222762562480778,-0.03110083621498605,0.8123973092355827,0.03241518139839175,0.22625471872981018,0.1399820744991302,1.8058595869133987,0.2663629949092864,1.7085979086430525,0.0007940010167658401,0.5914518477787428,-0.0025556609034538,0.4477519460565298,-0.1263809204101562,0.09726167827034618,87,43,16,73,-0.042566233898284234,1.188473229039745,0.04947175648480918,0.415284201490002,0.049556497484445475,0.3577366495110699,0.02974884361028667,0.22509522135391202,80,22,0.0023165259065176876,0.32687621037547987,-0.14268686746759052,0.6658583435719594,0.02468842267990105,0.18314944713370077,0.0965512245893478,1.3827543040907249,0.1987820118665694,1.3288790700038238,-0.009163193218410007,0.4965525915939059,-0.008910462260246249,0.4413209297949252,-0.1022307872772216,0.053875234086900994,93,41,14,67,0.08480795817440742,0.9408499191614211,0.03704648898721563,0.2833932500199247
Good,0.0807536095875812,1.1018029774088127,0.19169753104448298,1.7371785232711596,0.08126959204673764,0.3518124354057007,0.04627211811486628,0.30678627130277825,73,17,0.00513215125742707,0.6834904166426571,-0.5197023127573246,28.152149928482057,0.03889092803001405,0.16985007842355412,0.1427172422409057,4.444064950918867,0.252130627632141,4.402277957019701,0.00544166676700115,0.5452715440508309,-0.00053268671035765,0.40227095102715127,-0.1094133853912353,0.041786993899166645,81,47,15,79,0.37859298572765054,4.982817578715599,0.05655059780310138,0.621425264928197,0.06346160173416125,0.37098788956382445,0.04092430650140155,0.25067924714718,81,24,0.004615316735935199,0.5544160355622725,-0.07901325828594086,9.227462173710492,0.0335043221712112,0.18139563439197942,0.1399820744991302,2.4907315469998803,0.2663629949092864,2.4308381943692083,0.0137619369663298,0.6406071146769585,0.014624670147895799,0.6303987300519263,-0.1263809204101562,0.05989335263067219,63,44,17,97,-0.17638904275091044,2.36617048678613,0.05207814206942326,0.37952412332753577,0.04159631952643385,0.32929087455072653,0.03139137575752097,0.2132321804281666,81,24,0.0025749598502683092,0.3723736907118548,-0.029787086534172058,-0.5674131893172087,0.022033594548702247,0.17262699275980106,0.098676711320877,1.126854193890843,0.2009074985980986,1.0699615611406257,-0.0033481392078101636,0.5512998645433701,-0.0025689974427222503,0.5237373076716207,-0.1022307872772216,0.056892632750217234,82,42,13,78,0.03626542334103641,0.2438773212965598,0.04010225759748962,0.2616145066052654
Good,0.0783794485568607,1.0607974135943412,0.18695792887359836,1.6746994081005775,0.0730881094932555,0.43568831828308024,0.04533338213805106,0.3512810486067188,65,17,0.0055142351115902545,0.6997779536839802,0.14012465326824497,15.957044494490049,0.03766572475433345,0.20931330360599143,0.1597726345062255,3.795136647183987,0.2768282890319823,3.745145929837388,-0.014770396426320068,0.6015350604644224,-0.0225672423839569,0.46094855613652447,-0.1170556545257568,0.04999071734659913,106,45,14,54,0.6554047230264127,3.5346356858945995,0.05699592689102268,0.581320500856493,0.052553296089172245,0.3853013959378738,0.03371561573439974,0.23414236090334914,75,27,0.0036918402556486147,0.40109991075562546,-0.05384608405103952,0.3895564471508095,0.0268200635910034,0.214769363713451,0.1238244473934173,1.488271083827114,0.2272633016109466,1.419250583094501,0.02169811443891374,0.5612004119120796,0.0201290994882583,0.5882223622184658,-0.1034388542175293,0.06902050073261295,49,41,15,111,0.07330157291474994,0.580122357289074,0.04299003236323961,0.29352003070546595,0.047573648393154075,0.31817605499643437,0.030373461892595467,0.22888660890200466,78,23,0.00241567489293992,0.34279711234880605,0.2482590081554399,-0.4905634609723313,0.023856636136770252,0.16657759216076945,0.1210764721035957,1.1713305837975947,0.220275156199932,1.1172595276148989,-0.0031997068319469663,0.5119639357240754,-0.00452005118131635,0.47580668349647903,-0.0991986840963363,0.05407105618269588,86,43,15,74,0.18758272263346912,0.3815110983972644,0.03884571882422319,0.28405992478123504
Good,0.09861520336291903,1.3378021987891489,0.23521800560876704,2.072507876482179,0.11362278461456293,0.5470118095070367,0.06839331594761458,0.5732417300328375,83,13,0.011172219013252044,1.6492362116605912,-0.39397396024822084,17.38744125078297,0.05597364902496335,0.2879565429205312,0.2098222374916076,6.251890928043538,0.4195274114608764,6.181737460561461,-0.0013065192848443984,0.8525179088218954,0.00640270113945,0.6335774629127897,-0.2097051739692688,0.07015346748207713,77,44,15,83,-0.09219953788452213,3.7068029142085877,0.08381428941462697,0.9604423078970091,0.06701575219631192,0.5872614475412733,0.04035347672179338,0.36332128573933603,88,19,0.0046807295725631885,0.6887034687951116,0.7407310968920835,8.663183290010569,0.0334926173090935,0.2426574909555122,0.1360526978969574,3.144672328386005,0.289005845785141,3.070104756822407,0.007819567807018743,0.650815678741484,0.0130243971943855,0.4940708611608801,-0.1529531478881836,0.07456757156359801,58,40,16,102,-0.6984365161325362,2.396067443822149,0.05368728781208161,0.5149198200684968,0.0627700644545256,0.5140929398548618,0.0369332100800238,0.33153460419400693,74,19,0.0035133514244366747,0.5118952005242269,-0.20296562190268874,2.28544656671406,0.030269056558608995,0.2648153156865155,0.1179548501968383,2.1609335177495503,0.2230653688311576,2.0968819148683235,0.0044673314318060845,0.5691742889187996,-6.604101508855469e-05,0.47837226134138155,-0.1051105186343193,0.06405160288122669,80,41,16,80,0.04295606071865393,1.4202029665873324,0.04679286716757517,0.43351566218304705
Good,0.09762717409711827,1.3600326656652846,0.23203150333836653,2.11748199791255,0.10761354863643638,0.5882407621114712,0.06464918309357012,0.5815968927368111,75,13,0.010459383363797299,1.5305886153807036,-0.27445911311094084,10.681444973607396,0.053733229637145954,0.29908030455873263,0.2098222374916076,5.423127932774756,0.4195274114608764,5.333954822143844,-0.005254528298974032,0.8179602791656589,-0.0077326893806457,0.5916501739244866,-0.2097051739692688,0.08917311063091221,90,45,15,70,0.1236745026635321,2.9997153466835225,0.08093481830968194,0.9281861866500392,0.06623889505863183,0.3268118963003604,0.04019569055410098,0.3081030077455042,83,17,0.004478080621030428,0.650943617540367,0.5215256399789872,4.987452330799064,0.03293144702911375,0.16473366066731393,0.1360526978969574,2.3822888869939858,0.289005845785141,2.307136498978755,0.008702673204243176,0.6629468989000226,0.0107309371232986,0.5559477673024023,-0.1529531478881836,0.07515238801523068,66,41,17,94,-0.42261749172302426,2.0943672726995377,0.052346824689645396,0.4598315199931496,0.05989379156380882,0.5394713813216772,0.038796050208475166,0.3432248606909103,75,19,0.0039466049497120445,0.5976935764993088,-0.2871591472659132,0.6037257752104557,0.03187674656510346,0.30740894554945375,0.1179548501968383,1.9073127421813407,0.2230653688311576,1.8350143748116514,0.0018591970554552948,0.636574819846869,-0.00018474459648130606,0.5758219460668648,-0.1051105186343193,0.07229836736968931,80,40,16,80,0.05985855770273542,1.0254739690644663,0.04978617402860512,0.4387095568097816
Good,0.0972767338915365,1.3770278983713427,0.23181463254615642,2.1450981027715015,0.10540537536144245,0.6189732327443619,0.0608946401579305,0.5177879126917369,69,15,0.009072398068610026,1.3533847805532446,-0.5309552332713117,19.821835927951128,0.05238825082778925,0.24113528391392636,0.1795588135719299,5.754059866415181,0.3348962068557739,5.687363884725641,-0.0007717501372098868,0.7866938398347572,-0.009616315364837601,0.5108569276756522,-0.155337393283844,0.06669598168954054,92,49,15,68,0.28857143855163114,3.9622182785410263,0.07553351170705279,0.8570283442916518,0.0743260458111762,0.6163548894694904,0.04688747017411511,0.377576225233385,83,20,0.006009093736732578,0.8682686660902106,0.820434708219747,5.3756689975378595,0.0372872650623321,0.32248431112863796,0.2038455307483673,3.0888386830218133,0.3886893093585968,3.082764326367916,0.011920408718287942,0.7646876483835906,0.01677520573139185,0.6776294627471118,-0.1848437786102295,0.006074356653897393,68,41,17,92,-0.21002475220607913,1.8561980560207545,0.06030186072160105,0.5324673384347481,0.059557815082371124,0.4933490793182439,0.035919485136400864,0.2931963590020696,80,20,0.00324826696707763,0.4882580337552035,-0.34590924382211874,0.5908571188141312,0.03028205223381515,0.22795395276384192,0.1102046966552734,1.6996588740513319,0.2083455845713615,1.6002249625182767,0.001081523217726497,0.5937166145531538,0.0009469985961913501,0.4956056980743318,-0.0981408879160881,0.0994339115330552,78,40,17,82,0.029370400539016434,1.03614159355683,0.04518581802283758,0.36845435993993236
Good,0.09582815259313225,1.3407292143654193,0.2267200018465517,2.0799355762625007,0.11292710900306697,0.6022501231244931,0.06392529421020295,0.560194799101199,71,13,0.009724762370658226,1.452157495370175,-0.5702162764171059,13.387497793789422,0.05554628372192375,0.30813248972766066,0.1795588135719299,5.509692734882644,0.34777337312698364,5.408614317570349,-0.004702534899115557,0.8111680960741875,-0.0168131291866302,0.5876825063827281,-0.1682145595550537,0.10107841731229542,93,46,17,67,0.273096570243516,3.264860877122797,0.07806375492918763,0.8911586925354839,0.07034818641841395,0.6370810692469409,0.04361220334307288,0.4030135860476525,87,20,0.0055886506132771414,0.8115597640710479,1.263359503342338,0.4216549379863972,0.03352329134941105,0.3077899181413529,0.2038455307483673,2.133289578334308,0.3886893093585968,1.9796419310888649,0.011504685599356879,0.7462802539319601,0.0174553990364074,0.6094663655592807,-0.1848437786102295,0.15364764724544314,60,42,15,100,-0.3214559215691002,1.0913150986087057,0.05815225163198628,0.5046043466541847,0.05100691970437755,0.4245239325289526,0.03136563553416631,0.26478466227967484,75,19,0.0024909472375197112,0.3755118237754096,-0.14267355082669297,-0.04936473623179971,0.0250732917338609,0.17168681961404947,0.0981777906417846,1.3484787550119288,0.19631867855787272,1.3130530579711586,-0.001275784382596604,0.5224872262563534,-0.0059559307992458,0.4075384495579329,-0.0981408879160881,0.03542569704077019,90,43,15,70,0.30964357574522133,0.9090033863110637,0.039560025534442315,0.32018576197943555
Good,0.0930850366136128,1.2493170867146781,0.21403427138924577,1.9250325345941293,0.10567884147167197,0.7400814191174883,0.06144143987447019,0.47999250746450817,71,17,0.009195069390230933,1.3657199803530746,-0.3948686400116572,24.474979073616442,0.05199155211448665,0.28541454579916425,0.2031771540641784,5.951075732083777,0.3713917136192321,5.855139769216487,-0.002588519454002375,0.8061685793514204,-0.010356277227401699,0.6065589539259666,-0.1682145595550537,0.09593596286728986,91,46,14,69,0.32122809764919663,4.476513640923954,0.07600210480985137,0.846056855075111,0.062444118782877846,0.5062489059279399,0.04395017086062576,0.36920803136068037,84,19,0.005795223446129745,0.8133809769344077,1.7568153849458419,8.745077883967266,0.0315121300518512,0.2694667586148153,0.1397888660430908,3.2649015066105873,0.38162139058113087,3.2065860184400607,0.014265724923461665,0.706919046317973,0.01806718856096265,0.5815628729666038,-0.2418325245380401,0.05831548817052652,61,42,15,99,-0.5707802556242664,2.6298437924202154,0.05865154533173417,0.5600414617573376,0.04533441644161925,0.26768909192944607,0.02602904996136198,0.19615485211257727,74,21,0.0017365849981912454,0.24009959233275777,0.31478379738912343,1.804923916799324,0.023101024329662302,0.13334571386176647,0.1095974519848823,1.3001500959245764,0.18155931681394571,1.2465568859966292,-0.001004273910075419,0.4119449089247361,-0.0021068435162305,0.3363961801826333,-0.0719618648290634,0.05359320992794716,89,46,17,71,0.5200744579000091,1.3633778729485504,0.033032967070676496,0.265331838164493
Good,0.09514835156342535,1.3558131426666566,0.2217621662840245,2.0879255429271675,0.10220938920974726,0.7976216999038904,0.06154313345905389,0.5428552054886495,75,17,0.00923044402067002,1.3552891671605227,-0.4129503312595171,12.835966017975855,0.0476698279380798,0.34759554029097744,0.2031771540641784,5.188339163906538,0.3614502549171447,5.073240449786834,-0.00043257512152194424,0.8121038982988402,-0.0045103728771209006,0.6205040254857173,-0.1582731008529663,0.11509871411970475,85,43,14,75,0.22151115053970408,3.0926525410895134,0.07619135388431572,0.8341321391292568,0.06836796551942814,0.5982761028006053,0.04660792294074777,0.3686937224881,77,25,0.006235945846366913,0.8931900200632817,1.2568252933617066,2.6767609759665065,0.0339982360601425,0.3237523474389943,0.1472710371017456,2.648044648552616,0.3891035616397857,2.6276093627557207,0.0133703994564712,0.8069403814369348,0.010332256555557199,0.7944441381620653,-0.2418325245380401,0.020435285796895387,67,43,18,93,-0.30767016485559456,1.2435843120167853,0.061172596917976864,0.49197280501029345,0.051524482667446025,0.39519508218098587,0.02995742953178701,0.261972230735142,79,22,0.0023133250982910244,0.33592358581462156,0.17992443796358604,2.337255926356063,0.02576185762882225,0.20330151587941137,0.1095974519848823,1.6308009228220763,0.2164404466748237,1.5785659131641971,0.0006777907023206346,0.46888126319139284,0.00035554915666574996,0.355538660124333,-0.1068429946899414,0.052235009657879146,79,43,13,81,0.027469986909705993,1.4102117230326048,0.038137372168520464,0.34069626772635103
Good,0.08881697074023795,1.2509420012652734,0.21003186680376507,1.9368789422383634,0.08966681361198413,0.5227460048192138,0.054670043690130066,0.45198962047956626,82,16,0.007360830677723869,1.0945721081315538,-0.38351477810161594,22.22256833180919,0.045063734054565346,0.20234042979221223,0.1527361869812011,5.453192161434389,0.31100928783416737,5.375132149469061,-0.0038562428206205313,0.6674643164090255,-0.0029295682907103998,0.4133089096896413,-0.1582731008529663,0.07806001196532765,82,43,11,78,0.02806838753770031,4.322028560612415,0.0679300310753476,0.8056447693941703,0.06792470067739478,0.5049889338481801,0.045243717981502375,0.3389562867311276,74,24,0.005530361555918304,0.8110044990024856,0.28460909432036985,5.485794276110626,0.0335628986358642,0.26396727549968957,0.182924598455429,2.841319756175101,0.3261831998825072,2.7598163270078615,0.00994061268866062,0.7691067857118493,0.00589428842067715,0.7143550258802867,-0.1432586014270782,0.08150342916723967,71,42,15,89,0.2579111792311814,1.6717451874684606,0.05812725308768667,0.46848612698187014,0.0537009611725806,0.3590192817773248,0.03139013461302962,0.25882576854304673,88,19,0.002509670951010742,0.3682670191609293,-0.25158630853884345,3.646203144925483,0.02791523188352575,0.16187939869463913,0.0947761386632919,1.8903288975908552,0.2016191333532333,1.841959159360238,-0.002049328247085215,0.5003078401174883,0.00041217356920235,0.39833532728607535,-0.1068429946899414,0.04836973823061718,77,42,15,83,-0.1869425027051414,1.641574343868603,0.03967597816549191,0.34345172044685274
Good,0.08179451067500212,1.1822371451789493,0.1957094698399303,1.863762024489436,0.0719450563192367,0.3923764943119009,0.044654651246964897,0.3225428426853213,76,18,0.005528433682414253,0.7519268752053351,-0.16581593854469778,24.014369857545894,0.03485205769538875,0.18297029691400754,0.1527361869812011,4.212477754657075,0.2708231806755065,4.191553480736233,0.014100005477666844,0.63431135956597,0.011372208595275799,0.5156790759231907,-0.1180869936943054,0.020924273920842132,61,46,16,99,0.09672950192765098,4.4271989766674835,0.05724457863574131,0.5912495026052079,0.06802270561456672,0.6078567342025726,0.044148544137715316,0.38043973567970146,75,21,0.005286768611140951,0.7894230646062834,0.3629878399519093,4.039875154045434,0.033010065555572454,0.2792031330895135,0.182924598455429,2.8058986178160574,0.3261831998825072,2.6986759281177597,0.00889874040149152,0.7247176527268082,0.0042537003755569,0.6020774386125742,-0.1432586014270782,0.10722268969829757,73,39,19,87,0.15548160014703136,1.757680238733626,0.056967763597389066,0.5140110781222802,0.057083304971456424,0.3624827515665176,0.03276371131651099,0.2643410601007901,92,19,0.0026416801180003512,0.3873555428106158,-0.4647395627717352,3.09148929052309,0.0283703729510307,0.195954637624707,0.0788948535919189,1.811065399567839,0.1878826320171355,1.7123878525779817,-0.004921094514429571,0.5047330121966579,0.00126411020755765,0.41411734246291176,-0.1089877784252166,0.09867754698985728,75,45,17,85,-0.427395741264694,1.757656133407735,0.040460654418895695,0.36414300653658604
Good,0.07243689955642643,1.0491815375506932,0.1748262382298706,1.6704428939164493,0.07205669581890092,0.326887786376749,0.04193150063976641,0.3268905659153622,76,15,0.004664168692167678,0.6451846331118236,0.9609664636234552,14.791621807285594,0.03605648875236505,0.1584609989430581,0.2098338603973388,3.550695174391014,0.32792085409164423,3.5352515294661035,-0.010914013162255282,0.5860828673363223,-0.0132517218589782,0.43916320650386564,-0.1180869936943054,0.01544364492491035,92,45,16,68,0.5359123514685878,3.4570250108922274,0.053043138957733986,0.549264513441983,0.05646090582013118,0.4814660023178587,0.03587093632668252,0.31684393281620904,80,21,0.0035800034760112864,0.5088458791223984,0.2522847665156389,0.6915198782084229,0.028698489069938653,0.23003646391464655,0.1165993213653564,1.8082190857031142,0.24200093746185292,1.7967909115062897,0.012388324830681077,0.593926211769642,0.01248756051063535,0.46419344920677574,-0.1254016160964965,0.0114281741968245,62,43,16,98,-0.23921171457635823,1.0415362317368198,0.04579452693558942,0.3950918046421119,0.0496535077691077,0.3180521779017511,0.02962473173975009,0.22668804862372974,90,21,0.002248059352060802,0.32637226324929713,0.0731931984841756,1.302373700205469,0.0248615853488445,0.16026691601216267,0.0942938327789306,1.451529349111594,0.2032816112041472,1.3515624264998873,-0.005809130845591427,0.49043381481048476,-0.00023385882377625,0.4110083180439277,-0.1089877784252166,0.09996692261170662,80,46,16,80,-0.42222796158748777,1.273632544525581,0.03714721478314636,0.2929964787155848
Good,0.08514790524509015,1.1893860064216755,0.20401861898601037,1.8618485337680202,0.0975047945976256,0.3926921667201929,0.05323444766923781,0.34107465220072297,78,21,0.006765032332021398,0.9874789504241154,-0.2833587676960452,31.818059342210006,0.04872861504554745,0.19759142637100638,0.2098338603973388,5.441983615395956,0.32313710451126093,5.315913873815168,0.003569518774747851,0.662990317932487,-0.0009455978870392,0.5471485856759681,-0.1133032441139221,0.12606974158078832,80,46,14,80,0.45451521102378895,5.358114955592431,0.06512999091400182,0.7402180683770797,0.0742906779050826,0.5277358657321224,0.042614837503060665,0.3188816721291366,80,24,0.005009176881707783,0.6742501220503434,0.11216949045675673,0.30255373524083495,0.0370006635785102,0.2777950498029488,0.1685468852519989,1.925060511770347,0.2939485013484954,1.8239121096516118,0.01538640758953988,0.7142184044933678,0.0151307806372642,0.6699854499870446,-0.1254016160964965,0.10114840211873517,65,45,17,95,0.1082234571457012,0.6364117336745804,0.05396475917448969,0.40514465655280635,0.04995771870017038,0.44176659413923414,0.03020527092739935,0.25670931921174517,80,19,0.0024245270915216905,0.3391861191001715,0.7636068982122559,1.0782086482704285,0.02478468418121335,0.18875249393645582,0.1223267465829849,1.4750899278753855,0.2546310573816299,1.4138072132582478,-0.0002819420769810687,0.48463981134216555,-3.482773900034998e-05,0.40293959188095774,-0.132304310798645,0.061282714617137676,80,46,19,80,0.1454369075302897,1.166276146740489,0.03904842909398803,0.3229711633604488
Good,0.08508676525504844,1.2226053449639316,0.2018707675114272,1.8936405297459142,0.08408027887344349,0.4590683647120224,0.05191994184628126,0.40868529392718467,78,17,0.0068039266814123,0.9708168068408607,-0.2956860112542339,18.580647378747106,0.042067855596542345,0.2073897442133232,0.1742848753929138,4.719238855695674,0.3067958950996398,4.596340984549533,-0.008807679265737525,0.6819333257619147,-0.0141270756721496,0.4995644062557324,-0.132511019706726,0.12289787114614072,95,43,14,65,0.42469995217884227,3.944162596816897,0.06481617130179382,0.711184748188651,0.07049993146210895,0.5206013775432786,0.04449086452368643,0.34090671500192987,80,25,0.00507102787488347,0.7233423723235436,0.04513784104881147,0.8699294981064658,0.0354544371366501,0.2919351205393701,0.1685468852519989,1.9888096320818316,0.3007926046848297,1.8628130504161866,0.008166479575447737,0.7321628469954399,0.00611121952533715,0.7229226274326757,-0.1322457194328308,0.12599658166564498,75,45,15,85,0.2272820527074271,1.0363834162606465,0.05587678297935311,0.4327585213523536,0.04659929126501075,0.322402331181469,0.028593157658469814,0.2274309317444931,79,21,0.0022064520345508195,0.3153346246338035,1.121065750066526,0.4724049137470323,0.024076096713542848,0.16725403270761047,0.1223267465829849,1.3608385214526106,0.2546310573816299,1.2826335541214364,-0.001120931794866917,0.47954435698855924,-0.0026215314865112,0.43208962049061117,-0.132304310798645,0.07820496733117425,82,44,17,78,0.16548894783139387,0.9132259763813589,0.03723494718108085,0.2921845894537095
Good,0.08842689506358511,1.1887482789955406,0.20989267479628304,1.8258507902120173,0.09261524677276609,0.492087512906499,0.05474673786200579,0.4182467814376677,79,17,0.007637616628721125,1.1135609025015871,0.2757890276231443,26.447915835313985,0.04727324843406676,0.24588375023614809,0.2061578631401062,5.785594153336708,0.4280839562416076,5.727268842758895,-6.313845515251159e-05,0.6498460504949674,-0.0004618465900420904,0.46876248574657364,-0.2219260931015014,0.05832531057781289,82,44,17,78,-0.03996732159036671,4.821098705693876,0.06930749208676625,0.8314210805348152,0.0780280753970145,0.3638191694394251,0.047348148179298694,0.3566854165755739,85,16,0.005829065111912546,0.8218578280087214,-0.22376417487441946,12.458109064446404,0.0393490120768547,0.20557137441375714,0.170388251543045,3.654588974637375,0.3026339709758758,3.55158208292068,0.012254573940299439,0.7083643733309707,0.01544703543186185,0.5816929055518592,-0.1322457194328308,0.10300689171669553,62,49,17,98,-0.24421034815016812,3.0418845912009522,0.059287094801903445,0.5657541361794386,0.04421230778098095,0.2616540841715351,0.027411086695501536,0.22638530300129983,81,17,0.0020524647424621,0.2995778801391862,0.7462040600123978,0.10944047541078827,0.022301241755485403,0.11245707391875694,0.106904000043869,1.1846232413323905,0.22327333688735962,1.1436785890777137,-0.0003455971367657181,0.46764036638607925,0.00023069977760309997,0.36231356957335725,-0.1163693368434906,0.04094465225467685,79,43,16,81,-0.25708935284855744,1.0142920611521131,0.03592684428158252,0.2844123201717531
Good,0.10230279456956808,1.4480594213191234,0.2447357904165981,2.263791669415621,0.09985469281673423,0.41604730478913626,0.058444161796942305,0.43367346211173796,78,15,0.008227942116963148,1.2475835701021543,0.01721806212376986,22.6302969543148,0.0536821484565734,0.20170798185480746,0.2061578631401062,5.667598675555659,0.4280839562416076,5.510769714662464,-0.005215060338377944,0.752829026302407,-0.0119751095771789,0.5515403647230246,-0.2219260931015014,0.156828960893195,87,46,17,73,0.06821733010806982,4.402436821935928,0.07174565115140193,0.8251254615261395,0.08831925690174093,0.7579616854419238,0.05847086200607006,0.46994929970666854,77,20,0.008578595880370197,1.2632512013224448,-0.2840048309011496,4.37879797720258,0.0467195212841034,0.33116619067737074,0.2131139636039734,3.4673646437204684,0.3610998392105102,3.3152547470837312,0.011868072580546136,0.918688712264604,0.007990151643753,0.7576253714620689,-0.1479858756065368,0.15210989663673705,73,44,14,87,0.18633247352130314,1.8644816789559415,0.07248176541683705,0.6475046341765041,0.05994887836277477,0.41237546775914224,0.03568122954864516,0.3009432514193724,83,21,0.0033797761092903057,0.5055825574350072,0.7478926262909189,1.1122394838013436,0.0303430706262589,0.21647019151373592,0.106904000043869,1.8393441763465515,0.2773496806621551,1.7851051090091934,-0.0016667507123202074,0.5922739308486102,0.0003640800714492,0.505837720796129,-0.1704456806182861,0.05423906733735805,79,42,15,81,-0.6104008232232947,1.1477019302178373,0.04607439442635565,0.39343887488673857
Good,0.10199010617018614,1.4732059432881397,0.24334439761936644,2.2650898006461855,0.10163800418376912,0.530058946232632,0.057470029289834156,0.43206978985077277,75,17,0.008175657658675591,1.2025410247087849,-0.0795510303896112,24.360358139808405,0.05157020688056935,0.26849178002341073,0.21692955493927,5.7317715298371965,0.3625704050064086,5.694491268698284,0.0009667407721281107,0.7216766936870981,-0.0014964044094085,0.5658243828973679,-0.1456408500671386,0.037280261138911926,82,48,13,78,0.45287077578364865,4.536018286600254,0.0717006456744995,0.8256656553942661,0.09318643063306804,0.6514149533392902,0.059461303827119935,0.49276908602767217,77,20,0.008986195690018725,1.3369538149155824,-0.17013832407146,1.9320876778237208,0.047050729393959004,0.32182509689898825,0.2131139636039734,3.0745572473112825,0.3656737506389618,3.0293425141945836,0.008139161486178636,0.956673451433516,0.0019321739673614,0.7878098919717648,-0.1525597870349884,0.04521473311669907,77,42,14,83,0.23926338594579064,1.3936393182355369,0.07473307709198342,0.6494072083353142,0.06065289676189418,0.49061629960557185,0.035404568084049924,0.30865787953059326,84,21,0.003278160808130325,0.48802178110870414,0.7153925550203422,-0.07133648172442753,0.029902007430791848,0.22635894184950317,0.1023877561092376,1.5389160324538569,0.2728334367275237,1.4785760854969414,-0.0033762522507458934,0.5867396555255714,0.0007978379726409,0.4843869493177564,-0.1704456806182861,0.06033994695691554,79,44,15,81,-0.5502795507444002,0.8255202112163905,0.04527985849946539,0.3791547939067075
Good,0.08653548988895418,1.2594045086027674,0.20337001055479026,1.949501911106377,0.0974397510290145,0.5286464900339058,0.058036204548552586,0.46364567609102214,74,14,0.008353197851012368,1.2359668639949986,-0.10618865369725716,14.802810293794835,0.04949808120727535,0.21850459094013325,0.21692955493927,4.940300404664101,0.3768864870071411,4.78640574700734,0.0025173094123601887,0.801391390874757,-0.00826036930084225,0.5902453719504015,-0.1599569320678711,0.15389465765676155,83,47,14,77,0.5114473925072857,3.5003932489755525,0.07243760662139971,0.7705444196325225,0.06483107991516585,0.532842589922942,0.04330990358837876,0.36783588618473084,79,19,0.00528199852705302,0.7558431167564865,0.6802719776551771,2.4469048040734513,0.03276426717638965,0.24596741821641033,0.1845895051956176,2.541982762129269,0.33714929223060597,2.501185952439005,0.009582383651286358,0.7095576370294309,0.0092221423983573,0.6209246468711639,-0.1525597870349884,0.040796809690263794,68,44,16,92,-0.0957430346345014,1.444275994122444,0.05682967603689168,0.5023654809893856,0.03567722439765922,0.277687402055264,0.02516790051013227,0.2029671879012431,80,21,0.001855538244439981,0.26282727647509385,1.1313590140585914,0.9333028196432807,0.018193423748016302,0.14200447812646483,0.1023877561092376,1.2275261255093262,0.215607851743698,1.1634078953468043,-0.0019442703574895817,0.4385528832021889,-0.0019472837448119501,0.3907352659316951,-0.1132200956344604,0.06411823016252187,86,47,15,74,0.04884818781743747,1.0535854677101937,0.03410573592809509,0.2655158095295665
Good,0.07834926587256599,1.100330211877885,0.18396830663084962,1.683695636743314,0.08635663986206046,0.44304983340358395,0.054013467971235476,0.40547459909447375,73,16,0.0070750451137141035,1.0693556967248603,-0.2217862755570903,20.5363977644434,0.0435763299465179,0.19918463689308413,0.1786722540855407,5.049165645884301,0.33862918615341175,4.969893198587493,-0.0038277462124824526,0.7185727483289546,-0.013768970966339101,0.522594087241159,-0.1599569320678711,0.07927244729680807,90,46,18,70,0.41967459644329735,4.1398273458977455,0.06659557131103509,0.7436456831608943,0.06400186382234083,0.4648580082830407,0.03924639629665758,0.34037822657125694,84,20,0.004111842031376552,0.5955489823915386,0.6100216487095023,5.500383413960517,0.0327112600207328,0.228623907149501,0.1477928161621093,2.691478426382924,0.3111121952533721,2.6627600501199677,0.008503220137208698,0.6050876750000183,0.011278659105300851,0.46580258172223843,-0.1633193790912628,0.028718376262956494,64,45,14,96,-0.6345161502757708,1.9949512871670052,0.05013287016621835,0.4789758740840826,0.02888525649905195,0.25719640988599196,0.019874125851783865,0.15668612356727987,82,21,0.001215740507749427,0.1718880266175101,1.9507311377762075,1.4051105657261376,0.01383819431066505,0.13486095704647755,0.102213978767395,1.0235992964015461,0.195971131324768,0.9771816418569702,-0.0029234827496111286,0.36003521341434086,-0.0024174898862838,0.3245309398819319,-0.093757152557373,0.04641765454457592,92,48,17,68,0.42162065871638854,1.1196627049853163,0.027495748162213503,0.20557886982664375
Good,0.07920905311690957,1.118059602671351,0.188477887958288,1.728853371923682,0.0690512210130691,0.4155419140675911,0.045659455796703656,0.32482394343536264,70,18,0.005273538756520992,0.7139199688616656,-0.15973215667245988,22.46429262094805,0.03382340073585505,0.23283310502674565,0.1786722540855407,4.09595529907636,0.271642506122589,4.020532300857319,0.010752515122294427,0.6096428254976864,-0.0014708340167999268,0.49944494118708926,-0.0929702520370483,0.07542299821904098,81,47,16,79,0.5700644385915058,4.2570030248438755,0.05657161224563865,0.5850261482881454,0.066427320241928,0.49923849566910306,0.04416253127157684,0.4021206211943012,88,21,0.005554415765249898,0.7864647829831357,0.39909375617306164,4.6575215722695615,0.03368039429187765,0.2516973929083536,0.1477928161621093,3.051864415497649,0.3111121952533721,3.0096950010837182,0.01502512134611605,0.6884360444464283,0.0238873660564422,0.5228197953865423,-0.1633193790912628,0.04216941441393041,50,43,18,110,-0.6109715832366819,1.9107740731373528,0.057150408038211,0.5590354154166722,0.037137780338525675,0.2530249309849481,0.024730916556436524,0.17155993434324057,78,18,0.0016780894056969884,0.23886483135765513,0.2682686469555988,4.0217130856420695,0.01871023327112195,0.1311822411462541,0.0757182538509368,1.3901770682477572,0.16947540640830983,1.2926462155206329,-0.0003841090016067,0.4307745019795671,-0.00106821954250335,0.3916352228076847,-0.093757152557373,0.09753085272712426,83,48,14,77,-0.024091174872161274,1.5941494461056436,0.03248466829598044,0.23086394218654213
Good,0.07851487575370622,1.09639049307216,0.18686081685125805,1.744011729416692,0.06751093268394458,0.3886458195315331,0.042957614483311736,0.33458428156678677,71,17,0.00533449697151503,0.6653293679492376,0.3720023553483114,11.49003708003322,0.0332705378532409,0.19647541092546425,0.1686201095581054,3.363108403244047,0.3103383779525756,3.248783210202862,-0.013483437150716763,0.6059915559812793,-0.0193109214305877,0.4832493814702654,-0.1417182683944702,0.11432519304118481,107,48,16,53,0.4419398317898351,3.062476381455666,0.05632124864431637,0.5459886464283167,0.07570119760930522,0.4432544998141066,0.0408240127144381,0.28584283380516445,85,23,0.004511672705641947,0.5866963068804799,0.25787011736563326,0.73542753481538,0.03607487305998795,0.2337482412009914,0.1744245588779449,1.8645164698830885,0.3136979341506957,1.8103515809146042,0.012305590882897361,0.6728104932678963,0.013767115771770401,0.6148875098193942,-0.1392733752727508,0.054164888968484225,58,44,16,102,0.034248395353475077,0.8011014121401145,0.05181843361137106,0.3660906267976418,0.04543211497366417,0.4134760413645426,0.027735898221726486,0.2192403054771665,85,22,0.002113658599708272,0.28801502719316496,0.2735537784097679,-0.4522231415440072,0.02295619621872895,0.20982195355482966,0.0953948646783828,1.1195305054321014,0.1991184502840041,1.0495788831546844,-0.0025784104596823405,0.4652096801675162,-0.0016996487975119998,0.4317630494473026,-0.1037235856056213,0.06995162227741691,86,47,16,74,-0.23135705179781277,0.5289423453206624,0.03636832437963994,0.26757238398534755
Good,0.07986006284712156,1.0858741327864334,0.19057456351816632,1.6552649296279125,0.08427272737026203,0.33101677395140716,0.05327594173140819,0.4140017151432144,75,15,0.006949960541536407,0.9612623620304762,-0.26226460086643977,20.690863978721204,0.0450530648231506,0.17034755617225053,0.1755805611610412,4.993408188794801,0.31729882955551136,4.962372692901167,0.0067090339958667785,0.6349161862840387,8.195638656599975e-06,0.4106455417748608,-0.1417182683944702,0.03103549589363368,80,51,18,80,0.14730207610344054,4.1683555326551796,0.065770435148899,0.7470902210744085,0.066791197285056,0.4085117934816841,0.039534415135858536,0.30392434715759314,83,21,0.004008250483480468,0.5357994840192977,1.4340153895417513,3.7191073224941817,0.032808754593133954,0.22720636542469436,0.1744245588779449,2.2843756421321073,0.3721814155578612,2.2033230220645343,0.0042370702140033184,0.5965722125355116,0.00859528779983515,0.4891657313167429,-0.1977568566799163,0.08105262006757295,75,48,15,85,-0.3031304823101653,1.7325775298846424,0.050028457694571274,0.42414747346858267,0.04210771992802613,0.3032465235483828,0.02622891417006027,0.20014513697771477,84,19,0.00189632315787035,0.25152182834158937,0.6323635994344383,2.539306543017851,0.021938219666480997,0.1392885563813947,0.0953948646783828,1.3069427561188594,0.1991184502840041,1.2438792675806822,-0.004930468136444678,0.4237765308083623,-0.00224669277667995,0.32693931930802167,-0.1037235856056213,0.06306348853817709,89,45,17,71,-0.2012187209097679,1.5773595122446176,0.034178848255167746,0.26820753210455994
Good,0.07143381426814792,0.9969201168736965,0.1701843129470942,1.5615952397025294,0.06934083998203268,0.42959143723904847,0.045330459903925625,0.41075981849962945,65,15,0.005618504584579462,0.7940939224502712,0.36301435170455587,7.720983193403985,0.034195601940154946,0.22419477146023667,0.1755805611610412,3.375771619528507,0.304163098335266,3.368992450206607,-0.007570026814937578,0.5995580848603143,-0.01695033907890315,0.4211016928324339,-0.1285825371742248,0.006779169321899968,105,47,14,55,0.7286184801052343,2.7534493382778655,0.05895748438847394,0.6592602106368194,0.052272524684667504,0.30572977807386914,0.0323557791736675,0.2646796162280723,77,17,0.003084372319404053,0.4342241531233557,2.48841529162559,3.1191406401014596,0.0261898934841156,0.15561292546648078,0.1308337450027465,1.8448041335307963,0.3285906016826628,1.7969599757876855,0.00016069901175796812,0.5454470493117983,-0.00058567523956295,0.44197700888488106,-0.1977568566799163,0.047844157743110904,82,43,17,78,-0.4017900337268818,1.7671317159894198,0.0440435105102679,0.3697454117638358,0.03965799510478965,0.3563703077643387,0.02533527851395771,0.21058633856803333,78,19,0.0017939612400082398,0.24210046232504362,0.014539639212435063,-0.06531567530313076,0.0208436474204063,0.17103756354520497,0.0753261595964431,1.0828825741372503,0.17385117709636683,1.0275168017345746,-0.009965405310504124,0.416590105530417,-0.0111102014780044,0.3548637720984942,-0.0985250174999237,0.055365772402675754,99,43,15,61,-0.0025309534569386573,0.8525027311186987,0.032067797236872746,0.26182655766594737
Good,0.07515376174545481,0.9369467198381937,0.17693490408360935,1.495157418760788,0.0792029500007629,0.33343407745284037,0.04776847278699274,0.34176798576462764,70,14,0.005523414909955016,0.7848220167806562,-0.5275742793719838,28.924455619332605,0.040648460388183545,0.15759579178572808,0.1480928063392639,5.013140488333084,0.27667534351348866,4.989573769638702,0.00017418786883354742,0.5295707872208406,-0.0074314773082732495,0.3770153428160034,-0.1285825371742248,0.02356671869438174,90,48,15,70,0.2811026302064468,5.082681684638909,0.05893908145770064,0.7101949014903975,0.0510796010494231,0.3686675836420002,0.03461224740138273,0.2869168030711629,76,19,0.0034491789565639385,0.4706174698270717,0.7265220533655086,9.485833791842289,0.026547014713287298,0.17907674569019144,0.1308337450027465,2.6348291994633373,0.28626108169555653,2.5834733281002915,0.006190134352073063,0.5259582638885772,0.0037005841732024496,0.42491362090118323,-0.15542733669281,0.05135587136304567,69,44,18,91,0.03143202127257822,2.7194758804521477,0.046159898025412434,0.44043770782527847,0.045395360328257,0.3564678025064947,0.027926772724313154,0.22803188689669857,83,19,0.0019773444322045306,0.2771101552055849,0.17871838578096133,0.8593517673344326,0.02248806878924365,0.17096170771782865,0.1142431497573852,1.3234530537823437,0.2041139602661132,1.273800930158795,-0.00429272113833576,0.43962836765137003,-0.00336357951164245,0.36877478241502104,-0.089870810508728,0.049652123623548844,85,47,15,75,0.17083275335030387,1.1626513121717645,0.03500099283919853,0.28954628915214364
Good,0.07443486250110729,0.9797645915890533,0.17532795440405585,1.5481479198336996,0.07476374506950374,0.3799604889686984,0.04397031106054779,0.3103262642794814,76,15,0.004680647602794034,0.6099300386175961,-0.5565355162774388,22.988224239982795,0.03625941276550285,0.19649711875712736,0.1480928063392639,3.9284143803859375,0.2490158081054687,3.8409105997920965,0.008842669427394863,0.5381050338995669,0.0024889409542083497,0.44339347875356727,-0.1009230017662048,0.08750378059384113,77,47,14,83,0.3484656758548784,4.355019275357267,0.053526805831610486,0.5660150272824407,0.06459379196166977,0.5027566713472045,0.03701228327350688,0.30717464675546635,76,22,0.0037897084427506917,0.5156810752786353,0.31363634894560244,10.660160995835223,0.031461372971534604,0.21616284084248744,0.1291381418704986,2.849641035226992,0.2845654785633086,2.7800346623594137,0.009866653056815255,0.5540120564878859,0.00788484513759605,0.44918600599346004,-0.15542733669281,0.06960637286757841,64,45,14,96,-0.022815689094774175,2.7247847137150307,0.04780691704564758,0.4568935505615054,0.046288636047392924,0.3006584015006754,0.027931655891006775,0.21323848755496258,82,20,0.0020248251953572803,0.2919784010891729,0.24681951030916327,2.640244262776113,0.023604109883308348,0.15135384986302028,0.1142431497573852,1.5126193008983144,0.2083818316459655,1.4740974301239291,-0.0008339106570929268,0.45603082944624695,0.00042755156755445,0.4119454391464479,-0.0941386818885803,0.03852187077438524,78,47,18,82,0.12172886892931845,1.4714320043202502,0.03567597489937263,0.2898521755718609
Good,0.08104445023016153,1.1058287125206356,0.19178908627480246,1.7545126013976367,0.06892764568328853,0.4919828601110833,0.04776989724487062,0.3956399020457444,66,16,0.006873052728198979,0.831664986861848,1.1594040411898607,9.099478200270601,0.031120091676712,0.20785892078664697,0.2094961404800415,3.5419287460160174,0.38091886043548584,3.5084151999880646,-0.01417206972837447,0.6928860998012796,-0.0242069661617279,0.5120197469425329,-0.1714227199554443,0.033513546027952666,108,47,12,52,0.7942396155567302,2.668428406608383,0.06419161876159273,0.5929366235644576,0.06404500454664222,0.5167273308171436,0.03678450804436576,0.28129382534199965,76,21,0.003634578867382263,0.4755495076148937,-0.395912153794018,0.909175788866722,0.033062115311622606,0.24535864043336586,0.1254688501358032,1.7214596703734857,0.2200141251087188,1.5731784598322827,0.014937436440959562,0.5933004839150768,0.0097407102584838,0.5284665027951969,-0.0945452749729156,0.14828121054120302,60,45,14,100,0.25709970499525137,0.9563330093836654,0.04540229440007578,0.35148832612339975,0.043784377630799926,0.3711953945252721,0.029471663795120517,0.2484345651777538,77,21,0.0023905096189996405,0.3233228609701262,0.250761768464121,1.071784368158239,0.0222028428688645,0.1737143262461493,0.102084994316101,1.4683492809002083,0.2001579999923705,1.4082225736435046,-0.007467353972606348,0.46832601768128035,-0.0108656138181686,0.39583766283764266,-0.0980730056762695,0.06012670725670384,101,41,16,59,0.4422138395323737,1.1775311611112282,0.03804409406670174,0.32248039030756476
Good,0.09658743383692554,1.2908078841502941,0.22825249437242723,2.030808087637114,0.1055751293897628,0.7003642973581878,0.06366166263818736,0.49991709862491396,64,18,0.009820925371021643,1.3405403247387797,-0.4261549993280864,20.717575936298356,0.050105541944503645,0.27763825171481016,0.2094961404800415,5.666251015576677,0.38091886043548584,5.6331045499034635,-0.0025609817355871124,0.8077534951864549,-0.01991757750511165,0.5826576096428754,-0.1714227199554443,0.03314646567321321,98,49,15,62,0.431203881357089,4.011613205960605,0.07854987426218323,0.8295026315526945,0.0645684227347373,0.459130633480509,0.04194991348776963,0.3113436204746719,83,19,0.005489702534392473,0.6687211966465001,0.8693974930196227,6.735709736328639,0.032643713057041154,0.22093894967710598,0.1909143924713134,2.7105755100852806,0.3601689338684081,2.660987239907259,0.0231566224247217,0.6855574896629818,0.02533492445945735,0.5847070859863785,-0.1692545413970947,0.049588270178021594,50,44,16,110,-0.059452525100059196,2.142173660298226,0.05397259888885079,0.4457938144630213,0.05583489313721642,0.3752204739907365,0.032388232584926256,0.2562570231379764,74,16,0.0027448557669498956,0.39495121331152055,-0.03870954089494649,0.6149518299090224,0.02762883901596065,0.15192761983266317,0.108524814248085,1.526456613933082,0.2065978199243545,1.4716700790355057,-0.0031985999783500974,0.5374971027876773,-0.005545832216739601,0.4340792345474688,-0.0980730056762695,0.05478653489757627,94,43,18,66,0.3189798544877921,1.0820810894112205,0.04142498031059297,0.3256502384558832
Good,0.08743111046402512,1.2080835146891125,0.20998927548527696,1.8836639815751381,0.07562942802906027,0.5233494736526599,0.04928054494783279,0.43385958289446075,63,18,0.006821151518518882,0.9350708878387857,0.3063641742619785,8.83999759763417,0.036176472902297946,0.2665106803688502,0.1605209708213806,3.7259751260385894,0.3053568601608276,3.6929385290846115,-0.01553120762109755,0.6745235610644755,-0.02927100658416745,0.5622887987639681,-0.144835889339447,0.033036596953978016,112,45,13,48,0.8400499434157325,2.761640869153557,0.06361836915934939,0.6928844444838436,0.0638169087469577,0.6573898875021525,0.04240217288490382,0.3854634961904205,84,22,0.005521741767003394,0.6984786411288433,0.9737934555102634,0.040178087451507416,0.032230332493782,0.3509313250785846,0.1909143924713134,2.066950611683771,0.3601689338684081,2.0198475859418403,0.020525528956204638,0.6862418748337619,0.0237600654363632,0.6596041938377104,-0.1692545413970947,0.04710302574193062,53,39,16,107,-0.14578594704455364,0.7565746779811993,0.055216361310962615,0.4770227776044733,0.050359800457954296,0.42860781999934766,0.030900389009911988,0.2378739495512594,75,26,0.002472447920262595,0.35419232508977144,-0.09873604108962386,-0.5705238155353212,0.02588890492916105,0.2368247472764999,0.108524814248085,1.1947016467832525,0.2038928419351577,1.1845913180409369,-0.0014280236093327404,0.5228985456769004,-0.0038219168782234,0.5291319883511216,-0.0953680276870727,0.010110328742315681,86,44,14,74,0.16008984462836004,0.3278668210526046,0.039407443650655107,0.284199641130586
Good,0.09152073337165756,1.2749276895119452,0.22007050871849038,1.9932326929004356,0.08945563435554495,0.42760767345723405,0.05491882934235033,0.4020383541033595,71,16,0.007206416399064316,1.010277713161221,-0.10721620233555207,24.24292766821999,0.045137763023376354,0.2292331697697178,0.197291612625122,5.234488948936748,0.3212590217590331,5.2011321120153795,0.0004686646163463648,0.6650594176081729,-0.007486343383789,0.5039785301810403,-0.1239674091339111,0.03335683692136845,89,46,16,71,0.62402459337766,4.505370477373256,0.06732099471899386,0.7536402883417914,0.07565119117498387,0.5770351456004368,0.047457203225931124,0.38341123918717857,83,20,0.006339747056998284,0.8713512689665507,0.8415149469238803,5.266907131453374,0.0367811545729637,0.24124314731076432,0.1993394196033477,3.041773828565143,0.4019701480865477,2.999648817055785,0.014440935011953104,0.7690814697187729,0.020916037261485998,0.655674853748624,-0.2026307284832,0.042125011509357976,61,44,17,99,-0.3417655560407398,1.8513418833654984,0.06146063878494559,0.529022647815538,0.054168262518942224,0.3432139872654593,0.0329314885337953,0.22770390886695469,71,21,0.00286467302999448,0.4025768531814488,0.7633858460272616,1.2585525088293243,0.02664990723133085,0.1681143107217973,0.1447291523218155,1.5601305211043903,0.2728910595178604,1.5048945843208574,1.124015543610378e-05,0.5590918055734896,-0.0044902861118316,0.5137309096716658,-0.1281619071960449,0.05523593678353289,89,42,16,71,0.5189903797907618,0.9505558106484852,0.042446213303476574,0.2999886766563434
Good,0.08984176945215719,1.2669791867753155,0.21228543005883674,1.9831322987743143,0.08136335015296925,0.4897521082836531,0.05269500128924842,0.4080743032883653,68,17,0.007452485487350905,1.0648149510613991,0.2742839089381439,14.95835058095064,0.038152277469634996,0.23805899141421077,0.197291612625122,4.6174593297872315,0.3432700634002684,4.574004437806183,-0.006301619112491594,0.7037150841561638,-0.01521855592727655,0.5556020420454792,-0.1459784507751464,0.04345489198104859,98,45,15,62,0.5893693043799911,3.670214772371564,0.06816991738577059,0.7547185113620059,0.0745244547724723,0.5969055928176876,0.04591206781100477,0.4078672837776275,87,18,0.005830120988913434,0.8259320509020782,0.873682835263498,0.5133918702502811,0.038130328059196444,0.28998242940759755,0.1993394196033477,2.09887237152864,0.4019701480865477,2.0568707253482765,0.009626365825533858,0.7445113852478609,0.0157634690403938,0.6055834232528678,-0.2026307284832,0.042001646180363346,64,44,16,96,-0.2258895272580817,1.137416100125448,0.059778700475207246,0.5211860014796917,0.051344579085707526,0.3564382748892335,0.03151763517817012,0.2229177160699253,73,23,0.002643396672341704,0.3659358979980965,1.1140606052534938,0.5832474789305193,0.026178166270256,0.15986809133177904,0.1447291523218155,1.4276835507633394,0.2728910595178604,1.3986378372459856,-0.00034839729778467774,0.5349058293702895,-0.0044902861118316,0.4880816926332172,-0.1281619071960449,0.02904571351735375,87,44,18,73,0.48005868991714945,0.6977179159668763,0.04077243537398764,0.28250956037589087
Good,0.08629394888976247,1.1185048227937495,0.19993766926228979,1.724380455390862,0.083952322602272,0.3759488047508032,0.05373273514211173,0.3840319528375211,71,16,0.007577903281905583,1.0893671121756183,0.3949797932010095,30.159419735707203,0.03952819108963005,0.19327538017635412,0.2366482615470886,5.943805046254214,0.382626712322235,5.839466571161237,0.0010168969631195097,0.6271891439927569,-0.00832015275955195,0.4374158431949631,-0.1459784507751464,0.10433847509297722,87,46,14,73,0.5542714626082844,5.244317171290351,0.06902851819198366,0.8342666778873833,0.07292409986257545,0.5204060872841307,0.04396948971552771,0.36666176519730054,85,19,0.005455146357971412,0.7592082933982617,0.4817737997803371,10.089976338839097,0.03588599711656565,0.2625619205935291,0.1840358078479766,3.3514091389372873,0.356796234846115,3.251980424547921,0.011389926262199864,0.689364410486627,0.0157634690403938,0.5390924880351666,-0.1727604269981384,0.0994287143893663,59,47,15,101,-0.1724378478747508,2.5948267316809717,0.057448788710035885,0.5329024328642971,0.039923645555972956,0.34623156916323017,0.02544696086028121,0.17996470893013586,83,22,0.0015736555541782493,0.21350180410599,-0.31401438412666716,-0.36047228232300776,0.0204304493963718,0.16271874714861556,0.0754029601812362,0.9360244177730842,0.1523306220769881,0.8589233178541326,0.0014469494577497237,0.40782690091147794,0.00321627408266065,0.3806607968478736,-0.0769276618957519,0.07710109991895164,74,44,17,86,-0.12852152749023618,0.6526504654177363,0.03142632087761013,0.21720732722201067
Good,0.08517357067939417,1.163707184823714,0.19902726806700205,1.7890780170417555,0.08033585548400865,0.29265164429072,0.05216805782169098,0.39863501497721765,76,12,0.006858974159709339,0.9674320413995382,0.3104156391670152,23.603842197062782,0.04035782814025875,0.152386709163357,0.2366482615470886,5.209880736690631,0.3447681665420532,5.141650729640017,0.006278588622808457,0.6187164330178814,-0.0008000135421752999,0.4517203915324064,-0.1081199049949646,0.06823000705061388,80,47,12,80,0.7107427752403396,4.536551449215557,0.06537699612527063,0.764605791838623,0.06487721949815742,0.41169163242270024,0.04212064713181459,0.357423577701082,79,18,0.0051916611194494375,0.7306937690796563,0.6545409612241211,3.5337353307141193,0.0336975082755088,0.20363040831117016,0.1840358078479766,2.618473767153672,0.356796234846115,2.583723192629848,0.010727146966382845,0.7016672657569097,0.01051571965217585,0.5502603507263308,-0.1727604269981384,0.03475057452382372,60,46,20,100,-0.10587806069240509,1.6813797827259023,0.05611951772156146,0.48821800176240787,0.046390801668166975,0.45686473182329324,0.028671706137247337,0.25593415421743904,86,19,0.002144033300611924,0.30775623544195485,0.195192180145638,-0.9166628758630662,0.02391623705625525,0.2182996485724025,0.1093730926513671,1.1502157460444216,0.2169592529535292,1.1253692285958428,-0.0020414261147379867,0.4686943182669645,0.00012104213237762363,0.3976247838774754,-0.1075861603021621,0.02484651744857888,79,45,17,81,-0.2187815824906106,0.5277821149092997,0.03666408305089309,0.2967859017308946
Good,0.08240447457177309,1.1010563420552837,0.1919733291119335,1.7427858638138942,0.07778315246105189,0.49500095566677504,0.047094082087278326,0.3888822480285027,68,16,0.006201898514700084,0.8679990688469819,0.7479420475542753,20.21457804253168,0.039747387170791654,0.2164575972882172,0.1938690543174743,4.626839247490802,0.3019889593124389,4.613907681968518,-0.010047182440757734,0.6281524454763084,-0.0191050767898559,0.47953377836603384,-0.1081199049949646,0.012931565522284184,105,49,15,55,0.9242516305473114,4.044770563978954,0.06163590146067566,0.6880578275763711,0.07080036401748648,0.44457255153801667,0.04090365292795465,0.3274796275620306,81,21,0.004460743036597233,0.6012372491139503,-0.046449793204895506,2.179259933587007,0.03596469759941095,0.2236006424782534,0.1729701459407806,2.2239355522665423,0.2911992371082305,2.129955561640762,0.012831721222028126,0.647533202432995,0.01316550746560095,0.5622683173953391,-0.1182290911674499,0.09397999062578032,63,46,16,97,0.019478249816183086,1.3088262278082565,0.051379082725748364,0.4265419098527369,0.048528108745813196,0.45040445876166124,0.027894468070007818,0.23242808889151362,82,23,0.0020672296493810106,0.29009445058643357,0.2682977384271146,-1.0275383887505085,0.0238876491785049,0.22849497615286601,0.1093730926513671,1.0186034101098707,0.2169592529535292,0.94545675273718,-0.006587431766092772,0.4671002159045908,-0.0053560063242912,0.4312428309999612,-0.1075861603021621,0.0731466573726906,89,42,14,71,-0.05032510016649992,0.38483041241381205,0.03544682293863545,0.26816382844880154
Good,0.08302909199150876,1.131568853488138,0.19006820961832976,1.76531785552119,0.06919279694557177,0.5219213676895966,0.04859376512467857,0.4137189348754287,66,18,0.006365209371730451,0.8812151880865231,0.2919097718867638,20.916919704067322,0.033798187971115154,0.23230368142068214,0.1938690543174743,4.717973931840462,0.335133135318756,4.675220749684719,0.006047293543815616,0.6283796690946082,-0.0064734518527983995,0.42341714645110967,-0.1412640810012817,0.042753182155742836,89,50,18,71,0.5971153742931193,4.091867772247252,0.06297996964695225,0.6973909804084607,0.0664825178682803,0.3865976446792063,0.04465666211210188,0.3420838648408325,77,19,0.006052556814364812,0.7874160180111761,0.8155115498836287,6.250364779292049,0.034648597240448054,0.20870456990938752,0.1729701459407806,2.979868109277072,0.371649146080017,2.889219863194456,0.02109123840928076,0.735123545724418,0.02042996883392325,0.6662527838274814,-0.1986790001392364,0.09064824608261604,55,47,16,105,-0.2677874949031917,1.9215064658625496,0.057956892862541715,0.497000392889921,0.04085654020309435,0.260714617773361,0.023453165497630785,0.1489145144620885,80,24,0.0014129417172342403,0.1954787722932113,0.4074384276457441,0.05066721273316466,0.0194051861763,0.13288893682235425,0.0673561692237854,0.9179384476297769,0.1651619374752044,0.8546594031698717,-0.0028073276393115513,0.40181464070216355,-0.0033905059099196503,0.3860557503143281,-0.097805768251419,0.06327904445990525,83,40,16,77,-0.3861276254572453,0.41883233828240585,0.029676791174028157,0.1844553247011385
Good,0.07564119528798072,1.0873358320429427,0.18048053801059702,1.7229308419363978,0.04763704538345329,0.43254710513064987,0.03761460621841249,0.3533193267922002,74,20,0.0048690906411379895,0.632096512718006,1.1931343750589036,9.352528880590963,0.024587303400039548,0.22044620304137608,0.1683117151260376,3.1691480351215238,0.3143949508666992,3.143226915867116,-0.016612267866730677,0.5851128707467599,-0.01896837353706355,0.4378491307048723,-0.1460832357406616,0.025921119254407824,113,44,14,47,0.4619632066445621,2.715043490837304,0.05276948047851674,0.5382745035801823,0.060168154537677654,0.5233392323301982,0.04053605729714034,0.34281439653194967,76,18,0.005400125663483324,0.697739117648723,1.5539922429524697,1.5221501545140095,0.0321419313549995,0.24662729550009155,0.1649495363235473,2.15239283792493,0.3636285364627837,2.106038956769319,0.021122777834534628,0.7017784627363323,0.02042996883392325,0.5963760720288296,-0.1986790001392364,0.046353881155610885,49,42,14,111,-0.46648513128054964,1.3713849862089986,0.05428929538767782,0.45304095497885555,0.0396422073245048,0.44151179553137704,0.025982733783312097,0.2235482372002879,77,25,0.0018726268674071026,0.2650695497576831,0.2137276643009849,0.7634866142134089,0.02026429772377005,0.22488832781305634,0.0800732374191284,1.3580249698790552,0.1778790056705474,1.3531842345010405,-0.004845622554421418,0.43603950845330586,-0.0068437531590461505,0.42712522757277843,-0.097805768251419,0.004840735378014624,93,42,15,67,-0.29163898205914746,0.7634257553764473,0.03397241550930145,0.27375006269493807
Good,0.08492576832707241,1.191015186423997,0.2030697803199289,1.828461640911271,0.0834583342075347,0.4208268373726107,0.050395948411896783,0.343021503337117,74,19,0.006352541090740715,0.843542506716017,-0.21375612305651925,29.0346541117707,0.0397303998470306,0.1791207910986207,0.1392175555229187,4.974220339418411,0.3245370984077453,4.966813388236687,0.0021986808627843858,0.6047053976361483,-0.00468808412551875,0.4460550103814245,-0.1853195428848266,0.007406951181722781,83,47,17,77,-0.086990695449629,5.04810308160893,0.06316996328007968,0.6912842315471437,0.07964508235454554,0.4155846726878279,0.046726900711655577,0.32516192814446,80,18,0.00617309481847464,0.8488371793981119,0.9916666829640608,13.242658948932768,0.03984560072422025,0.21999612941313473,0.2334334254264831,3.5759535514931087,0.3936426043510436,3.4632919715206727,0.01562160700559615,0.7496895337576684,0.01570542156696315,0.6875313852183365,-0.1602091789245605,0.11266157997243606,60,42,17,100,0.19542049185116392,3.076552471844576,0.060306551527103416,0.5355397112934966,0.04125241935253137,0.42757746544186215,0.027922067200997804,0.23989672394193817,79,19,0.0022672413572005635,0.31604205718029804,1.3433293746081407,1.2301944737576047,0.02038066089153285,0.16775157900005927,0.0909000635147094,1.4983740071130016,0.24115550518035878,1.4417635192812497,-0.0037516157142817932,0.47406670951745417,-0.00530713424086565,0.4011633725593412,-0.1502554416656494,0.05661048783175199,90,44,18,70,-0.4126598228226646,1.09739262494689,0.037573592061583234,0.3021635519178177
Good,0.08655688875233318,1.2517822501046487,0.2040395999699829,1.9812091680626112,0.09192769229412068,0.4028273870856255,0.05109313402324911,0.3607682805236895,78,19,0.006260476904971803,0.8420830090951854,-0.5013409413822134,21.170383391944018,0.046885997056961046,0.2002539874480896,0.1392175555229187,4.4708448516250785,0.3245370984077453,4.426739381631427,-0.0015926167368888855,0.6469136350637021,-0.00468808412551875,0.5361229519481157,-0.1853195428848266,0.04410546999365124,82,47,16,78,0.044789055350632406,4.139863012240354,0.06272841842438251,0.6508346624634037,0.07049010694026941,0.4440249619189841,0.04731328028021376,0.3488039088067408,76,20,0.006054392427071311,0.8920461569536277,0.9045897746891955,1.4120268923977592,0.036187976598739596,0.21366452233530653,0.2334334254264831,2.3607023554359423,0.3728348612785338,2.2841583613057916,0.008010236872360105,0.8227379173673636,0.00475099682807915,0.7207318653870816,-0.1394014358520507,0.07654399413015076,74,41,17,86,0.38830737724924047,1.1766532156953804,0.06118191348781881,0.46384100323240146,0.0464271400123834,0.4028570468437287,0.028881520954891993,0.21382711740331428,81,22,0.0024229333493754612,0.33297562263009683,1.4380695078983114,0.8149405607197124,0.0230313912034034,0.17690039765749327,0.0970360934734344,1.393321051011282,0.2472915351390838,1.3022651588895273,-0.004979415982961649,0.5115576156315451,-0.00322376191616055,0.4764209192841877,-0.1502554416656494,0.09105589212175458,87,44,18,73,-0.42876292877786176,0.8961188684243492,0.03871571939314955,0.2669914390377811
Good,0.08029651212714042,1.097719979426517,0.1920405020564792,1.7320344482132857,0.08910216391086567,0.5385117939281753,0.05028494579717513,0.41581013007308804,78,16,0.005976126197659675,0.8754869002720421,-0.4046016251073592,17.868726388129254,0.045751571655273396,0.2604288349948718,0.1607802510261535,4.476851007966876,0.3452768325805663,4.436744396368682,-0.005226946622133255,0.6463189934084894,-0.00932291150093075,0.4733304302711102,-0.1844965815544128,0.04010661159819418,84,46,19,76,0.0384463030695648,3.7044325018998236,0.06108254361630788,0.6765786421632588,0.07284615933895106,0.4339594413914295,0.04147058147471394,0.31879061984363793,88,20,0.004445579645344447,0.5969689505337916,-0.20632194624765932,0.7042976438204103,0.0363809317350388,0.24486612195099353,0.1141550540924072,1.8511131819835842,0.2460899651050567,1.7988628694055913,0.009621413005515927,0.6479376636335878,0.01406274735927575,0.5805974650432024,-0.1319349110126495,0.05225031257799302,64,47,18,96,-0.42587429064732346,1.126314461591545,0.05198853952197293,0.42088684296238,0.04288758337497702,0.32873365786328373,0.02624349372577849,0.20938216239763932,77,22,0.0018776362889550901,0.2585275416558442,0.5721251016224516,-0.2753607291497904,0.02189895510673515,0.18804637969428217,0.0970360934734344,1.0955706867260888,0.2050831615924834,1.0515963634389536,-0.004936711955815546,0.43777779117120813,-0.0067264959216117,0.38946280440498404,-0.108047068119049,0.04397432328713531,91,45,14,69,-0.15814084782527116,0.5476513327463295,0.034005571954267205,0.25860809579961375
Good,0.08165652948717725,1.1219153008960534,0.1960503503680227,1.7657653038072259,0.08282993733882896,0.43001270202385583,0.045258175320923286,0.31379564862802384,78,22,0.004950009547762655,0.6783349200376443,0.08571555259723684,24.25899932100207,0.04143330454826345,0.22027205886122345,0.1607802510261535,4.090978916111395,0.3452768325805663,4.075302025207434,0.00736628919839859,0.5871744254279735,0.0055986046791076,0.5176351778056864,-0.1844965815544128,0.015676890903961165,77,50,12,83,-0.09676553478579296,4.403882946529761,0.05530470200349434,0.5775474994846516,0.07257264107465733,0.3352978439156429,0.03982303577475246,0.2878167286260825,88,18,0.004742095966186165,0.5739753313929051,0.5191204975340842,14.082243723980838,0.034745782613754245,0.17229632771819384,0.153939664363861,3.1384184955695216,0.2961234152317046,3.082339559750439,0.017897131200879796,0.5896805926981729,0.0230728834867477,0.5082779775019134,-0.1421837508678436,0.05607893581908234,51,47,17,109,-0.41298732357342915,3.187954831472077,0.05157643334531525,0.47565967874945697,0.0504697002470492,0.4187101404318302,0.03260667240247126,0.2543363092122849,80,24,0.002977778607332773,0.44042773109806904,0.9169058941116184,-0.47033802287333515,0.02492005378007885,0.2112028900361535,0.1388626396656036,1.357302694275311,0.27582067251205444,1.239212599461994,-0.0014260197989642638,0.5889102856810792,-0.0012321397662162499,0.5414418641413852,-0.1369580328464508,0.11809009481331689,82,46,14,78,-0.028642070460665612,0.5213603437280705,0.04325240354237144,0.30596144612859083
Good,0.07613759380051391,1.0670579269219629,0.1849323734641073,1.7038994367819527,0.04938811063766468,0.36749228208526546,0.035774692404083874,0.2827244232286111,65,17,0.003975778854869915,0.43704946334615236,0.3619175491536333,6.442187266053287,0.023548811674118098,0.17556582423182962,0.1213902235031127,2.3003346711538195,0.2478936314582823,2.272793218581236,-0.018323632702231384,0.5087831191978771,-0.025645732879638602,0.41337661129346304,-0.1265034079551696,0.027541452572583718,117,47,16,43,0.6416573635753621,2.350577765933909,0.04650400692967905,0.42212462729084077,0.06555521115660658,0.29462565265298074,0.03716917969286439,0.2764566546161079,80,19,0.004132588181019971,0.5063436565998035,0.6659349384159166,8.093453908251604,0.03276929259300225,0.1523625149433317,0.153939664363861,2.5227107203302257,0.2961234152317046,2.456915784226103,0.01719498112797736,0.5827644445115632,0.0183697342872619,0.49816864631380814,-0.1421837508678436,0.06579493610412249,60,45,15,100,-0.044808095722858446,2.338849190392559,0.04797483865838264,0.40832494267792724,0.050042983144521574,0.49415023854283696,0.03457477766089136,0.2624964095931,81,23,0.0032048670414164125,0.4717433274284533,0.5616323468367885,-0.819363509707093,0.02540505677461625,0.2305470639212419,0.1388626396656036,1.2776973122013067,0.27582067251205444,1.209396121280879,-0.0024325422942638383,0.6123518730725126,-0.0018947273492812499,0.5787025049389491,-0.1369580328464508,0.06830119092042765,84,45,13,76,0.04311215459766904,0.20106804162537936,0.044829512279209824,0.3110763748230309
Good,0.07668321491112802,1.0447485439168174,0.18391888633370376,1.6157731344573694,0.08579124510288227,0.3622345340114088,0.04793343625031408,0.3084959858082003,71,18,0.005440303753007279,0.7675318686998196,-0.09518870826944781,29.607033632918906,0.04100990295410155,0.19046016951936434,0.1954437494277954,4.608890249487299,0.321947157382965,4.4442840346771755,0.0029666893184185058,0.6088687687868145,-0.007068157196044899,0.5183894502221649,-0.1265034079551696,0.16460621481012375,84,47,15,76,0.44981872235568154,5.116533420265213,0.05841847386031737,0.6299291159296007,0.06810655444860444,0.4946848518881051,0.04171728760818946,0.3430329703253732,79,19,0.004692371926481202,0.6345998502112115,0.07264107086607785,12.30621924644363,0.0325870662927627,0.24558909024306116,0.1324889361858368,3.332013239278787,0.269853264093399,3.2533454208600436,0.011092974897474042,0.5998568142680382,0.010788902640342699,0.4718144851363342,-0.1373643279075622,0.0786678184187432,68,46,16,92,-0.31562725078203197,2.95582281974944,0.05317282477985295,0.5241866581547187,0.03946904093027108,0.20117473866634777,0.024446211438626003,0.1500318818275162,78,23,0.0014899088317034445,0.20778181656885747,0.3005323346484068,2.583076548246103,0.0201080068945884,0.10647852456759244,0.0965225994586944,1.1710914126918082,0.1760207563638686,1.0934512874624882,0.000159124284982683,0.4070475514025167,-0.0008824914693832,0.37316339997378434,-0.0794981569051742,0.07764012522932001,82,42,17,78,0.18142729246265488,1.3211309298564025,0.030610849382220067,0.20516848555777983
Good,0.07089695392007775,1.0210113835158174,0.1678646936267612,1.6105457798701706,0.0652698576450347,0.4072149896746934,0.041588357174769,0.3233605744577617,71,18,0.004503242937633653,0.670926054795196,0.5773256326094285,12.132184575690495,0.03474462032318105,0.20557261902841786,0.1954437494277954,3.313094163519076,0.2939478158950805,3.2380625324714303,0.00023371055722237188,0.5846041303167494,-0.00613906979560845,0.5006946408299207,-0.0985040664672851,0.07503163104764575,89,45,14,71,0.6137261881004332,3.297256728918612,0.05321816699692105,0.5737282158058753,0.05998884886503204,0.46846267770282507,0.03941576149896714,0.34063592380910607,78,19,0.004121786467986611,0.6040189778578794,0.23494031194857534,2.517675882398178,0.029327929019927902,0.22481223472474288,0.1324889361858368,2.2460779632705004,0.269853264093399,2.2047963637623247,0.0029409712646156546,0.6305534636432126,0.0001951903104782,0.4884449972772993,-0.1373643279075622,0.041281599508175705,80,45,14,80,-0.14898266699814997,1.5579753994188337,0.050829271322310625,0.45433611714833694,0.0424818992614745,0.3406908584396833,0.023734395545907276,0.1855391002090134,78,19,0.0013974845576817175,0.20706704111415777,0.4708680310090245,-0.6356510374178486,0.0226094275712967,0.14444746826428834,0.0965225994586944,0.8983731281656668,0.1686331331729888,0.8603549298017724,-0.0037935314700007377,0.3953881859102088,-0.0049126893281936,0.3488849280851911,-0.0721105337142944,0.038018198363894425,89,41,16,71,0.2674775949243319,0.6147510681033346,0.02940135567895963,0.2252448080573489
Good,0.07119791822668398,0.9927874148031398,0.1702068658173082,1.6016336673556881,0.0663375556468963,0.43466387629376746,0.042529579633846834,0.34231737591263417,63,17,0.004864296041064187,0.6831155996373102,0.2686232853299333,19.44286893884244,0.0333320796489714,0.18620715625546097,0.1723092794418335,3.9447850793684074,0.2726345658302307,3.84128062462285,-0.003519003838300695,0.5863990108796039,-0.01123547554016105,0.42121120293165115,-0.1003252863883972,0.10350445474555718,100,45,14,60,0.7647093681444618,3.945485514289432,0.05519822837054132,0.5824532596498472,0.0504652708768844,0.53720507435528,0.03529900419351175,0.34389349434195055,87,19,0.0037231555346049707,0.5278650314302842,2.348706964806084,1.8620377720928873,0.025645911693573,0.22621060090022405,0.1346205472946167,2.08651005536339,0.3327246904373169,2.0013742980735825,-0.0015115482266992342,0.578875558305502,0.0017486065626144,0.44515781501160057,-0.1981041431427002,0.08513575728980742,77,48,15,83,-0.8576793005865909,1.3942229939722468,0.0483663943948035,0.4390536634931743,0.0451816581189632,0.34682423511160976,0.02714950849069278,0.2137032367336336,76,24,0.0018366165400596052,0.2568991867435118,-0.04552238278773091,-0.5233847419917681,0.02250990271568295,0.1755356439411762,0.097714677453041,1.0621595314048267,0.1653318852186202,0.9885180701625812,-0.005774907441809766,0.4363590981705823,-0.00905042141675945,0.4079059427561037,-0.0676172077655792,0.07364146124224549,93,41,15,67,0.5057957910424234,0.5773904213734672,0.03348948253675181,0.2578564022615455
Good,0.08002734522681912,1.0955933602830072,0.19303496234118916,1.737156802365956,0.09101767838001243,0.42381438125855286,0.048527146009728274,0.3382403690470172,69,18,0.005569898905599537,0.7240946884584054,-0.5456990351041275,25.495532518494823,0.043396770954132094,0.1837917836524355,0.1723092794418335,4.397921677556082,0.2924574017524719,4.314968543496828,0.008449835330247879,0.5806259856641893,0.0021058022975920998,0.395651600480573,-0.1201481223106384,0.08295313405925314,79,48,15,81,0.3691982753919797,4.630552592163485,0.05857672149216979,0.6220676436127296,0.0542573258280753,0.4115223133366034,0.03971492024138566,0.32071645956839084,84,18,0.004824328277139837,0.6760196023235864,1.6870717564313962,6.918020987822128,0.028405800461769052,0.1955596600553363,0.1355812847614288,2.838918181591202,0.33368542790412903,2.806575601722802,0.01009504310786723,0.66690533705805,0.01250892877578735,0.5509471363451781,-0.1981041431427002,0.032342579868400174,58,45,14,102,-0.7172904421136291,2.292058393327284,0.05414441697602032,0.4808917484497682,0.05659255012869827,0.302702777973489,0.031207819233532018,0.20087060133961376,79,24,0.0023141070497661267,0.3126761475950693,-0.48516733830652026,2.4396159313234946,0.029700309038162252,0.1446171979810662,0.097714677453041,1.488088737813268,0.18669833242893208,1.4223283086034484,-0.0012754949275404174,0.4896254796437168,-0.0023141503334045002,0.47339103021306683,-0.0889836549758911,0.0657604292098195,83,46,14,77,0.3687864063282947,1.2514658066518196,0.038128416168794345,0.2700796869050495
Good,0.06875176351171261,0.9631239828155961,0.16519014796940587,1.513906276307878,0.052913069725036496,0.447794783017859,0.036074230782687636,0.3015547363140673,71,21,0.003914074978198906,0.4786975738564068,0.35779780109138404,9.031346931014754,0.0266175270080566,0.20408791107314272,0.1242708563804626,2.6941405519920183,0.24441897869110102,2.6326418349139513,-0.014790442585945116,0.5113165584540289,-0.01838293671607965,0.39271622267987205,-0.1201481223106384,0.06149871707806717,106,46,14,54,0.4958552169251363,2.7286947917190436,0.04734500346332299,0.46610401297042536,0.053710162639617795,0.5018649098649728,0.03460501503897827,0.2972505697561999,78,19,0.00348862672728307,0.476507716220776,0.5068453971093225,0.7656367633808077,0.027916073799133252,0.2564555242085819,0.1355812847614288,1.7019234640901226,0.2617894858121871,1.6583300724421504,0.012418518494814625,0.5690501762929856,0.0117257386445999,0.532549288548188,-0.1262082010507583,0.043593391647972324,59,40,18,101,-0.15081411816002452,1.0993048397867078,0.045154349997747846,0.3907551830516111,0.049955785274505546,0.28910799281256766,0.02693213030110197,0.1848962358670325,74,20,0.001853449444394579,0.24328108691579348,-0.05731867688082515,-0.5721782758030223,0.02512011677026745,0.1563030124468336,0.0944535881280899,0.952841875256517,0.18343724310398102,0.8401972848016904,-0.0055452643471653445,0.4335395415608637,-0.00807123538106675,0.40734263672282367,-0.0889836549758911,0.11264459045482657,98,47,15,62,0.4657500137908505,0.6562058478352185,0.0336860226478,0.23521171913616376
Good,0.0762534631414249,1.0797222252959429,0.17800878843991064,1.673040986110132,0.07607470452785484,0.44867092613985793,0.04819514397066083,0.37058062604215786,67,18,0.006104467848939266,0.874940007927859,0.12056056834890416,23.921040737449196,0.03408050537109375,0.2154795939962368,0.186819314956665,4.719622616768806,0.3029364943504333,4.615774962202802,0.007094175741076472,0.6494091663161933,-0.00208273530006405,0.4951764071994061,-0.1161171793937683,0.103847654566004,84,47,15,76,0.5711923954271404,4.449789398815763,0.061551962615158544,0.673207057770762,0.0623754933476447,0.47809261170144296,0.03897285178536545,0.32423774413173656,90,21,0.00414387032534907,0.6120342841256424,0.8032690267711966,2.907948553688078,0.030427008867263648,0.2413165664549027,0.1178522408008575,2.141716964555679,0.2967827022075652,2.1054087104270316,0.0012241448275744859,0.6402081227902715,0.008231207728385849,0.5543342544547794,-0.1789304614067077,0.03630825412864748,68,40,13,92,-0.6982229288162739,1.5812286547662557,0.051036259625020466,0.4496307859110618,0.04627470672130578,0.33730129881668247,0.0240685425855008,0.1939456206789248,73,20,0.0015376534012332165,0.2050985690417005,0.5268071091301585,1.6027965737502674,0.02284560725092885,0.14646985311786215,0.1064757406711578,1.2407617836576559,0.1948888599872588,1.227847655721214,-0.00396666606393409,0.3834236970036674,-0.00622661784291265,0.3140497868169042,-0.088413119316101,0.012914127936442052,96,44,14,64,0.21710337994495738,1.1506241663840002,0.030842247201455945,0.24100796173101896
Good,0.07241931289625717,1.080255616746782,0.1692097522318361,1.701166605973223,0.07317107915878285,0.572074530992885,0.04562657603528347,0.40828686547544735,69,19,0.005589172815846583,0.7938143006056849,0.288056235727403,9.984209289178406,0.0337520837783813,0.24923568145462255,0.186819314956665,3.6501012804079402,0.3029364943504333,3.593428897903962,0.009685972705483437,0.6458578433403939,0.00075703859329215,0.4633151555277421,-0.1161171793937683,0.05667238250397814,78,46,15,82,0.6301050752364202,2.782053725660359,0.05848756201830889,0.6137442030694712,0.051326846703886875,0.3449985605298423,0.035263066112529454,0.23090898898641612,87,20,0.0036121482638491044,0.5241345336430053,1.1817747531164313,3.246405495330805,0.025138005614280652,0.17023392420285002,0.1178522408008575,1.8996676033625584,0.2967827022075652,1.8110763537800998,-0.0039609694853425,0.6494263848778968,-8.158013224599997e-05,0.5952617682336285,-0.1789304614067077,0.08859124958245845,80,40,15,80,-0.5382951933358944,1.4655399890465286,0.047497404212601145,0.3199685988771886,0.04371051117777815,0.40921937983582746,0.024823536165058578,0.2011603977065116,80,21,0.001659490350950544,0.22295402526316355,0.35730254059903155,0.622506172506502,0.0223224498331546,0.1938816384780583,0.1064757406711578,1.2216523095234022,0.1948888599872588,1.1783572219325245,-0.006193266157060851,0.40588237775493236,-0.00625040754675865,0.36340220571713683,-0.088413119316101,0.043295087590877725,100,45,16,60,0.2625533550299395,0.7177136289603251,0.0317034200270367,0.24127478254298762
Good,0.07231451461704376,0.9934957332746296,0.17027918718755222,1.5680826417546205,0.0633831173181533,0.4222776545932795,0.044493697537109224,0.40391115437862674,65,16,0.0055078687358964306,0.740947412068885,0.669922922581017,7.979108642215705,0.0308848321437835,0.1790347490765693,0.1914787292480468,3.419747363617521,0.3032623529434203,3.4118720132755627,-0.00929083451628684,0.6068159975237779,-0.02038282155990595,0.41887963153414554,-0.1117836236953735,0.007875350341958305,103,46,14,57,0.9452031600707973,2.6008581901134593,0.058113732376637015,0.6105094243483122,0.04842996597290028,0.32326301236373584,0.033454138354863924,0.2900189668151782,69,15,0.003272929183231252,0.4725227547994335,0.9536946649316622,2.8672489037593962,0.023904994130134548,0.16902494903969292,0.1514157950878143,1.9262756058163903,0.2922687828540801,1.8699014878084828,0.00483540538698435,0.5430854571153066,0.00047065317630765,0.4391216147869569,-0.1408529877662658,0.05637411800790757,78,43,14,82,0.27166702666915304,1.777204754549667,0.04511006351918562,0.4214035370868306,0.041581987403333125,0.3119290254314354,0.025694832717999782,0.1974205592876386,82,20,0.0017710598641119167,0.24246050253703078,0.30967843726098465,1.9515654969305123,0.0212657190859318,0.14572960907046129,0.1025248765945434,1.378057888255907,0.20976758003234852,1.3480487280484157,-0.008161429315805425,0.41818118711553626,-0.00743293762207025,0.3765065374664446,-0.1072427034378051,0.030009160207491233,99,45,20,61,0.09712288253661007,1.1222077136991875,0.03235500387601453,0.2599711470138017
Good,0.08645220414204705,1.2114234402319946,0.2051722738891838,1.9000760762897675,0.09991906583309162,0.4054440644980974,0.05380051669199015,0.35217744075286217,65,15,0.006691285048926077,0.9333586034723205,-0.5143612111484068,25.645999043431885,0.04594513773918145,0.2174238115296287,0.1914787292480468,4.827578868052551,0.3032623529434203,4.7575069737059215,0.002700772508978848,0.6932923753148243,-0.01148241758346555,0.6022445085257011,-0.1117836236953735,0.07007189434662907,90,49,13,70,0.513353161004522,4.60920182021261,0.06481523994587461,0.6728330296608878,0.07907390594482415,0.40397641400582807,0.043335023336112465,0.29370502596976134,76,21,0.005089787171027613,0.6860725592240982,-0.11627073431094859,14.34038477483745,0.0377460718154906,0.21124470471924375,0.1514157950878143,3.2140884834492836,0.2922687828540801,3.1893755420973777,0.016297999769449227,0.6821432599990593,0.013088718056678699,0.6390383415493767,-0.1408529877662658,0.02471294135190604,63,42,15,97,-0.04650161232791432,3.0987048867600886,0.05416482820286917,0.46984373153417075,0.0482299402356147,0.47560371411714153,0.030358391692861874,0.24334481821706958,84,25,0.002473043514234781,0.36053724115662555,0.8018333413743819,-0.12049436015814674,0.02520254999399175,0.2406609693074046,0.1284817606210708,1.3218127139923344,0.2432046085596084,1.316392996183854,-0.00429378114640713,0.5246404409758836,-0.00050842761993405,0.5181200663734342,-0.1147228479385376,0.005419717808480278,82,48,16,78,-0.22920744635437962,0.4784252852762566,0.039202305667829784,0.2920439159600076
Good,0.08463071633489277,1.2415358559921066,0.20255088161677098,1.9494037570546534,0.053154662251472376,0.4485763902339032,0.03914673175662753,0.35524590582649873,72,19,0.0047873475249734145,0.5988490571199381,0.3955749134806248,4.714267451702959,0.026600301265716497,0.20207399577693025,0.1279996037483215,2.5875708019236567,0.252890646457672,2.5578689396571406,-0.019472148641943916,0.5906607879873088,-0.0241693556308746,0.39464619291363023,-0.1248910427093505,0.029701862266516384,115,46,17,45,0.6137549268147261,2.054654322557198,0.05127729651106519,0.4999688896862979,0.08009080775082097,0.5733318347444811,0.0466735819505993,0.3644106211907247,79,22,0.006125881775966364,0.8459043547665513,0.9953381527518097,1.0833768835756583,0.04042972996830935,0.29684003806613113,0.2501474916934967,2.1182812638044224,0.4220238029956817,2.0569030903620478,0.016408742684870952,0.7866589096315119,0.01624037325382225,0.7149472935738356,-0.171876311302185,0.061378173442374416,65,40,18,95,0.14957736613466172,1.07687936288814,0.05984827166353783,0.4765208438923866,0.0514487698674201,0.5083185796116875,0.03294345912610876,0.2596391274298914,77,15,0.002997293739365385,0.42962508716767145,0.6463232034831949,-0.4686788146122476,0.02662982791662205,0.20244835161282013,0.1284817606210708,1.3434817544941515,0.2531033903360366,1.3027892854458238,-0.008276287070475513,0.572084059435833,-0.00966580957174295,0.49774818911553576,-0.1246216297149658,0.04069246904832768,94,48,17,66,-0.0030454155380048803,0.7066094777250918,0.042616460155160976,0.3199139198395246
Good,0.08819030218308879,1.2347776523110117,0.21035093123093224,1.9118782245751915,0.09078109264373768,0.33732106037746823,0.05216440512333061,0.3751032105400376,71,13,0.006449214700114495,0.8746040755622377,-0.13107333736022042,24.09220521364902,0.04651203751564025,0.1674839028700949,0.1902035474777221,4.926888330259545,0.31509459018707264,4.844322411539781,0.0023640055209398297,0.6033804866653888,-0.0070414245128631,0.4348330825326695,-0.1248910427093505,0.08256591871976372,86,48,15,74,0.4397406175917482,4.546927954694223,0.0636434301734677,0.7145180640639373,0.0781375430524348,0.4775895043385864,0.04667769244988445,0.308539805024029,75,21,0.005937498063802946,0.8024608031814365,1.0650179649947304,1.217993801329139,0.0403332412242889,0.2663343968314741,0.2501474916934967,2.1180990525061882,0.4220238029956817,1.9299596097623781,0.013859552610665554,0.8001952724490711,0.008093386888504,0.7299699591919944,-0.171876311302185,0.1881394427438102,69,46,18,91,0.2353272628772831,1.0911241630193051,0.05950613596654944,0.4026764571359908,0.05262091010808938,0.37502997466851196,0.032237971473077734,0.24816539372404642,78,21,0.0025872134180325804,0.367573015978526,0.28184108269229347,3.970219870644163,0.02788247913122175,0.18762698024124883,0.1096190810203552,1.834126261237872,0.234240710735321,1.7804112048782281,-0.003023902734275905,0.508302465460732,-0.005094699561595899,0.423385158904885,-0.1246216297149658,0.05371505635964373,85,42,16,75,0.04109465645957446,1.696180093390407,0.04022408175747086,0.33045668337176554
Good,0.07714195169261892,1.0820269120808705,0.1854351627640424,1.6908708429716919,0.08210812509059892,0.41354726974936246,0.04718785360455509,0.34878307345449255,75,18,0.005494817248887352,0.6921534508680791,0.12645531787356212,21.06323309041812,0.0400885641574859,0.20581439385896821,0.1902035474777221,4.0867304111472045,0.2936750650405883,3.998678737948788,0.009531617164611816,0.5796235569975011,0.0037886500358580997,0.4264490964059674,-0.1034715175628662,0.08805167319841649,77,48,14,83,0.5667485070928941,4.0907789543977335,0.05800376526300823,0.5968165405228343,0.05955052236095065,0.46151337741272136,0.03722460132557894,0.2893437125249662,76,23,0.0035904902018958993,0.47111007148194906,0.028677653659897384,1.6755465396638227,0.028412535786628647,0.24441164637064577,0.1425929069519043,1.893299907191132,0.26772981882095326,1.8447340235754799,0.004821614827960726,0.5733444644688878,0.0011460185050963501,0.5297542276421656,-0.125136911869049,0.04856588361565207,76,49,15,84,0.16482200744412578,1.181756005796055,0.0472734148872824,0.37734095529750455,0.05285141617059697,0.3659419770084061,0.03175067163974741,0.21924579683957104,86,23,0.0025470145503941844,0.3736089403345306,0.6428543162460696,3.2130441272458974,0.026511251926422,0.1801085325239492,0.1000157594680786,1.692364458946142,0.2409715354442596,1.6044831129616455,-0.0007151389145292366,0.537902821505303,0.00308004021644585,0.5107609099463798,-0.140955775976181,0.08788134598449655,75,40,16,85,-0.20229358760178948,1.414531276674346,0.04001726256849682,0.29029208558134123
Good,0.0721321200401719,1.0165755031544454,0.1719480093568561,1.605002574822458,0.06274294853210442,0.4221940122643492,0.04126273065805432,0.3603911522394661,64,16,0.0048520495410466265,0.6597320123528863,2.3523633234158403,11.21943663697979,0.02864831686019885,0.20705893270214973,0.2304885983467102,3.4775149277549424,0.3351570963859558,3.42462148741897,-0.010906278714537603,0.570585621949922,-0.02381244301795955,0.4077057445375034,-0.1046684980392456,0.05289344033597207,106,47,15,54,1.1885659469395604,3.006806472158355,0.054147100344600796,0.5780692522327294,0.04949462041258805,0.2860073477076912,0.03224117169622327,0.24145399369848036,86,17,0.0027993635285388134,0.39211295565227694,1.3067929764657196,1.5652346656398883,0.02605989575386035,0.15019498062501133,0.0939781367778778,1.6038850348244276,0.2648797035217285,1.5004774165727497,0.005548324994742862,0.5302689030944393,0.0092386901378631,0.4497298425628865,-0.1709015667438507,0.10340761825167799,67,47,16,93,-0.6734526032493494,1.420254673653176,0.041588802255487084,0.33305832231502175,0.05256719142198555,0.36136262601541547,0.03056714012986045,0.24485839535214549,84,17,0.002369941479652879,0.34958781569106606,0.688141172669992,0.3055326074600586,0.0271702408790588,0.14008308339734155,0.0982824862003326,1.3804550968694405,0.23923826217651362,1.3371885646373727,-0.004500792315229771,0.5041480497780966,-0.0006030723452568,0.4114991115801675,-0.140955775976181,0.0432665322320677,80,43,14,80,-0.2777078769654528,1.013743179310941,0.038342465983276425,0.3089054217653161
Good,0.07703642130899119,1.0110695199248922,0.18320142284035662,1.6028665972444078,0.08889804780483235,0.3006502637459932,0.047834083517082,0.3551582894684977,71,13,0.00561896007415011,0.7560620547304382,0.48652712194623193,23.5722065008565,0.04154416918754565,0.15975271806179778,0.2304885983467102,4.536915986025721,0.3351570963859558,4.50699133368435,0.008423206582665446,0.5670239963465815,-0.000773012638092,0.43746026165937424,-0.1046684980392456,0.029924652341371732,81,51,15,79,0.6130065186374472,4.455172062342032,0.05884335574583594,0.6592009119362547,0.05719850957393635,0.3486894618944203,0.03715595827903595,0.30218106496103947,92,20,0.004030767359491221,0.5633998569337014,1.021331714881489,4.4173412128234,0.02732269465923305,0.18049345631676106,0.1379119455814361,2.417874643655663,0.3088135123252868,2.352426911344721,0.011086111795157177,0.612896792598401,0.0168075412511825,0.5263612511479331,-0.1709015667438507,0.065447732310942,55,44,14,105,-0.5020979422602465,1.8353418046432237,0.049105997276304415,0.4333097951307976,0.04726242646574968,0.2582385420423815,0.02724440054502334,0.1918023970438508,87,24,0.001738800231866476,0.2498507770271285,-0.5822906361566615,0.9916632662821128,0.023557189851999248,0.12300520352687544,0.0847332626581192,1.15571991130565,0.1540198326110839,1.1307770825875973,-0.000736758485436441,0.42294580829942513,0.00228590518236155,0.42017649418952363,-0.0692865699529647,0.024942828718052666,74,47,14,86,-0.06794471119191195,1.0143526009928558,0.033061137677095044,0.2663974854781375
Good,0.07294340595093846,1.0524275836246284,0.17558316897600867,1.651196937362741,0.06117558479309075,0.30989512391640084,0.03900929302908477,0.3101865186748211,75,15,0.004589545144824776,0.6083354855687881,0.4772843793677026,9.507880683762249,0.03016424179077145,0.15916673644170623,0.1404250860214233,2.918381332369458,0.2764161825180053,2.8901143725943212,-0.015077688544988619,0.5823157461906083,-0.01846846938133235,0.4674380876311026,-0.135991096496582,0.028266959775136675,111,45,15,49,0.4574499609365,2.959772758660136,0.051553272427833516,0.5188871334955834,0.059082955121993894,0.4884618031553014,0.036519788009172736,0.301981103733088,85,20,0.0037801673566932228,0.5230414779486346,0.40923478562865157,1.3282460996456038,0.02906966023147105,0.21155934579446628,0.1432473361492157,1.8408223144075453,0.2805784046649933,1.7662562003901756,0.009472308843396594,0.6113943840672325,0.010977761819958649,0.4939868209268191,-0.1373310685157776,0.07456611401736972,60,45,15,100,0.002215041367927333,1.2366117958659235,0.04782441641718013,0.3863138427233536,0.05065291747450823,0.34726800013588327,0.029055538640823175,0.2365600669471346,82,20,0.0020205354878828656,0.29122125054833514,-0.2481123332781512,-0.1639252124722912,0.025301575660705553,0.16713155618702358,0.0847332626581192,1.172161614655624,0.1910146921873092,1.1188053398300746,-0.0037763140164315707,0.45748680710490036,-0.0004307553172111,0.3696003420558248,-0.10628142952919,0.05335627482554947,81,42,15,79,-0.015277524610274233,0.8387096933859182,0.035446111209486916,0.28622905490760164
Good,0.08331789735780597,1.137972087930035,0.19836323950439672,1.7617603196613416,0.07735475897788988,0.369082804042543,0.05236056941095735,0.38170283494639057,69,14,0.007192400130818753,1.0219421221395122,0.48287025714968035,24.060677382264718,0.038328438997268593,0.20307634036401842,0.2394777536392212,5.270128051690191,0.3754688501358032,5.2046318360697965,0.0025161620229482732,0.6640513724343768,-0.00791326165199275,0.5376478655178125,-0.135991096496582,0.06549621562039483,90,42,13,70,0.6453101038322209,4.55166731076993,0.06720975528500445,0.7622190609710128,0.06334485113620753,0.5006508790074113,0.04056660424161233,0.3310663621475569,86,16,0.004534344604158249,0.6136377623777051,0.3276909059740225,8.62664432207259,0.032063454389572046,0.17449741447999212,0.1520045697689056,2.915509591919192,0.2929745018482207,2.850066746020141,0.005973235308192665,0.6238154107134884,0.00731868296861645,0.48291922860518044,-0.1409699320793151,0.0654428458990506,67,48,14,93,-0.2440968916838042,2.3886612206002997,0.053064914204670556,0.4738059684449604,0.05182922258973105,0.33245655115772405,0.030552663183188954,0.23410212404968406,83,22,0.0022654744855686777,0.3205420222537654,-0.13345428614547483,2.292922417947202,0.027236521244049,0.16812348677998964,0.1061261892318725,1.6055083057300243,0.2124076187610625,1.5449597494950225,0.0017016941215842886,0.4738935365134762,0.00445342808961865,0.43613066061476424,-0.10628142952919,0.06054855623500183,73,42,16,87,0.024794007971536802,1.2977885007325614,0.037708258316379875,0.3097853100205302
Good,0.07397725615826492,1.0859651268620896,0.17636014848947504,1.716623809347841,0.07015985250473017,0.3980338137191599,0.0447693707188591,0.3304688549472366,65,19,0.005620097563908815,0.7094361415880347,1.1988468880639696,16.7394874914992,0.03125196695327755,0.2292920811595464,0.2394777536392212,3.781342978693414,0.3351994752883911,3.753265810130015,0.01411344893276692,0.6194006308825148,-0.0027998089790344,0.5114251734343911,-0.0957217216491699,0.02807716856339902,83,47,11,77,1.038562317234441,3.608635246787694,0.05774262161836088,0.5707705318693119,0.06346254236996166,0.537035729842517,0.03929513499722812,0.3265139381341926,79,22,0.004233716888775858,0.5674307814379952,0.4423634401906553,0.29894553945560887,0.03289229422807685,0.283406380097884,0.1520045697689056,1.807000374109529,0.2929745018482207,1.759156354203985,0.006769420672208063,0.6367937741912223,0.00529695302247995,0.5438942370279645,-0.1409699320793151,0.047844019905544204,67,43,18,93,-0.27748431186351036,0.8398496177340521,0.05115272974386753,0.4023983978463307,0.048896476626396075,0.2618289397591726,0.02755017984309229,0.17312625284638383,81,23,0.0018504241881921618,0.2638921522473566,0.11579413726930854,0.30027487547983656,0.02345879375934595,0.13401347413276743,0.1061261892318725,1.060740430562932,0.20359116792678822,1.0221389039176594,0.0018044966273009742,0.4604294042741037,0.00371690839529035,0.4437976371984125,-0.0974649786949157,0.038601526645272694,76,44,15,84,0.18638678019982072,0.5213509972858239,0.03406628993933893,0.22780894610868674
Good,0.06872334584275801,0.8890216467907066,0.16189148928970076,1.4028283903376768,0.05810895562171928,0.3496480172158273,0.039016446513123776,0.31044565444649846,73,16,0.004495507425490957,0.5587062195797796,0.768712179943368,13.500324514318692,0.0271988213062286,0.17336106669634666,0.1490188241004943,3.259265600399196,0.2664552330970763,3.2080021899815434,-0.013147068396210654,0.5053951648002968,-0.0213637053966522,0.3736186619263968,-0.117436408996582,0.05126341041765282,111,53,14,49,0.8172521136046608,3.519857335190621,0.05151146159096479,0.5507104020955664,0.05013535171747195,0.30386692117620173,0.031467407743912164,0.21688487622842895,73,20,0.0030955304620933666,0.34724466856028025,0.24976498460708774,1.723836360843661,0.0252762027084827,0.13803909129995262,0.1222563683986663,1.5239392925467419,0.23826470971107472,1.4593861833718123,0.017803327180445177,0.512165003744214,0.0138424485921859,0.456837161385763,-0.1160083413124084,0.06455310917492951,51,45,16,109,0.17022172922622839,1.058362491296781,0.040347522803036,0.2914303990663454,0.04738159477710715,0.28783924719517934,0.024557312915276228,0.18751663092702858,79,21,0.0014538078669151203,0.20687380642617226,-0.3860229281070988,1.9250323404028,0.0237160064280033,0.14747670865643708,0.0644337087869644,1.19266864671056,0.1618986874818801,1.1649748326801748,-0.005926609993912273,0.3852682217931661,-0.00607740506529805,0.3131036043124662,-0.0974649786949157,0.02769381403038522,91,45,15,69,0.00814217954310344,1.2360743545266761,0.029647916524878658,0.24174822378355534
Good,0.08190870717743823,0.9919157262786567,0.19270188238471725,1.5290041952975226,0.09951001405715933,0.27238653066641516,0.05236765181180085,0.38892155325169353,75,12,0.006157637021336085,0.8357030339953976,-0.7000266630218297,25.339067158866193,0.050121009349822956,0.12022222318105373,0.1490188241004943,5.06040790085949,0.2664552330970763,5.0046031502131,-9.052790701389035e-05,0.5386861986328821,-0.00737804174423215,0.3356483912681075,-0.117436408996582,0.055804750646389255,85,51,15,75,0.31655361616505484,4.695962412147796,0.062231177391482546,0.7385934019457883,0.052911356091499204,0.38235411102070005,0.03642299314960835,0.26843966038699646,80,15,0.004534517953473577,0.5261038711682439,0.3557062513844276,13.62961223520793,0.0270111262798309,0.1541414223017867,0.151477426290512,2.878881253630125,0.2674857676029204,2.8441054961126278,0.021542138140648585,0.5816714241954012,0.0221099257469177,0.48084426028947463,-0.1160083413124084,0.0347757575174976,46,50,17,114,-0.09099335402262762,3.1709878486458525,0.04883559898837793,0.43331538795978325,0.0464101145043968,0.2939347876976078,0.02648714256501985,0.20422099622676995,77,20,0.0017221922188538756,0.23722006645651458,-0.02459741650050873,1.1088800453314835,0.02331188507378095,0.13298905755763044,0.1050923615694046,1.2237004933875502,0.19516621530056,1.139840093087095,0.0007405950454995047,0.40864657246923936,-0.00173997879028315,0.31696722222897455,-0.0900738537311554,0.08386040030045505,81,46,18,79,0.2821960176352648,1.2746878474344852,0.03290270246800201,0.26500574572196983
Good,0.07210646792676598,0.9984708265254281,0.17232265520840861,1.556710813732342,0.05031733214855188,0.26526408264259455,0.039091991563327586,0.3443990541159345,73,11,0.004861994049776642,0.6231655694366051,0.2833690098873132,10.465251123574749,0.025541663169860798,0.12285197842745714,0.1284655332565307,3.255752543381893,0.2542640566825866,3.2322063681323954,-0.01627085544168947,0.545134684772778,-0.02141001820564265,0.35937051611003296,-0.1257985234260559,0.02354617524949743,115,44,18,45,0.42791244785845073,3.098507485770097,0.05283419460970705,0.5709586192486186,0.055492565035819924,0.4421763550148089,0.03625023595930539,0.32934914592683356,74,21,0.003965301639885879,0.5280415261216752,0.338311902609842,0.3919532881978185,0.027598872780799748,0.2249223172468259,0.151477426290512,1.7304805005511255,0.2557822763919829,1.7026594670076463,0.0146448339568451,0.5860962356116964,0.012056395411491349,0.49879680111611,-0.1043048501014709,0.027821033543479114,64,47,14,96,0.2703929364133616,1.0647813120903422,0.04772924015307648,0.429572728095574,0.036544535309076226,0.35499223618774756,0.025796039369888564,0.1909195232420184,74,21,0.0018343437525700432,0.23609784517155563,0.7106040842357917,-0.5339827885945212,0.01847850531339645,0.14219109510920624,0.1050923615694046,0.9441544450161652,0.2179125696420669,0.9137595275360445,-0.002436807192862028,0.4254798933478677,-0.004730112850665999,0.3869079428166321,-0.1128202080726623,0.030394917480120714,90,39,16,70,0.1298303969902746,0.46188914222126387,0.03387772041756068,0.2346587000906697
Good,0.07948993705431877,1.04130052633229,0.1897750763967631,1.6415555805089368,0.08141666650772085,0.3745696923693095,0.05109960283152755,0.37320375407683676,65,16,0.006394560600993052,0.920634468558891,-0.5203468001958735,25.81313710642176,0.042250126600265454,0.2015036628195013,0.1506821513175964,5.139801951500528,0.2998941540718078,5.086896055727076,0.0003408826887607658,0.6155432875587689,-0.009603947401046701,0.4695353698212923,-0.1492120027542114,0.05290589577345255,95,50,16,65,0.0884222164119426,4.717786833396993,0.06341623841894292,0.7360305222612945,0.0659474469721316,0.4504954119182624,0.039207562277442744,0.30597758804796427,74,16,0.004243203337421595,0.5407645321064581,-0.17428944977795435,13.303352487407192,0.03382030129432665,0.21330549433655127,0.1379956901073455,3.046970884151498,0.2410897612571715,2.947767717638288,0.01619188685435801,0.5666874692904663,0.011401519179344101,0.4612340114760388,-0.103094071149826,0.09920316651320997,70,47,15,90,0.09970581010356142,3.126910798378234,0.04903932331485655,0.4686468225173675,0.04226055741310106,0.34435874280261713,0.027459266630466977,0.21326418658105425,73,25,0.002021489382074653,0.2889980385025073,0.09753415167572488,1.5474209088589532,0.02024818956851955,0.1917774377758947,0.0928186476230621,1.4468437720323692,0.2056388556957244,1.42691436529477,-0.002572978846728794,0.4593248236597015,-0.00432132184505455,0.45912164745344053,-0.1128202080726623,0.0199294067375992,91,39,13,69,0.03166354639468234,0.9383301515174963,0.03556283331102667,0.27931835756443113
Good,0.0865114369768489,1.180756582807296,0.2079434616025535,1.8578407394180616,0.08818849921226496,0.44433012085397317,0.053215464651584575,0.3898233361492695,73,19,0.0065365123584317,0.934502525968306,-0.6044212811351648,16.168590251207544,0.0459486544132232,0.21232678910344516,0.1506821513175964,4.325152264079814,0.2998941540718078,4.210626236623379,0.0054957151412963895,0.7118405292117624,-0.0034996271133421997,0.5726767444049838,-0.1492120027542114,0.11452602745643503,85,50,15,75,-0.019020157067609646,3.5245765496736854,0.06387974030740436,0.6540531988606308,0.06773632206022732,0.5186932966741484,0.0410761339440796,0.3705467579831943,75,19,0.005033264316343369,0.6091427715554183,-0.09787872924495833,2.779541025022457,0.03390608727931975,0.26056471712398976,0.1653054356575012,2.33918124332814,0.26839950680732716,2.3258807056131485,0.022440399642800903,0.5968527235442133,0.019474014639854348,0.4577016387188036,-0.103094071149826,0.013300537714991107,60,45,18,100,0.06937170588696652,1.6388971896129334,0.051563905874335625,0.5029011811014896,0.06043896079063405,0.3759296590616564,0.03346904147183518,0.2644771105786109,75,26,0.002838964413051368,0.4195019919127425,-0.07364956026047853,0.9554182053530553,0.0297902897000312,0.21147263851699483,0.0928186476230621,1.5550683223707276,0.2365033328533172,1.5139162095375158,-0.0026261264458298625,0.5491474866620858,-0.00372894108295435,0.5706467297789009,-0.1436846852302551,0.041152112833211754,87,41,14,73,-0.12882949133326577,0.8839438762801894,0.04217312289706188,0.3434225237305451
Good,0.069897193326242,0.8770132994658519,0.1623884954396633,1.3272528709937208,0.07008689641952502,0.3677529210100786,0.04827653925400223,0.3730605679842352,83,15,0.006207596301095635,0.9167583043005608,-0.051822385838899976,27.01485694327055,0.036366730928421,0.18943443233803253,0.1481732130050659,5.3765644218977275,0.29429149627685536,5.296715114061841,0.002170033380389208,0.5607590734209783,0.00492972135543815,0.40101985456886396,-0.1461182832717895,0.07984930783588721,75,47,17,85,-0.25184546299210225,4.930392990226072,0.062445255668744454,0.7760847671978922,0.0588544756174086,0.28195578333971594,0.034527223589830056,0.2490302243602089,76,17,0.003081498394156418,0.4641532621961496,0.014011806201390975,20.861382502932944,0.0296467244625091,0.1432214822276333,0.1387161910533905,3.279544709285881,0.2390554547309875,3.2258291243197306,0.005906383227556944,0.4831999355122856,0.00311428308486935,0.41136655073045547,-0.100339263677597,0.05371558496615046,76,39,17,84,0.17629860739636927,4.189493450655695,0.04362275251371064,0.4802822966933849,0.029691722011193522,0.25618175305105245,0.018441776438703483,0.15869435814269212,79,18,0.0009181548476345553,0.122999195002756,0.3935586474369117,2.0284026286001158,0.0145738692954182,0.08867631332367337,0.0551398992538452,1.031744406896476,0.12832212448120112,0.9826191187278176,-0.0022134387982077853,0.2832938620604568,-0.0024438502732664,0.21423421082504218,-0.0731822252273559,0.04912528816865847,88,46,15,72,-0.44894663299327886,1.4404100278005751,0.02392751041005586,0.20674569577533378
Good,0.07158366670966192,0.9679635932086602,0.16638354514725484,1.523057063164056,0.07263471186161033,0.31938016604274105,0.04811126962304111,0.35759273411033293,80,13,0.0061758341590108685,0.9088040256262766,-0.12751090986259328,18.024442212198814,0.03605160117149355,0.15797040552024755,0.1481732130050659,4.604734274500999,0.29883301258087147,4.537158250037499,-0.002421650290489197,0.6126674174753909,-0.0025831758975982,0.4751713556872326,-0.1506597995758056,0.06757602446350026,84,49,13,76,-0.06217617555313453,4.105460075371714,0.062275766988168405,0.7303715911714473,0.05125387012958514,0.4345917952079332,0.03356233921833331,0.28176734434322714,78,21,0.0032286052553176904,0.47682272158025346,1.2013335749665544,7.229215201508575,0.02563202381134035,0.2140466460763552,0.1387161910533905,2.437794150305698,0.30940964818000793,2.4017676218217376,0.005123605206608768,0.5544629412374179,0.0037135630846023,0.49566437707569,-0.1706934571266174,0.03602652848396018,72,38,17,88,-0.28266448899080804,2.2332468622607973,0.044767766416781846,0.411574499179195,0.035076257307082324,0.1995878293489308,0.021777908831354536,0.15109429520700657,81,21,0.0012237824049657294,0.16688159665700655,0.12911252098873138,0.7351595269718092,0.017629619687795597,0.10344923278908603,0.0763858556747436,0.9445227915121802,0.1495680809020995,0.8875271323572311,-0.00519209133344702,0.3559267044512475,-0.005008880048990199,0.3254360056136226,-0.0731822252273559,0.05699565915494913,89,44,18,71,-0.03671201790662895,1.055825861536236,0.027249717615546388,0.2004938346071541
Good,0.07101262561793913,0.9043425815349612,0.1643646443635223,1.3866551474080953,0.07770016789436332,0.3309196814080578,0.0483952865004539,0.3709902897260144,80,15,0.00602820098981929,0.8968637900247326,-0.21613248669166119,24.767547543085744,0.03925454616546633,0.17176022668592156,0.1590257287025451,5.230168890432422,0.3096855282783507,5.196502324633546,0.001417691260576248,0.5505850819838297,0.0011593997478484717,0.3642948418565011,-0.1506597995758056,0.03366656579887538,80,44,17,80,-0.04550149627380876,4.717624565752882,0.0615572813579178,0.7705321911001461,0.060013942420482504,0.3492742759729997,0.03573611549101765,0.25293137105954955,86,19,0.0031433404681118784,0.46639627082624263,0.3208159742609782,14.659332509374142,0.0315285623073578,0.17909831824652378,0.0868189334869384,2.7955193205205355,0.2575123906135558,2.6954999484171593,0.0002825628966093018,0.5404213221016075,0.00541415810585015,0.473948029190624,-0.1706934571266174,0.10001937210337633,73,38,18,87,-0.37139102662714185,3.3048353003890565,0.04446193143236397,0.4175416930609364,0.030107353813946122,0.1502875036892472,0.01821557022631164,0.11872342555885611,80,19,0.0009061768417339848,0.1132266851713986,0.8346809016166516,2.2178706305151996,0.015099326148629149,0.07799837839702994,0.0763858556747436,0.8824026637141296,0.1490039825439452,0.7994827223768928,-0.00512542827054858,0.29564874332265784,-0.005034588277339901,0.25847913936794387,-0.0726181268692016,0.08291994133723683,89,45,14,71,0.22834423098351295,1.4039359336520505,0.02331281421867958,0.16068137957813217
Good,0.06751972999963977,0.8756908162593844,0.15482279680669286,1.3087626859134915,0.08008567988872517,0.4017442859695126,0.04929986637085672,0.3970609882310307,74,15,0.006255189324684587,0.9247362787129698,-0.12741141536722989,17.632557643380988,0.041802167892456055,0.1977281128621896,0.1613209843635559,4.737687627719461,0.3060837388038635,4.702586638725177,0.0005785480141639765,0.5982950120435737,-0.004959195852279601,0.4262031137350223,-0.1447627544403076,0.03510098899428362,86,44,15,74,0.09497643959074885,4.011735002345098,0.06271957041730672,0.7528474993494698,0.054921954870223874,0.2960972810133892,0.033301885371329214,0.2517084234021227,91,16,0.002776150873940437,0.42991289271025257,-0.031786179237801804,9.709847726971173,0.028218060731887804,0.14102328698461686,0.0852549374103546,2.339404241968279,0.22279655933380121,2.2848048254270066,0.0023795959539711395,0.5033520832026555,0.007644817233085549,0.41837036849522624,-0.1375416219234466,0.05459941654127242,65,37,18,95,-0.3125437570086734,2.941207842125499,0.04171700791032122,0.42017802541993987,0.02259795833379025,0.14093806820851382,0.013399119176901836,0.09748588907661895,79,20,0.00047202147001856903,0.05899294041970188,0.10585424300818946,1.0771831208563292,0.011472586542367949,0.0646085186230684,0.0437957122921943,0.6098535642542554,0.08921408653259269,0.6065722186282329,-0.0037170898169279045,0.20711559066726248,-0.00382178835570805,0.17781165053240416,-0.0454183742403984,0.003281345626022556,93,47,17,67,0.28306923328253353,1.1456198817491454,0.01682156932394383,0.12687029803012545
Good,0.06318275433464997,0.8279396101074887,0.1478837339952586,1.248227635072658,0.078677549958229,0.3814194820615696,0.04671840027905996,0.3689313087782058,77,15,0.005593109906695937,0.8404039430396242,-0.034312694928926746,27.315044088660482,0.0381634533405304,0.1621840864110513,0.1613209843635559,5.100651368814007,0.3060837388038635,5.0631735881805335,0.0002979718148708399,0.5550129015449338,-0.0056255161762237,0.3573589581488285,-0.1447627544403076,0.03747778063347307,83,47,13,77,-0.10585436708153279,4.904915919552671,0.05930927280778852,0.729633210701307,0.0518229752779006,0.34439203773578975,0.02999885086552236,0.2568482470674019,79,21,0.0023924798315705046,0.36075526639587785,0.657539450122484,10.49165655895321,0.026178762316703748,0.15898378560930349,0.1264759302139282,2.4017388543433666,0.26401755213737477,2.37408826544073,0.005682419706135981,0.4541007924869782,0.0054385811090469,0.3521945050825701,-0.1375416219234466,0.02765058890263669,68,37,15,92,-0.008197553476345374,2.8381955862979735,0.03836940606493646,0.3931255990883527,0.027417656034231123,0.16270374747936228,0.014914282194222287,0.10063080097207588,78,23,0.0005435302017684829,0.07286608434105946,-0.20581689295974215,-0.7207423641967137,0.01405772008001805,0.08881561738268914,0.0497381836175918,0.5218127489995018,0.09613758325576771,0.48682773051482664,-0.004136868123896411,0.23911394104074588,-0.0044635776430368,0.22983978268006744,-0.0463993996381759,0.034985018484675175,94,46,17,66,0.33076822747040946,0.36151585740516395,0.018017257924704436,0.1252621552625619
Good,0.058372802358785655,0.8219493281026492,0.13995952792465666,1.262610634687247,0.06916560232639304,0.3228257813657877,0.039829976507462526,0.2887154713164686,75,19,0.004228176276325998,0.5701760194249679,-0.3360686523109684,26.213948279809024,0.03449556231498715,0.1585947048413453,0.1468791365623474,3.9610514642142207,0.24982726573944092,3.9362900251533373,0.01253517903387546,0.507099924514501,0.00713706016540525,0.4022296533486812,-0.1029481291770935,0.02476143906088337,67,45,16,93,0.043046310855984246,4.697804508768461,0.05001111282082509,0.559486984640711,0.04608712345361703,0.32059620726008536,0.029548122547566846,0.23445228578695773,84,20,0.0022654405088364405,0.3439641625369593,0.3277446073511108,9.618335237918108,0.023009195923805202,0.17550783499418818,0.1264759302139282,2.18509009002641,0.2339513599872588,2.125346470696543,-0.0007233954966068306,0.4670701250181075,-0.00047160685062405,0.3907968355575769,-0.1074754297733306,0.05974361932986708,81,37,16,79,0.12025040063963907,2.665425297555091,0.037739617899806704,0.3546965757552906,0.0307711958885192,0.19569091437926628,0.017519540032371838,0.12228942924797323,81,19,0.000775986993027637,0.11041625283162665,0.6837006023902372,2.076267754728973,0.01484631001949315,0.08576908491590755,0.0745655447244644,0.8327642295107199,0.1332636028528213,0.7870241736148693,-0.0023753210902214,0.2884405851546382,-0.00181693583726875,0.24562309193995085,-0.0586980581283569,0.045740055895850604,83,44,17,77,0.2545499651931524,1.4038676641268566,0.02196279805662517,0.16497964015985891
Good,0.06714325207654673,0.9159964767982864,0.15846945688128447,1.4273709131690355,0.07181611657142631,0.4431795134267401,0.047371987253427464,0.4034293753260397,80,17,0.0058130623682996615,0.8293412412963436,-0.19021964636945965,17.753623185553785,0.03567746281623835,0.18387732530162415,0.1603288054466247,4.467915945871627,0.3005601167678832,4.383536532333973,-0.005972420424222942,0.5975739996928926,-0.00574311614036555,0.3753606905422695,-0.1402313113212585,0.08437941353765405,89,42,16,71,0.17789977198334453,3.8131209919919837,0.06016743241977791,0.6872019762685366,0.0481795072555541,0.29397830808973086,0.030775320937391326,0.24079722417150545,90,18,0.0025553151783850557,0.37257606030512735,0.7384116410658823,3.115239088721701,0.0224571377038955,0.15284230058450154,0.1266543269157409,1.7914336247614249,0.23412975668907152,1.7407162035422492,-0.003844937216490514,0.5057224064402954,-0.00049801170825955,0.43545473019799263,-0.1074754297733306,0.05071742121917569,81,44,19,79,-0.010111118746540927,1.6431766591982315,0.03990288139898597,0.34179073704441426,0.033488091081380775,0.21520627876820322,0.020399543368257545,0.156090742621847,77,16,0.001066651578849315,0.15286285420268667,0.09839645612103709,2.804815235758525,0.018358387053012702,0.09646600355148316,0.0745655447244644,1.0803239481189681,0.1415739804506301,1.042562512101046,-0.004567888751626008,0.3240745070358472,-0.0066415071487425995,0.27196187374434955,-0.0670084357261657,0.037761436017922236,91,44,16,69,0.17335317922861737,1.6493963008183896,0.02549221865014416,0.2187202964796803
Good,0.07087441854931893,0.913757396789576,0.16609782077372054,1.3857753107013535,0.07668066024780262,0.34550897900893346,0.04802624473813917,0.363546354425961,75,14,0.006014980241811145,0.8216240122327071,-0.07815095287368212,27.849145457581358,0.0371710956096649,0.12674742701680702,0.1603288054466247,5.052827180362163,0.3005601167678832,4.960277483184137,0.006860828772187233,0.5515106367452711,0.0012885332107543499,0.36648686558544513,-0.1402313113212585,0.09254969717802666,77,48,16,83,0.02811172318176293,4.978446876010033,0.061119877503999005,0.7193469467437341,0.05744203180074685,0.38274850597637783,0.035595301602734206,0.3062743187010094,81,18,0.0031771521675408787,0.4722648374757149,0.07814209539758288,6.6407686516581315,0.029757454991340603,0.16906698445962176,0.1266543269157409,2.496762965944644,0.2330748438835143,2.386307978440588,-0.0008768416009843407,0.5332280180931646,0.0010325461626052499,0.366235258787424,-0.1064205169677734,0.1104549875040561,79,41,16,81,0.11081024667333778,2.299511329532062,0.04469267527982361,0.43351207387586177,0.03339116647839535,0.2549296302028277,0.0198722260992508,0.1745657742090965,74,21,0.0010093622319274605,0.13836736472565653,0.11206376276334629,0.3215860735039726,0.01753034815192215,0.13398031286500847,0.0591012835502624,0.9309095067063622,0.1370498985052108,0.8752073071869636,-0.0040293218102306055,0.30103665586291817,-0.006765779107809,0.23211595115370182,-0.0779486149549484,0.05570219951939856,94,45,14,66,0.05540724707723875,1.0218812120904661,0.024869287683628616,0.21850468313637467
Good,0.06566505692153761,0.8660475701779048,0.15664835758507228,1.3493239330745304,0.05762603878974897,0.4146882465659233,0.04015548203606155,0.34925730621702394,75,15,0.00454154806870949,0.6308395681045141,0.33502286169344675,14.409199717041513,0.02978748083114615,0.16302004270433818,0.1380100846290588,3.7274706897201804,0.27478891611099243,3.6822626194552157,-0.007213650271296492,0.5014316896289313,-0.00877818465232845,0.32122055754807727,-0.1367788314819336,0.0452080702649645,95,49,16,65,0.21296087316056758,3.585794065899078,0.05295238913093124,0.6159592752288005,0.06241303682327263,0.434072126920922,0.036452395567903244,0.3064556672069535,85,17,0.0031113190172867766,0.4675702737227087,-0.34500029719429026,2.0159255071083138,0.03088571131229395,0.17112810413237528,0.1163098812103271,1.9040354150035024,0.2394039630889892,1.788252630660589,-0.00031772563233972066,0.5558066198889712,0.0052851289510726495,0.4181669877578313,-0.1230940818786621,0.11578278434291342,75,37,15,85,-0.23774860369817408,1.4972304018231368,0.044234633816812155,0.398308015247378,0.0316013786941766,0.2471978543750463,0.018704822125146132,0.157672925640912,74,19,0.0010165578653825074,0.12840474139285393,0.315930569583331,2.4760531134855315,0.01549293845891945,0.1046066702119807,0.0591012835502624,1.0697192514711162,0.1370498985052108,1.0463593296083376,-0.008247101353481391,0.2920856235566281,-0.010360315442085249,0.2372891860165166,-0.0779486149549484,0.02335992186277864,107,44,16,53,0.25107123735920084,1.5057228075005236,0.023893558198826877,0.2075830674799601
Good,0.07908775899803341,1.039115582233328,0.18754292324185348,1.6008906514181174,0.08502802252769456,0.35577465866962926,0.05307481775060292,0.4006920882807038,77,13,0.007120462591922128,1.0530733647663097,-0.49717381959172924,23.487504957290167,0.042734503746032645,0.15003614063393947,0.1481534242630005,5.498049505138317,0.2897146344184875,5.469482063231637,0.0054651603102684,0.6262196776238043,0.0020663738250731997,0.42794609441456316,-0.141561210155487,0.028567441906679637,76,50,15,84,0.11705743678341804,4.581247310452927,0.06669499631583471,0.8129712664805863,0.06718147918581953,0.539180782651524,0.04196270365850064,0.3222024438422506,77,17,0.004283524822013605,0.6458100060790097,0.007685639414173551,12.340117543471717,0.035066202282905454,0.2584711696825903,0.1506664156913757,3.252446756066585,0.29769402742385864,3.1573791319024442,0.0002894020639359965,0.6242260429721364,-0.0039501786231994004,0.5230914771765289,-0.1470276117324829,0.0950676241641407,83,37,16,77,0.18672569363545166,2.9892872463912643,0.05190333792980457,0.5061144666519208,0.03581406176090227,0.25117604908667057,0.02193956974660973,0.17984389707033777,79,18,0.001225439988140826,0.1792229470961837,-0.26328494599300667,2.2052774835303826,0.0179947949945926,0.1132292141225158,0.0692611932754516,1.197085782679733,0.1329562664031981,1.1839356825606613,-0.003956136293709267,0.35044493082217676,-0.0052860751748085005,0.29243253522901813,-0.0636950731277465,0.013150100119071667,91,45,15,69,0.19485954267171762,1.4234296867674725,0.027476672383067103,0.2375106261985418
Good,0.08265412679916266,1.1561177140204044,0.19397775165736655,1.7977888421471417,0.07483227550983415,0.36494950161488493,0.052696898523718075,0.45029711160132346,76,13,0.007504840597845999,1.128935109327009,-0.2367283790586634,15.363365413126843,0.0373770892620086,0.15709372242221578,0.1481534242630005,4.963266518487802,0.3002774119377136,4.870483853924222,0.0004211131483316449,0.6952459063291443,-0.00166323781013485,0.4738324571798578,-0.1521239876747131,0.09278266456358024,83,46,17,77,0.09289852842760574,3.7296355245559414,0.06870114323379371,0.8034726125136908,0.07847916334867472,0.5014221968858711,0.04472086826106529,0.34688805847382154,82,19,0.004926837566309059,0.7276833636057208,0.043671538042894475,2.8198875345719054,0.03983852267265315,0.20299242742797977,0.1506664156913757,2.2620431439592172,0.3114698529243469,2.144908720267307,0.00681938389316201,0.7095330519751318,0.00779679417610165,0.5679301267652408,-0.1608034372329712,0.11713442369191022,74,37,17,86,-0.15854169646674182,1.6718457508971387,0.05524349286714098,0.47354641985825985,0.03495086915791022,0.2502979803110621,0.023433845912804785,0.18313980611678077,86,22,0.0014805874718794812,0.2134238227180823,0.043073562213345795,1.131461930337859,0.0167525298893451,0.12324131403767248,0.0692611932754516,1.1371207718495224,0.1687275767326354,1.1014657955281217,-0.004065580712631337,0.3930098838428655,-0.0025476366281509,0.36649017003784856,-0.0994663834571838,0.035654976321400626,85,43,17,75,-0.18196177316981707,1.037114292729274,0.030241596966147456,0.2428313281269525
Good,0.0774848651131987,1.0049938120844486,0.18172523632645587,1.5637640170122804,0.07702115178108201,0.4377123674517762,0.04881624246481803,0.4112339413738289,75,14,0.0063276328484969755,0.9395424226057323,0.007746179429600986,25.827176687075937,0.0392710566520691,0.18584153254807056,0.1477017402648925,5.468943765756283,0.2998257279396056,5.3846596418036015,0.005472910776734352,0.5454388714747888,0.0015875697135925,0.3412376024196052,-0.1521239876747131,0.08428412395268159,77,41,16,83,-0.1957673815642899,4.776665532593853,0.06284506477426069,0.801273274289141,0.06759556382894508,0.45718288995548684,0.040656178636709187,0.3174636833213341,83,21,0.004163598638415326,0.6233377027991659,0.22207567761180558,6.902910295708185,0.03398762643337245,0.22365974925275245,0.1406531631946563,2.71634740958297,0.30145660042762745,2.6371819826601506,0.005562903825193639,0.6492114573967203,0.008150190114974951,0.5567197296074529,-0.1608034372329712,0.07916542692281968,72,39,17,88,-0.3164246672171259,2.14024600939985,0.05086722882755599,0.44929075929067636,0.0398008581250905,0.19158716759924388,0.023616944628301963,0.18717028284969517,82,17,0.001447129715595606,0.20505103961859233,-0.09786284016067492,1.9013179208630646,0.01910083740949625,0.09221341329231594,0.0656030178070068,1.1716413446877754,0.1650694012641906,1.1119861505342525,-0.005502004269510497,0.3691136881407715,-0.00352989509701725,0.2861353048928593,-0.0994663834571838,0.0596551941535229,88,38,15,72,-0.20954616955280123,1.5827371431613875,0.02965943414797227,0.26230921608992236
Good,0.07611224889848188,1.0119360330230385,0.17981760218739484,1.5898392175087916,0.08571778237819665,0.34298515735373203,0.04909091137349601,0.40905260149587896,76,10,0.005976265626868902,0.8730994134038754,-0.3839090576389488,13.674186237006133,0.04223695397377005,0.17303872992409997,0.1477017402648925,4.343572046786218,0.30279159545898426,4.30687972750854,0.006313203275203702,0.5822893003772837,0.0035279095172882,0.3684185239694458,-0.1550898551940918,0.03669231927767827,75,43,15,85,0.015660934145800186,3.5463006092222398,0.06097991818076135,0.7307794359928368,0.0581410638988017,0.4076599880191941,0.036806079321540855,0.29398406316370557,84,19,0.003557469962709795,0.5344210350518609,-0.05927675937352728,1.819511072176561,0.0289072021842003,0.20011821397553278,0.1406531631946563,1.875671583646509,0.2548488378524779,1.8639881093220037,0.007026325073093169,0.619060971822921,0.00880308449268335,0.5142562041617549,-0.1141956746578216,0.011683474324505382,68,37,13,92,-0.026315126918222607,1.3661288260387294,0.04677309857009038,0.3888245725484972,0.04366853088140477,0.29556668386921325,0.025509750922792545,0.24019254896246392,81,19,0.0016476491428794504,0.2433232894655051,-0.31815063924411957,0.6205859350952725,0.02145205438137055,0.14013363284405667,0.0767478942871093,1.3196685075629655,0.1651355028152465,1.2523291743499971,-0.004926360072568054,0.38848894530858685,-0.00394472107291215,0.25847044653122575,-0.0883876085281372,0.06733933321296838,88,36,16,72,-0.07741751116301777,1.2318655467932311,0.03180936440158415,0.3039730725549993
Good,0.07791757585633534,0.983590314292827,0.18315358683466887,1.5255514447555318,0.0837876051664351,0.34095323460276805,0.051931777507998,0.4027209754863567,73,11,0.006651398662050695,0.9335889369476608,-0.23300473896063734,19.869099809889647,0.0426613092422485,0.16100973709565142,0.1924424171447754,5.049453678995205,0.3475322723388672,5.009785981305176,0.001110420748591423,0.5702956103583269,-0.00598454475402825,0.40734891892983005,-0.1550898551940918,0.03966769769002913,86,47,13,74,0.3450139481355876,4.197468419215028,0.06466860760525775,0.779969136410976,0.06623091921210275,0.40666119400758505,0.039563956864876626,0.3029460827644992,81,22,0.0038125443393317404,0.5502978719120031,-0.43839430181307515,5.620886690928346,0.0341332107782363,0.17712435999546636,0.1439582407474517,2.301106161274718,0.2320235371589659,2.27239944852307,0.006513825897127387,0.5952160934403827,0.0066602677106857005,0.5062234087147418,-0.0880652964115142,0.028706712751648118,74,42,16,86,0.29393176923248254,2.0620955196759985,0.048529680050465034,0.4427365740726337,0.0353146865963935,0.30479753882008487,0.022053228868753615,0.19744711495683367,85,19,0.0013826669564879965,0.18766023284645064,0.28678566091248925,0.13509367893194435,0.01777461543679235,0.14311413230012388,0.0767478942871093,1.0488648530625395,0.1651355028152465,1.0140198063575818,-0.009109490970149629,0.3600397409568225,-0.00754826888442035,0.2896422188521516,-0.0883876085281372,0.034845046704957625,96,41,16,64,-0.04856996694681137,0.9650723831164693,0.028037423724850376,0.24089752547129833
Good,0.07287436094377628,1.0082863845303125,0.17111414074897743,1.5365017304309494,0.07796145975589745,0.43090053441858767,0.04727258268743749,0.35816307106502165,72,17,0.0060251448892472866,0.7838511275128169,-0.02778708307133071,18.78593616577899,0.038223713636398246,0.2231928648588166,0.1924424171447754,4.267050727904819,0.3438742756843567,4.188533723820689,0.013309299573302263,0.6104562644218636,0.00722426176071165,0.4969034030352752,-0.1514318585395813,0.07851700408413052,70,50,17,90,0.2116813718109061,3.9184467868781367,0.060092826312602654,0.6412443190710705,0.07415597140789026,0.39860404218335316,0.03973372020758684,0.2826684446606438,73,22,0.003712075944320514,0.5382376094469099,-0.3144913123438884,10.197798343327113,0.0366882532835006,0.2208878549352043,0.1439582407474517,2.6796736864556,0.24444374442100508,2.667991857789687,0.0018596820533275632,0.6053617712645599,-0.0016961097717284501,0.517233129614854,-0.1004855036735534,0.011681828665912834,84,45,16,76,0.3881265518949452,2.4857053765685646,0.04828207524848356,0.4144571574220241,0.0334323476999997,0.28658827762528805,0.019614500505849675,0.15503423566093186,80,23,0.0009883242511684648,0.13662334861375972,-0.32413930063634977,-0.4677497461564095,0.0172192789614201,0.14207324309590438,0.0529967546463012,0.7850901166140147,0.1196172311902045,0.7631426832072045,-0.0046316481195390145,0.320683694744526,-0.00447490438818925,0.30159011653359774,-0.0666204765439033,0.021947433406810313,91,41,14,69,0.012952409206192976,0.5946704432787511,0.024494907547807955,0.18380782502048001
Good,0.06607494965473044,0.9471660841706909,0.15518009714782216,1.4921577616506294,0.07008638978004442,0.44723449702058354,0.04096267024520781,0.31955827458134256,91,19,0.004424656058169804,0.5793800916518065,-0.19662062766501442,10.796087439468115,0.0367351174354553,0.2150436574689882,0.115557312965393,3.0041633728801855,0.2669891715049743,2.8968494836834324,-0.010828429087996477,0.5885406615362543,-0.00575867295265195,0.44490794089457464,-0.1514318585395813,0.10731388919675316,87,49,12,73,-0.08041059535227539,2.8563561741725585,0.051621799888620104,0.48270071614849996,0.0641342401504516,0.37838480886713444,0.034942373861558684,0.24760233312554075,77,24,0.002957551738745393,0.42987428438887554,-0.46208166092489833,1.671313816726384,0.0314065590500831,0.18846189053854745,0.1024961769580841,1.698962950895904,0.20298168063163752,1.6750001765316633,-0.0011101353913545553,0.5745924960674077,-0.0013792514801024502,0.5273547018873193,-0.1004855036735534,0.023962774364240783,85,46,14,75,0.013132690902669962,1.0151487371845715,0.04311444400243353,0.3157811708317987,0.02995210886001575,0.21471517698400858,0.019880860314005953,0.15613515031000033,78,18,0.0011005217806148767,0.14881953218734847,-0.09845898020941801,0.7642904596326758,0.014862172305583898,0.10684034472363219,0.0529967546463012,0.951816549187018,0.1255911588668822,0.9104960498836465,-0.006944540282711372,0.3290246040469676,-0.0078881382942199,0.2688758350644809,-0.072594404220581,0.04132049930337141,106,36,16,54,0.1336624390600608,1.0561706446371346,0.025369708538766945,0.20140094865487773
Good,0.07433677360103445,1.0021725966165385,0.17605332560837247,1.5267342281579266,0.07988646626472468,0.3502764716101313,0.0478007369395345,0.3399804687460238,86,19,0.005878763390354352,0.837941666969165,-0.4181550235490059,31.495361721157664,0.0391563475131988,0.1768893893188085,0.1460233926773071,5.285979487749133,0.2627562284469604,5.273112972711489,0.007219557091593732,0.5439149007193912,0.011213064193725551,0.38896057492464575,-0.1167328357696533,0.012866515037643123,66,51,14,94,-0.01791958561245506,5.341335184104916,0.06037288836624605,0.7362732154197785,0.07720512896776192,0.38294578858442085,0.04158829798921938,0.2688324490788764,68,19,0.004454223615540371,0.6574954886212083,0.14450094998038265,19.455276150936683,0.03435644507408139,0.2051509701980573,0.1532011032104492,3.3745881623972394,0.3061730861663818,3.2799760010822716,0.003580867871642119,0.6605588236240898,-0.002747431397438,0.6159771661452681,-0.1529719829559326,0.09461216131496758,87,45,16,73,0.196884714308632,3.7823250196247593,0.05280620456206009,0.47027388738220094,0.03466467186808572,0.3292330796218129,0.020048511612112584,0.17893467496486992,73,19,0.0010160123668357798,0.1482131987866752,-0.01948414852909952,-0.8000038051240086,0.017054274678230202,0.12554754378544739,0.0646088272333145,0.7851862339493529,0.1372032314538955,0.7497080166049594,-0.0008310550358146408,0.32226050381444593,-0.0028685554862022,0.2595246209284462,-0.072594404220581,0.035478217344393534,87,42,16,73,0.07277009876556165,0.6578600460992668,0.025264728226861394,0.21062138179191264
Good,0.07941221642270455,1.0975281214294674,0.18901014678180195,1.7101290886377272,0.07881835103034968,0.40956004991603856,0.05132163974922146,0.4610517635846911,85,13,0.006806567921107558,1.0217881156281967,-0.09196993204845239,14.92402948910258,0.03829160332679745,0.2007927540258569,0.1460233926773071,4.807471357985475,0.3005450963973998,4.7689466652466965,-0.000546900555491453,0.6566161290641851,0.008638799190521199,0.4547412795379133,-0.1545217037200927,0.038524692738778406,75,44,16,85,-0.26653534873919027,3.4873901059176355,0.06542598372504277,0.7685332619223205,0.07419827580451954,0.41265289111590786,0.04462122349068518,0.37134442071007884,70,17,0.005130765720429592,0.7735896658907514,-0.07546712570972947,2.626364216801454,0.039289195090532296,0.2153639525249399,0.1532011032104492,2.3902462014690062,0.3061730861663818,2.2438400637717497,0.008050203323364258,0.700240550947914,0.00051663443446155,0.5668843059624058,-0.1529719829559326,0.14640613769725655,79,39,14,81,0.23749964928293515,1.7591055516403082,0.05622884777840046,0.5322150286293252,0.03737761080265033,0.29275535766745436,0.02232156111800573,0.21162897902504388,77,21,0.0013531213875410159,0.1991480660430093,0.603290572874212,0.16343066633012127,0.019504219293594298,0.16992553824752699,0.0787951946258544,1.048316358596798,0.18383598327636708,1.0231324190108824,-0.004131277417764062,0.353272408625628,-0.0048849247395992,0.3246009403959037,-0.1050407886505127,0.025183939585915773,91,38,15,69,-0.12157744649187209,1.0407270672582438,0.028876373474121773,0.2726658602518047
Good,0.07774421408029587,1.0383349138054796,0.1817208448052404,1.6083301600962727,0.06601509451866143,0.27209599987921845,0.0492861365806311,0.4152580034379176,81,12,0.006912395680703576,1.010653412360072,0.4234082412380191,23.195618782052904,0.03286364674568165,0.141983471444994,0.1863040328025818,5.326769895548506,0.34082573652267445,5.316521364416199,0.009675518423318851,0.6301780073730204,0.0117909908294677,0.4389173593140868,-0.1545217037200927,0.010248531132306863,65,44,16,95,-0.34323284218172107,4.464374310941779,0.06521667143172605,0.7832809785660837,0.06513536721467962,0.5268454375165981,0.041767944744788066,0.36773314875490015,75,20,0.004483104861828573,0.6676314823268653,0.1494389670693388,5.428904108631526,0.03374673426151275,0.24698426353901523,0.188204139471054,2.8608300205467034,0.3031486272811888,2.8472539517568745,0.007697887346148485,0.639662282789311,0.00512228906154625,0.5290818972115268,-0.1149444878101348,0.01357606878982899,73,36,17,87,0.4751435637852684,1.9967264670596785,0.052535061131586076,0.5083932004891812,0.035438571125268825,0.24049019165886915,0.020821702484972733,0.19471097976303342,82,18,0.001280897131510189,0.1835946476130894,1.6820836372557206,1.3210447505269727,0.0176810100674629,0.1110111787076773,0.0895635783672332,1.1477055845950155,0.1946043670177459,1.119993634554049,-0.006172981299459926,0.33848986993394126,-0.00430151075124735,0.248622628930936,-0.1050407886505127,0.027711950040966337,95,38,15,65,0.059921286371412905,1.4218998556009839,0.02769928381010674,0.2627151605164668
Good,0.0756336260996984,1.000739008536991,0.1770762302353976,1.5364253904730498,0.08159597218036645,0.3424693619567578,0.04990074396133418,0.4212373176439638,76,12,0.006501574105531269,0.9492286950143684,0.08411401245917505,14.609596773165123,0.0416811108589172,0.16876760355983755,0.1863040328025818,4.617317338433136,0.3526425957679748,4.515833377277858,0.004247781634330744,0.6030685435372232,0.0016019642353057,0.4061473777606953,-0.166338562965393,0.10148396115527787,77,48,14,83,0.14207843807661946,3.660047128490449,0.06380347315831036,0.7652039119151578,0.058043714612722355,0.49943329040213325,0.03519883207860399,0.29869925714093154,87,22,0.0036105520863929557,0.5007503654663669,0.9125933245550288,0.7961412878445961,0.0267252922058105,0.2687989399968387,0.188204139471054,1.8378068080700647,0.3031486272811888,1.7758568559500607,0.012666899617761357,0.5915925470583941,0.015727467834949452,0.5594410588652647,-0.1149444878101348,0.06194995212000408,55,42,17,105,-0.004530772103206218,0.9388653436291692,0.04592742109154295,0.3882893556760584,0.03781604021787635,0.3649571017133747,0.02269073235045649,0.2284894377739864,81,17,0.0013811523710605374,0.20030984353461576,0.5736201788803172,1.8306514560245795,0.0189474523067474,0.11696745909058295,0.0895635783672332,1.3084781819924276,0.17634923756122578,1.2646502654182497,-0.004692302411422125,0.3417642998774322,-0.0043246150016784,0.21795306212116236,-0.0867856591939926,0.043827916574177846,93,40,18,67,0.2774770472165063,1.4693102389187445,0.029094554678534557,0.2889757894078746
Good,0.07894353490190764,0.9479775801310479,0.18636395920068002,1.4505431242353257,0.09306560456752765,0.2956556090363171,0.053691100585274355,0.38754700552717075,75,13,0.007094609788935343,1.0486540332351781,-0.4245518694235111,25.66461716963887,0.04283732175827029,0.14931790536542566,0.1585609912872314,5.7154307059417375,0.3248995542526244,5.62210644776109,0.00221092514693737,0.5847818494949846,-0.0006452798843383,0.3758610430389916,-0.166338562965393,0.0933242581806472,81,49,17,79,0.1881480627794124,4.876909917729562,0.06676151437647841,0.840645122353305,0.0639272816479205,0.4617690805210706,0.036681370818987445,0.31325615280649044,88,18,0.003411322513868226,0.49727740915131285,-0.10881572832219044,14.891462122141082,0.0313135981559753,0.22900918625145372,0.1090133488178253,3.193965312954066,0.2448824644088745,3.13780849464471,0.0050662931986153025,0.5001823912359913,0.01102681457996365,0.403894795275045,-0.1358691155910492,0.056156818309356225,65,44,17,95,-0.455722257003217,3.3489818869160177,0.0460397339401118,0.49708649614404005,0.04355463199317447,0.24356325720306077,0.023910618023946846,0.2082276697306625,72,17,0.0015463291105846872,0.217812754127315,-0.12992600070468185,2.4374159252570786,0.0217730477452277,0.13593146164587672,0.0726441144943237,1.382739896353572,0.1594297736883163,1.3347440906210155,-0.007652104040607793,0.3655788835043501,-0.01064190268516535,0.28822980319003355,-0.0867856591939926,0.047995805732556386,105,42,15,55,0.18699294357250082,1.6569603765613785,0.030225999851719035,0.29011176133178024
Good,0.06593671002884445,0.8357620419395557,0.1577419252693651,1.2955212841003927,0.07350660860538474,0.3912026138225523,0.043426833781413696,0.31443771855125363,69,17,0.005058003595139085,0.6222968653023647,-0.28100393269569723,19.934924019550966,0.0305432975292205,0.18229983465579833,0.1585609912872314,3.9728601603053812,0.2499476671218871,3.9421481798871874,0.017033388093113895,0.5018426184891799,0.0041853785514831005,0.3578510368240375,-0.0913866758346557,0.030711980418193976,74,51,16,86,0.5364517058419953,4.217124091680318,0.053751030408435874,0.608646737911482,0.05667853355407705,0.34092212048241466,0.03394225047668438,0.28310359854058514,83,17,0.0028722635492827962,0.41842436201185473,0.09507610959109769,9.468816820277452,0.0288669317960738,0.16716016885878227,0.1090133488178253,2.5837054643020987,0.2448824644088745,2.5601965536225304,-2.6577152311802605e-05,0.4771470766299199,0.0014247298240661,0.3803436410357647,-0.1358691155910492,0.02350891067956825,77,42,18,83,-0.20089208568672634,2.732205392988715,0.04250240406911782,0.43675511362246927,0.035818818956613374,0.30755963885911924,0.020541484481655024,0.19085468336885975,69,19,0.0011315423522399281,0.15955537347346155,-0.27197041624064955,2.0374624550747518,0.018728967756033,0.12606395514919858,0.0647562742233276,1.191729435835927,0.12927223742008198,1.1365541303027087,-0.00663734488189219,0.3165315889812931,-0.00896799191832535,0.23157546873869372,-0.0645159631967544,0.05517530553321831,103,44,15,57,0.16478044510765158,1.4537548032887746,0.02583273965935864,0.24364549380285966
Good,0.06258921222126941,0.8020098105114059,0.1491935802251098,1.2405934268995147,0.06049482524394983,0.4119688482900167,0.040547211514785846,0.3159356036845413,70,15,0.004660666836397127,0.5857316945628984,0.21177449604389764,16.364203823320157,0.029764801263809197,0.17323489560743693,0.1321712732315063,3.5794237552669714,0.2617533802986144,3.5657932431466763,-0.007816156372427926,0.5135727688296059,-0.0149102807044982,0.3805939931861851,-0.1295821070671081,0.013630512120294999,103,48,15,57,0.27716350241782234,3.799118507262981,0.05357014537296368,0.5674281502354201,0.055363915860652826,0.3881000328535156,0.03163474984932686,0.2626771557401042,87,16,0.0025305176948432124,0.34983616246414995,0.26202117757146093,2.657991472906682,0.0277141258120536,0.15357115679035904,0.1137775480747222,1.758242272674707,0.2383992671966551,1.727149545104068,0.002522758021950718,0.47371156655226876,0.0063778385519981,0.354991349693794,-0.1246217191219329,0.03109272757063905,69,43,15,91,-0.28613051893932634,1.6638015757262006,0.0398135181522882,0.3541659415849375,0.030868828296661325,0.2061053621029092,0.016594123918912344,0.15325475309058287,75,18,0.0008606141449048455,0.10277377914979055,-0.19792905847780284,0.821146616050918,0.015206940472126,0.09410962194431838,0.0476582050323486,0.7788854208095705,0.10528481006622309,0.7414062323666779,-0.01031434484757481,0.25330909151763986,-0.0120163187384605,0.18803516432054201,-0.0576266050338745,0.037479188442892525,113,45,17,47,0.21131845753663425,1.3047072533195863,0.020837753133523557,0.19648990636747346
Good,0.07333482705583158,0.9611550680906096,0.17249205674976087,1.4489583657560778,0.0834884643554686,0.35066548879617715,0.050763135235756596,0.36788920561206145,78,15,0.006339701327521389,0.8682738937659424,-0.29838230053684667,26.122800435454526,0.0414299368858337,0.1580387503951507,0.1741955876350402,5.064195004734819,0.3037776947021483,4.966182219130094,0.0068705610930919645,0.582487921508698,0.00125905871391295,0.4085211370326649,-0.1295821070671081,0.09801278560472473,77,48,14,83,0.10860449839129913,4.798771917698068,0.06276728483254448,0.7273112917193154,0.06711494922637933,0.47834906925412995,0.03874091666191812,0.3228338265839569,82,20,0.003934519039012837,0.5655352682376321,0.6930247687618714,10.191471163018072,0.0339478701353073,0.21698559429657735,0.1856362521648407,2.943880972308464,0.32892143726348866,2.907156335843412,0.0028260603547096237,0.5868093553508618,0.0035337358713149504,0.48585900471455096,-0.143285185098648,0.036724636465052064,73,37,17,87,0.11976604133818372,2.5935913732899536,0.04966390468623903,0.4703084612361746,0.026001691818237124,0.18997897437890898,0.0176385661392123,0.15161009464933659,77,21,0.0008830906373110447,0.12023778198425727,0.8864253195175889,2.1967832408335717,0.01306343078613275,0.09788663247230092,0.0719923973083496,0.9740766842502636,0.14972023665904988,0.9358384728013052,-0.005070251622237257,0.2796610888965183,-0.0060690939426421495,0.2273395942302313,-0.0777278393507003,0.038238211448958434,96,48,16,64,0.11558529711089595,1.4974699822903217,0.023011601051427105,0.20500599342817022
Good,0.06615277175306691,0.9503680637403193,0.15654894568026043,1.4712031275540214,0.0657949000596999,0.3809983601104685,0.0411918083345517,0.3363734934394658,67,15,0.004518992197582706,0.6418404156240314,0.6201477415172194,10.831399925537907,0.03310877084732045,0.16220992969726483,0.1741955876350402,3.2690719168076297,0.2911112904548644,3.190492977299225,-0.005109104886651031,0.5725383854014916,-0.013549357652664101,0.41279220765306585,-0.1169157028198242,0.07857893950840453,95,48,15,65,0.6236377859574895,3.1238093546661774,0.0530647372116576,0.5603929093643891,0.06304369866847975,0.461454099037231,0.03556824801489707,0.2985647656486267,80,18,0.0036230126308842902,0.5150776051578798,1.0086001113756753,0.421555243555487,0.031620547175407354,0.19160851353282035,0.1856362521648407,1.6395827777297263,0.32892143726348866,1.5772145645870275,0.011450407002121198,0.6104314936378833,0.0116641372442245,0.49639071418094866,-0.143285185098648,0.062368213142698845,58,34,18,102,0.02584150799434189,1.002639879321944,0.04633236312767428,0.3774268097696593,0.02768362965434775,0.21265530523662082,0.01792566625867035,0.14904028586387852,77,18,0.0009156039804046233,0.1198676615235768,0.830993760895018,1.5810473554039906,0.0139227490872144,0.08587399652596087,0.0719923973083496,0.9122303517695579,0.14972023665904988,0.8501279235909517,-0.005793482437729829,0.2882332485146463,-0.005965728312730749,0.2190587038685552,-0.0777278393507003,0.062102428178606194,95,47,17,65,0.017869469106406608,1.3642812639020743,0.02328252615476954,0.19180525533538162
Good,0.06943001402537693,0.8823917337336467,0.1620772725716231,1.342761948496145,0.07066735625267012,0.3220914417556059,0.04826441366225477,0.38158386191302107,71,14,0.006347552920728738,0.8519012652727569,0.36655574000033164,21.91622503434155,0.035863041877746596,0.16637291314385183,0.1914950609207153,4.839121786442591,0.3084107637405395,4.821945957779208,0.0077160626649856595,0.5729012154559162,-0.00176978111267085,0.4176771804678049,-0.1169157028198242,0.017175828663382648,83,50,15,77,0.7149625254268969,4.355016820909545,0.06270773137937338,0.7236611517843767,0.0634377226233481,0.26791646051221407,0.03495253104832951,0.2474637412632294,79,15,0.003280579336456981,0.42546272524735385,-0.2311101184439157,8.102061124396077,0.03216309845447535,0.1413046189078271,0.1200396418571472,2.336206942662224,0.2299746572971343,2.186639437023162,0.011996071133762588,0.5093415574457755,0.0111880153417587,0.43006391252051934,-0.1099350154399871,0.14956750563906218,62,44,16,98,0.025667435316034687,2.714141639467708,0.04380007596144381,0.4074725795756882,0.028829148039221698,0.18783601233676323,0.01717128875141493,0.13540139079098718,78,19,0.0008142683496644565,0.10229508962480134,0.4237448066097289,1.8367634516746127,0.014340497553348501,0.09637353892651622,0.0602545887231826,0.8246327621616139,0.1297528594732283,0.7831966768393633,-0.0044923041248693995,0.26051917559445326,-0.0052453428506851,0.22026880794215123,-0.0694982707500457,0.041436085322250515,94,47,16,66,0.08356352989215357,1.4484630880052591,0.022176806337041822,0.18553934561808658
Good,0.0698664912610333,0.964952905367109,0.16247924640774702,1.4964444798964005,0.0757630765438079,0.31016675352362494,0.04826638083904978,0.40136432469583466,68,12,0.006558037314766019,0.8656158960150562,0.2556614512773856,9.133139943684512,0.0346111953258514,0.1639465175642877,0.1914950609207153,3.777032875749465,0.3070858716964721,3.7153314260645725,0.009639758616685867,0.661729216517184,0.0007031559944152,0.49741739767492943,-0.1155908107757568,0.06170144968489254,79,51,15,81,0.6197279800536735,2.8364248983335356,0.06349049055158813,0.6540109632281481,0.06369165331125251,0.2834757860423851,0.03657845366513353,0.25797964717763106,79,16,0.0034955788659889984,0.45540295186669694,-0.2502720137343295,2.0078990162864185,0.03187891840934745,0.13753973183924886,0.1231091618537902,1.7807509207788565,0.2330441772937773,1.6385227970844711,0.01154787521809339,0.5722907824618584,0.01118667423725125,0.47477423206948627,-0.1099350154399871,0.14222812369438545,68,46,16,92,0.0771524071995421,1.5103492631048676,0.04543440493047791,0.3576118177240382,0.0278041847050189,0.22974829381876757,0.016420850573340383,0.13904994180823388,77,23,0.0007382766877703825,0.09716338233956832,0.5742530025440886,-0.23006764042155092,0.01387000828981395,0.11177965353161595,0.0602545887231826,0.7133368448490528,0.1257237792015074,0.6758690143108591,-0.0003109985031187493,0.2624244809173583,-0.0009063258767127501,0.22336773289223327,-0.0654691904783248,0.0374678305381937,85,47,18,75,0.03077677238364215,0.7348705991697164,0.021545942367197896,0.168216450309782
Good,0.06737087392827015,0.8689427595524671,0.15995016604661919,1.3556558513106063,0.08420909941196436,0.3781212850461582,0.04650623279158021,0.3605679051845618,75,16,0.005345404222939536,0.7703300723501297,-0.28296867567030004,21.546469801117453,0.04064095020294185,0.23596568249607475,0.1490179896354675,4.481423246434582,0.2813531756401061,4.42122395716704,-0.00047442279756068905,0.5764501036687667,-0.0064635574817657,0.4683764673669635,-0.1323351860046386,0.06019928926754138,86,50,14,74,0.2987547431694777,4.198214740705945,0.0579798495670715,0.6618423908532891,0.062101643532514496,0.38512700949439593,0.034807448275387246,0.2689493610622279,80,19,0.0030267605899357074,0.4225598088931497,-0.42700970379038683,6.108148218930349,0.0307212769985198,0.18632522573785348,0.1231091618537902,2.254878020160362,0.21632954478263838,2.2082553379579966,0.009953531809151168,0.5186581482118031,0.0097148716449737,0.45875204185613727,-0.0932203829288482,0.046622682202365366,68,44,16,92,0.14905814290280353,2.1402877998508947,0.042472663181389765,0.39185907439620826,0.030918478965759173,0.2374045864087385,0.017756025998387444,0.1550876963599451,77,20,0.0007553457926550355,0.10706561814733936,-0.2918804446137204,0.7006561824201465,0.0158613249659538,0.1202412477758528,0.0494476556777954,0.8316834133827262,0.11491684615612022,0.8192474837166024,-0.0008784348145127215,0.2605475994300363,-0.00171772390604015,0.2114567169280555,-0.0654691904783248,0.01243592966612382,85,42,16,75,-0.1957484647443847,1.104714327225936,0.021778056527136873,0.19794081584803247
Good,0.06529892252606673,0.8707188513304485,0.1554686303436754,1.3454673223457057,0.06865341961383813,0.3990546698932673,0.040471471543423794,0.31618135289732063,79,19,0.0043914004092308135,0.5973441973350014,-0.0011140683132526696,22.549350846410864,0.036044925451278645,0.20902070752110175,0.1490179896354675,3.9147558019439828,0.2813531756401061,3.904482989377829,0.01244921050965785,0.523158907580395,0.0091159641742706,0.4075117357842062,-0.1323351860046386,0.01027281256615385,67,50,15,93,0.1688151712952274,4.290479539785367,0.05104830528685164,0.5689015334434327,0.053106985986232674,0.4032558764292805,0.034632008196785996,0.29975265071409213,75,17,0.0029388771878136612,0.4370249697380049,-0.20210186387843665,4.806010233425157,0.026714593172073253,0.15664692302336233,0.1129555106163024,2.249910130418107,0.22797468304634078,2.1366197383926173,-0.002689795941114422,0.5218528971675941,-0.0086782276630401,0.3710779125901609,-0.1150191724300384,0.11329039202548949,87,41,15,73,0.15856204615238037,1.9816146312249638,0.04290769077011546,0.4058257304013551,0.035261448472738176,0.22965791536692862,0.02088357428670856,0.1802947940296315,87,17,0.0010489206584403522,0.1550248532841482,0.08427989460042751,2.943209109996894,0.0178128704428672,0.11824701506708703,0.0555625110864639,1.1125957643512654,0.13526107370853419,1.0916421269276286,0.001689026970416306,0.3004555175977167,0.0044571757316589,0.22716333903579888,-0.0796985626220703,0.020953637423636845,73,40,17,87,-0.5349257960054414,1.8157161675112181,0.025628651408134497,0.2544628366367795
Good,0.06742510609864319,0.8846241918428273,0.15706290081143356,1.3889021927843996,0.06942261755466453,0.2624900973047813,0.04373496885411437,0.3325143628822345,82,12,0.0051945409252949605,0.6000631139268435,0.4524292539743673,14.370100273854113,0.035247623920440604,0.1217397674540242,0.1666022539138794,3.5096057900607924,0.3477632403373718,3.4117903098009434,-0.010272325202822681,0.5394188146806638,-0.0068298578262329,0.38193500226359645,-0.1811609864234924,0.09781548025984886,92,49,16,68,0.23202650643375813,3.476882987992285,0.0562211931054523,0.5559590419224706,0.053616568446159196,0.34757274033574465,0.03416479669045652,0.27208363367665894,76,19,0.003016945020849008,0.44688515687108293,0.12854095337338922,3.47694357937434,0.02852396667003625,0.18189813082445405,0.1227493286132812,1.9274331028639207,0.24052432179450978,1.866493040240534,-0.003992799390107392,0.5382672118528243,-0.0068593174219131,0.4731807199160135,-0.1177749931812286,0.06094006262338673,89,44,17,71,0.006081570987324106,1.8101065369163303,0.04337518858420629,0.396425989959374,0.031406806781887876,0.25572273051919764,0.01952649494633074,0.16571707363171875,80,19,0.0009657562800613685,0.1457238221271533,0.1601891404726632,3.3878036764019397,0.0161548629403114,0.11787427845040142,0.0555625110864639,1.2014273534403137,0.13526107370853419,1.1814408160592649,-0.0023928675800561875,0.31121616625091164,-0.0023355409502983,0.26404111968759697,-0.0796985626220703,0.01998653738104872,88,43,17,72,-0.300871767864765,1.5282037573765301,0.02452818909252501,0.22106180129375183
Good,0.07618824335180029,0.9697939141955202,0.177963580265641,1.4708403871304307,0.09432601928710932,0.39575560591653225,0.054020017837174195,0.3754923313186278,83,16,0.007003981015993575,0.8538228133698113,-0.4360145764798635,28.632741163097844,0.047335147857665946,0.19839551890516866,0.1666022539138794,5.113998972726108,0.3477632403373718,5.02469920354202,0.00516603179275989,0.5799089703212836,0.0079308748245239,0.38640776445230024,-0.1811609864234924,0.08929976918408851,72,49,15,88,-0.006895556361088748,4.998195939524345,0.06616769433870508,0.7193944672505619,0.06476718932390205,0.3960167539601507,0.0376283124799374,0.2785267723134897,79,19,0.003460476891839606,0.49504707396395575,0.49063433210025176,8.60355971100624,0.0325620919466018,0.18595201818131435,0.1227493286132812,2.537526253813059,0.2901831567287444,2.5187530945266623,0.002118630427867172,0.5740577822438007,0.00049362331628795,0.4981817581491702,-0.1674338281154632,0.018773159286396942,79,45,15,81,-0.18966814000282403,2.361712546717515,0.046603473431268916,0.40682273364364097,0.030230078846216125,0.2410675236958722,0.01911787703691512,0.1591345771872822,77,21,0.0009838701707181718,0.1463719363600287,0.738166898303207,3.4871527497185566,0.0156898126006126,0.1221429441623595,0.0846037939190864,1.166329436698534,0.13717133551836,1.1161013545054543,-0.0014074715320020852,0.3168736345653466,-0.00260596722364425,0.2651765867099002,-0.0525675415992736,0.050228082193079684,91,44,16,69,0.6807148552793467,1.566920094129879,0.024835314288514026,0.21438991598807974
Good,0.07398859850004773,1.0127267848557997,0.17471348755061605,1.5374438333342102,0.0771883577108382,0.3932834100487465,0.04849587243050333,0.3827395659688556,72,15,0.0060332157390770936,0.842360210754056,0.01604173294199951,14.80090736771729,0.03840711712837215,0.1788528697045268,0.1595609784126281,4.201117106388838,0.3204917311668395,4.1440124414856765,-0.005126031860709188,0.5895106866375225,-0.0122551321983337,0.42020503638696827,-0.1609307527542114,0.057104664903161385,90,45,13,70,-0.08291204940131633,3.727893299437489,0.06138431270139439,0.7034467720405096,0.05997718870639798,0.5782776016662816,0.03627085952204647,0.3135118703800762,89,20,0.0032762562639761677,0.4652566740753759,0.6481020410041318,-0.204600378022612,0.03155658394098275,0.23906993056267034,0.1173394620418548,1.554795507331313,0.284773290157318,1.5112989136010568,0.0061217731796204995,0.5630469877581362,0.0129197090864181,0.4581438918896645,-0.1674338281154632,0.0434965937302562,66,41,17,94,-0.5699395023072432,0.7889940230297375,0.044975846019331314,0.3850126798585536,0.0388495475053786,0.2993352648590628,0.022969679487287023,0.21113116483733146,79,20,0.0015273571863622672,0.23254096216683043,1.5907523802329973,4.43151478700411,0.01843134313821785,0.134999751711995,0.107574462890625,1.5535783484570485,0.20312841236591328,1.5420114566027903,-0.0015187487471848686,0.3848861589385516,-0.0023719966411590502,0.2931500393241065,-0.0955539494752883,0.011566891854258292,87,43,16,73,0.6623064425610765,1.8496586597649998,0.03095611247137175,0.2905229884610826
Good,0.08580242750386739,1.110126170621543,0.20505816362798193,1.7394306884472377,0.09098900854587544,0.2703135538846192,0.057945398064330175,0.4160731297592272,71,10,0.008415389887988232,1.1251936341814053,0.021910340863143585,25.22333558471346,0.0457845628261566,0.12657147782133027,0.2220653295516967,5.789923434677757,0.3829960823059081,5.779915975384982,0.0034755386412143735,0.6432945864359797,-0.0122551321983337,0.4372744841937587,-0.1609307527542114,0.010007459292775614,86,48,16,74,0.21093882318875756,4.756965906021093,0.07266734275477583,0.8434249873246386,0.07001018896698943,0.3891540419591572,0.04307156522292639,0.3236247896511514,84,17,0.004885929398161108,0.6996329140338118,0.7899062230006222,5.74003516186254,0.0344721674919128,0.18172704254452945,0.2045069634914398,2.6381932327603974,0.3290166556835174,2.4677811440067035,0.005013780575245617,0.6748166226936821,0.0119525492191314,0.5179489118354439,-0.1245096921920776,0.17041208875369385,71,41,18,89,0.1792783617609753,2.3473552471322625,0.055205212388978124,0.49422205512310396,0.04436044208705413,0.3642742783183258,0.02671420883911192,0.2595408435347746,73,18,0.0019025869638895354,0.28388002060804135,0.605220802185451,1.2049651308189162,0.021944191306829453,0.16745498626670352,0.107574462890625,1.4781065566366893,0.20312841236591328,1.4421287504510043,-0.003146302746608847,0.4213194793175761,-0.0076324269175529,0.311643531012741,-0.0955539494752883,0.03597780618568504,93,43,16,67,0.581437283792487,1.2531049802727334,0.03444755571225003,0.32614401260119424
Good,0.08563683206302068,1.0676266304811781,0.2048030190542338,1.6496919115092334,0.10080139338970175,0.44018777762676287,0.05960059317760165,0.43132799868439525,74,16,0.008248949499488588,1.0819700960882221,-0.34097760938488575,20.493716626242012,0.0517884790897368,0.21640247332041154,0.2220653295516967,5.328892097885509,0.3595539927482604,5.278069394200564,0.005740657821297651,0.6589287214595242,-0.00129884481430045,0.43464746815605504,-0.1374886631965637,0.05082270368494483,82,52,16,78,0.33336718410565763,4.208078346158782,0.07179732680126706,0.8048496978467088,0.06832428276538845,0.2737892193185492,0.04175136655336241,0.30437423439887956,81,15,0.004628374936583975,0.6582849675514553,1.0077017923682972,9.125576620185026,0.0354025289416313,0.12116991094764429,0.2045069634914398,2.976535558128967,0.3290166556835174,2.9194111773590325,0.006810316629707813,0.612858223460652,0.009226895868778201,0.4833488480443753,-0.1245096921920776,0.057124380769934646,74,45,15,86,0.24355103762355787,2.9973628938303865,0.053518739893299534,0.5316857770225839,0.042103303596377296,0.2855632790172988,0.02540703527512956,0.24328051037964232,68,15,0.0016755742660391664,0.24368605259606554,-0.13037322319673628,0.7642428393075154,0.02120486460626125,0.1040250099698785,0.086897537112236,1.2093992655808543,0.15808108448982228,1.1745632123016934,-0.005277658044360564,0.37790496658905715,-0.00954457372426985,0.253691204853829,-0.0711835473775863,0.03483605327916089,103,39,14,57,0.617138729002681,1.3660320483402502,0.032027978992294266,0.31760649997030777
Good,0.08044200801212945,0.9662675917893094,0.18800577223300913,1.4692909782424641,0.09853997826576222,0.4025782146523841,0.05633958019316192,0.3815896668244348,68,16,0.007363363856686424,0.9884270831836863,-0.4605367977623378,26.80188998517248,0.046312958002090454,0.22184192422228424,0.1992033720016479,5.484606897327146,0.33669203519821156,5.461075543709743,0.0013976469635963579,0.6081887881083285,-0.015617221593856749,0.4866569228901104,-0.1374886631965637,0.023531353617403227,92,54,14,68,0.42594839132393547,4.855459114108458,0.06803734818516666,0.7864689957035872,0.06195778772234905,0.34270642510435617,0.03814515471458431,0.2687906689747958,71,17,0.0037622838258914233,0.516016614872721,0.07886143879353114,21.62406382308804,0.03139676153659815,0.18168182543817113,0.1587929129600525,3.453425080923916,0.24607163667678827,3.3480631212247944,0.009936615824699402,0.5180534829348165,0.00391069799661635,0.41903884874744635,-0.0872787237167358,0.10536195969912172,77,48,16,83,0.48349175020157587,4.227437908957723,0.04761154193489576,0.49763159434648735,0.038308250717818626,0.258318420475515,0.02289220879203636,0.2055554544033029,74,15,0.0013883530612883118,0.19682964475471568,0.05320623416926118,2.4240340826293405,0.0204132013022899,0.08648731051499578,0.0767187476158142,1.27650630982676,0.1401196122169494,1.2352182634604023,-0.0043291750829666745,0.3430487071993192,-0.00625866279006,0.2374976648320733,-0.0634008646011352,0.04128804636635772,95,42,16,65,0.4525222551303622,1.7158056212902786,0.0292287255347135,0.28133117360788773
Good,0.07512904967478426,0.9744420821952998,0.17764371961355188,1.4915269100094921,0.08743973076343534,0.39223849054768367,0.048400554759427866,0.32921747149187575,69,18,0.005660096999547115,0.6648662429259692,-0.2063665669155048,24.98189559607392,0.0397687852382659,0.19920628762480236,0.1992033720016479,4.354446320139999,0.31039458513259877,4.288758081264059,0.015034545212984094,0.5198037631223067,-0.0020045936107635,0.3646478556451715,-0.1111912131309509,0.06568823887593975,83,52,17,77,0.6372009535768646,4.6071392468111085,0.057726512661916,0.6282278971598267,0.0583179295063018,0.5189246666160181,0.04032556469086553,0.3441732626601875,74,18,0.004224509490565422,0.5998713996569356,0.02423209486944966,7.902175986610548,0.0309287756681442,0.21148524117556822,0.1587929129600525,2.883242032603047,0.2596365213394165,2.849876431689451,0.0051720438525080705,0.6082487573327117,-0.0005108714103698501,0.4518362456331938,-0.100843608379364,0.033365600913596104,80,45,19,80,0.40643794267433947,2.317460590084242,0.051283583445974674,0.4794839401483094,0.037985906004905576,0.275058422821719,0.02389065408147867,0.21995584135190727,81,16,0.001535640825836837,0.22343986891194928,0.2885601486046303,2.206094628164964,0.019124442711472497,0.11613342804280878,0.0808488205075264,1.3148295642900178,0.1772475764155387,1.295725792465298,0.0002334013581275947,0.3634743895544736,0.00067795440554615,0.26812635324189754,-0.0963987559080123,0.01910377182471973,78,46,18,82,-0.10672513491023065,1.638473364265906,0.031076631434848376,0.3022023114569974
Good,0.06843286690218062,0.9231020020255002,0.16396920945495347,1.459089507236523,0.06703560054302207,0.2936658537356183,0.04251169310882684,0.26271621514777693,65,14,0.004830785750110558,0.6140271697845044,0.4952156905600402,22.99981368755673,0.031027257442474348,0.16155183259160177,0.1752208471298217,3.807271077459383,0.2919632792472838,3.6867882702313306,-0.008731688559055312,0.5618300120510434,-0.018596827983856153,0.488957884302004,-0.1167424321174621,0.12048280722805255,105,49,14,55,0.8011188227072598,4.5116274102760325,0.054419740302281944,0.5462364024332585,0.055203370749950326,0.386461012120393,0.034522438601124986,0.2753984424939856,81,20,0.0029912314706798293,0.4303269876431413,0.2752378567674323,3.558347566542003,0.0276383832097053,0.20889061386961166,0.1549213230609893,2.0091460588281165,0.2557649314403533,1.9839715536324778,0.0001441543921828296,0.5410433669993268,0.0007787793874740501,0.4488922342526045,-0.100843608379364,0.025174505195638724,79,43,14,81,0.1481846047584001,1.6333970890764566,0.0433734566680122,0.37094347638039565,0.03658667206764213,0.3379921015137102,0.02277891149802595,0.200727704128603,78,17,0.0013732208732131035,0.1919911548665964,0.23122227117533756,1.6297024908692785,0.01854158192872995,0.13453450986153834,0.0808488205075264,1.2607330069567984,0.1772475764155387,1.237712984469834,-0.005071801855228831,0.3562161281861526,-0.0056984648108482,0.28262220332280524,-0.0963987559080123,0.023020022486964328,93,46,17,67,0.04902494320173705,1.3113272465575097,0.028944359925925058,0.25514941678683656
Good,0.07670617880824834,1.0236323693296265,0.18365557461976983,1.5888731418583222,0.09093767404556267,0.36861834345062017,0.05142408282496032,0.3493076683972398,81,17,0.006402593842539012,0.8514537746041353,-0.5122758444962079,23.628920707092057,0.043619036674499505,0.16777124739201457,0.1752208471298217,4.762796222797053,0.2919632792472838,4.683825208088572,0.01125034019351005,0.6116869820462544,0.01158243417739865,0.45434691331045174,-0.1167424321174621,0.07897101470848103,69,49,14,91,0.23261712918789682,4.541224976513012,0.06244535520786275,0.6908638147994731,0.07233548164367667,0.28224972684965444,0.039252329003065786,0.25306500459438025,77,17,0.003943102729011789,0.5756090848986731,-0.04499123190172316,15.949475124235832,0.03627474606037135,0.15611299020023148,0.1549213230609893,2.95721361062358,0.2363047301769255,2.8643158549623022,0.008443130552768708,0.6302259720413956,0.006619818508625,0.5436213648263466,-0.0813834071159362,0.09289775566127761,74,42,17,86,0.5111292195048726,3.358556368659368,0.0490734554242079,0.4224030173461725,0.039717588573694174,0.312633277555623,0.023093956969678357,0.20616095462155762,77,21,0.0013007584043214547,0.18679353870980317,-0.3400468020189895,0.3591831922148496,0.01952154189348215,0.16182044748929286,0.0777659565210342,1.076758875959919,0.13882267475128168,1.0423492570669062,-0.0029156088829040442,0.3469601877706723,-0.006272457540035151,0.29393173210017964,-0.0610567182302475,0.03440961889301273,90,44,17,70,0.3740635836165565,0.955188356495435,0.028452290023656786,0.2577055816468534
Good,0.0733799172640223,1.0221266512784783,0.17447443082928638,1.6005750061654955,0.08054932951927171,0.315749838891347,0.04601098211482162,0.3691526608433766,76,13,0.005062417243054356,0.754244499574039,-0.1376309745852331,10.465573554625665,0.04050296545028675,0.15248411351982993,0.1642244458198547,3.6355864163238683,0.2945862412452697,3.55210397773946,-0.0022793363779783165,0.5975392672952392,-0.0069838464260101,0.41904119500237863,-0.130361795425415,0.08348243858440835,87,48,15,73,0.3170657703443357,3.1117909769943877,0.05637980282089737,0.6302311668065201,0.06903555616736402,0.4098311443443057,0.03833436752203849,0.285571697091484,76,20,0.00397620866007475,0.559312859409631,-0.163204095004851,0.31104705862268167,0.03413870930671685,0.20876372518565076,0.1472305059432983,1.695306088960726,0.2551692724227904,1.5747942255894856,0.014158882293850174,0.6529264046523662,0.01207409799098965,0.5930162124937838,-0.1079387664794921,0.1205118633712406,59,39,16,101,0.0666093594773686,0.9814035582584808,0.04794815297087947,0.36469160878386764,0.035103280097246004,0.26617345504053325,0.022769681592471853,0.2277914789870363,83,18,0.0014196574073737942,0.20938642839504876,0.43232183423835213,0.4987993739704333,0.0176488682627677,0.13500815114708523,0.0777659565210342,1.112380325133883,0.1737076193094253,1.0673279264830045,-0.004427657648921007,0.3501093342178902,-0.0034367591142654003,0.2673550485366264,-0.0959416627883911,0.04505239865087859,89,36,15,71,-0.1092461703862589,1.2176005471478757,0.029548922909890713,0.2946351684516877
Good,0.08346806813733146,1.0858278604329776,0.19806826934218386,1.6890935585627158,0.08236557245254503,0.3387073829329014,0.05137250254862006,0.38936215396178986,73,13,0.006661631469663398,0.9236013866062334,-0.025677732504055584,27.533762941115448,0.0384365916252136,0.16951870926158388,0.1897372007369995,5.456708715871543,0.32009899616241455,5.384964668567862,0.004020450264215478,0.5522231870939172,-0.0067533254623413,0.360181415400194,-0.130361795425415,0.07174404730368204,87,52,16,73,0.5705900259624163,4.967764322326973,0.06460216440646624,0.7865436658203218,0.08154280483722676,0.6027460012218442,0.04475700815091837,0.3837661986220414,81,17,0.005315922601361644,0.7473751019296213,0.3576398376299945,3.016078113149937,0.0386291295289993,0.2115578730907721,0.1955583095550537,2.6388325865066444,0.3034970760345458,2.494398281796721,0.010634938720613711,0.7051773533376184,0.013198256492614701,0.5098002153949683,-0.1079387664794921,0.14443430470992336,65,44,14,95,0.4635857036087314,1.669212421993376,0.056828991664420604,0.5000999922709187,0.038343379274010526,0.48826059574481084,0.027257756770122755,0.27425007007075364,83,19,0.0021031609785339277,0.2997134727719525,0.511702201121496,0.14167936166117734,0.01980655640363685,0.1850784583227515,0.1000185012817382,1.3394778999027233,0.2140699625015258,1.2959241710258638,-0.0022624326869845356,0.4316930181311803,-0.0005571022629737501,0.33277197696855093,-0.1140514612197876,0.04355372887685951,82,41,16,78,-0.25624526705213785,1.0305224831366249,0.03629864955709092,0.3366817649780649
Good,0.07310771106591035,1.033725677370382,0.1744895815849302,1.60209073137253,0.06337524950504288,0.35021689540119055,0.04231752600520847,0.32094432065334677,61,15,0.005264947256676531,0.6303113511262493,0.5320342090544954,20.27061874848172,0.030466139316558803,0.15397982309625566,0.1897372007369995,3.9711866200836967,0.2948474884033203,3.914701346625674,0.01585936844348907,0.5223815616793643,0.0068789720535277505,0.36561096159321893,-0.1051102876663208,0.05648527345802293,70,51,16,90,0.831078241287688,4.1940022885580515,0.055300869173252845,0.5978535398771825,0.068816378712654,0.4710327280175043,0.04239854298299174,0.3530112326542264,71,22,0.004853473970438949,0.7039086331570975,1.0043800997362151,2.9908303549867528,0.033439077436924,0.22722627529761474,0.1955583095550537,2.418218208963838,0.3000299632549285,2.3717164579540175,0.0039285643026232735,0.6822649487503338,-0.00210961699485775,0.5881181836202132,-0.1044716536998748,0.046501751009820534,83,45,18,77,0.781644596898744,1.5687010780462032,0.05510869866201595,0.48828595398987484,0.039624685421585926,0.3670241728093637,0.025294859834248156,0.2469108741772563,87,19,0.0018055139047733592,0.2525004171478084,0.8338998401446593,0.6326427765917693,0.019803911447525052,0.17057903201586935,0.1000185012817382,1.2868788837450003,0.2140699625015258,1.2386828779829053,0.0008536403067409982,0.397444220942832,0.0022130981087684,0.30563364425051043,-0.1140514612197876,0.048196005762094846,71,41,16,89,-0.20995914540403943,1.2018955991381879,0.0336869418548513,0.30747115049538176
Good,0.07125941855343373,0.933294613641546,0.16854367583990076,1.4725488663098758,0.06448499858379353,0.23922175077173352,0.04484509415924545,0.3376677707103433,80,13,0.0056030603760005284,0.6870837027817509,0.2952794427106018,14.664236706426909,0.0329014956951141,0.10948620463756215,0.1561105251312255,3.7421532211940316,0.3083696961402892,3.692286716971519,-0.008342781290411942,0.5827790390189836,-0.00804722309112545,0.43516316400531974,-0.1522591710090637,0.049866504222512785,92,48,16,68,0.22300594091032053,3.525486496104789,0.05876986979151288,0.589450841429428,0.062376819550990975,0.3146328103782953,0.038597255178028665,0.3175221013286072,73,14,0.0036560459544413126,0.5241219450806147,-0.4062729453235936,4.338681847104873,0.0335518792271614,0.14149845593037816,0.1228030323982238,2.3248627615548725,0.2310617566108702,2.2707027455190136,-0.00246510254219174,0.556676840016975,-0.00559615343809125,0.37676353129429807,-0.1082587242126464,0.05416001603585886,89,46,14,71,0.04355137051257701,2.0920309568648605,0.04788825557871289,0.46285293654608045,0.03394256159663188,0.2975588796460664,0.020904360315762413,0.19656631883437164,77,20,0.0012438581544636086,0.17016250467976332,5.612107714275146,0.18765641461303773,0.016973644495010348,0.1374876994452258,0.1528292000293731,1.022470928607221,0.2495902776718139,1.0021178551920158,-0.0033915545791387515,0.333092987273917,-0.0041176006197929,0.26766491737482556,-0.0967610776424408,0.020353073415205352,86,41,16,74,0.9389314980008849,0.9735548440532362,0.027761947697363978,0.2433342690800074
Good,0.08094795570541531,1.0027164309380896,0.1912193480134008,1.5620957728881122,0.0994488149881362,0.3448179226358814,0.05615729495882984,0.38871363785716817,81,14,0.007345083332279209,0.9639301062442216,-0.5907951692603515,21.58528357065219,0.04867693781852715,0.18991809468677529,0.1561105251312255,5.051562271324532,0.3083696961402892,5.0274364468904515,0.005035018920898431,0.6340726347616065,0.00784224271774285,0.43865934808470164,-0.1522591710090637,0.024125824434081004,77,51,15,83,0.0014541835621301486,4.274584530012571,0.0677793361370972,0.7495878868356237,0.06366140022873873,0.34589182183817685,0.041239577672677066,0.32724581578779827,77,15,0.0043149601813539246,0.6251875699503316,-0.0037435876566056514,10.934636717508349,0.034498348832130404,0.1657305302283157,0.1266808211803436,3.154473552982679,0.2948875129222869,3.006214364583062,-0.0009703573770821081,0.5882648688653995,-0.00396263599395745,0.3973796283006147,-0.1682066917419433,0.14825918839961735,83,47,18,77,-0.0061908584722142005,3.0736452995527532,0.05208516026089595,0.5283294559355042,0.0358194783329963,0.23948416042729076,0.021887239610077765,0.18945892401038278,75,20,0.0012990127646282034,0.1772079374266871,4.634857339965888,1.0711690887206196,0.0195532664656638,0.11178168358033405,0.1528292000293731,1.0375689670625718,0.2495902776718139,1.0220026253478982,-0.0010218459181487516,0.33975826926110636,-0.00432389974594115,0.2620729128863763,-0.0967610776424408,0.01556634171467372,86,44,14,74,0.7057840179797035,1.283120716663626,0.028564635897591135,0.24854025005094166
Good,0.07297460641073354,0.9978992591299355,0.17383699148893333,1.5627129450886317,0.08090139925479883,0.3535708796607187,0.049626839160919145,0.45067010228072185,70,12,0.0066593470117136564,0.9371610367526293,1.0235814739526656,8.437101590294164,0.038347929716110195,0.1808562246408305,0.2401075959205627,3.849405915286198,0.3808404803276061,3.8045791623390355,-0.006783187389373774,0.6326683659742411,-0.0152564644813537,0.40450916102218254,-0.1407328844070434,0.04482675294716261,98,47,13,62,0.6984277651868753,2.8743248013724623,0.06435811952146205,0.7327289918162876,0.05046115070581428,0.501857020981107,0.0354195925686508,0.3132514597442939,84,19,0.0034845442398952413,0.5127017215880957,1.0084746515507579,0.32228900802985905,0.027387857437133747,0.24779148824053207,0.1266808211803436,1.6844624286799614,0.2948875129222869,1.6059295136148377,0.0018588913604617088,0.600496732968755,0.0049827992916107,0.5054236692244747,-0.1682066917419433,0.07853291506512379,73,43,12,87,-0.2956193651128082,1.003294561271973,0.04677670411802691,0.3900069169667986,0.04375791177153575,0.2268621478363878,0.021970807800535074,0.17758363673608524,83,15,0.0012390533165760474,0.17689112661051662,-0.5712059457747309,5.3127552300033525,0.02076686918735495,0.112155367365754,0.0547577738761901,1.3802480797399148,0.1261974573135375,1.3534385533061126,-0.006599765084683885,0.3295478461456356,-0.00558887049555775,0.27189231168876393,-0.0714396834373474,0.026809526433802293,93,44,15,67,-0.14038293354197198,2.138150131891159,0.02711914404109257,0.2613222985343753
Good,0.08063877917812397,1.0500733900022783,0.18909127101302126,1.584389791310435,0.08943372964859,0.45300532064297994,0.05656721762381489,0.43374280086111944,67,15,0.00810431963721917,1.1391495206729148,-0.014916306389672673,20.14363294119849,0.044670432806015,0.21218351708107108,0.2401075959205627,5.305663274261329,0.3808404803276061,5.231059421691346,0.007569410651922232,0.7154057790236159,-0.004207342863082849,0.543620913895597,-0.1407328844070434,0.07460385256998293,87,45,14,73,0.3989358988851343,4.102155543284092,0.07098873182366072,0.7920505615252905,0.06420293450355523,0.3573538366112488,0.04061152359936382,0.29663848034341966,83,20,0.00421875561350124,0.5701948635185937,-0.11106342715271378,18.557108127451315,0.0335943549871444,0.20748744390291252,0.1442435681819915,3.5049929316804675,0.27652257680892933,3.463931539253466,0.008138069882988926,0.5487464578760591,0.0116268619894981,0.5012078209866613,-0.1322790086269378,0.041061392427001527,74,47,15,86,-0.05406324602248471,3.791286076465224,0.050859224398658205,0.5187216869257273,0.0339243076741694,0.2536897347396641,0.021503732033306695,0.2005788847105164,85,17,0.0012602442412982062,0.17171511515798,0.04016401933152958,1.2032323176092543,0.01582148671150205,0.12416150724513003,0.0808924585580825,1.100505601411058,0.15233214199542988,1.066823036378574,-0.004919418040662996,0.3202375544107601,-0.00269675254821775,0.24345554998045704,-0.0714396834373474,0.03368256503248385,89,46,15,71,0.06229712286478594,1.3951818540456993,0.02771738735366821,0.2629886383534382
Good,0.07079847397470784,0.9638995862924488,0.16518752634525277,1.489585477260718,0.07709063589572897,0.3358855904290027,0.048663469185121315,0.36469132556473943,63,15,0.005910826478416696,0.8354270861172586,-0.3762534751246531,11.496988131321922,0.034312069416046156,0.15772341035450704,0.1561105251312255,3.8083699424348,0.2626639008522032,3.6827459628893706,0.004344958439469348,0.643153400387513,-0.00958880782127375,0.4651797967423409,-0.1065533757209777,0.12562397954542912,94,46,11,66,0.5209511185788637,3.277134408668856,0.06081532316979215,0.649446525656453,0.05054811760783187,0.284303672583315,0.03491466910112645,0.2699153519474385,76,15,0.0034401123570221436,0.4601490309458989,0.15195704047590342,2.1719201414874316,0.02831000089645375,0.1430736909979039,0.1442435681819915,1.8740470852651405,0.2421124577522277,1.8417220609043534,0.011803962010890233,0.5633619967725232,0.0088739246129989,0.4841145860500595,-0.0978688895702362,0.03232502436078715,64,41,14,96,0.015593895178690144,1.5187276987706495,0.04498202804205979,0.377852208592691,0.02970029041171065,0.2525019386144457,0.019137861486524306,0.1784618794262838,80,19,0.0010269228311173464,0.13510057980462284,0.5076086303965579,0.9140712713537043,0.01489237695932385,0.12630594764441094,0.0808924585580825,0.9391935815594206,0.1441790908575057,0.9066306288717815,-0.0051802386529743545,0.2830700801006815,-0.00519280880689615,0.22621587232405183,-0.0632866322994232,0.032562952687639056,95,40,14,65,0.20955853918523326,1.3159518829288455,0.024876892300130127,0.23446089131541017
Good,0.07556420703293258,0.9024282657618338,0.1804084601998327,1.3995106351573743,0.07842807471752158,0.30441329602227163,0.05121044831816103,0.3584322453351183,59,12,0.0067300826959991455,0.8273536207136458,0.1019629180357775,25.783619831117605,0.03194102644920345,0.1560547949436536,0.2069377303123474,5.171563596329108,0.3134911060333251,5.1230575708155595,0.00042525567114354567,0.4918550820452405,-0.0165139436721801,0.3233499891272882,-0.1065533757209777,0.04850602551354813,101,53,17,59,0.8400758474952719,4.870026328316824,0.06505823877741192,0.7651354121852653,0.05797723308205593,0.4334521283530771,0.03868181555299084,0.31291544235477886,82,17,0.004125261486277331,0.5439547072454778,0.3055417809250214,7.43653550747117,0.0307704508304595,0.1564733246672048,0.1555384993553161,2.659407692058705,0.3075741827487945,2.519591039790882,0.004089255351573224,0.5736416891171111,0.0049859136343002,0.4313874133545467,-0.1520356833934784,0.13981665226782306,70,42,14,90,-0.10917398932989984,2.479297684494105,0.05077082725561336,0.4635622069931341,0.03762709349393832,0.3541377864259173,0.02183212760719467,0.2078706469793869,77,20,0.0012413074344799818,0.17853754944849645,-0.04084613011242366,0.2799269904939967,0.0192336663603782,0.1343129972485631,0.0709044933319091,1.0447675975115114,0.1629508733749388,1.015803361399161,-0.006408333312720048,0.3340138639950224,-0.00721625238656995,0.24195064577519748,-0.0920463800430297,0.028964236112350265,99,40,13,61,-0.024456214771311092,1.0706234087376083,0.027191386181445388,0.25879004638434433
Good,0.07767254489792622,0.9671894409126898,0.18487613826990107,1.485356046542129,0.07721640169620506,0.2512630269414079,0.048814020752906764,0.27124057277630154,64,15,0.006021913704054954,0.6190208480769456,-0.01208529637206146,24.57452807965993,0.03464820981025685,0.1315543232528611,0.2069377303123474,4.14024694314853,0.28760093450546265,4.0734870247369335,0.012538846954703337,0.5042748628913781,-0.0042277574539184,0.3817580749824863,-0.0806632041931152,0.06675991841159658,86,54,16,74,0.7940755382068425,4.768085646891356,0.06024247342705713,0.6039269084358034,0.0726532638072967,0.4249618675610517,0.04603368281270372,0.36015924253564996,83,20,0.005526035747831516,0.7556909482645469,0.004468912948968562,12.121814859606022,0.0381280779838562,0.20919738034049218,0.1662043929100036,3.676578293381248,0.318240076303482,3.644555220233142,-0.0012517583556473269,0.6309027888830048,0.00242248177528375,0.48244299976500815,-0.1520356833934784,0.03202307314810578,78,46,16,82,0.13770551732439562,3.1080276026847113,0.05893994763600156,0.5980406501603328,0.036097489297389845,0.296179563641671,0.022425218803109555,0.19998160500514714,81,21,0.0012854021266803335,0.19373374631837145,0.4999362850388085,2.9468994207959778,0.01839422434568405,0.15501445447320403,0.0709044933319091,1.3311226635697617,0.16609106957912428,1.320641479443758,-0.0010830492712557327,0.3501783947677458,-0.0007547512650489,0.2919931691328578,-0.0951865762472152,0.010481184126003684,83,44,17,77,-0.2661929147682852,1.5487990550120436,0.028412121311778376,0.2666624048422578
Good,0.08320658279753132,1.0947360559028185,0.19486266344785666,1.7218098996814526,0.0753640234470367,0.34586918469760897,0.04968406114727255,0.30558500725902027,72,18,0.0075997956326981165,0.7032360593514332,3.0361106345939426,14.73011113340938,0.0354921221733093,0.174234509492636,0.2085504531860351,3.52049778526682,0.5395238399505614,3.427985290370992,-0.008755813911557183,0.6189858957326551,-0.0148210525512695,0.5126154323733034,-0.3309733867645263,0.09251249489582741,102,51,11,58,-0.003155975857126861,3.650160416488461,0.06857550027832568,0.5657671961465031,0.06711301952600468,0.4559158002776189,0.0435550795635208,0.3543393442805296,90,18,0.004888765915583725,0.6794666309611292,0.13021473447665288,2.9145786208852966,0.03301641345024105,0.2103303715175377,0.1662043929100036,2.3927576211940154,0.3009549379348754,2.2992728963285596,-0.0016176057979464572,0.6706458749538841,0.007185086607933,0.5265539896699049,-0.1347505450248718,0.09348472486545574,70,45,14,90,-0.05938811513083975,1.6771067713769194,0.055426189107368865,0.47927105208688386,0.03874618560075752,0.4013556886748953,0.026399489522445908,0.2602612930433951,77,19,0.0020150731416368347,0.2967217597101811,0.5574093942026757,0.9354634969530267,0.01919918507337555,0.19117058314983124,0.098557636141777,1.3743285738541406,0.1937442123889922,1.342175381542222,-0.0051713379099965024,0.4321781289949132,-0.0063557475805282,0.3348808545451784,-0.0951865762472152,0.032153192311918675,96,41,17,64,0.31844074561164293,1.216030285799125,0.035219748287396616,0.33157778051105485
Good,0.09195774218744499,1.1213397453557126,0.21659681186079957,1.7261111665206696,0.10695564746856683,0.5977224045059839,0.062404732722789,0.44841102135515704,83,18,0.009971569836816688,1.0996345728032157,1.2838271721452674,20.50531754538109,0.05402815341949464,0.2642150345021948,0.2085504531860351,5.3156476670301664,0.5395238399505614,5.300328087309,0.0100705936551094,0.6831897984765725,0.0122614502906799,0.5027460529394852,-0.3309733867645263,0.015319579721166283,74,53,14,86,-0.23454369657524524,4.082691762078867,0.07854535550809759,0.7955414961274843,0.07414214313030228,0.5396507497835672,0.04467570956912818,0.36209829935678856,81,18,0.004764255994216944,0.6634230787036178,-0.39945118283121284,8.00383604998063,0.0391624867916106,0.23117679583510853,0.1331139206886291,3.086349996408286,0.26786446571350087,3.0710448165576176,0.002094240393489601,0.6256903019951706,0.00486420094966885,0.4880964557884715,-0.1347505450248718,0.015305179850668078,77,46,16,83,-0.06352777967197121,2.4137636493647765,0.054698939578419974,0.5214736088171767,0.03821235150098795,0.42415750125500273,0.0262956599006429,0.26443437800304487,70,18,0.002010233777955409,0.287342777360705,0.4859384651815506,0.6698565400045884,0.02017059922218315,0.1689926009449199,0.098557636141777,1.3909418601826704,0.1811757832765578,1.3470261273660924,-0.0065363897010683875,0.4172310660489264,-0.009520307183265651,0.3050182031908855,-0.0826181471347808,0.04391573281657805,102,43,16,58,0.5071621414990748,1.1996378007671566,0.034947172652093655,0.3365427385702764
Good,0.07263246279234403,0.9587486068047325,0.1714372655004261,1.4829120251122454,0.06614342331886286,0.4897502513555333,0.0441570291575044,0.36929072571886584,66,16,0.005121627943880285,0.7529709035018208,0.5818855254403488,9.849229917783404,0.031926929950714146,0.2252042917360058,0.1963096261024475,3.552195206607611,0.32354360818862915,3.5027480120527477,-0.0018823113292455618,0.607714003381602,-0.0131352543830871,0.494255251025543,-0.1272339820861816,0.04944719455486326,95,51,16,65,0.7381953178031183,2.965438928512014,0.056723754024894206,0.6193985740988812,0.07460789754986755,0.45846943292330933,0.0410303314827615,0.3623579954430536,75,17,0.003986973023704276,0.5898923420813947,-0.6341253831447999,3.0159134400309,0.036569457501173006,0.20980044105987483,0.1331139206886291,2.4762566834433044,0.2415437698364257,2.4448433606883397,0.007501432532444595,0.5784212552114307,0.0037606209516525,0.43077558350372747,-0.1084298491477966,0.03141332275496468,75,38,17,85,0.1315236760163654,1.7411634547115342,0.04950661374812858,0.505293175890025,0.0315026156604289,0.3029911590396231,0.019860448339022667,0.20000323205886988,75,17,0.0011937796331747668,0.15323580001891499,0.5334255452194085,0.6237451644706229,0.0162895023822784,0.11898179002991205,0.0571036338806152,1.0018394671437674,0.1525090634822845,0.9985555568087031,-0.008884325250983224,0.2967767665192131,-0.0109321475028991,0.22325926381027972,-0.0954054296016693,0.0032839103350643037,107,47,14,53,0.04188618060305001,1.238173346266011,0.025910946387789742,0.2552632971527937
Good,0.07817227750849073,1.022099891033653,0.18467316024005392,1.576401646804996,0.0790345072746276,0.3464864749812444,0.046500117210671266,0.2996814609356796,71,20,0.0055285526359988004,0.7893354333090576,0.0399704871228197,33.15758943852748,0.0334040522575378,0.18031191585883613,0.191921591758728,5.007549015613586,0.3191555738449096,4.94371995351457,0.006068380922079092,0.5709593152601466,-0.004829496145248399,0.4602560413961999,-0.1272339820861816,0.06382906209901591,85,49,16,75,0.45790830335311844,5.520327184506009,0.05865168605604104,0.6806914819701521,0.07697581686079491,0.44115032660465103,0.04475161064707204,0.40956850231623726,79,16,0.005003604134576986,0.7281524279651198,-0.17774872136752906,1.5925959602228827,0.0403718203306197,0.23917667784716234,0.1445546150207519,2.5390389790938483,0.2926570177078246,2.4918781805062227,0.0029205302242189643,0.6428898519831313,0.0028370320796966,0.5060637547577527,-0.1481024026870727,0.0471607985876256,78,41,15,82,-0.12748924378981966,1.4761369423068207,0.05602086841465523,0.5611105650246013,0.04015681147575375,0.280593981848776,0.024385171267203947,0.21279561583541715,81,19,0.0015746548314195428,0.2267295625027994,0.04511809984928172,5.1994571358040265,0.02060251682996755,0.13522247920901187,0.0665109306573867,1.558897704878318,0.16191636025905598,1.5194355471397074,-0.0047654565423727,0.3625524795617177,-0.0038021951913833002,0.2706852380551414,-0.0954054296016693,0.03946215773861046,89,43,15,71,-0.27559413022767015,2.1512053779093945,0.03110460652377254,0.30868310946089944
Good,0.08187019704956365,1.0936932994215147,0.19761103853583312,1.6906210685376446,0.08446620404720293,0.5014096669928843,0.051225703498348554,0.38960142246580287,79,19,0.0063863136458434085,0.8812371839182866,-0.09647193273954491,20.476839390673323,0.03991770744323725,0.2538483917941702,0.191921591758728,4.6274251953680885,0.3744037151336669,4.6177493359378206,0.009212278574705125,0.6443072562003672,0.0050978660583496,0.508413875485894,-0.1824821233749389,0.009675859430267629,79,44,15,81,0.15619555381689246,4.030170528894618,0.06269888067061152,0.6827190809738959,0.07122521847486485,0.446458298254898,0.04340057198540302,0.3843614257362008,83,19,0.004867635689652639,0.7037414180646877,0.23176204716381932,2.7704494349382722,0.036385640501976055,0.21672428614273195,0.1445546150207519,2.45745933048268,0.3076010942459106,2.3650648000055,0.0009262778796255537,0.6402240768634593,0.0033349394798278,0.48147429760572424,-0.1630464792251587,0.09239453047718026,75,44,15,85,-0.38586879836812227,1.772834167444079,0.055322171931720864,0.5420835262844824,0.0476537607610225,0.3291213887363929,0.028448627153411465,0.2621887027718242,76,16,0.0020460333072755367,0.2996965707914702,-0.25616958259912215,3.8899952739354164,0.02435357123613355,0.11996742988969913,0.0927200466394424,1.7772316106514323,0.1748438924551009,1.727188381349539,-0.004799671284854406,0.4060897354738185,-0.00694703683257095,0.25789254652035765,-0.0821238458156585,0.05004322930189341,90,38,16,70,0.19475042449291322,2.0181560910554235,0.03554759725418109,0.3671344406811683
Good,0.08299120504189075,1.1021309632778715,0.20114001855254152,1.7192410062137584,0.08881160616874682,0.45278606247253605,0.0525954401819035,0.36008195783478697,65,18,0.006471213497837126,0.8617474725621337,-0.46553719448195396,23.041262943948293,0.041619658470153795,0.2214471160264596,0.1435893774032592,4.5530795313440295,0.32607150077819813,4.474820419757458,-0.004450490698218337,0.6641151723547882,-0.01912871003150935,0.5269326838390317,-0.1824821233749389,0.07825911158657092,95,47,15,65,0.18633619954191546,4.321029061733205,0.06363972153596859,0.648612758439351,0.06689376384019848,0.3476472381803407,0.03986101084738034,0.31129150955045487,75,18,0.00401341290092454,0.5384395109993255,0.02615665110063592,3.0648597929959207,0.037587057799100945,0.177363459177566,0.1086051762104034,2.242821923817961,0.2716516554355621,2.2194962514835983,0.002586804237216709,0.5842959746165689,0.00045987591147415,0.49147858415536977,-0.1630464792251587,0.023325672334362797,78,47,16,82,-0.3132953841480603,1.702744623124198,0.0501739515661731,0.4438893162109214,0.05167775042355058,0.40546960672117216,0.03141943223075937,0.29376737216869725,69,18,0.0025854558407428494,0.36100180025778283,-0.13281665861455938,1.0543596137662252,0.026303566992282847,0.14590263167031337,0.0927200466394424,1.521728624772142,0.2007223516702651,1.4693047912261863,-0.005764931626617897,0.4708298592424011,-0.010721616446971852,0.3060340499418399,-0.1080023050308227,0.05242383354595574,98,40,14,62,0.34752527278704043,1.378297458991549,0.039907761119102166,0.37325734273228117
Good,0.07665859737914223,1.04614482793034,0.18476000905036905,1.6609770472411705,0.08944062888622273,0.3970685500296768,0.04781186568550762,0.29357896368190195,74,16,0.005781463741938879,0.6932532727768073,-0.4791346822757334,26.842996571529046,0.044010192155838,0.15216433545751684,0.1435893774032592,4.098102485060148,0.2836185097694396,3.9059100779069404,0.012440565600991245,0.6152747231854265,0.0077412128448486,0.48874710787638825,-0.1400291323661804,0.19219240715320798,69,53,16,91,-0.0756944624535511,4.799670530419884,0.05899491218859563,0.5609726265923355,0.054700121283531127,0.39972618203942567,0.03794949594419446,0.2887682234553271,76,18,0.0038904164675059166,0.501260999841125,-0.14176392726874187,6.68494835651776,0.0296445786952972,0.1989717920722142,0.1086051762104034,2.4447813880944427,0.2423265278339385,2.3057356631860353,-0.0020668451674282474,0.5777341528721197,-0.0053786486387252495,0.4879645044870018,-0.1337213516235351,0.13904572490840755,90,49,14,70,-0.07102129114871349,2.1644526789503433,0.049421696589974765,0.409248394555506,0.04675078392028803,0.3344129198546778,0.029109777329722374,0.21998755436813128,75,20,0.002136465818569813,0.29852218897464494,0.04558763857771231,2.626847980884415,0.024083368480205453,0.17935571313375842,0.0874133855104446,1.531026154812312,0.19541569054126728,1.4306793351093705,0.0005840555764734748,0.4679681711836242,-0.0018720328807830498,0.3890962844531198,-0.1080023050308227,0.10034681970294151,81,40,14,79,0.026890508182690988,1.3920911696125284,0.03665168383223459,0.2820070561771445
Good,0.06939620663430361,0.9597381236002788,0.16541402503848054,1.511163579076925,0.06497134268283841,0.33780959772872465,0.042025822130963175,0.33493567588029743,81,15,0.004958400153984279,0.6425447776605994,0.35265601447219463,11.443868851171672,0.028815180063247653,0.17395435649060292,0.1657144427299499,3.3356739099739174,0.2950082421302795,3.323443847169099,-0.011990823596715914,0.5437752037155031,-0.01118010282516475,0.3986834360754289,-0.1292937994003296,0.012230062804818425,98,48,12,62,0.41573965435451105,3.251557241244857,0.054532619014367484,0.5889425315637871,0.06161628291010843,0.44869310427794296,0.0366053441748954,0.2805572951212149,86,19,0.003592623645064924,0.5008532357228757,-0.28082659981850844,1.1393006401956622,0.03170069307088845,0.2115981485493873,0.0821461677551269,1.8209360000129584,0.215867519378662,1.7019668423485594,-0.009496879111975425,0.6092299442663363,-0.0071856155991554,0.530252691810719,-0.1337213516235351,0.11896915766439899,94,44,15,66,-0.36963105252603834,1.1602333573003936,0.04656988057103653,0.36012790884922047,0.03771245852112755,0.26210144995391843,0.02184075388358902,0.16728715936938496,73,20,0.0012784334927842978,0.17444555414728424,0.16804217563659396,1.538689625852613,0.01838834583759305,0.12421705076181984,0.0758890807628631,1.1136484264666746,0.1543349027633666,1.0686980492705584,-0.0074051478877663526,0.35815843109508533,-0.010190948843955949,0.3079734553764516,-0.0784458220005035,0.04495037719611609,98,41,19,62,0.36072215142216496,1.116798567728889,0.027365400139233716,0.21486761594710188
Good,0.07842154967745964,1.0235885302079795,0.18750567778944946,1.6112362120612989,0.08656494319438926,0.3721742763354879,0.05073818081524219,0.374791016766268,83,16,0.006330145149109214,0.9083714794482985,-0.47372924985780296,28.71451627873167,0.04354780912399295,0.18286117379328243,0.1657144427299499,5.195151884599275,0.3114119172096252,5.139192278353996,0.0033662911504507035,0.6176363113520194,0.00457245111465445,0.4337725333945655,-0.1456974744796753,0.055959606245278376,75,48,16,85,0.07421774215073432,5.01965176306802,0.06300650901452476,0.7258766192320635,0.0725636705756186,0.3731844084318957,0.041480920612812,0.30609611002843223,74,19,0.004253348648070311,0.6165160514578835,0.051687164232488314,14.057872382354049,0.03607837855815885,0.19330423256942622,0.1630574762821197,3.224934445570754,0.2864940762519835,3.14390366479312,-0.0016464099287986714,0.6156913421303697,-0.0051786452531814,0.5135389601785783,-0.1234365999698638,0.08103078077763391,86,46,16,74,0.09106208182754806,3.161428009801876,0.051694625725951536,0.487278383148265,0.04004328325390812,0.25467187597245344,0.024473172546131485,0.20493529254556792,79,19,0.0015169219619121745,0.21721696610952818,-0.020683770531002565,1.4335837849407937,0.01973010599613185,0.13992207813964666,0.0937212854623794,1.2932702532064762,0.17216710746288288,1.270609520002739,-0.003196490649133918,0.3779085585789097,-0.00353809446096415,0.3196531019086984,-0.0784458220005035,0.02266073320373714,88,45,13,72,0.3330013507829403,1.249146464685385,0.030720630786977583,0.27276746041699873
Good,0.0714910822406313,0.9538502499303491,0.171879530996084,1.5250435511417773,0.0790436416864394,0.33688494637568905,0.0462479498237371,0.39426891413855714,80,14,0.005501739962809567,0.7814528536246289,-0.18573035769855517,9.868709047656619,0.04013651609420765,0.14869339433676768,0.1307647824287414,3.49038255863288,0.2764622569084167,3.4024257974524685,0.005272239819169039,0.6057970404789043,0.0052069127559661,0.41583168334163423,-0.1456974744796753,0.0879567611804113,72,49,13,88,-0.1648378041731527,3.0337657149659365,0.058585343555724645,0.6437878527679981,0.0555125251412391,0.34203145544313074,0.0326278752146754,0.26881912491901505,79,18,0.0031316377411443968,0.39470816076072096,0.7337426724533187,2.668801639863724,0.0279624909162521,0.17136206328712472,0.1630574762821197,1.8365937845851639,0.2534579634666442,1.735262543123199,0.014913331437855948,0.5167256834832618,0.014274239540100049,0.39013977844873693,-0.0904004871845245,0.10133124146196484,58,46,13,102,0.17932182130647864,1.5729444388102019,0.0417824992239412,0.3573551857598779,0.04094589501619327,0.3215057363663753,0.025952195283025455,0.25166257805047787,75,17,0.0017910617624454428,0.26701961154634923,-0.03441818848206246,0.7798206773953535,0.02059572190046305,0.16251831472964945,0.0937212854623794,1.292308404349659,0.1747058480978011,1.2255909839126184,-0.0014565423130988978,0.4025208271796111,-0.0033059418201446,0.2935119999274278,-0.0809845626354217,0.06671742043704067,90,44,14,70,0.35279524911816573,1.353141811346226,0.03353086757407633,0.3240317812082496
Good,0.08205406042970104,0.9768118101724258,0.194980775862932,1.5414369702668316,0.08648949861526475,0.38687704870166995,0.05588206511456515,0.3565770275776599,77,15,0.008523336377588349,0.8352580251781285,1.0696102678098507,21.42371461869181,0.04118952155113205,0.20239371995834568,0.2702265977859497,4.507730584499054,0.4584754705429077,4.48989008960599,-0.00037978775799274445,0.6341272391346433,-0.0067196488380431504,0.4831729395720998,-0.188248872756958,0.01784049489306354,83,47,14,77,0.30481997038344383,4.226686192395671,0.07321505153190304,0.6581342338502104,0.05903610587120042,0.30769546583853324,0.03837744843913238,0.29577330850867767,86,15,0.004074785101664089,0.48076348727891,1.3548709285448153,6.367619599510148,0.030060857534408552,0.15474572534912823,0.1495981812477111,2.4989133586559946,0.3274036645889281,2.4166660444820662,0.006659244652837508,0.5083980348174267,0.01218019425868985,0.3987477793139494,-0.177805483341217,0.08224731417392833,64,45,19,96,-0.728341415541707,2.509659310777969,0.050181007198594266,0.4714816279269941,0.03611012175679195,0.3330542516124736,0.02611850289627906,0.27473130949296887,76,14,0.0019482831171929735,0.2927595606881918,0.3488756575138354,2.1245929210483805,0.01814956963062275,0.1433064586400078,0.0888004601001739,1.62067361847755,0.1993695050477981,1.5858661002266279,-0.003372912481427178,0.3989116963147616,-0.0060626864433288,0.2734324488057984,-0.1105690449476242,0.03480751825092223,96,43,14,64,0.18170403242870797,1.6283106314360989,0.03484088409709794,0.36555303203703726
Good,0.069437399760975,0.9511049184297289,0.16334558008238648,1.4679338359410679,0.07518066465854638,0.26993228224369825,0.04558688281103965,0.3732890038648169,70,10,0.00542778226406923,0.7974022616494143,0.20715718660743088,20.390848232508628,0.03700780868530271,0.12372769277890845,0.1686174869537353,4.710349557437647,0.2885738015174865,4.66526131474477,-0.0018333353102207065,0.5184716853568705,-0.01096025109291075,0.32820755375206656,-0.1199563145637512,0.045088242692877305,94,48,15,66,0.6012335453705272,4.291577546404237,0.05839792187810775,0.7270415209137789,0.06055329181253895,0.4028604678450657,0.03671611307945564,0.28746788369896953,75,22,0.0036714854791631752,0.5337410895323749,0.8856270125909904,4.572102978835977,0.03107590973377225,0.2065424141922731,0.164285272359848,2.2926760638430608,0.31037595868110646,2.1883324065849212,0.008155093761160966,0.6103123682044393,0.0035166293382644,0.5288039496760712,-0.1460906863212585,0.10434365725813936,74,41,19,86,0.22005547229326805,1.7684348734375854,0.0473517321338314,0.4015717902804724,0.029569131787866274,0.2777607675746024,0.01950150071425009,0.16434622486390904,81,22,0.0010580063043625588,0.15317834621584953,1.336918080888437,-0.4474438981053166,0.0147852227091789,0.14450553246161754,0.0917473435401916,0.8123503314164883,0.1770970821380614,0.7892394448015186,-3.595725866034714e-05,0.33914978237975807,9.71052795648309e-05,0.3007848520766052,-0.0853497385978698,0.02311088661496966,80,43,16,80,0.22491672198370255,0.4951876650702764,0.02579557072412422,0.19533502330000174
Good,0.07247703680761353,0.9952622239462499,0.1705600693076847,1.5235459042532378,0.07674813270568842,0.3782131647696402,0.04777939791791137,0.36726564127212336,82,15,0.005740123857473903,0.8028984985899926,-0.10315149153052783,19.136920102527228,0.038531452417373546,0.1722104252540932,0.1686174869537353,4.470724959609672,0.2885738015174865,4.444756086581894,0.004531567171216009,0.5779591463905276,0.00687256455421445,0.42013107015384954,-0.1199563145637512,0.025968873027778526,73,48,14,87,0.25580073498949185,4.079548207521183,0.05991224030411532,0.6847347834698666,0.056325674057006676,0.5305207162825633,0.03815886129159477,0.3604353405459493,74,18,0.004343909873607602,0.6566359709732716,1.4635324140888795,4.0842209022136355,0.026633724570274298,0.2548164965583662,0.164285272359848,2.610004979565995,0.3466756045818328,2.58411990447496,-0.006225005723536002,0.6345649029599757,-0.010426163673400851,0.49610189712855546,-0.1823903322219848,0.025885075091034705,98,43,14,62,0.19171121553304737,1.8607577333026653,0.051894357854236836,0.5039477700165645,0.030794287566095497,0.23246845935729882,0.019240098301088394,0.15035973097180785,74,21,0.0009415699917219339,0.13715045677167917,0.11622986671948166,1.376732805038901,0.0146716274321079,0.10868581913690818,0.0808979943394661,0.9090982428848887,0.1366085484623909,0.8761383831881817,-0.0017820249777287188,0.3110218549027344,-0.00351705402135845,0.2785431136697222,-0.0557105541229248,0.032959859696707054,90,42,15,70,0.19574320199229925,1.3147969611015897,0.024269050234827658,0.20103696810423102
Good,0.06091926297917351,0.8724385180055231,0.14344920612871626,1.3711796003856285,0.0592303723096847,0.3165045822468531,0.035331021323800046,0.25525783429774873,82,19,0.003465621646968836,0.4117009759439433,-0.38359685023536105,6.517356728853846,0.02990761399269095,0.17770718426185966,0.0975988507270813,2.188255148787751,0.2103798389434814,2.1751411354528742,-0.016125234961509693,0.49764454394677593,-0.01429966092109675,0.4220800400041892,-0.1127809882164001,0.013114013334876615,99,47,16,61,-0.10284939557432361,2.38410658106712,0.043794722140201865,0.4050319540776366,0.047887228429317405,0.4015486656659272,0.03258299411274489,0.2855831374777947,78,18,0.003256022815640438,0.48587039309753643,2.0170058857896933,1.628639448722657,0.023405581712722653,0.2028636598810744,0.1105573624372482,1.7624931113860394,0.292947694659233,1.6527618695934454,-0.0075979929417371635,0.5796024648471263,-0.0092907845973968,0.49386177924380714,-0.1823903322219848,0.10973124179259405,97,41,14,63,-0.4442985641693861,1.418537213432806,0.044606283371955636,0.3872097310769347,0.029578380286693504,0.20571311762054462,0.018512543322285597,0.14018828874775366,78,18,0.0008887438557823923,0.12233306181219845,-0.10858984711055308,3.0520199633757548,0.015135172754526001,0.10239457187075746,0.0585314035415649,1.043476999529552,0.1218112707138061,1.0319543236115487,-0.0037783204112201894,0.2939325915917262,-0.0062568932771682,0.2607435004585447,-0.0632798671722412,0.011522675918003487,95,45,17,65,0.15513447464109062,1.4245809012299067,0.02333651453033002,0.1895697586968184
Good,0.07485346900675227,1.049740619796756,0.17870607137680034,1.6123181195501808,0.0648479163646697,0.28375329507510993,0.04672747534699734,0.3924635625222519,73,11,0.006164187161545906,0.900880344320692,1.267200639486492,21.532194497198937,0.03338608145713805,0.14432363478779386,0.2296012043952942,4.970356604968054,0.34070169925689686,4.9087363337445185,0.004522296041250229,0.5881107946652826,-0.00019076466560365003,0.3883840215824297,-0.1111004948616027,0.06162027122353563,80,47,17,80,0.7779758665415943,4.330787163807695,0.062098852535861525,0.7449872733938895,0.06365069001913054,0.29435574855490854,0.038808721362147434,0.311028973435229,65,13,0.004162400751545118,0.636205676399381,0.8938577627033983,6.730027133323857,0.0319495871663093,0.1686341379505965,0.1567648947238922,2.742405913922773,0.3111423850059509,2.6747306182439416,0.000491842441260826,0.6354897903587073,-0.0063928216695785,0.5358138168806718,-0.1543774902820587,0.06767529567883136,94,40,16,66,0.5260416373951299,2.4335063621303976,0.051162668787533123,0.48203568617813664,0.0423954315483569,0.28694570150956783,0.026208488736301615,0.2223644836885271,76,16,0.001762405402266928,0.25873800465347246,0.22019563427712718,6.8680705739115435,0.021468661725521,0.11227276756548606,0.1035230159759521,1.8675046981462426,0.1925518661737441,1.84400630819243,-0.0028704795986413964,0.38871753452619084,-0.0057828873395919505,0.2955692271967696,-0.089028850197792,0.023498389953812523,89,44,14,71,0.5219979398976815,2.3639412503029567,0.03316835232211783,0.32808029963006335
Good,0.07156237538251405,1.0173545602636447,0.17302189290523506,1.5766966167491188,0.06690640747547143,0.3705585242596893,0.045201437808573205,0.4100610613390331,76,14,0.005894288515369434,0.8211145700578119,1.5848607835566533,8.897010789408453,0.034361094236373846,0.13576008334759823,0.2296012043952942,3.6408271404479517,0.3469268679618835,3.5799960777228863,0.007010845094919204,0.6118517330091121,0.0040481090545654,0.38325659413092206,-0.1173256635665893,0.06083106272506566,78,47,14,82,0.7767717959915925,2.8995024161054177,0.060478414450955795,0.6683951128423653,0.060685399919748174,0.3550449491490198,0.038374556507915214,0.2929341124791493,74,20,0.0041015883558047925,0.603278873070996,0.5667619846609453,11.212612647278682,0.03030093014240265,0.20337358551390877,0.1567648947238922,3.011818162896388,0.28679007291793823,2.8788943591893994,0.00813796743750572,0.6124841406266357,0.0046184659004211,0.5095391530044924,-0.130025178194046,0.13292380370698853,74,41,16,86,0.27648379881300267,2.9581987706379222,0.050129555006465557,0.47764217836351885,0.038059927523136076,0.24102424488318125,0.02368667273200113,0.2256775702124544,73,18,0.0016054923119823922,0.2344393112235719,0.9011726732315806,5.49623721775971,0.0188538432121276,0.13229283151137178,0.1035230159759521,1.74007114835557,0.1925518661737441,1.691346123323607,-0.005276275705546135,0.3523607431133711,-0.0078436359763145,0.2794997154523513,-0.089028850197792,0.04872502503196303,96,45,18,64,0.7382442584396953,2.1988401635566244,0.0313325616337684,0.33208616041046457
Good,0.06909635020967349,0.9325610798849346,0.16206761024892308,1.4348159356418129,0.0758111029863357,0.37374456072998224,0.04702353962697083,0.37128501234518685,74,14,0.005555763816215944,0.839561222470036,-0.09341183026004485,20.348959629554056,0.03644376993179325,0.19554030744149456,0.1670191287994384,4.697172032971763,0.2843447923660277,4.653131642177446,0.0024837952107191084,0.5771599148483226,-0.00524032115936275,0.4347706009156831,-0.1173256635665893,0.04404039079431803,84,47,14,76,0.4452586469457009,4.211994217603656,0.059059148660383094,0.7116513578728794,0.05151073634624472,0.4080405925655745,0.0341029505920596,0.2692515479030595,81,22,0.003314683311095335,0.4615761296718633,0.653719358977638,5.646852079179318,0.0257471501827239,0.22461262306227575,0.1472303867340088,2.226321917898761,0.2772555649280548,2.1694700632617248,0.010732563398778431,0.5647161507851979,0.01132737100124355,0.5125371947915442,-0.130025178194046,0.05685185463703638,63,44,18,97,-0.1814545437276432,1.8459385492843243,0.04437109549636971,0.3777192061759807,0.027447998523712075,0.2674488778943388,0.01734059429727492,0.1628972714804445,80,22,0.0009929849089172342,0.12283619978419111,2.0830756679260753,-0.011539778449951577,0.01396682485938065,0.11425794879628529,0.0796625763177871,0.8549462793328398,0.1414873898029326,0.8099801519883171,-0.008902448927983631,0.29293987000829264,-0.00901439785957335,0.21064842036776277,-0.0618248134851455,0.044966127344522766,108,50,16,52,0.8533331983823833,0.8883691412587454,0.023340239146789985,0.19241214188225167
Good,0.07170563904120497,0.9986712318534782,0.16704727455973603,1.5472276906519313,0.08428832888603197,0.3660971589198627,0.046510649691335816,0.3896950838400536,73,15,0.005500373199519217,0.7832387821787354,-0.2832331031657045,18.13395412616649,0.0411391854286193,0.19146360051449596,0.1670191287994384,4.287894103853109,0.300805628299713,4.233868211172311,0.010707989707589141,0.6007301549794454,0.0033771097660064,0.41838265316093626,-0.1337864995002746,0.054025892680798174,72,49,18,88,0.29527684165474943,3.796394933709458,0.05782708734941964,0.649893886013022,0.05475130677223195,0.32738033987117093,0.036319498752709435,0.2398997143349865,75,23,0.003454452414780324,0.49863512537750365,0.2578992610445563,12.717762649878905,0.0271944105625152,0.171088006875382,0.1472303867340088,2.6095549796780775,0.2547319233417511,2.486718283081927,0.0015687143430113827,0.5913964286916227,-0.0005610436201095,0.5491010759557398,-0.1075015366077423,0.12283669659615033,81,43,17,79,0.28783913950049783,2.9232357161795157,0.04658471036505927,0.38585669555976104,0.036355067044496425,0.30077587012972473,0.021451442627003374,0.15682288703268665,79,25,0.0012300303690548579,0.16020110478785998,0.46137602496509933,-1.065370898741602,0.0182774625718593,0.15094324402358605,0.0796625763177871,0.7273349318874271,0.1531415134668349,0.6694490224508902,-0.004039560724049802,0.35510110698086345,-0.00471519678831095,0.3539982771086121,-0.0734789371490478,0.057885909436536875,92,48,16,68,0.3739079563172176,0.19630446967757426,0.027516964323867677,0.18467351897016895
Good,0.06965201527603027,0.9995572039590814,0.16671296998858431,1.5679397105703183,0.06970618665218345,0.4107946150272239,0.04222719483077522,0.3435248733571434,80,17,0.0046903493567263446,0.6248683080148443,-0.23807426101546403,10.88167325503242,0.03548517823219295,0.2106571494955118,0.1288418769836425,3.2347484806249636,0.2626283764839171,3.171864045847262,-0.010437864437699309,0.5938945652251364,-0.010646641254425,0.4743145715061207,-0.1337864995002746,0.06288443477770182,97,48,14,63,0.17286802301364432,2.8247967031861316,0.0532941931907998,0.5216872179868801,0.05037722736597055,0.3923854138849121,0.03269754992332305,0.24507282626789142,81,23,0.002845823884964529,0.40787714714796985,0.09067265822315163,7.037570907719141,0.024045273661613402,0.19662077384823978,0.1163598001003265,2.139590794264962,0.2238613367080688,2.108426818002995,-0.0005334835499525098,0.5338325906537045,-0.00011982023715975,0.47727631420609273,-0.1075015366077423,0.031163976261967312,80,42,18,80,0.08042572575324998,2.06095775886203,0.0423029543658627,0.3505708377830709,0.04560316726565352,0.4000545480700375,0.02781980801373716,0.2347377168147636,80,23,0.002024526875135205,0.282755254561292,0.4162839895789978,2.0343016874839375,0.023250319063663448,0.1883093135181796,0.1100178360939025,1.542287959742973,0.213063672184944,1.5315170302263401,-0.004092587810009712,0.44021255469147774,-0.00381828099489205,0.36935078625046724,-0.1030458360910415,0.01077092951663304,88,42,18,72,0.16154351119444077,1.2210464884904657,0.03544619481012875,0.29827531116955486
Good,0.07496761898516427,1.0525972756215045,0.18072410680353618,1.651073494213322,0.0815838426351546,0.3382384008704758,0.050489682019688155,0.3280441420685342,83,15,0.006526295311172234,0.8373104419720236,0.23757574990546226,23.786285025241085,0.041894853115081745,0.19284344645602247,0.1897404193878173,4.5594215480954965,0.4032034873962401,4.525406225487134,0.006984877958893769,0.6437406815451626,0.008819848299026451,0.5434737886718615,-0.2134630680084228,0.03401532260836278,70,45,15,90,-0.13846987948531858,4.521915988113341,0.0636827518240321,0.6503140602015254,0.05189366452395908,0.36108930410474194,0.033271592948585706,0.2777045045382283,80,19,0.0029961300364210663,0.4452455439303577,0.13615241095611896,6.942028941729777,0.02616137266159055,0.19028516940619708,0.1201676428318023,2.3603928235319884,0.22644117474555958,2.33576845186845,0.002190075628459446,0.5388085731650242,0.0023141726851463,0.4548060038843891,-0.1062735319137573,0.024624371663538393,75,41,15,85,0.0034209530299510633,2.072590342782119,0.043353568664870806,0.39361258289621337,0.04906336031854142,0.3151807075814236,0.028454398605390407,0.2200738401790083,75,22,0.0020995679195022804,0.30752262049333734,0.33899922171907093,1.559905665153548,0.0248330980539322,0.17167714499671058,0.1100178360939025,1.4013775458018976,0.213063672184944,1.3696127273712668,0.0006019370164722238,0.46852423950313565,-0.00056746974587435,0.4532089241291079,-0.1030458360910415,0.03176481843063076,83,43,18,77,0.10531494672933543,1.1789401179793502,0.03633343310609521,0.2966608459020937
Good,0.068786087740308,1.0496386335738492,0.1665406587719915,1.64275031776014,0.07081842422485346,0.36107498668549354,0.04368897532112892,0.33805456727070343,82,16,0.005146075250406128,0.6791115899916315,1.136801564495907,11.115282710089817,0.033331423997878945,0.1991028200610095,0.1897404193878173,3.372491837695238,0.4032034873962401,3.3023434474039606,-0.0010973084717988968,0.5967338139214572,0.00157633423805235,0.4614107772796546,-0.2134630680084228,0.0701483902912776,79,43,18,81,0.12819764423016916,3.166042609985252,0.05687981765065153,0.568348788433989,0.057909920811653026,0.43459887507598144,0.03673678152495991,0.27621046730822385,74,22,0.0038934612494266664,0.5483106745132305,0.7215492121078304,2.369810870912529,0.0294707193970679,0.20682873778751404,0.1837754547595977,1.8470107916557963,0.290048986673355,1.742064728285023,0.012177637498825779,0.6388131819560454,0.0065153911709785,0.573364195242704,-0.1062735319137573,0.10494606337077324,63,39,16,97,0.4165110613482021,1.466496062215605,0.04795300032154239,0.37447081738424287,0.036903655156493076,0.3571563045701018,0.023128561237826896,0.20102516512969534,77,24,0.001518672477993226,0.22294425605067716,1.517851720998963,-0.4564899435370542,0.0193558633327484,0.19912586333244214,0.0902800559997558,0.9896237754035129,0.1964897513389586,0.9607076245149583,0.00043518170714378426,0.4072033218826374,-0.00023391842842097402,0.37100325459720884,-0.1062096953392028,0.028916150888554603,81,44,16,79,-0.32896092805585947,0.46538303294075745,0.030902254756880656,0.2390182225237699
Good,0.0735601895119957,1.0672454231480255,0.17949893258511998,1.6399453074541326,0.07223898172378533,0.33375067423121796,0.04460565871559079,0.3807416570604256,75,13,0.005323386394217231,0.8071779666847227,0.26626380209712464,22.25108872982518,0.035976707935333196,0.14388161188210713,0.1815888881683349,4.806886092336783,0.2917017936706542,4.775067714763873,0.0053203068673610635,0.5346817702169936,0.0024186074733734,0.34258170679552363,-0.1101129055023193,0.03181837757291033,77,44,15,83,0.5454010378421614,4.4154507052674274,0.057615606125034385,0.722006489778551,0.0620294883847236,0.5596110033134722,0.04114588919677768,0.3604313956135003,67,24,0.004827398356553836,0.7064878284641931,0.5346384981743126,5.318887462607654,0.030497714877128598,0.2988899930760063,0.1837754547595977,2.820767869250196,0.2840808629989623,2.733444962264805,0.01238659033551812,0.68680420463863,0.0046000555157661,0.6634825579064547,-0.1003054082393646,0.08732290698539052,72,40,18,88,0.6790399617769546,1.7368845323819049,0.053681533338673745,0.48454908209065045,0.041036743670701904,0.34549232327532775,0.02661059302918143,0.257228678042471,75,18,0.0019299225422197363,0.2854561637385861,0.513397968440394,1.7620513356812602,0.02087738364934915,0.13372740706666375,0.0760338455438613,1.5993106115707483,0.1822435408830641,1.5608179006805667,-0.0038274966645985764,0.4184593325985088,-0.00655909627676005,0.28496713982290733,-0.1062096953392028,0.038492710890181546,90,42,13,70,-0.2798027117512547,1.434833986723732,0.03462724209367037,0.33218662029015666
Good,0.06778122937843327,0.9257037139032785,0.1649816670641301,1.443457575221534,0.06945371627807603,0.30796883472136466,0.04196032402105625,0.35958205174605007,78,13,0.004882746752095983,0.6596401821228426,0.40180910978726514,20.55817391515126,0.03508013486862174,0.1271736864550156,0.1815888881683349,4.233974515700621,0.2765061259269713,4.197839799026985,0.012242468073964109,0.4984804920449301,0.00915291905403135,0.3248802623097492,-0.0949172377586364,0.03613471667363567,66,47,17,94,0.5466348522013575,4.176185831073592,0.05403785019179987,0.6412155496972035,0.0582204945385455,0.3905968488515225,0.03630836188356621,0.3161583662713223,73,18,0.003798222546876282,0.557954652630825,0.6870717642809505,4.475453571827361,0.02820736169815055,0.20121367000101958,0.1699272692203521,2.2425282407960028,0.2701004445552825,2.179581295998624,0.008438630192540581,0.5842566913112414,0.00516658835113045,0.4839355240898364,-0.1001731753349304,0.06294694479737854,69,44,17,91,0.5340272456303294,2.0287698183611886,0.048136897154826136,0.4654017310763528,0.039610866457223795,0.2639731258079136,0.02400905573624182,0.20189735612853588,82,16,0.0014945420834633143,0.21231467644288113,0.22230407423475196,4.547573643068464,0.019882030785083802,0.13537531060860442,0.0760338455438613,1.487862660844367,0.18165896832942952,1.4457247412066156,-0.003490043757483359,0.3607203918653624,-0.00111507624387735,0.2947169709303859,-0.1056251227855682,0.04213791963775135,88,43,15,72,-0.03707426756102393,1.9751230974307656,0.03045827576788658,0.2866975328379728
Good,0.06868779893478724,0.8993260885026121,0.1650007120147345,1.4011650116380727,0.07382845878601063,0.487784210025793,0.04474041291512544,0.3621756450847213,73,17,0.004866057589929789,0.6633828021005939,-0.02557986815781943,22.01490845353298,0.03502413630485525,0.17674511822403946,0.1758280992507934,4.233353785563357,0.28430116176605214,4.194406235650207,-0.0037236578762531204,0.5217367926546794,-0.0102416574954986,0.31453679601022744,-0.1084730625152587,0.03894754991315019,87,47,14,73,0.4776096791750346,4.232460661422231,0.055194752879104324,0.6254386630925544,0.059780190698802374,0.47134682857186966,0.03464337343379152,0.2767138046193688,81,22,0.003086748985381045,0.4424999827784633,-0.2986773986244322,7.3763250894844425,0.03015197999775395,0.2412171008844834,0.1266269087791443,2.3449364497594254,0.21410338580608357,2.268208035278725,0.006738252541981631,0.5419844965651768,0.0068614184856414,0.5033381514087044,-0.0874764770269393,0.07672841448070052,66,48,17,94,0.006974086122976218,2.1376279596684755,0.043539200219654656,0.3856848302195138,0.040202476084232205,0.2160678027893822,0.02267278952989723,0.16795824871245382,81,19,0.0012645141294351048,0.17003983664285177,-0.36128224019500177,4.111499945467594,0.02037917077541345,0.10934218364826223,0.0715951174497604,1.276870405683441,0.1582172513008117,1.2360541338159083,-0.006083874776959414,0.33744372241821646,-0.00540600717067715,0.3032762595751533,-0.0866221338510513,0.040816271867532734,90,41,16,70,-0.04019877862946507,1.8032148320588457,0.027532627616921032,0.23700542365817154
Good,0.07140448825511521,1.0120337729813926,0.16959275022149062,1.5792738176026297,0.07488299906253804,0.44908262757661777,0.04588635074906048,0.36759858441170856,75,18,0.0058089995874079335,0.7953583485156013,0.05315364695061442,19.114263391605995,0.037970542907714705,0.2060457064147964,0.1768368482589721,4.306149747795988,0.28530991077423085,4.234265343998672,0.011544197052717206,0.6176915323621021,0.0098706185817718,0.44806855776999943,-0.1084730625152587,0.07188440379731592,68,49,14,92,0.3650074302150036,3.9535820289505366,0.0593241283782322,0.6432849441450962,0.054592691361904054,0.4705553438908644,0.03520717273931946,0.2938121766475731,75,21,0.003308140554754384,0.48412756630729414,-0.09718100047591749,2.934696134274221,0.02774631977081285,0.22521020888517712,0.1266269087791443,2.099183570576569,0.2240435481071472,2.0698090870091232,0.0048901956528425205,0.5806361802558981,0.00399002432823175,0.5023536676587013,-0.0974166393280029,0.02937448356744579,75,45,17,85,0.15869584586143204,1.3626967011998237,0.04534894847454379,0.3833916959000733,0.04272648319602003,0.24088228739109396,0.024191397592658134,0.18883332368533867,83,24,0.0014162109935205722,0.20585066965783866,-0.48241073453930916,0.7977596055366822,0.0213372446596622,0.1351984983853955,0.0715951174497604,1.0660194937742324,0.1582172513008117,1.007339232222215,-0.0034637494944035987,0.38094610498462944,-0.0020427554845809503,0.3340703403644901,-0.0866221338510513,0.058680261552017415,83,43,14,77,-0.17650691292797355,1.1466725835426057,0.0296416214324984,0.24643606626238446
Good,0.06428352449928901,0.9808811502123587,0.1532100076973436,1.5324026827182897,0.05598688125610348,0.390366223265913,0.038885141252540015,0.3766259257248947,79,16,0.004587222319783097,0.6614688087302123,1.7837113210440982,5.838552929644312,0.027231037616729653,0.19393456076388074,0.1768368482589721,2.892348432967778,0.350103199481964,2.863250831715266,-0.008637272194027889,0.5795137282503968,-0.010080844163894601,0.39263641344161154,-0.1732663512229919,0.029097601252512224,93,47,15,67,0.49091985357794793,2.394464408401718,0.05300918614029137,0.57064231134708,0.04933279007673257,0.39522981381757283,0.031621983202639925,0.23111353772341603,73,22,0.0028089175820667665,0.3971424715277547,0.7237088928847042,-0.7897275275566438,0.022919960319995752,0.20613072851597053,0.1191675066947937,1.1557217478172521,0.25703832507133484,1.0766482623114981,0.005860143713653088,0.5658049483263912,0.00422953069210045,0.5416748817070998,-0.1378708183765411,0.07907348550575398,75,41,18,85,-0.026368317776847387,0.3723125478931225,0.04161799567763274,0.2775017693225117,0.04092452488839617,0.33025948162686947,0.023833294790238106,0.19616168363284395,81,23,0.0014932278272574745,0.21560917972311425,0.44686604053719137,3.663471081729627,0.02115330472588535,0.16771754768036998,0.1098977476358413,1.443810483742307,0.1790720671415328,1.4037323855403374,-0.006158368289470666,0.38708400614150157,-0.00574491918087,0.3489814531914708,-0.0691743195056915,0.04007809820196952,92,41,17,68,0.3133344549965697,1.4171412978127322,0.03001621183842527,0.25646666822914865
Good,0.0725230111715465,0.9495433115092033,0.1748790247738359,1.480115626810391,0.0805652737617491,0.3338151143042245,0.047403967026621065,0.3509702968650851,76,15,0.005558642486427943,0.792171730670331,-0.013710924727074136,25.112457982465138,0.0414225459098816,0.16846607272202438,0.1463755965232849,4.839749708561021,0.3196419477462768,4.783874329398929,0.004315674677491188,0.5426225822322867,0.00278407335281365,0.3934106705272509,-0.1732663512229919,0.05587537916209107,77,48,16,83,0.0448809935849896,4.726401508310373,0.05896829128610599,0.7055015690428309,0.05421701818704588,0.3212974639754308,0.03438893314916636,0.2560239024089522,82,23,0.003192480794546882,0.4368934392259694,0.7346591345992697,9.879842905383645,0.027875393629074048,0.16975613312924417,0.1187582314014434,2.460414162791715,0.2566290497779845,2.4166292053187894,0.0027811041101813323,0.5344896514733869,0.004421964287757801,0.49726413150661397,-0.1378708183765411,0.04378495747292526,76,46,15,84,-0.25929388497748873,2.5475951073306136,0.04472210159799085,0.3888627671734938,0.04702720046043382,0.40214274087639457,0.026792490519583174,0.2602212781106298,73,19,0.0018432625588555719,0.2724108383922819,0.21982891315851205,1.3431199668066647,0.021970301866531303,0.1846171510274978,0.1098977476358413,1.524422262972171,0.1790720671415328,1.4856483556824431,-0.004407620429992666,0.40300339310471744,-0.0094777718186378,0.3095640303183388,-0.0691743195056915,0.038773907289728,95,42,14,65,0.5613026159136677,1.3074397449669286,0.03375996633921603,0.33166112756602395
Good,0.06817248849290594,0.9354701718783782,0.16495880395174004,1.4886644182077298,0.07346515357494343,0.36915227266914363,0.04263467106968161,0.3291364526183621,76,16,0.004881654046021276,0.6637915926219489,-0.020656267934123562,14.367296482560949,0.036834061145782346,0.19731534729782887,0.1463755965232849,3.587502597360074,0.288435935974121,3.5645079445004595,0.006911096721887588,0.5705037631409845,0.005977183580398501,0.42889443172528496,-0.1420603394508361,0.0229946528596146,74,49,15,86,0.17412446953501737,3.559728277785605,0.05497416679410361,0.5816502805500263,0.05944127961993208,0.32864080891276937,0.03490240719285789,0.2646362664207375,91,16,0.003170472425572599,0.441519921935259,0.35251221830751067,3.879302870848645,0.0289864316582679,0.15338759384022996,0.1140639185905456,1.999178157660379,0.2400589585304259,1.9484864449074504,0.0027046632952988058,0.5419759583079375,0.0094601437449455,0.4351563925549582,-0.1259950399398803,0.050691712752928754,67,46,13,93,-0.44883914295271005,1.9221819722036864,0.04457181400521138,0.38442422211854915,0.04141964763402925,0.33159132565489435,0.024885457209311367,0.2285275792501598,76,17,0.001576848317419517,0.23717579899737878,-0.13351527632823235,3.3210044216286088,0.02059791237115855,0.11572732736670818,0.0869885683059692,1.4783434107228228,0.1527508497238158,1.4221525437738187,-0.000531049165874714,0.37618469675880756,-0.00206019729375835,0.26324493751883915,-0.0657622814178466,0.05619086694900418,87,43,18,73,0.362282930731291,1.8375541408202287,0.03148721509814902,0.3092909195593412
Good,0.07865818372955093,1.1355449087463498,0.18675291582941989,1.749898616680388,0.06446170806884752,0.3449401701766681,0.04653910402208562,0.33811249604475696,71,15,0.006059847675431123,0.8189525566293971,0.5153632607285616,24.196349504259846,0.03283214569091795,0.17732045895755785,0.1989372372627258,4.7740697845587174,0.3409975767135619,4.689929711927077,-0.00027278363704680563,0.5786978796347504,-0.0057052671909332,0.45393705132844986,-0.1420603394508361,0.0841400726316405,89,50,17,71,0.6467844055106962,4.657350796480293,0.06173451282868872,0.6957451550213203,0.06663336604833588,0.4271077800513896,0.04229557150509204,0.3467184916111809,87,19,0.0049225945235709355,0.7316887602794577,1.3702266525659903,6.079181601799474,0.0318732634186744,0.22168634051493183,0.1829611361026764,2.891381232548207,0.39462095499038685,2.826420967037275,0.00556488446891307,0.6996509331416731,0.011719778180122351,0.551180708422415,-0.2116598188877105,0.06496026551093201,67,41,14,93,-0.2643265135870203,2.0985830512755945,0.05536071434155297,0.4921151613529536,0.03943558409810058,0.2821477439478304,0.02700408061034973,0.23536744829453415,82,19,0.002255926106664801,0.3183464006503367,3.280169466884214,1.21075894861269,0.020183928310871048,0.15383344660830833,0.1601554751396179,1.3309699757404494,0.3011217713356018,1.3014406193090395,-0.002397599443793292,0.4715498039039642,-0.0018697902560233502,0.3852518912329851,-0.1409662961959839,0.02952935643140996,86,43,16,74,0.4338540446360188,1.2827862394846383,0.03759038193019572,0.3098179838041515
Good,0.07918297900747892,1.1874887692623384,0.1875449963659046,1.8650499440987671,0.08847908675670615,0.2622222718478084,0.049642292135395075,0.31639496176794096,71,13,0.006632186800723788,0.8095038997579124,0.16255988582833503,23.12490586327842,0.04172939062118525,0.13982486776718275,0.1989372372627258,4.251420911985332,0.3442821502685546,4.082296562215498,0.012421529367566107,0.6731500818036118,0.0060862898826599,0.5376835659031178,-0.1453449130058288,0.1691243497698345,70,51,15,90,0.23104893199586302,4.433949464533843,0.06337130163025305,0.5969697371941924,0.06466253846883771,0.5416159774892257,0.040631860807770814,0.34182322020521505,81,20,0.004712801407337613,0.6975881239615279,1.624135839822367,3.031290848209829,0.0324999243021011,0.28197652774348764,0.1829611361026764,2.471472972376539,0.39462095499038685,2.4180359289755162,0.002835420053452252,0.7075525638217118,0.00352311134338375,0.6176055720011744,-0.2116598188877105,0.053437043401023045,77,42,16,83,-0.1230829920114725,1.3487835395372179,0.054368519125555556,0.443798933517027,0.0379748418927192,0.23924950859261457,0.02686732471222054,0.20229536031168854,84,17,0.002222978743704673,0.3073621959419941,3.5979758116009437,0.7419738274344483,0.02047735452651975,0.09823924941686119,0.1601554751396179,1.2006067778798342,0.3011217713356018,1.0941845146624636,-0.0044800740201026154,0.4843472984734434,-0.0028129220008850002,0.3982283018999162,-0.1409662961959839,0.1064222632173707,88,46,15,72,0.41695420450014614,1.2641549686150235,0.03712010967764406,0.26975894869952177
Good,0.06594098201873427,0.9442573934485711,0.15757421560585477,1.4926840625327593,0.05767199397087095,0.3919839132229661,0.03854901643935586,0.3040016835745107,77,17,0.004292904118178485,0.5346513290225637,0.6167624886831704,8.566692941732564,0.0296261608600616,0.19128560033716588,0.142951488494873,2.703705410966969,0.2882964015007018,2.6339085132550104,-0.011037597432732577,0.5747066353359567,-0.01288008689880365,0.457786347051657,-0.1453449130058288,0.06979689771195881,92,47,17,68,0.08497463629463398,2.5695626710808948,0.05076755777600855,0.45206593802606654,0.0592378005385398,0.37538569529136023,0.03548162336635864,0.25948155071446277,79,20,0.003197683433675463,0.46330134958478264,0.5025691698954144,5.238871278258982,0.029898956418037352,0.1710544149492611,0.1561716943979263,2.138949162359032,0.28351207077503204,2.0734587698873717,0.002006414672359822,0.5759772728694665,0.0007566511631012,0.4890425334571055,-0.1273403763771057,0.06549039247166055,80,45,16,80,0.2316583514058703,1.9255337478914474,0.04480034193725868,0.36270033184797973,0.03869425505399695,0.2836025893471902,0.021925669722259008,0.1749442508243061,80,18,0.0013438922180332845,0.16859008169863043,-0.19140001171676468,1.5912365095294954,0.0195456929504871,0.12743362239066922,0.0642638504505157,1.1034324890920055,0.14986327290534962,1.0727828111703948,-0.009809127915650593,0.34200015432733616,-0.01012390851974485,0.2833641585854904,-0.0855994224548339,0.030649677921610833,103,43,15,57,-0.010853804369457126,1.3710991373072638,0.027356737563504305,0.22721350342510163
Good,0.07672544326629649,1.0176301496785554,0.1838804869353769,1.5583293999892311,0.07825237512588493,0.3530917397543345,0.044776116372086075,0.33442709146162186,77,15,0.00534474792211053,0.7104944893006047,0.034189318057104234,25.925845378426228,0.03970414400100695,0.14936480852164374,0.1730774044990539,4.56104373659679,0.291824460029602,4.476473725235908,0.009649288281798351,0.5290251366927845,0.00744262337684625,0.3482421400291609,-0.1187470555305481,0.084570011360882,68,49,15,92,0.2604203126015453,4.793301865476989,0.057164519822303646,0.6562216805682248,0.06410441920161243,0.4291052742540034,0.04259331829787692,0.3408790788546494,83,20,0.004714094855185177,0.6892099460028522,0.4730038159521981,8.340962506499869,0.032024752348661346,0.21971416452630332,0.1896256208419799,3.076508166219142,0.3279041051864623,3.015997971038192,0.0073379991110414195,0.638006960233972,0.01347084343433375,0.5407341915827233,-0.1382784843444824,0.06051019518094986,72,45,16,88,0.21141097026989927,2.582617835005692,0.05395048327002059,0.5311845862747329,0.039139643311500424,0.28534465666121767,0.026033753797528293,0.23647445273705045,69,14,0.0018104474916926972,0.26645496406875335,0.3334106369117489,2.591121766981491,0.01995234191417685,0.13510249095953436,0.0953547954559326,1.434033138496272,0.17105072736740112,1.3797367095734037,-0.002909258427098384,0.3912973030624745,-0.00759797543287275,0.29264341203619776,-0.0756959319114685,0.05429642892286822,96,39,17,64,0.5555559169147095,1.838499678105435,0.0336173943851256,0.3366621224384877
Good,0.06795693963697248,0.9230390418644384,0.16459933012723899,1.4934039488606128,0.07684522867202748,0.26035497048653117,0.04302467441651966,0.3213052533608371,71,12,0.004642111506599094,0.6314390998329007,0.13251160731360923,13.444702757550282,0.031069964170455946,0.1340461401618801,0.1730774044990539,3.561079802145873,0.2646600008010863,3.5306147320718844,0.005616982653737071,0.5245775544667993,-0.0055926144123077,0.38052130150982477,-0.0915825963020324,0.030465070073988777,84,48,15,76,0.6591070175424899,3.563197946971261,0.05373842257053475,0.5968730930294419,0.04873746261000625,0.3404277682991082,0.033549856895115186,0.29327541743038926,85,17,0.003533079911972506,0.49889964132597137,1.8662435920596652,1.5230958922836644,0.02359857782721515,0.16678475210366192,0.1896256208419799,1.8517667722934619,0.3279041051864623,1.749207101197831,0.010709170438349236,0.5792584671351787,0.0132782272994518,0.4796812413727581,-0.1382784843444824,0.10255967109563101,63,44,18,97,-0.06115905179940144,1.4224155981483302,0.04589831378774927,0.4041772749403094,0.03767993301153172,0.36804179402871606,0.024898805075790693,0.24399809330781783,69,15,0.0016607525476577184,0.24583011607706806,0.5272752687291344,0.4769888606401569,0.01872950792312625,0.12086125453598225,0.0953547954559326,1.2895334631718032,0.1690017879009246,1.2419618238166346,-0.0018528213724493914,0.3895679272586347,-0.006174087524414,0.26538953904670287,-0.073646992444992,0.04757163935516856,93,40,15,67,0.6093460259586588,1.2444199469705313,0.03226521222224151,0.3067033520007226
Good,0.07657844912329259,0.9972703755070086,0.18305705145001389,1.552765030978044,0.0796372443437575,0.4079647250529601,0.05323596063535656,0.3758720156579487,65,16,0.00720263371844406,0.7949015575047217,0.18195514001372315,17.972114566680833,0.036300361156463554,0.16013811957393698,0.1968759894371032,4.270056141851458,0.3489784002304076,4.229524668167701,0.00101287104189397,0.6126408111296744,-0.0144621431827545,0.4220811505276942,-0.1521024107933044,0.04053147368375672,95,47,11,65,0.6118659974962865,3.833448403902334,0.0672972952910393,0.6477443894339003,0.0568281598389148,0.4794092261571762,0.03607819065451618,0.3079507408604632,83,17,0.0037560672340650582,0.5167973470709747,0.981697657812675,3.187027742679799,0.028025895357131902,0.24985628931683446,0.1330519318580627,2.242248337945817,0.273969143629074,2.2091792220037667,0.006260880827903742,0.5798033711077785,0.00765828788280485,0.5041648691405656,-0.1409172117710113,0.033069115942050295,72,41,17,88,-0.12193194488646675,1.5788498753747493,0.04819607116271468,0.4250004681444839,0.04077028855681405,0.31492203003775815,0.02403702019597399,0.20988741236619318,73,20,0.0014989089465325671,0.20250879116823234,-0.10997048435613355,0.6040889994172116,0.01988334953784935,0.150728977053386,0.0737770199775695,1.1227667173030533,0.15288922190666188,1.0996797218154215,-0.005644276645034546,0.3603208487405912,-0.00733520090579985,0.2935585278148112,-0.0791122019290924,0.02308699548763177,92,45,15,68,0.21536988104485955,1.1711432363178949,0.030177007912117002,0.26958797660706674
Good,0.07758452688573099,1.0103454722122924,0.18469841808080653,1.5887709494439264,0.08257909119129175,0.3603999167436106,0.05042082714848216,0.33138717410832746,77,15,0.007085324967812731,0.6369761794404313,0.2717281267164968,8.690239964463288,0.042177468538284205,0.185671712021105,0.1968759894371032,3.0828746782192473,0.3489784002304076,3.0152793882763227,0.013682258874177924,0.5913395616756794,0.0125631392002105,0.4689013696815061,-0.1521024107933044,0.0675952899429245,65,53,15,95,0.157237115900436,2.738269196093826,0.06532838305196362,0.535997856560683,0.06085583567619315,0.593018653679985,0.039030900353100105,0.32021401627848084,75,22,0.004146580056230822,0.571559210586551,0.44216242961950014,2.526205099649907,0.03087446093559265,0.31758123412422423,0.1330519318580627,2.2426438683737935,0.273969143629074,2.233365552572057,-0.0009512076154351223,0.6245450503065034,-0.0051752477884291995,0.5850909368405519,-0.1409172117710113,0.009278315801736636,85,42,16,75,0.1270929768380478,1.291800038971582,0.051058804319948026,0.42603132598929644,0.042704679071903104,0.3539577265462238,0.02502691750414665,0.21395778077802047,88,20,0.0015237775294875005,0.21611677890170242,-0.14673719399705076,1.845866383517242,0.020291507244110052,0.17791404932496868,0.0737770199775695,1.3596317723221576,0.1546312272548674,1.3144767128214057,-0.0008031199686229243,0.37288633746174354,0.00281076133251185,0.3135570147859749,-0.0808542072772979,0.045155059500751896,74,47,19,86,-0.2406187561892809,1.328155063324251,0.030946754097611755,0.27761944859117693
Good,0.05999604686427016,0.8214053485822729,0.14320726759731747,1.3098011543268946,0.060163468122482175,0.28857300241909406,0.033014542176388176,0.2180938251058722,81,16,0.0029498830415228693,0.29254186613938216,-0.07474228175373643,5.648260095283559,0.0302509367465972,0.09922790163704658,0.112490177154541,1.7487441135239505,0.24493438005447382,1.7147137927477034,-0.013728136941790573,0.4375887978084465,-0.012865006923675499,0.3374517580148684,-0.1324442028999328,0.03403032077624709,98,50,17,62,-0.018411608033626337,2.184285132817836,0.040812073155865734,0.31789606819201255,0.04982171021401875,0.35096196285340087,0.031200742407818276,0.22361293712224314,77,21,0.002504272184390714,0.35109798235929907,-0.24003062343276582,5.544852272166814,0.02538010478019705,0.1825744642597989,0.0915981382131576,1.842249065331827,0.1981358379125594,1.800144705866046,0.002528250543400643,0.5104257594545164,0.001278281211853,0.46829946235647224,-0.1065376996994018,0.04210435946578107,77,44,15,83,-0.1632079138459128,1.6788336166929878,0.039605324137789374,0.30093774513108074,0.040772154927253626,0.2801266387554072,0.023445193883962885,0.19946316909081743,84,20,0.0014697567274399644,0.20209422416075948,0.08306829357485768,2.325294358769362,0.020590774714946698,0.11907860558594599,0.0646299719810485,1.2799053339456603,0.1585084497928618,1.2124875097816328,-0.006576753128319972,0.3617865970639317,-0.0053390115499496,0.2643274128750202,-0.0938784778118133,0.06741782416402757,91,45,16,69,-0.4203809337402917,1.5824314134637316,0.02967911020957013,0.26684205505440817
Good,0.06715131998984339,0.8997804457681227,0.15674538411200023,1.379606201632131,0.06451423466205587,0.2613601802192276,0.04078822747338559,0.2825685493293582,77,16,0.00435190392311607,0.5782388918968558,-0.15639262784075525,29.45606452785598,0.0324878692626953,0.15132678781887565,0.1458871960639953,4.214174525394016,0.2706397771835326,4.1661898376077025,0.005346987769007677,0.481401796011079,0.0033016800880432,0.34754589872917885,-0.1247525811195373,0.047984687786313845,75,50,14,85,0.2295487054906505,5.121284291119058,0.05204110299804819,0.5886350335260069,0.0609042569994926,0.39547346341691525,0.03598878500051793,0.267017713683002,80,21,0.0033120050541959674,0.48004927626628313,-0.2125233361419685,12.8080665782287,0.03095242381095875,0.19932880627359395,0.130661278963089,2.7264997058674276,0.2254291772842407,2.668644869973355,0.003057025326415893,0.5566950537480752,0.00273667275905605,0.47634341557629,-0.0947678983211517,0.05785483589407247,75,41,18,85,0.14284035756259064,2.922706193702048,0.045536994484627134,0.4124801733401388,0.03147195652127255,0.24684399391287612,0.02049116818699982,0.15183029991700814,81,20,0.0012042616391843863,0.1549658819936658,0.6063521656945619,0.42485117974595177,0.01485238969326015,0.10837039853650102,0.0646299719810485,0.9042138811935316,0.1585084497928618,0.8551246803428683,-0.005607851222157472,0.3415093518729768,-0.0048757195472716505,0.28933057201994605,-0.0938784778118133,0.04908920085066343,96,48,14,64,-0.30566758204087596,1.0108224477645782,0.026939774978359927,0.19579899023479444
Good,0.06767064503034055,0.9918054367509829,0.1579319214634595,1.5256582916432242,0.06430695950984942,0.3841284071450566,0.040352577622979835,0.3500904225954134,78,15,0.004556492626344587,0.6177218788455364,0.420176278067776,7.9398210771966795,0.03221976757049555,0.1689208623028492,0.1458871960639953,3.0084256929417963,0.2918105721473693,2.961427434933254,0.005152311176061625,0.5704436200969728,0.00410979986190795,0.41596634175368435,-0.145923376083374,0.04699825800854253,75,48,15,85,-0.09384886538819986,2.6338476482641946,0.05328231755975677,0.5406625150093143,0.06605135276913635,0.5925579756591888,0.03962654972638117,0.3415391451452025,79,22,0.004211956749749709,0.6269031474595175,0.19114098388700684,0.5340941492781943,0.032871127128601005,0.2687696073858538,0.1479126513004303,1.9706359385521508,0.2518657147884368,1.9096085064831498,0.002503346244338892,0.6599052832755483,0.0022394806146621,0.5828188963220873,-0.1039530634880065,0.06102743206900092,73,39,17,87,0.43711472150184205,0.9878666723773103,0.05140742404035557,0.43752504449978175,0.028835549950599497,0.23337055524831352,0.018487997604533988,0.13804421994718338,84,24,0.0009167045900549214,0.11759769129991408,0.5393057340084324,0.240706932020188,0.0145118460059166,0.12447636094686816,0.0528205931186676,0.7856165891310632,0.13460567593574518,0.7780767833531451,-0.0024229450151324267,0.2953093882707033,-0.0014227554202079,0.27084432553740523,-0.0817850828170776,0.00753980577791814,84,49,16,76,-0.35982762562504805,0.7465690630024184,0.02388799243088109,0.17432744046505438
Good,0.08395184130739505,1.1272862834465869,0.19645554041489938,1.7570504131063647,0.0864418298006057,0.5788212604590126,0.055028010499663604,0.4085752270412451,71,19,0.008056215927050971,0.9805340896775295,0.49522314416389657,17.38235448355871,0.0418561995029449,0.26882351351389944,0.246492862701416,4.554913891104658,0.45979046821594227,4.528744046947543,-0.000642233714461321,0.7143437879371245,-0.005409121513366651,0.5862980573194931,-0.2132976055145263,0.026169844157114614,90,48,15,70,0.10264712497674734,3.677344346825796,0.07117856005557624,0.6857456104950072,0.0711774453520774,0.3831224757336225,0.04373372114147056,0.3301105788771055,72,17,0.004931237432546327,0.6947405483922574,-0.05226962319746331,8.642401126946043,0.036044418811798,0.19472515160067708,0.1655928194522857,3.084330038917001,0.2761462628841399,3.01242858381757,0.004712362040299919,0.661777783350695,0.00161352753639215,0.5588424453116585,-0.1105534434318542,0.0719014550994308,76,44,18,84,0.4768694668981735,2.532812059265274,0.055489288801222746,0.5067452159179184,0.037590350955724675,0.2966230025934001,0.0241406656382605,0.1990689913816897,84,21,0.0015642562060879089,0.20611449594559533,0.08629018790941645,0.44462938962693155,0.01895332336425775,0.1742592792963754,0.0555479526519775,1.0786859532114397,0.1546592712402343,1.058243686030688,-0.004598529171198605,0.3809288418185453,-0.0018888637423515,0.3183690045527422,-0.0991113185882568,0.020442267180751605,83,46,19,77,-0.5131434235627117,0.8129877127559526,0.03102465902210799,0.24699739556597977
Good,0.07592909461649038,1.0410349079988321,0.1787088134139774,1.6089163782675735,0.0721942782402038,0.42993057139649654,0.04894764862954612,0.3470920634907191,82,18,0.006951032622264173,0.7456693659812187,1.3202158617507598,13.23356508302152,0.036099106073379496,0.2200614006040794,0.246492862701416,3.634218190345923,0.45979046821594227,3.5640298793228284,0.012229862809181211,0.6510832228673884,0.013684481382369901,0.539487385662136,-0.2132976055145263,0.0701883110230948,70,50,14,90,-0.12790245257613306,3.158913296768768,0.06497082727705852,0.567238929272166,0.061170876026153474,0.4372137966753541,0.03775940820109095,0.27759660746729,72,21,0.003771970871236473,0.5251390467222987,0.32164123999250815,12.66184966130176,0.030280753970146148,0.1699397487934144,0.1655928194522857,2.8154952145199346,0.2761462628841399,2.7102213878107055,-0.001426923228427764,0.5845578397690958,-0.00678043067455285,0.4639449968685864,-0.1105534434318542,0.1052738267092291,89,45,20,71,0.5830250665632344,3.0294466201500283,0.04868531409394037,0.4282886628044068,0.0350929759442805,0.24817470601702224,0.023759718658402516,0.19451510981255168,85,17,0.0014853992087958685,0.2004557194177199,0.2522805992460606,0.3372096086007086,0.01783370971679685,0.09989845815408101,0.0755679756402969,1.0378720863888875,0.1746792942285537,1.0150664413827413,-0.0014230109751224513,0.3732753156310892,0.0003566816449165,0.29284810036598796,-0.0991113185882568,0.022805645006146326,78,46,16,82,-0.5006563563380219,1.0576396717467575,0.03053155159881402,0.2472271387979697
Good,0.05796597266839827,0.8111311673988351,0.1398586523532865,1.3045104979343733,0.058735296130180296,0.2561064121841386,0.03272694155573842,0.23963167465185684,78,17,0.002950261351353371,0.3242009172893257,-0.1526934134747302,7.660146683750019,0.0291208028793335,0.12517034979038028,0.0901815295219421,2.1138235098317866,0.22950422763824457,2.063350475195808,-0.013688999414443955,0.4359447667937836,-0.014981538057327201,0.32039889528275883,-0.1393226981163025,0.05047303463597863,106,49,16,54,0.048848500862645146,2.492708647556725,0.04082821369576594,0.3662691327349866,0.0532941836863755,0.35686677805949407,0.03128297069692048,0.21935259561966652,79,23,0.0025240450444113617,0.38048271900267616,-0.03929683351530011,3.9313356098566556,0.0275013782083987,0.18238886308191155,0.1187750697135925,1.7671771248712769,0.2256577312946319,1.7338238143317346,-0.0010419475845992571,0.5393223944138105,-0.00152294337749475,0.5133893826471163,-0.1068826615810394,0.03335331053954216,83,43,16,77,0.11304679754302385,1.3596798974334647,0.03982910029965273,0.29935609879611674,0.03268495574593535,0.22900256084136733,0.01970911293756213,0.14010268561477626,75,21,0.0010486858995928262,0.13940847341668847,0.3737188993361418,1.6394941652512163,0.01672893762588495,0.09510524058585522,0.0755679756402969,0.9603579001852222,0.1607298702001571,0.8619984352841796,-0.005821158364415157,0.3292433367267794,-0.0073786526918410995,0.2812913746720199,-0.0851618945598602,0.09835946490104258,100,47,15,60,0.1316324743919976,1.2140495922446,0.02500903590248411,0.17608889413505063
Good,0.06964419879543915,0.9197941282519302,0.1674387204647062,1.4443823051878568,0.08024227619171134,0.34762349862517966,0.04559684072155502,0.31107063074830965,77,14,0.005112252839168179,0.6792434155895761,-0.07442847627385385,31.45390511689188,0.04000240564346315,0.1317610508676939,0.1857693195343017,4.65843788694885,0.3250920176506042,4.550668255306835,0.007438106462359426,0.514978470556073,0.0025616884231567,0.35438946354347306,-0.1393226981163025,0.10776963164201477,76,52,13,84,0.3095111608172982,5.339218626351268,0.056210141180724225,0.6434598592401114,0.0630661994218826,0.31325389067568976,0.03598182184854518,0.24546835894415317,82,21,0.0033083557896963784,0.47622350053819595,-0.23030033668414607,9.928806939575699,0.0316449999809265,0.15034427504645131,0.1345645785331726,2.475249272221107,0.241447240114212,2.382159156089157,0.009014605637639755,0.5740533629271485,0.0096978247165679,0.5496034005127369,-0.1068826615810394,0.09309011613194997,66,46,18,94,0.08109874983985435,2.4750633565599105,0.04470964893827977,0.3829963929989779,0.03533176332712167,0.26104592022587597,0.02220099870115514,0.17897976749289896,78,22,0.001296999492502212,0.18412713187357732,0.7579821954842973,1.9082485267342104,0.017636872828006703,0.14796964307321456,0.0919381529092788,1.1138575040721967,0.177100047469139,1.0704298091547284,-0.0027301445603370588,0.3553504717046352,-0.0037331506609916,0.33877862899065597,-0.0851618945598602,0.043427694917468326,91,45,15,69,0.26322299728949894,1.325190394932313,0.028429252248163867,0.2405268677983201
Good,0.06456574628161751,0.9156122216336381,0.15462220586836317,1.4420275407380085,0.062459111213684027,0.37510093633680974,0.03786299226339903,0.28697174253998553,75,19,0.004320431963161966,0.5062906929911157,0.9846977218443049,18.43366916858069,0.031247437000274554,0.16612374047127432,0.1857693195343017,3.2777658530880793,0.3304747939109801,3.2575167842715937,0.01520528160035609,0.5216782373480349,0.0108470916748046,0.4264162357420517,-0.1447054743766784,0.020249068816485572,61,49,13,99,0.288088273358905,3.7653398135657286,0.04984574331597549,0.4838827437185204,0.06310077756643283,0.37925629011365214,0.034933135348255706,0.28017619391759824,87,21,0.0031427968103250803,0.4560941810144137,-0.12535492828134176,2.754099429271797,0.0303294472396373,0.19855372460587647,0.1345645785331726,1.9761322030797839,0.2430332899093627,1.9386101344176676,0.007570476224645963,0.5540662578730466,0.0134328007698059,0.4938229143398678,-0.1084687113761901,0.03752206866211627,62,44,16,98,-0.05809905898039156,1.5250818704648443,0.04380558416125076,0.38614085888568206,0.03409700840711585,0.21771503961678337,0.021569475007709067,0.16938541774942284,82,19,0.0012905204399327533,0.1847228434303971,1.0467833145492778,0.7611127072858048,0.01834104210138315,0.12024817147132892,0.0919381529092788,0.9983106626801024,0.1814664751291274,0.9102187373006726,-0.000948367174714804,0.3662830455169274,0.0011065453290939001,0.30336751830540487,-0.0895283222198486,0.08809192537942982,79,44,15,81,-0.030366991039366478,1.2202027365727306,0.02847354945428616,0.22485456187776479
Good,0.06159048504112711,0.910372378969917,0.14541876800358272,1.430431364292701,0.047834768891334395,0.3684649523860166,0.0319759661890566,0.2626754747434036,77,20,0.00305863777044713,0.3646963122148709,1.4798853376476169,6.515061596155887,0.023839175701141302,0.2124210444325048,0.1422232389450073,2.1670405043295218,0.2869287133216857,2.124547402877967,-0.011967910826206202,0.4775996548666063,-0.01582530140876765,0.420160901188791,-0.1447054743766784,0.0424931014515548,99,48,15,61,0.37015349316890883,2.052213458609455,0.04218459245970773,0.36958744822595024,0.0615095943212508,0.48216384353839825,0.03567657404753841,0.2573852051378303,83,23,0.0031267474908281676,0.46808533971530975,-0.11666846332184466,0.45197658637117266,0.02832472324371335,0.2308673435464727,0.1147031337022781,1.546496826362394,0.24826942384243,1.4855985712099664,-0.004950737999752165,0.6055090805489775,-0.00155824422836295,0.5601418970854436,-0.1335662901401519,0.06089825515242748,81,40,13,79,-0.10742569107031459,0.6496020929689695,0.04406635790936941,0.31850289337467824,0.030968964099883926,0.19577407661603363,0.021007778146304147,0.151037635737337,82,18,0.0012755516852576954,0.1671147449229099,0.4586000671885144,3.6543654864245987,0.0163075029850006,0.10079650801361267,0.0726611167192459,1.1727017518992677,0.1621894389390945,1.1025264267764154,-0.008229547180235382,0.34732262887711707,-0.0062681585550308,0.316087857193484,-0.0895283222198486,0.07017532512285239,95,44,15,65,-0.06765482183002619,1.7158685974392878,0.027093954515999663,0.21559623464429584
Good,0.06974318666584481,0.9927796658284455,0.16325738765299297,1.526890852270563,0.0712210088968276,0.4050638905296796,0.04223138481378552,0.33723478616571434,74,17,0.00493421763988692,0.6643605328789328,0.22409773797130095,19.747242444429364,0.03612947463989255,0.1810574093811747,0.1564699411392212,4.032227203865221,0.24902820587158198,4.011808186867625,0.010792475938796986,0.5472960840522928,0.0040739178657531495,0.3868889032102586,-0.0925582647323608,0.02041901699759692,67,54,16,93,0.6207895314351519,4.044647005226576,0.054644957997105933,0.6040095440139653,0.05808603763580307,0.4770193244226177,0.03823102283524345,0.2845591543595404,79,22,0.003880645297938827,0.571708156942176,0.2322928801986084,4.263490048435968,0.029255658388137804,0.25126498162089206,0.1324930191040039,2.2737136552335597,0.2660593092441558,2.174607510721901,0.0025217602029442765,0.6494133767445711,0.0007935762405395,0.6014570073909045,-0.1335662901401519,0.09910614451165864,78,44,15,82,0.32930406543940766,1.6497559194165312,0.04933820173181142,0.38726014905666406,0.03197362460196007,0.23666044652967846,0.02154136117373124,0.17984627576582266,87,21,0.0012644055334332376,0.16354691539266697,0.09848469072168653,1.3821341118415464,0.01546889916062355,0.12508236777518475,0.0726611167192459,0.9975954800664771,0.14846932888031,0.9513612293914508,-0.00581884584389627,0.330181391473699,-0.00327536091208455,0.23496716869699277,-0.0758082121610641,0.046234250675026296,89,45,16,71,0.011691939485741827,1.4094955230780326,0.027588977681315425,0.23351052249772145
Good,0.06901194684070393,0.9897534914325204,0.16491119093261633,1.5174393206752128,0.056054100394248824,0.3704410788406679,0.03977361875586207,0.36187451738498244,70,16,0.004560071810264036,0.6727891758142733,0.8194271708496501,9.738830229478813,0.027508914470672552,0.1781536253282257,0.1564699411392212,3.3917234154687548,0.26010549068450917,3.336956090687573,0.0009553726762533271,0.5353063768589568,-0.0069223642349242505,0.3955853294880951,-0.103635549545288,0.054767324781182125,88,51,17,72,0.8435133882730038,3.0313413858337155,0.0535448523628132,0.6214790895182314,0.0623638480901717,0.4909997348252111,0.03858782675248218,0.2843646895042402,74,22,0.004287071232655329,0.5603312378155452,0.0611665386161957,0.7604089808194483,0.03089767694473265,0.2597732860648854,0.1324930191040039,1.7212001867744877,0.2603695094585418,1.5690478572608806,0.014819693443132548,0.6584941737191978,0.0134457647800445,0.5781396836702903,-0.1278764903545379,0.15215232951360705,58,47,18,102,0.09715057906295882,0.9316613631558923,0.04975205144569669,0.3559728374376563,0.03599957376718513,0.2847383642309252,0.021737719404045456,0.17312175818703981,76,22,0.0012793445939490327,0.15468158414186425,-0.055020920854626176,2.0215913035463666,0.01983568817377085,0.1457307756517035,0.060289055109024,1.1135072075798418,0.1472123563289641,1.081884249139904,-0.009057785710319864,0.32363877009705816,-0.011535003781318599,0.28453343393755737,-0.0869233012199401,0.0316229584399376,100,43,14,60,-0.026304629076815033,1.2975809008300936,0.02687116973191396,0.22347154322626356
Good,0.08027320404480626,1.091608307248582,0.18963370903395094,1.6876187031292185,0.08507740497589097,0.5482662573497058,0.05215139034204182,0.42214674276271613,66,17,0.007398120444743583,0.8816691228438323,1.28890456153181,19.513901896593588,0.044312179088592495,0.16230402557955792,0.2524436712265014,4.6774011049257,0.4875038862228393,4.58652886337031,0.005199878290295609,0.6226176860594539,-0.0057447552680968995,0.3592566098063933,-0.2350602149963379,0.09087224155539039,86,52,15,74,0.20426190678217232,3.9706171470344698,0.06801247790607344,0.7028629595090379,0.0673506185412406,0.550237949218848,0.04149867980464473,0.3442654857085411,82,21,0.004808303647716989,0.6828893357091718,1.7252430007805435,1.5487948180946383,0.0330346971750258,0.23999633397569498,0.1259085536003112,2.2646840099446974,0.3542402684688567,2.221425259838031,0.006640283268643533,0.6984265257969199,0.0072190165519713505,0.5871409020095185,-0.2283317148685455,0.04325875010666624,71,48,17,89,-0.694101478997483,1.1564882510320595,0.05458680853326043,0.44168962379980864,0.04304344207048402,0.3121503962181045,0.024113700992893387,0.19733024018649595,77,18,0.00150373369806226,0.20166705811990332,0.09115859700052376,1.3498504567763128,0.021339677274227052,0.16019532125278213,0.0700827240943908,1.1314885862090769,0.1754963248968123,1.0833594586101887,-0.007214265875518308,0.36657449127284464,-0.00941247493028635,0.3156918773756026,-0.1054136008024215,0.04812912759888828,98,45,16,62,-0.12812973016283113,1.350840621761293,0.029889320852903186,0.25940354752385036
Good,0.07263569013371995,0.9852247362110755,0.16851342536509015,1.5448848054881468,0.07591173052787767,0.5039157916325103,0.04749871924519535,0.38032001788708975,72,17,0.006892325876177872,0.7105059715112476,2.1302214531947765,13.288481105300477,0.036558538675308144,0.15780192718372527,0.2524436712265014,3.7050648741907413,0.4875038862228393,3.6216109478999305,0.013884289562702174,0.6035206958579323,0.00974410772323605,0.38020421317980146,-0.2350602149963379,0.08345392629081091,67,53,17,93,-0.03601560146343142,3.2257570646667895,0.0643491277326266,0.588446039312361,0.052179262042045496,0.5098956893877407,0.03570445418881714,0.3238001340323585,85,18,0.003951846053184613,0.5586761019383538,2.3262402241462556,7.6526069155627745,0.02670273184776295,0.2126882539836522,0.1064320504665374,2.7138743367399027,0.3347637653350829,2.6642945157632925,-0.004770064586773512,0.5966407033364857,-0.00306412577629085,0.44603807226324343,-0.2283317148685455,0.04957982097661008,93,46,17,67,-0.7288011448417938,2.2660171574698267,0.04962399771543275,0.45021769518811394,0.03674210421740995,0.24109320510036664,0.021191243692301177,0.16619157429049106,78,15,0.0011915130133149845,0.16692775141669106,0.602668929702455,1.1634053364309525,0.018550559878349297,0.0852371261837742,0.0700827240943908,0.9444707590040712,0.1754963248968123,0.8897963675719329,-0.002066550590097899,0.34472340629372866,-0.0029763504862785,0.2792707635130114,-0.1054136008024215,0.05467439143213828,90,44,17,70,-0.29544072297111545,1.395298882001519,0.027296185869076582,0.21930235878790724
Good,0.06374137386553783,0.8464603927097742,0.14836294230073668,1.3323052318619992,0.048920646309852524,0.2628990507635045,0.03443094008602199,0.2179493488642903,74,16,0.004249072635429515,0.3122271067219225,4.042169254731204,5.089878804024055,0.0247892141342162,0.12118554141215432,0.1946071982383728,1.714785489455563,0.32801121473312367,1.6244916814033628,-0.015499939396977403,0.45320836700633926,-0.01899138092994685,0.356922472642118,-0.1334040164947509,0.09029380805220022,112,48,14,48,1.226185600903923,2.237143640211412,0.04930125364432034,0.3268474916491939,0.05654413253068918,0.3969406579559135,0.03400687102257503,0.2570894085016389,89,22,0.0032204711057512835,0.4368797407956206,0.35380675782289783,0.48992336812604886,0.02755932882428155,0.21231783099655213,0.1064320504665374,1.5865313025791594,0.2476471960544585,1.5538771641146445,-0.01063880196306854,0.5687716327308127,-0.00397814437746995,0.5417475162717196,-0.1412151455879211,0.032654138464514856,94,43,15,66,-0.39366876177734766,0.8261213420225807,0.043721362841172624,0.33671734525614555,0.0325231663882731,0.1824135932156722,0.019021217615809265,0.14754167305883029,82,19,0.0011146635480499929,0.1324135766228578,0.32340194928162047,0.6002614427864712,0.01705148816108695,0.08532840111374011,0.0452617406845092,0.8489108371566529,0.1418655216693877,0.8060905096888894,-0.010758347716182453,0.3103252321248475,-0.00962159037590025,0.2538179109755953,-0.0966037809848785,0.04282032746776355,111,41,14,49,-0.20900788729517794,1.1545135148256072,0.024178012194126464,0.1900311209500099
Good,0.0765676891293069,0.9905431680068685,0.177259717620909,1.5320834755009878,0.0850017517805098,0.32836219665730515,0.05115622758865353,0.31056214690483436,64,16,0.006713606608530249,0.7126434070074228,0.20246416116022248,28.025528711845528,0.0398476719856261,0.1755904799546722,0.1946071982383728,4.475869890584865,0.32801121473312367,4.391708659311222,0.006217920780181889,0.5694616139317937,-0.005556970834732,0.4672619225189653,-0.1334040164947509,0.08416123127364261,88,50,19,72,0.6270755391787042,4.942234059631378,0.06467989172814893,0.6231828602148968,0.0644824281334876,0.5545297734092067,0.03996923229249656,0.3140529797325614,78,21,0.004245659312949284,0.6058748992577279,0.3533201701467741,6.270265090400313,0.0308112651109695,0.28760929802764235,0.1499506831169128,2.6243870250319112,0.2990642189979552,2.5729135648056936,-0.006893867230974128,0.6449531621590758,-0.00855417549610135,0.5852361132969791,-0.1491135358810424,0.05147346022621747,90,42,13,70,0.05370387553343872,1.8984193848323365,0.051209390502796735,0.4357870097636422,0.032833971083164076,0.2250926528644083,0.019445707825943792,0.1377393041645773,84,22,0.001074366797406087,0.13293787056920123,0.3875760377550175,1.589522945246844,0.0162299424409865,0.11196607880892794,0.0577189326286315,0.9538431786304608,0.15432271361351,0.8953115739520806,-0.008059724979102604,0.3176686994101184,-0.0057545974850653995,0.28249668327600946,-0.0966037809848785,0.05853160467838018,99,43,17,61,-0.32208246897436144,1.0100625602553732,0.024704952405306544,0.17895381522696047
Good,0.0724475987957585,1.0467806714063017,0.1701367739215491,1.6079881989518205,0.06552955508232108,0.2756553134281652,0.0434146815584972,0.37368329266017386,69,11,0.0050206535457312925,0.7196481012808842,0.452932062673439,8.413930227242234,0.032414555549621554,0.14049842999654263,0.1692637205123901,3.266494831276252,0.2890278697013854,3.224025631611505,-0.000503389909863472,0.5579241753144539,-0.011113315820693949,0.39911145685498284,-0.1197641491889953,0.042469199664747076,92,47,17,68,0.6823683754666205,2.9153273399466944,0.05619064641319573,0.639037335279067,0.05800656694918858,0.5375055558050753,0.04049007895373502,0.355761410903631,79,20,0.004747459911986889,0.7041855275441529,2.076240868337231,0.30051449342213443,0.03043030202388755,0.2597948481147836,0.1499506831169128,2.0636804387347523,0.36025694012641896,1.9526834233151464,0.0015412647044286128,0.7152477803320578,0.0009147226810454999,0.5790147139305724,-0.2103062570095062,0.11099701541960587,79,43,16,81,-0.5503390111188978,0.9740969071333614,0.05462081477693084,0.4388691607691493,0.037742521613836226,0.24220686092212984,0.022197973331203647,0.17506224970760134,89,22,0.0012911197397569058,0.16615552296473102,-0.49163126487833875,1.9694896892394738,0.0193500444293022,0.13436669297375747,0.0577189326286315,1.164334424501322,0.12945228815078721,1.1502900571918073,-0.008167442958801976,0.3348162433053089,-0.00535798072814935,0.2914940627706074,-0.0717333555221557,0.01404436730951482,95,46,15,65,-0.13546356616015226,1.2368397186142932,0.027292825566604294,0.23249431430392273
Good,0.08275323732327304,1.1522094478618106,0.1955081770941613,1.7305339573860588,0.0795545130968093,0.3761278588889999,0.0510756545886397,0.39094581911133913,66,14,0.007005787506660532,0.9508058757228133,0.5059962501646775,22.24901202999914,0.037525236606597845,0.1889747207963363,0.2030192017555236,5.026723902861321,0.3212480545043944,4.988593063958072,0.0038158431649208124,0.6347404727916968,-0.0098292231559753,0.4743713904338056,-0.1182288527488708,0.038130838903249996,90,50,14,70,0.8014263054172677,4.332118966484648,0.06626841954532361,0.7402097053693545,0.07346745766699306,0.7159233806456786,0.047275146800384346,0.4371737610601078,81,18,0.005858351908115464,0.8580440213815278,0.8974234665230467,0.5838469122319387,0.03665706142783155,0.2618843362557395,0.1660143435001373,2.331947906172628,0.3763206005096435,2.2729318324008974,0.002134529477916651,0.7452259637887484,0.00408234819769855,0.5821988801052999,-0.2103062570095062,0.05901607377173065,77,46,16,83,-0.32986433268385085,1.1244666367711542,0.060662287987507654,0.5501656880219439,0.03938297182321535,0.2432539536324989,0.023430591734359,0.18073231807892987,82,18,0.0014372779643657485,0.1883038435089411,-0.625919575043389,6.792800167019012,0.01929838210344315,0.09672917404758799,0.0541193783283233,1.5155518908718009,0.12585273385047901,1.5049168612658195,-0.008875994244590391,0.3505675208056136,-0.007930420339107451,0.26042252183780434,-0.0717333555221557,0.010635029605981295,97,49,18,63,-0.06660008524757205,2.202742013712807,0.02871706181250506,0.2557464698977227
Good,0.07681049257583923,1.103178655760356,0.1810981064289806,1.6920344953761761,0.06835304200649248,0.42993450770301767,0.04491930259391662,0.3512086007284859,70,19,0.006125667123428038,0.7110240674847135,0.8910127146770259,11.605238779345274,0.0338838696479797,0.24195666140197858,0.2030192017555236,3.4239864892138265,0.3212480545043944,3.302072138569207,0.01801390871405601,0.6317208181834549,0.009682685136794999,0.45101928760058524,-0.1182288527488708,0.12191435064461931,70,51,12,90,0.7445004930670264,3.0812836492808575,0.05938079688735906,0.5585274168367564,0.08288323879241935,0.45387953267905945,0.04732123725931157,0.3440390235983516,79,17,0.00532550249345468,0.7782206697390575,-0.29482907344021614,6.45820506022358,0.04109787940979,0.1892499712118073,0.1660143435001373,2.9659282040780712,0.3079705983400344,2.815585483565196,0.001379587408155201,0.7292126109410484,0.0008885264396667,0.5859811647356266,-0.1419562548398971,0.15034272051287517,79,46,16,81,0.08099572346536965,2.165595714383451,0.05785721567599456,0.4964570855407312,0.03506091982126225,0.3105991944321826,0.020541149195050776,0.16261045605154448,82,23,0.0010979534073731272,0.14720455733000454,-0.23334395487930504,-0.7721096010036246,0.01798447221517555,0.15781018690207607,0.0512585490942001,0.7973767597481493,0.1260403394699096,0.7585476953377193,-0.004714524513110515,0.33110106625167296,-0.0043562427163123495,0.3087950660094405,-0.0747817903757095,0.038829064410429985,88,49,14,72,-0.3069853372896913,0.3781068661479247,0.025848988413202875,0.1938469531795893
Good,0.066138635120944,0.9245380167829969,0.15786812432110287,1.4501080819107859,0.05364531278610217,0.37009275850413964,0.03403745936229822,0.24403814089479625,76,17,0.0034373447983964966,0.3418542388188201,1.3906673494681199,5.532636077730446,0.02754557132720945,0.1660896536143909,0.1658930778503418,1.9332092702026917,0.269557774066925,1.8957150020655658,-0.011040149256587015,0.46994249826427315,-0.0135127007961273,0.3868607474336643,-0.1036646962165832,0.037494268137125954,103,49,14,57,0.6701814506123425,2.070593874422459,0.04515750886823805,0.34786245434647545,0.07196179032325738,0.4157987390184099,0.039877668949193285,0.2504279974210586,81,24,0.003847362627364827,0.557396341242551,-0.17383183498163923,1.592209889263791,0.0363277345895767,0.2062127120244449,0.1190269887447357,1.8336923681057495,0.2609832435846328,1.6989827655958454,0.003833663137629625,0.6673279844703711,0.00588972866535185,0.638446052709184,-0.1419562548398971,0.13470960250990427,73,45,13,87,-0.17951639159061034,0.959239160371666,0.04904014188422944,0.33476813227256724,0.03537484630942335,0.21341128739466236,0.020461416534380956,0.16653873852732598,81,17,0.001296520239009496,0.14297247864882875,-0.3230371741810427,0.14982688419903667,0.0179647728800773,0.08568037719295249,0.0552165508270263,0.8768118977040282,0.1308225244283675,0.8469224822575305,-0.01273539746180175,0.3128375991761415,-0.01251246780157085,0.23906875934102673,-0.0756059736013412,0.029889415446497754,110,48,18,50,-0.10884879123606336,1.0502475195570031,0.02553842439096823,0.2123796487202494
Good,0.08279169059661569,1.1392632887511553,0.19628883473575093,1.778372729532263,0.08680957555770867,0.34946524731816087,0.049927294594235685,0.30906905618414215,69,20,0.006249819696000316,0.7467454182957926,-0.3536665223499682,25.73658748249035,0.04482379555702205,0.17956192361990597,0.1814060807228088,4.293035398508895,0.285070776939392,4.280614741618349,0.00930430106818676,0.6251634849218347,0.0010193586349487001,0.5169665987850808,-0.1036646962165832,0.012420656890546443,76,49,16,84,0.4224562895283364,4.625220105446463,0.06199669126194694,0.5965869889766114,0.08075299859046928,0.5182961497148281,0.04674651482026089,0.3152480748609818,78,23,0.0058197182133350785,0.7694434993015516,1.3022108701959034,5.45712764335445,0.04094294831156725,0.2686403495257729,0.2547787725925445,2.6829680334317594,0.37855786085128773,2.4779538688886524,0.011017163796350355,0.7597640201920158,0.0078083239495754,0.6794045700664797,-0.1237790882587432,0.20501416454310695,72,46,16,88,0.6443766347556621,1.8209516429098986,0.05948158415047784,0.43840863691676724,0.0439600832760333,0.2706600440674041,0.025636133168591146,0.20755899690533838,83,19,0.0018056091536795176,0.23350201258338693,0.32673474890254184,2.3892133129735695,0.021352432668209,0.13764176826286567,0.0935748666524887,1.3378019684767803,0.19226428866386408,1.2303629277878836,-0.0074797642417251935,0.3934452244184126,-0.0070729404687881,0.2980562312612223,-0.0986894220113754,0.10743904068889673,98,47,15,62,0.042425810599135784,1.608447919284557,0.032852770066915095,0.28054031433241794
Good,0.07597952404064645,1.1118355176437051,0.17994795747101283,1.7578228237082798,0.0673273801803588,0.3473088904744188,0.04122629400342699,0.30867976357549265,71,18,0.004783472336913513,0.5843564332614865,0.43052505695551035,7.223867704712033,0.03172615170478815,0.17204179277838652,0.1814060807228088,2.7314379068230306,0.3114551305770873,2.672338420137172,0.011314055323600764,0.6075256639365448,0.00494182109832755,0.4975253735083003,-0.1300490498542785,0.059099486685858335,72,46,16,88,0.45060894262329687,2.3047692595004396,0.053662465832278426,0.4639709052515544,0.07372356206178653,0.5723854075793694,0.04286053663468915,0.3436284907643866,74,26,0.005273530124713287,0.6864713359983589,1.957520399620095,-0.6171984072679861,0.0380487442016601,0.3600464954505468,0.2547787725925445,1.7099914688915838,0.37855786085128773,1.5737395626458646,0.013160031707957381,0.7148498229183428,0.0069791376590728,0.7219607014073643,-0.1237790882587432,0.13625190624571926,71,42,15,89,0.767857054407866,0.5369864745633486,0.05605720253111055,0.41888073084348604,0.049240350723266504,0.3464974506614821,0.02848770826589312,0.23794585895969572,84,21,0.0020282905054824973,0.28755719117836004,-0.19278078053544867,2.129318944428843,0.026788569986820103,0.1883103377057495,0.0935748666524887,1.5630530198704398,0.19226428866386408,1.5310060908963403,-0.004417805653065441,0.43544733685339226,-0.00207905471324915,0.3492843517480634,-0.0986894220113754,0.032046928974099484,85,42,18,75,-0.0853811534422054,1.3562336895923142,0.03544029698951762,0.3129581569565625
Good,0.07922183725608577,1.060649191157805,0.18642905756831146,1.7150929325975057,0.06549187004566187,0.45290967975133795,0.04503358807414766,0.34511397059638255,76,20,0.005956904625183762,0.7077514719914504,1.9806390176306303,9.759094903537758,0.033245623111724854,0.26096457525575356,0.2551338672637939,3.2732241503444,0.4303098320960998,3.1990211335004792,-0.006187561899423594,0.6399598079689426,-0.0098318457603454,0.5627878278906387,-0.1751759648323059,0.07420301684392051,93,48,17,67,0.4792075826687038,2.7404336533934357,0.06089297317522684,0.5460795877670257,0.07068665325641625,0.36816459622844266,0.03909595771459858,0.28310282509736845,81,19,0.003769390418921105,0.523442963450662,-0.34517030695650863,3.409335934476262,0.03509935364127155,0.2023741302306492,0.0983689129352569,2.0115820661358144,0.2322610914707183,1.9506496588384663,-0.0037026217207312547,0.6025582278937145,-0.00310668349266045,0.5501401950894609,-0.1338921785354614,0.060932407297348085,86,43,17,74,-0.21322054641442992,1.7127224655159266,0.0485478132130316,0.4004579196972492,0.04969986900687213,0.3417516070489437,0.02953014775877814,0.22773168672028415,74,18,0.002296460041693617,0.30253326382199186,-0.4686900345366456,0.4714326391257444,0.0258322358131408,0.18349676524183192,0.0775982439517974,1.3432278080870976,0.1899145543575286,1.3058519204981816,-0.012660612445324649,0.4725748967348489,-0.01552568376064295,0.3858186650573562,-0.1123163104057312,0.03737588758891598,99,42,14,61,0.048077687057519206,0.926086241471944,0.03581920244739682,0.2814360154600665
Good,0.0837321008144892,1.041369721354328,0.19661654420196986,1.6594066784001607,0.09684367477893822,0.3193732569359814,0.054890661453828184,0.3597701794001502,75,15,0.007748844199218532,0.8458068585783252,0.3359510637764682,18.715855271597096,0.049741744995117104,0.1277752112432407,0.2551338672637939,4.338263480607306,0.4303098320960998,4.307289831663024,0.010826989263296125,0.6543881983626071,0.00873231887817375,0.4653223018828604,-0.1751759648323059,0.030973648944282693,75,55,14,85,0.1572569880144134,3.9251998702325346,0.06896032167331513,0.646206580299262,0.06337004527449594,0.303321297979985,0.03892524128139481,0.29595808618472935,77,17,0.003939478671302007,0.5278793939038465,-0.10035530184737462,5.707708847195731,0.03302840515971175,0.17349924006299025,0.1197802126407623,2.4907341089433404,0.2536723911762237,2.4440366680958805,-0.007203238131478424,0.5636353497411182,-0.00854979455471035,0.4867879237931187,-0.1338921785354614,0.0466974408474599,88,51,16,72,-0.03795110506557297,2.2469492785414764,0.04924882304232312,0.4584698315331706,0.04604613408446305,0.296365625541468,0.027875485299155074,0.21564285663196472,81,18,0.002079818652541423,0.2772439752258121,-0.017609551592958628,0.6677862569050879,0.0237547159194946,0.13531360430343645,0.0794704556465148,1.2434465206890293,0.19178676605224598,1.2023902537538917,-0.008654998987913123,0.44138313029643556,-0.00775050371885295,0.38798078260222807,-0.1123163104057312,0.04105626693513761,91,47,15,69,-0.09644590384774686,1.0733242525318272,0.03510957009576658,0.28709738333104323
Good,0.06521003898080012,0.8836854979543054,0.1562901001796124,1.3864349771467066,0.0637885183095931,0.3319138399777976,0.042192434519529295,0.32387727392176324,68,14,0.004784973718948742,0.5523718480130893,0.09760459858888826,9.042276446340733,0.02789053320884705,0.15056922563473124,0.1382747292518615,2.9544592687755373,0.24571496248245228,2.807317120208354,-0.005336418747901904,0.5298078779018822,-0.01550507545471185,0.37302148787934786,-0.1074402332305908,0.14714214856718297,101,53,14,59,0.6064297391004462,2.898900716599083,0.05459634571400613,0.5212249615340706,0.052539042197167776,0.37548443762494854,0.03147611429012609,0.25182652637886066,75,19,0.0026243182555874224,0.3706590495673335,0.44840817011053735,-0.4249574054160794,0.026875361800193752,0.19731401743902174,0.1197802126407623,1.2536261137445295,0.2272797524929046,1.1929208429832654,0.004745349218137561,0.532052886493918,0.00215645134449,0.43273666225748564,-0.1074995398521423,0.060705270761264064,75,49,16,85,0.10762617786246027,0.7264890347060207,0.040346680931381176,0.2959371141658707,0.03747865930199613,0.2995915175035375,0.02194460534956303,0.20584092018786204,90,19,0.001456792922241791,0.17891875068000604,0.3743179290647829,3.5070245970773417,0.017604365944862248,0.14098577334549964,0.0794704556465148,1.4143580612691549,0.1617316007614134,1.393449082503836,-0.010111948661506161,0.3245742127509065,-0.007718376815319,0.23153217793738637,-0.0822611451148986,0.020908978765318987,103,48,16,57,0.12460909634833463,1.7022489675297177,0.028518894906887977,0.2712385132998914
Good,0.07275462912669785,0.9167169648176753,0.17268553789705016,1.4025779285745366,0.08374792337417594,0.3713118376477808,0.048259252216666895,0.3145055214985693,74,18,0.005779452105522929,0.7016191492588242,-0.3802424053581337,28.648583969156924,0.03975769877433775,0.1891135484007175,0.1660962104797363,4.589288639236226,0.2820128798484802,4.543322889908253,0.006386388093233106,0.5365901279246061,0.00132206082344055,0.42333556070965506,-0.1159166693687439,0.04596574932797385,80,51,15,80,0.33486565280952324,5.017535373312396,0.05994858688710221,0.6431875184366366,0.06081894785165778,0.33937077220664635,0.037695926299493254,0.27982322329215154,77,18,0.0036818688207613057,0.5000096612101153,0.06962863607831427,10.138514566432816,0.0315790027379988,0.17396341075573332,0.1289068162441253,2.6991532141345798,0.2495490014553069,2.6662637722184024,0.007022472401149571,0.5498209601205545,0.0028464198112487,0.47570853372505995,-0.1206421852111816,0.03288944191617732,77,48,14,83,0.1732798207654958,2.8131359713769473,0.04760268365513362,0.4446420729330804,0.03517042100429525,0.18977172135096926,0.021386162738781384,0.16341784870912918,81,17,0.0012753256733253615,0.15855589415338148,-0.38508147097245704,4.473181976430405,0.01781319826841345,0.09851693090719524,0.0519275665283203,1.2691462984047654,0.1251978576183319,1.2428567851595937,-0.007114781998097885,0.316166840529376,-0.0062588900327682,0.26991183413181535,-0.0732702910900116,0.026289513245171727,100,46,14,60,-0.04522087758589486,1.9635218438343804,0.027407172966405317,0.24206284948965964
Good,0.06998512266420756,0.9033436449434246,0.16300971809774611,1.4192129669981401,0.06386186182498924,0.3694985332783163,0.04259417927358296,0.2859948946312754,71,19,0.005292657027864209,0.49502216545800964,0.02207539435645467,16.01631800564295,0.034376591444015545,0.1940785408684945,0.1660962104797363,3.078842002932304,0.2820128798484802,3.0308643901654855,0.017736085131764397,0.5310851062905229,0.010947734117507851,0.4105758169620842,-0.1159166693687439,0.047977612766818376,63,50,15,97,0.1699079311845802,3.4381194597901,0.054883221265399997,0.4614875679088156,0.0628908500075339,0.4610957733813909,0.0376176234253216,0.34547784102374457,76,15,0.00376670558114557,0.5304139361410516,0.13616872966845994,3.191751653983645,0.0308236628770828,0.14549274283310082,0.1289068162441253,2.1943020502133233,0.2495490014553069,2.07505850430049,-0.0012519384501501855,0.555766568066351,-0.0037758536636829003,0.3701461977495175,-0.1206421852111816,0.11924354591283326,86,49,18,74,0.3563932841161238,1.8941782611365006,0.04865614055200918,0.47067765823416946,0.030521593987941624,0.2337086439100011,0.02067944361944678,0.17289558853823433,81,19,0.0011598704385392756,0.15624593382024346,0.12127095091419937,-0.2897938257836592,0.0153059065341949,0.10997587029407448,0.0519275665283203,0.8111869556017405,0.1308046728372573,0.7692326395928567,-0.001625255588442088,0.33236129264126646,-0.0010710507631301,0.2622657835680351,-0.078877106308937,0.041954316008883746,82,43,15,78,-0.4038374297720592,0.9076046694102916,0.026959603012199216,0.21396706516207087
Good,0.06352202040455399,0.8444421922353976,0.1500764656346289,1.3125466050357502,0.05195575952529892,0.27703568018213953,0.036449853833764756,0.2548133389921053,76,17,0.004039369060035542,0.3648066930795261,0.9809151909553853,10.120628516613152,0.02606680989265435,0.144439290608214,0.1451936364173889,2.3807005909182073,0.2566707134246826,2.350981131231172,-0.012747702375054345,0.4339229139443775,-0.01539525389671325,0.3318038394628232,-0.1114770770072937,0.029719459687035047,108,49,16,52,0.6924313080338698,2.979368006202215,0.048754053498221234,0.4201399740961891,0.052527792751788975,0.29303975047548625,0.03249546411963816,0.19966219849764677,83,19,0.002892501595569791,0.34687837656715376,0.1407625791402105,0.896952185699849,0.026365846395492498,0.173807736055473,0.0953628197312355,1.3837032790377746,0.21762091666460032,1.2682850372290015,-0.008600852062227193,0.5279887317021692,-0.0072573125362396,0.4940324297949009,-0.1222580969333648,0.11541824180877311,89,46,16,71,-0.3332831832567821,0.8338017445557484,0.04177012673949843,0.26097179112442165,0.034713484346866524,0.35216028306187086,0.021683456124737828,0.19186885421361957,88,21,0.0013891422279310136,0.1801291813067552,0.6793492962142156,2.391590164193805,0.0177767872810363,0.1457603121970364,0.0655998289585113,1.266003052274411,0.180591732263565,1.2124449884045114,-0.009460250195115793,0.35063495938920375,-0.006779752671718551,0.27516689561818375,-0.1149919033050537,0.05355806386989949,103,45,14,57,-0.43999555422628644,1.338102457832653,0.027993126895927815,0.2391324038286879
Good,0.0823673349479756,1.0607064722133466,0.20042176648043075,1.6383595945513947,0.0912839919328688,0.34575086339787714,0.05063936572987582,0.2986421940800615,71,18,0.005965626025032933,0.6906485887178374,-0.672742379110594,28.07280898080084,0.04169413447380065,0.16822940379474932,0.1567457914352417,4.5358917036578035,0.2620754837989807,4.481200253560166,0.009259426966309546,0.5300637297755985,-0.00103080272674555,0.41741963766780305,-0.105329692363739,0.05469145009763769,81,52,13,79,0.35606113617005947,5.024847362405391,0.06054494065896337,0.640063302411737,0.07165607810020438,0.5641487996475929,0.04449375571522974,0.3463084124057072,74,16,0.004971717410475335,0.633525982191946,-0.12447312703476276,7.470760862056039,0.0346172749996185,0.2597720701175571,0.158481627702713,2.9315754957455913,0.2807397246360778,2.846339203176809,0.005862046492984527,0.6257681278312214,-0.00032740831375115,0.5167726798455778,-0.1222580969333648,0.08523629256878222,81,48,17,79,0.20645440452567435,2.2788860766405796,0.05560833196211451,0.4918742038189787,0.04760590195655812,0.44455772543545224,0.030380244841799103,0.29157619130615425,72,19,0.0026896872844891216,0.36429076282030154,2.189646122371151,0.21246587647963366,0.024996221065521098,0.19490923334401594,0.1569926142692566,1.3827063515455271,0.2719845175743103,1.3355816768741235,-0.004473192524164904,0.4825277369445749,-0.008535310626029899,0.35165349535245116,-0.1149919033050537,0.04712467467140347,100,51,16,60,0.8702308912338528,1.0733343708751986,0.04088388345038741,0.36257102186943824
Good,0.08285754967692974,1.196126264061362,0.20272709148004628,1.9098015400471255,0.06423243880271902,0.3553305923253165,0.043267768789082714,0.31601212786749644,67,15,0.004694230530374662,0.6583482551846187,0.16267566131937272,10.388844097425837,0.03190603852272025,0.17157291182225237,0.1567457914352417,3.1864742590555206,0.3067674040794372,3.0683274385434998,0.00754340440034867,0.5974796115258332,-0.004984855651855399,0.4816318853262097,-0.1500216126441955,0.11814682051202068,86,46,15,74,0.3367576387973015,3.133947153338693,0.05380599794988574,0.5489684590170532,0.07753640413284288,0.5723634010944307,0.04678694120011638,0.3430293995648803,85,18,0.005697070465692186,0.734910628687781,-0.24334599965330916,0.6035644016372603,0.0379234086722135,0.26432863524988137,0.158481627702713,2.080206588341134,0.2904120236635208,1.9465597997486066,0.01668640641728416,0.7364846558857928,0.01985411345958705,0.642498582637991,-0.1319303959608078,0.13364678859252735,67,42,17,93,-0.11219341934534523,0.9866069590425917,0.057470652128151924,0.4387493365608276,0.057749893516302074,0.48986151298176306,0.03590656429994847,0.31663319967712916,79,19,0.0034619342439745136,0.49409488336539215,0.7467129217404516,0.34511868036308124,0.02751189470291135,0.2358600410323058,0.1569926142692566,1.6878734136123863,0.2767607420682907,1.6661669447062324,-0.0010261502116918526,0.5758372726354994,-0.0020116865634918,0.46868079891400627,-0.1197681277990341,0.021706468906153926,84,45,15,76,0.2835158863620034,0.9843895035451085,0.046650375430168985,0.403120724856837
Good,0.07460166349849283,1.0705041470528138,0.17730228910222626,1.6844302231784885,0.0573840886354445,0.36719892166411316,0.0402332659438252,0.28809457336277,66,20,0.004625083630961265,0.5765396695329614,1.49651083200036,19.83389018870854,0.0269170403480529,0.18642206972550673,0.1451116204261779,3.446573610658919,0.35585713386535633,3.3796869814574544,-0.0025530949234962366,0.5754418306611204,-0.01280167698860165,0.4906905225661225,-0.2107455134391784,0.0668866292014644,96,47,15,64,0.12330368113816415,3.898323538594608,0.053872983398817034,0.49538507149321725,0.0663673356175422,0.5238725856060786,0.0407276842393912,0.32909310775432765,80,21,0.004476718278546958,0.5875576343343437,0.3067475380883846,0.6860019354965208,0.031673457473516395,0.2841195683297109,0.1574611067771911,1.8355374559763908,0.2893915027379989,1.7631493305393107,0.010167104622814798,0.6420541132090678,0.01072256267070765,0.5550995468779452,-0.1319303959608078,0.07238812543708027,66,41,17,94,-0.1052531758395701,1.0235858406415024,0.05207231457152458,0.41871726743192883,0.046553302556276197,0.4024826644703715,0.02802161904284727,0.23788317537935325,84,24,0.002155656007537171,0.3014005332558067,0.4065605873968128,-0.024357913629293293,0.02370355278253555,0.20451287885996522,0.0864094495773315,1.2796902597689097,0.2061775773763656,1.2240442750704816,-0.006413809815421695,0.4669342793083004,-0.00507704913616175,0.4405269536511329,-0.1197681277990341,0.05564598469842802,91,43,16,69,-0.35093180632843457,0.7251775352965648,0.036254142052489606,0.28874367882716456
Good,0.0677818026940815,0.9482167467279322,0.15989683531224708,1.493047149144831,0.06983353197574607,0.37914936812779776,0.041400619647465615,0.2599163455526793,79,20,0.004926267735297317,0.49770814451372386,1.402707214600424,13.441410931452388,0.0349758863449096,0.162610851026949,0.1451116204261779,2.6764443741682533,0.35585713386535633,2.6197612845736002,0.015797589346766457,0.5858441553931106,0.01551359891891475,0.5056588447770229,-0.2107455134391784,0.056683089594653,59,54,16,101,-0.3985859781516228,2.981606816747408,0.053358674847922276,0.3930582273728115,0.05004269629716865,0.4320469458926692,0.03470272165955972,0.28867060401261563,77,18,0.003589798932972572,0.4774785689538219,1.5247426899694467,4.680858700880117,0.025503084063529902,0.1782870977002469,0.1574611067771911,2.254383754161613,0.3108718395233153,2.1792092551825766,0.006122068874537941,0.5621941681651355,0.0044610649347305,0.4435623840693177,-0.1534107327461242,0.07517449897903641,75,46,16,85,0.3772963083108597,1.917061969210902,0.04711708532061602,0.40176645732929644,0.0369615666568278,0.2919191417354381,0.02115772341261614,0.17301828160107807,78,21,0.0011826705860285489,0.1597187758841125,0.5016976302331413,-0.48658198474115366,0.01786137372255315,0.12057341369293591,0.0899181365966796,0.8382360558895967,0.1487160176038741,0.7483944964025913,-0.004354254202917213,0.34500882558658497,-0.00523281842470165,0.2583526541639234,-0.0587978810071945,0.0898415594870054,93,45,17,67,0.3645006751437814,0.7528831966395542,0.026920980789075215,0.20171188896908845
Good,0.06061760944813677,0.8986116949023032,0.14519869513809658,1.3960959219590952,0.06855016946792589,0.3141063965492189,0.03858248740434643,0.29048520884165385,80,20,0.0036146600951715096,0.45536191558539135,-0.5405864502774258,2.0246179198608774,0.03424376249313345,0.1571718242955315,0.1117352247238159,1.8916787575608176,0.2314825057983398,1.8820227692806937,-0.006628873199224466,0.5390817143875952,-0.006479799747467,0.46729221824606226,-0.1197472810745239,0.009655988280123864,89,47,17,71,0.05640651668491091,1.4878041614739825,0.047213904780474054,0.40589754963330665,0.045105889439582755,0.36834378522645983,0.029514056038460655,0.2353185693615204,79,20,0.0025981650389678133,0.34897553146075644,2.2908355667043496,0.2903754803444727,0.02263166010379785,0.16145871854279462,0.1522624194622039,1.3378389660397518,0.30567315220832814,1.3037642693920681,0.007691786764189597,0.509431630922559,0.00719970464706415,0.4440683700805437,-0.1534107327461242,0.0340746966476836,72,47,13,88,0.12241377486809096,0.9017615745289032,0.03968035257665839,0.299090195219332,0.03510345518589005,0.28913888724105646,0.020960422529606115,0.17846593379714357,79,18,0.001244063701161412,0.17104808613031663,0.9011393109080794,0.8555114348401056,0.017112433910369852,0.09565318179120855,0.0899181365966796,1.0235438817169873,0.1564941406249999,1.005845713382694,-0.006148679647594678,0.34758257664894104,-0.0065343827009200495,0.2735498666687766,-0.0665760040283203,0.017698168334293347,101,44,18,59,0.5564533117220759,1.1582229833088602,0.02728343754171598,0.22413040521178673
Good,0.0777997362076308,1.0082697214427738,0.1820873378962276,1.5749281002169244,0.08327655494213095,0.4486727649527126,0.05259148046374316,0.3833537336053,68,19,0.007211011282384866,0.8098599857879885,0.1429368034890146,19.5588774043229,0.038136392831802396,0.22921829563155321,0.1758202314376831,4.380907465556872,0.34270429611206055,4.359838401015802,0.0034269154071808,0.6212248113701592,-0.00853949785232535,0.45886675236357466,-0.1668840646743774,0.021069064541070406,89,48,17,71,0.6479691103371006,3.938468874552571,0.06725629793825867,0.6511065346977395,0.05435486789792765,0.306323148261179,0.03669378942635372,0.28685282705905935,73,20,0.0037844753815106744,0.5060303562065885,0.8939809703117683,6.45673749259776,0.02745327353477475,0.15851409375974634,0.1647023260593414,2.5237382208757557,0.29513975977897644,2.5003753560366953,0.008042037626728414,0.5553647955792309,0.0047077983617782,0.4921694813631305,-0.130437433719635,0.023362864839060398,75,49,15,85,0.3616370145697633,2.2396719295293943,0.04811540366338018,0.4445225529012307,0.04011985659599297,0.30889500178604984,0.024318147148005623,0.19272589737208182,75,21,0.001608320950428404,0.22367506668793677,0.581963457872523,2.419325760659846,0.0201416462659835,0.1455351523009927,0.0924225002527237,1.2456042229725623,0.1997320502996444,1.1901469561385662,-0.00550181157886981,0.39833849326753423,-0.00663679838180535,0.3370722048180943,-0.1073095500469207,0.055457266833996,94,45,18,66,0.04595278976027585,1.425309028073435,0.03132191409797014,0.25495393989755744
Good,0.07625786820759943,1.001725885459021,0.17912550941109637,1.5664087000107496,0.06894417107105244,0.44229841480071064,0.0463137984462082,0.33088122294208594,68,15,0.0063988028111709675,0.6075949346052605,0.5686886864554381,9.468599631813545,0.031867951154708904,0.21176316162881303,0.1758202314376831,3.032878322521328,0.34270429611206055,2.9539432941892776,0.017179625853896145,0.5972397860575613,0.0079869627952575,0.49283579128948446,-0.1668840646743774,0.07893502833205064,69,51,15,91,0.4835502903064664,2.6899742945633935,0.06105250621985375,0.5008987647770544,0.06540640443563457,0.4861830323633306,0.040495691266842146,0.35377456562178167,74,17,0.0042362462448754835,0.5943531607754852,0.3077398970153431,9.234054876303627,0.031852975487709,0.18983421725081365,0.1647023260593414,3.0855795105808377,0.29513975977897644,3.056038353282325,0.0034019922837614986,0.572209354602022,-0.00159834325313565,0.4063464772075356,-0.130437433719635,0.0295411572985123,82,45,17,78,0.40934136553390743,2.6197934926154134,0.0515039753150789,0.5166523156644346,0.044768385589122675,0.33140260728444315,0.02544349185773167,0.20844338637005724,85,20,0.0016130693345360375,0.22735133194671445,0.4859702199589653,1.959859860490739,0.02184870094060895,0.14257720766667187,0.0924225002527237,1.355315624880671,0.1997320502996444,1.3240081266744452,-0.002671942953020334,0.39695955935116606,0.0009402185678481501,0.3082934067639338,-0.1073095500469207,0.03130749820622586,78,45,16,82,-0.22196628013170483,1.3322462530709407,0.031738381104911166,0.26414851918275556
Good,0.06983143435679416,0.9660100523225901,0.1644616537913678,1.529935512104511,0.05927214026451108,0.4721001399916903,0.04007726271636781,0.2760928747980185,78,24,0.005225621259219608,0.5455887053238883,2.9040310842858474,6.548909249461309,0.030175715684890754,0.2111077890583251,0.1852196455001831,2.384635784156558,0.4419460296630859,2.319380779469258,-0.010290623828768716,0.6314389653878945,-0.01177394390106195,0.619157613524328,-0.2567263841629028,0.06525500468730032,101,50,16,59,0.06544393341010508,1.882964692600825,0.056391411525278975,0.3832408359162079,0.06395287439227093,0.38787680287669785,0.035523929471091786,0.286095402410248,79,18,0.0031293193316268043,0.4325729047943835,-0.04872278586283585,3.294596092664042,0.031930498778819955,0.20376187623350225,0.1568621844053268,1.8941636016517778,0.24510885775089258,1.8273161578187325,0.0035537817282602123,0.5080980429523185,0.00273393094539635,0.43333688545985527,-0.0882466733455658,0.06684744383304535,76,44,16,84,0.30730479344710643,1.8847565424156925,0.04422009239322147,0.4176233752346811,0.0462473705410957,0.2874575052035659,0.025224469003733208,0.21404252580723804,83,18,0.0017416110258944733,0.2357925888865775,0.36391036782332264,3.073904651480591,0.02281834185123435,0.13808261370315408,0.0615084320306777,1.4948634736306552,0.1719319671392439,1.4012072985030397,-0.008984375931322567,0.3903985037642984,-0.00672961771488185,0.30443128896751126,-0.1104235351085662,0.09365617512761558,94,41,14,66,-0.4765032816692106,1.7324970676203904,0.031845347680063384,0.28875871786869844
Good,0.08915503651035454,1.1863093931714528,0.2132180109620092,1.8090016866240204,0.09061068296432477,0.6666148601104795,0.05896178464405234,0.5127395919386811,71,18,0.00868511448881278,1.288771340918921,-0.011117826357429639,21.68377907946226,0.04297086596488945,0.2889628151909198,0.1735876202583313,5.9920980032622255,0.4085873365402221,5.924070174356689,-0.0016914822161197608,0.697419752978722,-0.0137840807437896,0.44994918849550897,-0.2349997162818908,0.06802782890553721,89,42,16,71,0.1911170840802944,4.219569861553404,0.07388813876382955,0.895755005051057,0.057980038225650704,0.48944643064452154,0.039963125799549706,0.34029705335686694,88,20,0.00421554258403182,0.6199413310175129,0.30032733090752917,6.795428041315759,0.0305421203374862,0.2322464751067132,0.1525732278823852,2.745449492467747,0.2963086068630218,2.7075059086163416,0.005107020598370572,0.6107669704238637,0.0109816342592239,0.4990399753039939,-0.1437353789806366,0.037943583851405345,67,41,16,93,-0.2559444735043072,2.2803704142277335,0.05123513393228642,0.4968954003175799,0.05412473529577242,0.4900937298770825,0.03291022680234159,0.2896137768693252,86,16,0.0027303143120950366,0.3946910712117272,-0.26619305542313576,1.768799305510627,0.0280819311738013,0.1650213818087613,0.0859847217798233,1.7108249154806718,0.20283187925815582,1.6486855745941524,0.004261755011975757,0.5008149632214347,0.006754450500011401,0.3636324059266133,-0.1168471574783325,0.062139340886519304,66,42,16,94,-0.2692786012702433,1.469261570230621,0.04121773922652367,0.37930916654523417
Good,0.09114881996364627,1.192694787705484,0.21653563365340212,1.8444278464744839,0.09625038504600511,0.44184885607587554,0.06066637768875802,0.5386939677438339,77,12,0.009232320717518503,1.400657596953615,-0.3743226933459445,16.63363766582914,0.048519521951675346,0.21899819006112153,0.1735876202583313,5.828914200466367,0.3382518291473388,5.7747880040722634,-0.0035283904522657337,0.7501795750330933,-0.00767534971237175,0.486239258280861,-0.1646642088890075,0.05412619639410387,86,41,16,74,0.16147134811026206,3.7146706577478747,0.07611808706959877,0.9153623338092858,0.06742437183856953,0.4037154021592243,0.041292039669642656,0.34066782019338293,83,16,0.0042095800945140625,0.6221282327834816,0.15276005234984513,6.851297146857885,0.03479023277759545,0.2010649437620683,0.1525732278823852,2.863325875381328,0.2963086068630218,2.8065818521025516,0.0029348137089982578,0.59006740060327,0.007411643862724299,0.4582199161838286,-0.1437353789806366,0.05674402327877641,73,43,16,87,-0.09891381475571207,2.410212865829264,0.051369907032160815,0.5234010847607997,0.049108341336250194,0.44824089630767516,0.03224153552204367,0.3023783446971849,78,19,0.0028705277220604807,0.4011767338420361,0.28485909198423043,0.9119335900240229,0.02466592937707895,0.19979473749856005,0.1481153964996338,1.6611458181431522,0.233660489320755,1.6248205981485608,0.007975830137729638,0.5041808708381206,0.0071999058127403,0.37863457768263,-0.0855450928211212,0.036325219994591366,65,44,18,95,0.1846317284352076,1.2327326482156273,0.04172947871243971,0.3833775988799431
Good,0.0904880143839191,1.1609632696196825,0.21398452356457687,1.8354077144734169,0.10043522715568531,0.520797463864988,0.05828432111069555,0.5059375884325976,76,14,0.0083721514557256,1.2866069920796956,-0.08440096625655524,21.120706182222555,0.052776217460632296,0.17876479788227412,0.2074201703071594,6.033890102112306,0.3720843791961669,6.011133986236389,-0.0013160098344087545,0.6701312938976669,-0.00352993607521055,0.38580821795188847,-0.1646642088890075,0.022756115875916704,85,41,13,75,0.13278500515486594,4.251883603803884,0.07255178347898572,0.9151672202492476,0.06464812904596315,0.34924347460082994,0.03935361191513943,0.3181983269511219,84,15,0.004025297804261483,0.5933405719954452,0.3144676489357332,10.756389285504492,0.03546704538166515,0.18155079001690144,0.1167517602443695,3.085864472917794,0.2702637612819671,2.98934841750601,0.005626316391862925,0.5905795550278242,0.00963661074638365,0.47569548608156176,-0.1535120010375976,0.09651605541178418,70,44,15,90,-0.33283886251036565,2.856308519189757,0.049997793073529535,0.49452640089138045,0.053601965308189295,0.35987646561725295,0.035642233989201445,0.2791052400189876,71,17,0.003361513815732779,0.49063851212299,0.08922771114599604,5.161153957902281,0.027979165315628,0.16656317497613116,0.1481153964996338,2.2262319312382535,0.23269924521446217,2.0831358508694064,0.006503449007868767,0.5746968655479262,0.002290204167366,0.45352849425251623,-0.0845838487148284,0.14309608036884716,77,42,16,83,0.430339971436174,2.1211110147265884,0.045514819325125085,0.4004522753742059
Good,0.08771823048768138,1.188052357968463,0.2099156641960142,1.8769753585993447,0.0939239263534545,0.36192518374742766,0.054123913217335895,0.419072512446481,74,13,0.007163185045115193,1.0498859792146131,0.14310301091892264,22.20197094690819,0.04335609078407285,0.15181588896171877,0.2074201703071594,5.256072993285386,0.36389797925949086,5.14907132433443,0.005448337644338613,0.6714222936246297,-0.00352993607521055,0.46874385875498137,-0.1564778089523315,0.10700166895095606,84,44,13,76,0.35479841355839886,4.364873436913947,0.06689750929441624,0.7740013455017081,0.06097100488841525,0.4944527896807792,0.04091490528313439,0.35258015970381146,86,20,0.004703480497988268,0.6813384063867781,0.32381869188032386,5.0220725382300575,0.0314617864787578,0.21671510496482974,0.11798857152462,2.774027371367267,0.2715005725622176,2.717128477649845,0.011393742915242899,0.6635878045970836,0.015329971909522951,0.5534853101787345,-0.1535120010375976,0.0568988937174219,62,38,16,98,-0.49922044993240033,1.887949476467047,0.053174523938627254,0.49090694838920435,0.05848336592316625,0.3684451699965211,0.03518195803742852,0.2801167594843372,69,21,0.0030154270777250185,0.4363045448657723,-0.30776894664307664,3.842389011127217,0.0260563492774962,0.20478831376720114,0.1153892427682876,2.0798641625338496,0.19997309148311598,2.013571536521755,0.0064715702086687085,0.5419652603776316,-0.00186781585216515,0.44539202416454443,-0.0845838487148284,0.06629262601209499,82,45,15,78,0.4167734024473874,1.7119518693174585,0.04306216892547269,0.3775952878540439
Good,0.08765519160104372,1.1816323195040035,0.20311158671975116,1.8468490742399446,0.08478091657161704,0.4649751671696114,0.05485618219710882,0.47807866861002224,67,15,0.007707317337840528,1.1273016407090397,0.2915421447630484,17.978810607483503,0.03986975550651545,0.18447939053300424,0.2176769375801086,5.365055306116844,0.3741547465324401,5.301427287030158,-0.006634160131216038,0.6561884828197898,-0.02046641707420345,0.37274480884641376,-0.1564778089523315,0.06362801908668544,96,44,16,64,0.5808189401716575,3.896458342196471,0.06930426039344899,0.8346965410996393,0.06247238069772713,0.3878225776042863,0.040456483839079696,0.32308016365124975,80,20,0.004634891008438515,0.6463126296452849,0.17713645565783986,14.075315850926824,0.030530214309692397,0.21570831006130556,0.1282095313072204,3.355510540456317,0.2625609040260314,3.2683348441726725,0.01415702779777347,0.6212453736045849,0.0137310773134231,0.4768913202197768,-0.134351372718811,0.08717569628364417,64,41,17,96,-0.3194549637749071,3.230559989768512,0.05208976716426473,0.510261516695297,0.042957006022333946,0.3778084980268258,0.02907320491794958,0.2371352131130865,75,20,0.0027468397721121707,0.41144132109885434,7.410223685412737,0.08052232938204851,0.021205734461546,0.1843471733402965,0.1143737137317657,1.362134239248721,0.36104978621006,1.2319292449199246,-0.000653792498633261,0.5694152178155697,-0.00290252640843385,0.5122130534859612,-0.2466760724782943,0.13020499432879637,87,41,16,73,-1.218181386627681,0.8603885507245655,0.04155889857486676,0.295309381528765
Good,0.08506396410997988,1.2222157869794301,0.19791626937687373,1.942707955355351,0.08569565415382371,0.5457525465397499,0.05293066934682424,0.4305928631066746,70,17,0.0072027553262104796,1.095759548075074,0.3822266333602826,17.81727886570956,0.04033458232879635,0.2475394643026295,0.2176769375801086,4.912885664763378,0.3536763191223144,4.883160221013835,0.006697823479771619,0.7420159944574697,-0.006292968988418499,0.6055831677175142,-0.1359993815422058,0.029725443749542533,87,46,14,73,0.6626810810350882,3.715358015489698,0.06696933487312533,0.7383575096417497,0.06420726329088203,0.3828785566145083,0.03886347551131617,0.30143573686433134,78,20,0.004319870576013705,0.5887841486711531,0.20761969976362016,9.75072596414808,0.031681880354881245,0.20466613882745266,0.1282095313072204,2.8587165966693777,0.2625609040260314,2.7136324124771294,0.01404163548722862,0.6181298430299638,0.0126287788152694,0.5083475298781805,-0.134351372718811,0.14508418419224847,62,47,15,98,-0.267511046705804,2.673450981776001,0.05018458088741152,0.454642327359547,0.04514922015368927,0.40745881600987066,0.031040049565490297,0.259522377710616,84,20,0.0030604541128842226,0.46166773314591436,5.557113851860407,4.636748167483367,0.02297577634453775,0.21400750588555534,0.1082087904214859,2.0801238487834555,0.35488486289978016,2.0204212261466408,-0.004232972627505655,0.5825621178679176,-0.00290252640843385,0.520291649094889,-0.2466760724782943,0.05970262263681448,86,42,14,74,-1.047557213568,1.6371884418228366,0.043666728272508386,0.34969860161453453
Good,0.07452747570510572,1.0458804930075238,0.17983558719977713,1.6832416574993023,0.06864206492900837,0.3843743825776169,0.04195765364449468,0.32411023595475597,67,18,0.005162221352342968,0.7113527413464652,1.4422864630350931,13.0210595034427,0.0338788330554962,0.17578977434869952,0.1862215995788574,3.388396063940074,0.3138608336448669,3.3004499778342713,-0.015606288984417904,0.666127054020062,-0.023251086473464952,0.5854407560395204,-0.1276392340660095,0.08794608610580278,106,42,16,54,0.7911126252535392,3.054099115344982,0.05478678708955902,0.5173272554669998,0.05410787090659127,0.3039068850365457,0.03215118678432188,0.23523015827821264,78,20,0.003104314057459606,0.36642490391403015,-0.26027919414626854,3.3125729191555333,0.0262078046798706,0.14674116881522936,0.1199923157691955,1.7647714079496861,0.1938472092151641,1.7040012948255172,0.016925424488726987,0.5102639308014024,0.01571169495582575,0.42304470184280296,-0.0738548934459686,0.06077011312416881,53,49,16,107,0.0622711000047014,1.5964306757156752,0.04079371380588722,0.32566182588251247,0.052217964082956245,0.3929495971874153,0.031172498539672196,0.2516815246563402,75,23,0.002494717635411139,0.359211575689887,0.08904010116046113,0.45865085584112775,0.025743156671524,0.19248153919209887,0.1082087904214859,1.4338521444702321,0.20347015559673298,1.3747308664483255,-0.007489675423130382,0.5068506726778379,-0.01155698299407955,0.4558670763383059,-0.0952613651752471,0.05912127802190654,95,45,16,65,0.3693130822479736,0.9489745671647529,0.03889160274356004,0.3198655519056564
Good,0.08242880512863758,1.0970654959900836,0.197864122521132,1.7211327209512972,0.08725827932357777,0.4275169447965053,0.053831246839836186,0.3797878436134006,79,17,0.006908390088133195,1.026957921714138,0.05684972109150577,29.787277761863976,0.043033331632614094,0.21505451664417102,0.2053818702697754,5.510914963458857,0.3317305445671081,5.415246753525124,0.0008937396109104156,0.6685354887079802,-0.00420024991035455,0.4829175619528866,-0.1263486742973327,0.09566820993373308,81,45,16,79,0.4234611044134362,5.146197808286652,0.06590975369619408,0.7615892738557446,0.04844477027654643,0.4606237639034027,0.03688800689196793,0.3125652115014909,79,18,0.004326332896316611,0.5657418412760081,1.0617169364143484,14.797762855608664,0.0255908509716391,0.18062293338188082,0.1994824707508087,3.2248604609849814,0.3302760422229766,3.0996965092763356,0.016355918080080283,0.5702962871934121,0.0161456018686294,0.4336369108460579,-0.1307935714721679,0.12516395170864586,48,48,17,112,-0.04315630168573429,3.3649350114128143,0.049515306103988264,0.490412057447018,0.04774368368089195,0.3413172103303422,0.029694070809637152,0.23303267754610857,73,23,0.002294503032342061,0.3273420423819599,0.18143305811529853,2.591359274662098,0.0238278210163116,0.17697524983351517,0.1072703599929809,1.6437137112623128,0.20253172516822798,1.6085752856436748,-0.004037039587274186,0.48230094504990506,-0.00793974846601485,0.43994742362045464,-0.0952613651752471,0.035138425618638086,93,42,16,67,0.3836519895400337,1.373020777680925,0.03777146380965524,0.30777888294346706
Good,0.07941509621749009,1.0909761555421156,0.19094116987660503,1.7451069711908218,0.07634571194648727,0.333424480219633,0.049347538314759694,0.36133771181398044,68,15,0.006178777132333828,0.9250938827983585,0.7070868409936129,16.799624405196575,0.0354856848716735,0.17116502003908496,0.2053818702697754,4.482380762670961,0.3317305445671081,4.3675169835422345,-0.005064543336629854,0.6413705003724592,-0.02325588464736935,0.4999920152276406,-0.1263486742973327,0.11486377912872689,98,41,14,62,0.8149998779641284,3.957150652932243,0.062130607885537835,0.7167550237356832,0.047396026551723425,0.31907947213716253,0.03527776166723922,0.2994291208196946,69,18,0.00407859554046822,0.5379763540720708,1.5039259955536446,2.8967849514562145,0.022903123870491898,0.16095274207628957,0.1994824707508087,2.0326523398679415,0.3302760422229766,2.001370629701524,0.017027133714873327,0.5946542558899427,0.00851499661803245,0.4846545924318618,-0.1307935714721679,0.03128171016641747,51,44,13,109,0.0850829175472237,1.7295760744127688,0.047680265609074686,0.42937474311380874,0.05130939185619342,0.4011951570619028,0.032092318527866114,0.2583858971966283,77,20,0.002677103392966122,0.3842495485481925,-0.07759866377128555,4.048112927928802,0.0260072797536849,0.17517883205521756,0.1072703599929809,1.9667805676914882,0.2011133432388305,1.9310362163411827,-0.006083184666931625,0.5090822149284197,-0.0089633613824844,0.4481944580725291,-0.0938429832458496,0.03574435135030541,90,43,15,70,0.19750974858498085,1.5737191891774445,0.04057677849916623,0.35367336200478383
Good,0.07979579298245332,0.9839599438967016,0.19300068976357557,1.5617942947316656,0.08204548060894007,0.3562708709658325,0.04985041241161521,0.3741897111929075,71,13,0.006094581238654222,0.8186557943766928,-0.14436850568702964,28.39965814151823,0.038518905639648396,0.17333675882937213,0.1907423138618469,5.194833587386131,0.30376911163330067,5.132087760554514,0.004767742007970815,0.5145017041402729,-0.0031949877738952004,0.37018320300269403,-0.1130267977714538,0.06274582683161697,85,44,13,75,0.5859510919489789,5.012884667384399,0.06172678213717799,0.7442740025108011,0.06200786307454097,0.4034211389706549,0.038714701055869195,0.34793589650708234,73,19,0.00436833946844693,0.6042668088770805,0.6575989155506798,6.3862051660126635,0.0297657176852226,0.21037199113750144,0.1415424346923828,2.8993745417113166,0.3070833981037139,2.8443467346075106,0.013706351921427985,0.5764635848461048,0.00930575653910635,0.4353357817084756,-0.1655409634113311,0.055027807103805955,60,43,17,100,-0.4624427268628729,2.2609339026803936,0.05058001280527154,0.5214945294281219,0.050348244607448474,0.31389129864455056,0.03155889894464049,0.23140226752853188,87,16,0.002424569697069885,0.32480340702485655,-0.08862566639356784,4.128151231782947,0.026693232357501918,0.16318589324310648,0.1063193678855896,1.7658646025214546,0.20430468022823328,1.6567640253245461,-0.004113910626620054,0.4708290057452881,0.001419961452484118,0.39479260549487427,-0.0979853123426437,0.10910057719690838,78,45,16,82,-0.12292160817879326,1.847277904773974,0.03883112024389827,0.3211284079208194
Good,0.07969891736968815,1.071743004235425,0.19240028223022798,1.6735444053779949,0.08471232652664178,0.6137513434263379,0.05120677687227722,0.4582999002276735,74,14,0.006634993080484144,0.91651586843039,0.0705046417466284,13.853106284274986,0.04268768429756165,0.18267520600150694,0.1907423138618469,4.493314281305071,0.3735910654067993,4.4713178184143025,0.0011804848909378108,0.590608268973017,-0.0054852962493896,0.3576873344520005,-0.1828487515449524,0.021996462890768172,86,47,14,74,0.40949967234894835,3.478921900132823,0.06458753218645967,0.7534571925803658,0.06907612923532716,0.574788203037153,0.03907123065800984,0.3687478114726695,87,21,0.003922117094744428,0.586978872506867,0.27430215338486796,2.4592467746494293,0.033794328570365906,0.2846463017215095,0.1415424346923828,2.3356092687802805,0.3070833981037139,2.307700972977708,0.0018078734283335468,0.5877644447251624,0.00643099844455715,0.49362413804065114,-0.1655409634113311,0.027908295802572692,71,39,18,89,-0.3077242290289328,1.4958445013394632,0.04963316782971314,0.49143853127709525,0.0474224127829074,0.4873766546841159,0.029889488443732216,0.25768354351421785,82,22,0.002428800110953793,0.34189299360428094,0.7912420797976512,-0.63577834831437,0.023685738444328204,0.22014576570213734,0.1089501529932022,1.1870330209716657,0.23882760107517237,1.1759656693093106,-0.00021246969699859896,0.4951716916798156,0.00039511173963540004,0.44304892728532863,-0.1298774480819702,0.011067351662355094,78,45,15,82,-0.2121899650599852,0.5540514508170589,0.03908326767685704,0.31096300320653986
Good,0.08162456256472592,1.0806218996415713,0.19399717887863493,1.7039436509216928,0.09159255027770988,0.5008846940794838,0.052065728195011575,0.5012453322812583,68,16,0.006646996753171798,1.0041715558700908,-0.22176638507398705,13.182530126661884,0.039928555488586454,0.2314310286195938,0.1465503573417663,4.796820820141199,0.3293991088867187,4.786783349569454,-0.0035438813269138255,0.6033700284646993,-0.0164342820644378,0.3512269632205661,-0.1828487515449524,0.010037470571744818,94,43,17,66,0.4048572919430329,3.2892520105531573,0.06455898868280498,0.800072599593686,0.06813937798142422,0.46669217121082013,0.03968396813652358,0.3631073883566487,85,17,0.004226302526819209,0.6195836944333404,0.5482301334347945,1.6452941311911857,0.0327337607741355,0.24319727238984756,0.1195965409278869,2.1981238277395843,0.2870265245437621,2.14433634754552,0.008488597080577155,0.6145978788583347,0.01251148432493205,0.499515337784385,-0.1674299836158752,0.05378748019406442,62,38,14,98,-0.4563141234101667,1.4855350218595444,0.050848229458950296,0.4917856664606809,0.0415785387158393,0.3396899463535688,0.027491455939598335,0.2252551874873356,78,20,0.002181900993535937,0.3276638135404062,0.9807504959100917,1.8830405079526429,0.0214299485087395,0.16687000381532732,0.1089501529932022,1.4853635479244724,0.23882760107517237,1.4320211189475467,-0.002652501873672009,0.4859757435986588,-0.00329780578613275,0.42739356375663407,-0.1298774480819702,0.05334242897692577,86,43,17,74,-0.11249289024812277,1.3490470449125667,0.03694840672501467,0.3024754373071254
Good,0.07864144903484746,1.0757982233789698,0.18388585980050243,1.6953190490091792,0.06737974286079398,0.5207795406549256,0.044437254453077876,0.4240499694237847,71,15,0.005269675370132128,0.7648721490794523,-0.12720980555758832,8.369598083465197,0.0331452190876006,0.16097093174516128,0.1465503573417663,3.55755796485789,0.26791226863861073,3.5245492623891095,0.010891366750001902,0.608560374123642,0.0031526088714599002,0.3835531264480624,-0.1213619112968444,0.03300870246878042,73,44,17,87,0.3769317140520896,2.6649141315886635,0.05652338737105996,0.628113381584842,0.05733480677008612,0.5861478044089659,0.0402990845206659,0.3806804195079362,80,20,0.00530219412901499,0.6707823705362073,1.0110719877617331,3.760141696162578,0.028874143958091653,0.26846890180859184,0.1581271588802337,2.6827901073640605,0.3255571424961089,2.6284158044714494,0.02191606013220733,0.6438339482438424,0.02269582450389855,0.4832328320761926,-0.1674299836158752,0.05437430289261104,48,42,16,112,-0.5084631305827909,1.7363756962156376,0.053398302933161904,0.5062215104328861,0.038909114897251004,0.37481630598575516,0.025875252617988686,0.2173081636322829,87,23,0.0018351056781011194,0.2740771952445351,1.2116470246849618,0.5254541055488438,0.02019901573657985,0.20650140099203396,0.0895969420671463,1.2205503687820096,0.22751013934612271,1.154197691312436,-0.000261655263602739,0.4429247266416946,0.001921534538269,0.4218316936469183,-0.1379131972789764,0.06635267746957361,73,44,17,87,-0.41071307941795365,0.9698106055468492,0.033971835694647554,0.27909654561444364
Good,0.07494855792913316,0.9921624752735677,0.17362759546376744,1.5784620010209571,0.06803639233112327,0.32930455929788194,0.04081521758809682,0.39335896449561447,91,14,0.004549351024884055,0.6299674986864359,-0.361321826905316,8.954687869319143,0.0323809683322905,0.11740786682031248,0.1155786514282226,3.312642233720261,0.2420561313629149,3.263175613938395,-0.014165697991847987,0.5250966195539869,-0.0080712139606475,0.32051753499303925,-0.1264774799346923,0.04946661978186567,90,46,14,70,-0.12966015461878588,2.8153479609881713,0.051568381819464014,0.5951815175384828,0.05605196580290779,0.4759173477134952,0.03547653158420869,0.2794431405613446,75,20,0.004368981823092328,0.4630399366496148,-0.17103918807794605,1.387431458874314,0.028462462127208647,0.2198966306757233,0.1581271588802337,1.7577837684467912,0.2322022095322608,1.6866447141574854,0.027687145042000316,0.5787542182809454,0.0246017202734947,0.5197171098450705,-0.0740750506520271,0.07113905428930573,46,45,15,114,0.43318395168265683,1.184674785115347,0.04445658628659596,0.35788754025758795,0.04616401344537725,0.3087034010794054,0.02772995401872318,0.2111004480791774,91,22,0.002010343523219725,0.3013948698562742,0.8512391294206489,0.9214680463508804,0.02296473085880275,0.15867802106749587,0.0704012811183929,1.3318217941502843,0.20831447839736933,1.3026801712833187,-0.004139526374638082,0.474611163186025,-0.0007171630859375,0.4187938882321738,-0.1379131972789764,0.029141622866965748,80,46,13,80,-0.6581635916066991,1.0525052903767178,0.03531463642126009,0.2759331687845493
Good,0.0796143625969695,0.9865917098237135,0.18448199143633223,1.552335274640714,0.09484010934829702,0.3365302790166391,0.05162307934369888,0.4508713462205528,85,12,0.006441355006509,0.9388781111811355,-0.491952437061153,16.520211410758673,0.0463802814483642,0.14668208790219173,0.1821067333221435,4.786345764236166,0.3085842132568358,4.738149788486241,0.0032297763973474433,0.6072126977526873,0.007752865552902199,0.3745564949806315,-0.1264774799346923,0.048195975749925256,71,46,12,89,-0.02255108858873133,3.7152982421744287,0.06356626155866542,0.7550965838017275,0.06046026572585095,0.34202336807145883,0.03675624975410753,0.2862989302529096,76,18,0.003954197413549482,0.47712810714895926,0.018311711173234713,9.565052072132577,0.0314819812774658,0.16489630129127325,0.1196546256542205,2.652208663023081,0.223279297351837,2.56518931258698,0.019640555453952387,0.5403970087243875,0.0166969737038016,0.42891661078178167,-0.1036246716976165,0.08701935043610076,50,47,14,110,-0.15876272751821788,2.674671764727441,0.04581199716455209,0.43023154244045564,0.04071025177836407,0.35425222164593234,0.02374892046442251,0.19260267764882344,83,23,0.001516489855672135,0.21787826965923254,0.7335149374315528,-0.534936740645974,0.021238684654235798,0.17625540762007716,0.0737392902374267,0.9789459972988998,0.1917431950569152,0.9240423444825139,-0.002418890036642552,0.404725568163639,-0.00195456296205515,0.36913239408076665,-0.1180039048194885,0.054903652816385914,84,46,17,76,-0.2533824003673622,0.5903851840818912,0.030787649746144743,0.23254136004988893
Good,0.06923974398740326,0.9343298603698578,0.16243736884556687,1.4567809057026397,0.07437166571617118,0.36502440385492935,0.044441257757134686,0.4147451672425024,69,14,0.005039704731741665,0.7299224056309674,0.23725110648608627,6.71706647310233,0.037496566772460896,0.14736115289239127,0.1821067333221435,3.067369196600226,0.2869597077369689,3.039079948148537,-0.006888194754719727,0.5559706776847745,-0.01750385761260985,0.3230761422932681,-0.1048529744148254,0.028289248451688804,97,41,15,63,0.616738935580771,2.635984447115763,0.055873786163424324,0.6487056429426988,0.0496972277760505,0.4157010418888239,0.030358210017002386,0.2644745177322109,82,22,0.0025875155738143674,0.34381809506416616,0.291759657882217,0.8200816363338141,0.024905379395931848,0.22658543183265092,0.0937309861183166,1.5494205879077698,0.1973556578159331,1.4662093434527543,0.008487076376331958,0.4896979374596933,0.009466394316404999,0.40378949975493855,-0.1036246716976165,0.08321124445501538,60,46,18,100,-0.45405046274293565,0.989513332141684,0.039432027569034155,0.32251205421175894,0.03964067623019207,0.2527808584547821,0.02398762445664029,0.15836306030103015,78,22,0.001509227114264931,0.2066025797992511,0.20755621498428356,-0.4419181584792531,0.02011179924011225,0.12284674209826651,0.076235294342041,0.8619782394446679,0.1742555797100067,0.8238464915426418,-0.005014205817133183,0.4111122905581721,-0.0061917006969451505,0.3687762108805679,-0.0980202853679657,0.03813174790202609,92,44,15,68,0.16342915007091993,0.3465694233272468,0.030395707847262095,0.19387950987988448
Good,0.07577567246804909,1.0546661747312251,0.18189507580362238,1.648098582822891,0.05910174548625937,0.2924352215584641,0.04401501799002285,0.33061112974658996,70,13,0.005083764117792166,0.7545787868156971,-0.04852102479161813,28.377940600784086,0.03002020716667165,0.13405418576390446,0.1622878313064575,5.006242673858773,0.2671408057212829,4.938421376334604,0.0011634834110736902,0.4857102320338331,-0.00461104512214655,0.3150838397145739,-0.1048529744148254,0.06782129752416823,89,46,15,71,0.5173984685038618,5.090049138375314,0.05653294363196874,0.7201835580692864,0.05417178571224203,0.5004892289392902,0.04014682097840701,0.36326087948728486,90,18,0.0048646170143074,0.6961025306011384,1.636474420357846,3.0748846983368505,0.02689118124544625,0.24938260144926216,0.1327804625034332,2.499277224268709,0.3229689598083495,2.4109630610179638,0.005758052197052157,0.671587856986011,0.0139376446604728,0.5400260010613103,-0.1901884973049163,0.0883141632507453,63,45,14,97,-0.9229302901747228,1.6935701355711728,0.05501039781726024,0.4950477562317353,0.04563785344362247,0.3553362809535282,0.028506267210468606,0.19340556803542164,75,25,0.002132568822611578,0.29622860649137706,1.9534427902107696,-0.12494555309186861,0.02421499788761125,0.1812393203184484,0.0871539413928985,1.134879078229037,0.2536956071853637,1.1134653839226016,-0.0029538549482822397,0.49080049380304674,-0.0069445073604583,0.48523351757985966,-0.1665416657924652,0.021413694306435305,88,43,17,72,-0.3221764018396996,0.3363239286099202,0.03650285082450714,0.2352519538156113
Good,0.0752630384725934,1.1085384286651885,0.18041506502777316,1.7640348413810327,0.052788734436035045,0.19761917153501196,0.036734271468594634,0.2611479051597693,70,11,0.0042189407096691,0.5231532350070794,0.37564244748623876,21.081521110029758,0.02712613344192505,0.11006851090706296,0.1622878313064575,3.433872087374498,0.2620531320571899,3.314931702247098,0.01742900051176547,0.5261145644095564,0.0115309655666351,0.43142173563213926,-0.0997653007507324,0.11894038512740018,58,48,18,102,0.41454819716661295,4.222270346851914,0.04845349592781447,0.49634332887953886,0.0624139620922505,0.6639864781342871,0.04270764119341034,0.41069996107260137,93,20,0.0054985733465213625,0.7842447052543251,1.37472631729982,3.6657163985086,0.032206431031227,0.23173116271473657,0.162174791097641,2.8837063872841036,0.35236328840255726,2.7462654246166656,0.008686254639178503,0.7049299405957626,0.0155386328697204,0.5021251856782494,-0.1901884973049163,0.13744096266743813,58,40,15,102,-0.7035605047569364,1.7046858088357446,0.058157516076128186,0.5360209735691129,0.04548001661896697,0.33662583868132706,0.030204972298815795,0.21735466447682275,88,26,0.0024744838857728556,0.3580894363300273,2.1595357266595565,0.15841294075486445,0.02456349879503245,0.18141045380100362,0.0871539413928985,1.308992468416332,0.2536956071853637,1.1582089705951515,0.0004888125695288095,0.5329903363757132,0.007072336971759749,0.5401332388228075,-0.1665416657924652,0.15078349782118072,72,44,17,88,-0.8513168399427904,0.6950428037916577,0.03944665680334534,0.27204914567065147
Good,0.06636614800161877,0.8859121589298815,0.15658053100109076,1.427322880978348,0.06448267400264728,0.3535165409182761,0.03517091786954548,0.26731478003046194,89,18,0.0030583927661481467,0.39121934083980014,-0.8493202511543991,13.026503272508265,0.02887991070747375,0.17444827900635154,0.086784541606903,2.695014020729537,0.1865498423576354,2.6578493682629816,-0.013904030993580807,0.4574957656435826,-0.0058386325836181,0.39775431983852994,-0.0997653007507324,0.03716465246655563,92,46,14,68,-0.1494499485642526,3.1015432483903935,0.041580999542950255,0.4265172508328265,0.04760390147566788,0.43484338695334246,0.03031635480001566,0.30471230881651984,80,17,0.003183009233495614,0.40410563525932125,1.0310693175960264,1.339406067991363,0.0243322737514972,0.16953576736055492,0.162174791097641,1.8235616236769958,0.2565228790044784,1.7644137684744687,0.01801567471120504,0.5052850662549091,0.0180757343769073,0.36134834771065527,-0.0943480879068374,0.05914785520252705,45,43,16,115,0.23936306730680343,1.3274490493833553,0.040930267260271935,0.385736486580014,0.048299275338649646,0.3433053393828923,0.028096426278352692,0.21005890907089855,80,21,0.002015558519795953,0.2883149153575785,0.6079710052808762,0.7940701192224164,0.02482917904853815,0.17569533208257335,0.0618411302566528,1.2416008265048033,0.19836723804473871,1.1572731201757283,-0.005907845497131349,0.46454204907985625,-0.00583012402057645,0.4159760175112082,-0.1365261077880859,0.08432770632907502,85,42,11,75,-0.5732693217906099,1.0416709077125275,0.03510733137008639,0.2692872072606994
Good,0.08055437250573735,1.0787544897192496,0.19117294546216704,1.664763317750361,0.08552472293376907,0.3854292124589488,0.048041737321764186,0.37093787443024795,84,16,0.005979909570943066,0.8782612067170941,0.01625517086551298,21.750153218260284,0.0426028966903686,0.1976722720373394,0.1805647611618042,4.811089338620236,0.288856029510498,4.7217629524767695,0.004301207885146147,0.6093800402481178,0.0062274634838104005,0.45827887283955404,-0.1082912683486938,0.08932638614346641,75,51,14,85,0.5403527561101568,4.282678797339288,0.06117460806385861,0.7119811607509685,0.05198965780436983,0.3606315096083661,0.0386867271273513,0.3447834772531124,91,16,0.004841268537256189,0.6573052682963895,1.0816230550286496,6.8065980632832765,0.02598188817501065,0.1910874611709164,0.1581768989562988,2.881188019977131,0.31939348578453064,2.8608575261603963,0.01833971471060065,0.6148275720548239,0.02272446453571315,0.4992650038362648,-0.1612165868282318,0.020330493816734744,46,45,16,114,-0.5790973023484198,2.371354811372217,0.052022711055157905,0.5284811490843925,0.04401253163814535,0.30705527728577564,0.026976838329574055,0.2005625181528049,77,23,0.0017977283932350237,0.25632792781578206,-0.443407795540641,0.08406399852627944,0.0224702805280684,0.13254990808351497,0.0630495846271514,1.1401171035237834,0.1553728878498076,1.098715560345123,-0.004918006714433426,0.4405557054474194,-0.00674825906753535,0.3855958033894498,-0.0923233032226562,0.041401543178660294,91,45,15,69,-0.12474068390885154,0.814158528438161,0.03326120683286377,0.24947664863371222
Good,0.07565253882989917,1.0984463152315898,0.1835589121468363,1.7561030799921693,0.07020424306392659,0.43155113134748124,0.046469770213589036,0.4080574008304038,71,15,0.00560631118403243,0.8413812122035589,0.4352741957826458,7.232239009914309,0.034722954034805256,0.22179684778423442,0.1805647611618042,3.4744316458178246,0.2938572168350219,3.4057401969295964,0.001093392819166189,0.6317430027809124,-0.0111644566059112,0.4669153779555822,-0.1132924556732177,0.06869144888822817,88,43,14,72,0.8050635375795037,2.698179500501199,0.059369847986798924,0.6650428487254899,0.05427162349224085,0.5437685898185514,0.0362800734036136,0.31340748430148024,88,19,0.00385812974950306,0.550393766310789,1.3822240032349988,-0.1401904359666748,0.028770491480827304,0.24922931732074793,0.1581768989562988,1.7251172380564883,0.31939348578453064,1.6829671813062697,0.007797221385408182,0.6351427782001285,0.011737518012523599,0.5422467043536738,-0.1612165868282318,0.04215005675021876,64,48,16,96,-0.39054078171552986,0.733183374952141,0.048634531636774274,0.38338938119229543,0.0475592985749244,0.3611782818383914,0.02964343903586265,0.22895126026706109,80,21,0.0023760186429417304,0.32215846848965746,-0.2928151680512001,-0.06868428579214214,0.023964740335941252,0.17000919861581504,0.0976338386535644,1.2636985732404407,0.1899571418762206,1.2576642026430707,-0.00865429183468221,0.4892172990111284,-0.0087729692459106,0.43885389408730957,-0.0923233032226562,0.006034370597369918,102,46,14,58,0.050928910241371333,0.6937072604631902,0.037669397815099,0.2877931598177999
Good,0.06912826993516046,0.953894926989276,0.16784091355279065,1.5345933532762623,0.07209768891334527,0.2874939487524015,0.042475324049591964,0.291190268503605,69,15,0.004287782346726907,0.6344354255595629,-0.027308584823222404,31.361155283100054,0.0359591245651245,0.14870772343634575,0.166910171508789,4.515685282954655,0.2802026271820067,4.4874148578001725,7.03275203704834e-05,0.4933681152608432,-0.01209974288940425,0.37500900878576315,-0.1132924556732177,0.028270425154482453,91,43,17,69,0.5759009543374611,5.348028586028575,0.051929890044117744,0.6253185815274692,0.04385914374142882,0.37171645438917195,0.03238999250796038,0.2368316007551548,89,22,0.0032087665257031894,0.43255071836333686,3.6045020057094828,3.652816980081389,0.0233324756845831,0.19240623374639956,0.1066819131374359,1.7329822456508912,0.3217806220054626,1.6302191369055237,0.007276783615816375,0.5689197414697797,0.012957081198692301,0.5216476309793602,-0.2150987088680267,0.10276310874536751,60,47,15,100,-1.122694166322357,1.5974256550359989,0.044326149685430326,0.32997128076439586,0.0430103465914725,0.29025244794356836,0.02770526567474004,0.20033241665831306,78,16,0.0021134553695420968,0.2949915580044631,0.002476258100201356,3.171209302088541,0.02171171456575385,0.12628062323976455,0.0976338386535644,1.544676447341252,0.1850377321243285,1.4771756498894166,-0.007490817457437506,0.4723054965456395,-0.0091139823198318,0.4205218595547781,-0.0874038934707641,0.06750079745183525,99,45,15,61,0.18098100791770866,1.4274191451366405,0.03567564939185023,0.26817732181756165
Good,0.0722879709937629,1.024785790275851,0.17251364738680403,1.6249361218487888,0.06514872610568992,0.3359547767451937,0.03988750983495261,0.2609614432022663,73,17,0.0041730085005451945,0.5773439869120778,0.09233059367031116,30.19430591130162,0.0324425101280212,0.14869960295076753,0.166910171508789,3.9236330903690693,0.2914731502532958,3.8611726515469376,0.011384665593504897,0.5448028818754469,0.0050229728221893,0.4395829411748544,-0.1245629787445068,0.062460438822131724,69,47,16,91,0.2530701136125704,5.146194426439464,0.04994104400583015,0.529654422064317,0.05706156441010525,0.4295554649737476,0.03727603270213874,0.29533127849515567,89,21,0.0043829917609205325,0.5581454950302603,2.595554279296538,2.5754513048997145,0.028609186410903903,0.19890171369704207,0.1442984044551849,2.106882658636693,0.3593971133232116,2.041422376611201,0.0171662201581057,0.6408997187096057,0.02360486984252925,0.5376706912396989,-0.2150987088680267,0.06546028202549159,51,43,18,109,-0.8209700799417115,1.36336475568525,0.049599053917318926,0.3839180193585716,0.044689193367958,0.30851004000078824,0.026903302798746108,0.18964713514281534,85,22,0.0018007386989674307,0.25556403668767314,-0.07773657681226531,0.9413945238780035,0.0227681994438171,0.12595063898972783,0.0904499292373657,1.1655412554881803,0.1849325299263,1.1172017756944344,-0.003478856664150954,0.4392335212637362,-0.0011897534132003,0.38644026014329935,-0.0944826006889343,0.048339479793745935,83,44,13,77,-0.03697417485633527,1.032790493102058,0.033471801603079436,0.25027574889695586
Good,0.07041451189815559,0.9865030698890904,0.16953332319855668,1.5753168471505083,0.06037439405918117,0.5560580518386653,0.03958779014647003,0.3819421665214304,80,17,0.004228958194451481,0.5995635466178064,-0.21206299681585516,3.647843194626013,0.03105542063713065,0.19098449247367683,0.1037386655807495,2.624130069245622,0.24034500122070312,2.5993350994441333,-0.011764929816126816,0.5861459008864818,-0.0117369890213012,0.41630878285423983,-0.1366063356399536,0.02479496980148866,93,42,12,67,-0.14659284178233542,1.7770982777260342,0.05020396434223861,0.5059609960182515,0.04795596562325942,0.3493557568723003,0.030887425082328234,0.20723365009531342,86,22,0.003162444843034795,0.32701939847547723,0.20535159262269742,2.6774546309708462,0.026918240822851647,0.18918983587336424,0.1442984044551849,1.4418316209681004,0.2234658598899841,1.3169797373309533,0.022210177232045665,0.5013371188240437,0.0251702284440398,0.46733026244971787,-0.0791674554347992,0.124851883637147,48,46,12,112,0.15439854634787825,1.3587809586833874,0.0386337233885209,0.27510087561598884,0.049400262534618274,0.32619059200583705,0.02833510529017072,0.18121130687423187,75,22,0.00215635403210305,0.2908587868465466,-0.0722186496511723,1.716479111883964,0.02519996464252465,0.1581142756991439,0.0904499292373657,1.3246873300360866,0.203006625175476,1.1793059367618395,-0.010880895890295495,0.48783382743998294,-0.0132309049367904,0.46135767128911664,-0.1125566959381103,0.14538139327424726,101,43,16,59,0.013219064489178109,1.0897808462208562,0.03517184944522668,0.22994987204128545
Good,0.07955204432600604,1.0473928808228827,0.1923933118488637,1.6466722894547496,0.074737787246704,0.40640266570255235,0.04533142230939116,0.3688735077663497,81,16,0.005263827022669389,0.7455452317822983,-0.2791162945305148,16.37265513070632,0.03756076097488395,0.13731968114800713,0.1365956664085388,4.062707410147219,0.27320200204849243,3.957973096507546,0.007361615076661099,0.579038116790935,0.00975039601325985,0.3570324337635311,-0.1366063356399536,0.10473431363967282,66,44,17,94,-0.23919022890777547,3.788092584309095,0.05706179823439088,0.6405154885601956,0.05586414039134972,0.42418151151271305,0.03574903912012811,0.29584829499077864,86,22,0.0036635843394921784,0.4730382414432682,0.14033764063170917,8.487163971360683,0.02963395416736595,0.200820274699248,0.1202423870563507,2.603910931468564,0.2396020591259002,2.5145273186682084,0.015772466053022065,0.53635946943664,0.01944313943386075,0.4399434429586103,-0.1193596720695495,0.08938361280035555,57,44,15,103,-0.33862219625947065,2.406691223884581,0.04531893437759635,0.43053078982683013,0.06081316247582427,0.439630364711633,0.03397354568587613,0.27655568296462285,75,19,0.003065178987556928,0.4111421719024358,-0.1262170595058647,1.6809886455776333,0.03024652600288385,0.1850589148161449,0.0874310433864593,1.7313156495194573,0.2141018509864806,1.6645654422349259,-0.0106323493644595,0.5312747032271746,-0.0132634043693542,0.42847951947395263,-0.1266708076000213,0.06675020728453135,102,42,15,58,0.09915434743422381,1.3108588450138152,0.04259140391276784,0.35901164551211073
Good,0.07360505515211187,1.0282081916848118,0.17833907943218924,1.6342215327662726,0.06331034004688252,0.26719888075164155,0.0408350531943142,0.3316163425869856,77,11,0.004230693025960329,0.6282881743338856,-0.21736907780981207,10.949956300737512,0.032234132289886405,0.14387973162019468,0.1365956664085388,3.334409707438056,0.24674069881439198,3.2676273109469816,-0.0014507845044136076,0.48957189407359747,-0.003681868314743,0.3133916050202903,-0.1101450324058532,0.06678239649107436,83,48,15,77,0.39917765892412393,3.3830049401627407,0.051562536890782364,0.6233839385700243,0.0521556176245212,0.35224359556098556,0.035597245903627436,0.2758669708748268,81,20,0.0033854528488605684,0.4844275516438637,0.04024362169635731,0.42008163394109044,0.0252837538719177,0.17114334473534298,0.1202423870563507,1.5370457417069976,0.2396020591259002,1.5025788245172056,0.007490793545730412,0.5948778703846523,0.0080856531858444,0.5055782710230277,-0.1193596720695495,0.034466917189792064,69,44,15,91,-0.007815943662947286,0.9214833224964593,0.04552747230722215,0.36131408908383916,0.05693630874156943,0.43731090951385615,0.0333560586115345,0.25360534579686156,76,21,0.0028839936937608505,0.4054370704849742,-0.0923700229941713,0.6328543265391326,0.0282707959413528,0.21966648307268122,0.0874310433864593,1.4968036664781992,0.2141018509864806,1.4052981723170188,-0.009304029587656252,0.5497717683080227,-0.01386034488677975,0.49163826188421744,-0.1266708076000213,0.09150549416118027,97,43,14,63,0.15419294223053176,0.9686600735272798,0.04155385796143716,0.3212290043823004
Good,0.0695603119831436,0.9615496623182799,0.16717866148799637,1.5322426005423821,0.06619632244110095,0.42712361517659114,0.04162885802332308,0.3234452416123551,73,18,0.004159965843458936,0.6265079213394804,-0.31738055486693995,21.365294605323772,0.0342398881912231,0.21380243225688805,0.1502988338470459,4.049779992311909,0.2604438662528991,4.002480112948887,-0.002993916347622866,0.509847545913081,-0.0122187137603759,0.3939227468497517,-0.1101450324058532,0.047299879363022414,88,46,14,72,0.3904895695733869,4.287766475878636,0.05106183319883287,0.6054447962167063,0.0487864986062049,0.3933331476225631,0.032585392162145545,0.24678285429917632,81,22,0.0029325485777032074,0.3912357437175726,0.5211527258990052,3.1463843965925173,0.025183454155921846,0.18863631908033013,0.1211669743061065,1.7599487753110155,0.2604292333126067,1.6995796996768557,0.008492757310159499,0.5296075549619393,0.008659169077873199,0.45292745232754544,-0.1392622590065002,0.06036907563415978,65,46,17,95,-0.2565551744154528,1.5367234103775655,0.042092631415211405,0.3327936018687995,0.04935144260525692,0.36746539002557344,0.028929239171557087,0.1986602201639361,78,24,0.0021266154350755833,0.3032312872648756,-0.002412052994982705,-0.5353552458044022,0.02484126389026635,0.1874149689667512,0.0939771831035614,1.0375129984373928,0.1988280713558197,0.9704958679967948,-0.005723393149673937,0.49278749966736163,-0.0064355283975601005,0.4712769466549489,-0.1048508882522583,0.06701713044059793,87,44,14,73,0.04554281698586969,0.427025245607123,0.036118288094391174,0.24574736506515313
Good,0.07806915839831115,1.1007959212758727,0.18420476913452127,1.7549117746118497,0.06471960246562947,0.44829589935936603,0.03879614059813317,0.31387872482222806,82,18,0.0039114218574002576,0.5408968960383023,0.10111166183155929,10.865191162507857,0.033239871263504,0.1976170496316023,0.1502988338470459,2.9413819553256686,0.2890317440032959,2.891342397627075,0.009334833547472948,0.5650596581022623,0.011374682188033999,0.43032741475922087,-0.13873291015625,0.050039557698593536,68,45,17,92,-0.12158184784542105,2.81455004345611,0.04870653533839503,0.47074884898813774,0.06769679486751548,0.5026944139543914,0.04060995544772593,0.30565430600600524,76,23,0.005040695370619802,0.5753635111474112,0.13638320176310614,1.913377614236218,0.0346287190914154,0.25296340179580223,0.1581067442893982,2.057524685201668,0.2973690032958984,1.9942434423389057,0.0239958676509559,0.6531337118241711,0.02055528759956355,0.5884693278637638,-0.1392622590065002,0.06328124286276249,49,42,14,111,-0.17549461900560281,1.1711616850086244,0.05090015326430506,0.38571993159051515,0.044312704354524474,0.3879808920556019,0.030396302969893395,0.23217998116275268,85,21,0.0025532393059107305,0.36482980801013665,0.47760209128927045,-0.2967917952622936,0.0204546153545379,0.17973313143561184,0.1272249519824981,1.2455136363809125,0.23207584023475641,1.1648429134046638,0.00373336831107735,0.5367184046854164,0.0061441510915756,0.4647263072608652,-0.1048508882522583,0.08067072297624873,70,45,17,90,0.08154777703214358,0.6867561528268731,0.039897182665598406,0.27706165754589407
Good,0.07810298355340081,1.0826274361590544,0.18739296898245786,1.7236500998662707,0.0686669051647185,0.4097088535112489,0.03872961619868871,0.30499414356115706,82,19,0.004222068930532352,0.519099683802349,-0.3700311733839041,9.900701751933628,0.03629338741302485,0.2217466187096686,0.111494243144989,2.859132910535501,0.250227153301239,2.7755246780388334,-0.01817512288689612,0.5441459910472747,-0.0167932510375976,0.43547475286967685,-0.13873291015625,0.08360823249666763,107,44,13,53,0.1523442779006568,2.7529662143793017,0.048197267488285095,0.472233866034117,0.06513953208923325,0.4654961459605784,0.037997151237213964,0.27926771719080645,71,22,0.0047067944874049986,0.5019112810114321,-0.37754210790703757,0.535191926507558,0.03268069028854375,0.23375842557248203,0.1581067442893982,1.7172001975867763,0.2288209199905395,1.6572644246860624,0.02760470556095241,0.6155863508377464,0.0219731628894805,0.575801150028521,-0.0707141757011413,0.059935772900713946,45,41,14,115,0.1663158078611551,0.90541955444274,0.0468341302792642,0.3506632653610856,0.05288323014974585,0.44709512267961515,0.032404564176686065,0.25162662044294526,79,25,0.002786387107339565,0.41138014987785754,1.328719069360833,-0.06325186621092849,0.02645801007747645,0.24885098959789737,0.1717938184738159,1.450157790816413,0.259425938129425,1.3779066782479263,-0.00033333562314510277,0.5639177579812497,-0.00181870162487025,0.5708355235095192,-0.0876321196556091,0.07225111256848663,81,44,17,79,0.6398273934433079,0.5300282614862349,0.041860875649440646,0.30557636052426934
Good,0.08400801501614608,1.169691146686189,0.20193453952670076,1.8242201218763228,0.0946732014417647,0.47858450975600003,0.049459737595170694,0.33920306600775374,68,15,0.005699135589076535,0.8323329502756717,-0.6029179096537534,27.03870004052821,0.04469686746597289,0.2000919180183085,0.1729137897491455,4.905702803528303,0.2887569069862365,4.8606439159433075,0.0005035776644945228,0.5904655018342082,-0.0094320178031921,0.4553090548054115,-0.115843117237091,0.04505888758499619,92,47,17,68,0.32452241641538754,4.896345991394527,0.0598674103359729,0.6954735375406808,0.06887534633278841,0.49690689200750593,0.04296415196731683,0.33022357649081185,81,20,0.005144063384474689,0.7138797792085165,0.15831525969685112,4.942544331717054,0.035270161926746396,0.2483462266118644,0.1251662969589233,2.69209623269426,0.28548350930213917,2.5688305816406567,0.013492219150066365,0.7020696263924896,0.01397752016782755,0.6098625190644542,-0.1603172123432159,0.12326565105360329,60,43,17,100,-0.42144732542004665,1.8374002001587546,0.0552455890286526,0.4700829915085491,0.04852565377950657,0.36117492935588735,0.031810648770770014,0.23406475713028796,83,22,0.002637062130249468,0.3734358724932033,1.4067725918959084,0.8052209278940818,0.0258606970310211,0.1881842460585737,0.1717938184738159,1.453678434270517,0.2676901817321777,1.3903230856199464,-0.0025366031564772115,0.5316849936496252,0.0006128400564192999,0.5100564832219319,-0.0958963632583618,0.06335534865057037,78,47,12,82,0.42062027441952815,0.9246688258797406,0.0406454772200766,0.30124232773798815
Good,0.08057459273324616,1.142760258911618,0.19380316212773302,1.7952550616665672,0.06534090638160697,0.38917261507018985,0.04139814462978389,0.31685123611919275,65,18,0.00436409053100991,0.6602788158038166,0.039639909154641106,13.06164029883151,0.028620004653930553,0.20396731676748192,0.1729137897491455,3.4642778111191923,0.284283697605133,3.3482322979168613,0.0016454484313726495,0.57647876186751,-0.0069833993911742505,0.4657363650486782,-0.1113699078559875,0.11604551320233109,91,44,15,69,0.5760072046239465,3.4318695133151245,0.05236398091194752,0.5726701082818269,0.07204255461692802,0.5863343632615502,0.043948604539036706,0.35754516241812906,80,18,0.0047772947312740436,0.7024541818322612,-0.07610420806931462,8.052808031167201,0.0361457914113998,0.3006766948535658,0.1251662969589233,3.1070695052544712,0.28548350930213917,3.05330946536586,-0.0005993476137518848,0.6626493790460224,-0.0014005452394485,0.5890480265153786,-0.1603172123432159,0.053760039888611326,82,42,15,78,-0.09870364041959617,2.279681171352631,0.05481082378976227,0.5131763656699149,0.05793040990829455,0.43678528119690296,0.03557404771796423,0.28048468005822946,77,23,0.0031863292275468038,0.4381009583536685,-0.14703677069143728,0.08357282343195704,0.029111623764038048,0.23178106586654731,0.1200357973575592,1.5341445095663437,0.2171287834644317,1.4592471447089785,-0.006227205600589507,0.5561269207530349,-0.0072114318609237,0.525349317019679,-0.0970929861068725,0.07489736485736526,89,47,16,71,0.30464688489365027,0.8713050795486886,0.04432785432781417,0.3589203342907952
Good,0.0711421309295873,0.9988857601038945,0.17132536366581896,1.5747966413605532,0.054593697190284625,0.38243605138492753,0.03682158319279547,0.29140866369494484,70,18,0.0037058136850141154,0.5428463580312088,0.535235082511504,20.652838895505027,0.027645230293273898,0.18654923845404248,0.149878978729248,3.554444721797406,0.2460650205612182,3.499133772150665,-0.002319584041833876,0.5226104269418466,-0.0060549676418304,0.41946585598349645,-0.0961860418319702,0.05531094964674125,91,43,13,69,0.7232519814658763,4.0916912723205625,0.04822122065299256,0.519350266855491,0.06367453373968593,0.3652188035421064,0.036252514612860935,0.2727829249710606,81,21,0.0031831100646264455,0.4486698705388019,-0.4509623078831657,6.157794942841035,0.03264091908931725,0.1723544020730457,0.119635671377182,2.10507135133732,0.21496540307998652,2.066722834177658,0.004716890677809715,0.5156982991582114,0.0051692575216293005,0.4079867444534235,-0.0953297317028045,0.038348517159661866,75,43,16,85,0.06330922416361888,2.4075817140484856,0.04449232548026266,0.42746360638553765,0.05209557712078085,0.38786009356361884,0.032029544815886726,0.25207287180870513,78,21,0.002840747553384599,0.38941021229789635,0.15101863323403375,0.2667513181600283,0.026830121874809248,0.19924405766438902,0.1200357973575592,1.415568832252285,0.2303404808044433,1.332721090492889,-0.008851193916052567,0.5364879152604957,-0.00973896682262415,0.46810304721190354,-0.1103046834468841,0.08284774175939613,100,46,16,60,0.31680528142457454,0.8750856530463172,0.04132550447820537,0.31873331968487933
Good,0.07128411373979379,1.0154207618496855,0.1684693060815332,1.6196649585633558,0.058195635676383944,0.35206436430278554,0.03732613267842677,0.24580602838442775,67,16,0.00386461971392268,0.49458913438772856,0.10236370315393106,19.285278596727288,0.02771976590156555,0.1659526832043896,0.149878978729248,3.0087882062827527,0.253900647163391,2.9559063179186795,0.012643817439675322,0.5600565682048821,0.00647377967834465,0.49517779260496514,-0.104021668434143,0.05288188836407305,71,44,15,89,0.4367402146560383,3.8045552678927415,0.04764144067604795,0.42535370551847657,0.05552570521831497,0.5775466214487819,0.03619990722276267,0.3158765894289867,74,22,0.0041466114602760696,0.5119254494021319,1.6589730013107316,0.7795040708419076,0.0264721587300301,0.30009714044647545,0.1468636095523834,1.8605887882820822,0.32978150248527516,1.8155273265833176,0.019066634401679026,0.588694050573441,0.01601292937993995,0.5612068274920494,-0.1829178929328918,0.0450614616987645,48,43,19,112,-0.48092813217435443,1.0522107666560734,0.04735091123975837,0.40665066607785944,0.045933645218610625,0.41584152331935437,0.029191295853815934,0.24618522200463963,76,19,0.002259279559118517,0.32302752828585857,0.49643745674719364,1.2450231495411082,0.02308525145053865,0.1928801070709818,0.1171965599060058,1.544291165884752,0.2275012433528899,1.4697151241296222,0.0039052805863320815,0.47091433978503283,0.00192622840404505,0.4031953358193946,-0.1103046834468841,0.07457604175512987,76,44,16,84,-0.06003858887337484,1.1567698565979232,0.03749111100338005,0.3182250978013602
Good,0.0716553392238913,1.0152105926169397,0.17122496530413606,1.6417815733075702,0.04655702412128442,0.36838039468966133,0.033295334372669426,0.2825779871734346,76,22,0.0034213246778997636,0.4295534249890718,0.4344409495312953,6.8395868321551685,0.02364289760589595,0.18228304618876967,0.1070992350578308,2.391945731296576,0.24373859167098988,2.3871451694570394,-0.015089633688330634,0.5054292695397166,-0.0183339416980743,0.41681954994732906,-0.1366393566131591,0.004800561839536418,110,45,14,50,0.34203288258771736,2.2202535408220263,0.043848003663190235,0.41724654400200883,0.05351926386356343,0.44495578868040064,0.03512192905705885,0.31780119744462604,83,22,0.004005988019682618,0.5332187569891951,2.0589579436237324,0.24486789687871946,0.0254322066903114,0.23533423520259783,0.1468636095523834,1.6916500038422362,0.32978150248527516,1.6320777180119774,0.015384272532537565,0.6106896393596307,0.0160100050270557,0.5376085670345294,-0.1829178929328918,0.05957228583025883,50,43,17,110,-0.7465410396252289,0.9544074436397787,0.04776321756221615,0.40034600206321425,0.05881301313638675,0.3667782618003074,0.0326341468642931,0.2450483180036322,77,19,0.0025915367781212885,0.38528011251220223,-0.1272265705141904,4.671869794545701,0.02964033186435695,0.15537897333175124,0.1171965599060058,1.939344438107529,0.2239404022693633,1.8845233709489808,-0.004423571657389398,0.5256626644082228,-0.0071914196014404,0.4472416316136484,-0.1067438423633575,0.05482106715854831,86,43,15,74,0.1453864290126598,1.7426868349212443,0.04012737581036994,0.33008919364234
Good,0.07775041978051081,1.015434081301419,0.18520961135625816,1.5966302204901504,0.074425384402275,0.3309658186690043,0.04205870190635319,0.31229047682207495,75,16,0.00421594947132433,0.6307998836573929,-0.5943270868605826,27.45547121241812,0.0349621474742889,0.16727347197381187,0.1055289506912231,4.402388486895343,0.2421683073043822,4.355619846436591,0.0022415414452552824,0.48630124830948745,-0.00163453817367545,0.3282089631866852,-0.1366393566131591,0.04676864045875213,83,48,16,77,0.03719116388603192,4.915068361077338,0.05144399322829014,0.6279418600077775,0.07234132662415496,0.4235713466425288,0.04276266930159177,0.36244792537282644,88,15,0.00493584290670166,0.7056281078109984,0.17258410992135653,6.00266053877251,0.0353370178490877,0.16597124143211234,0.1273691952228546,2.9172144170706553,0.2724910974502563,2.7841064204168147,0.012100704619660965,0.6712214846325886,0.017481341958045953,0.4968092139802526,-0.1451219022274017,0.13310799665384054,59,45,17,101,-0.5159359363577174,2.1520233774849045,0.05437789751137162,0.5050641804549418,0.0523435063660144,0.3142804210525963,0.028598439819179432,0.22738574184084356,82,20,0.001960160258785213,0.28101520516466016,-0.4961634285661507,1.9803668007357267,0.0261102244257926,0.15473400384938416,0.0807713270187377,1.48052856961012,0.1784536838531493,1.4597866525354526,-0.005805110000073906,0.43910748754807427,-0.0048673599958419505,0.35284513470756906,-0.0976823568344116,0.02074191707466744,86,42,14,74,-0.20117298888655416,1.364435753158341,0.03462504796812952,0.29698454428450966
Good,0.07192625163049762,0.989301836769706,0.17197159176692342,1.5519477419640442,0.07611465454101547,0.41026390967714377,0.040821030945517076,0.32134365727849606,73,17,0.003785623716878733,0.5473902227819161,-0.8400806128146274,20.58958154112322,0.036179244518279946,0.16761056610614905,0.1055289506912231,3.684079058267603,0.2041424512863158,3.6133348391652547,0.006498275324702263,0.5008621414951151,0.00137111544609065,0.3448548921202309,-0.0986135005950927,0.07074421910234835,78,45,18,82,0.16915802381274742,4.063157963175301,0.04835702901282287,0.5445432379516282,0.05701004387810818,0.5927631123367583,0.038030274616903594,0.3672406633420092,84,17,0.004211798264829341,0.5982047515362097,0.5223672828727439,0.7321507533848055,0.0284917345270514,0.26933361796629557,0.1273691952228546,1.9992825248022017,0.2724910974502563,1.9499904323189907,0.01151727937394752,0.6124865129967205,0.0128729119896888,0.4809497350167793,-0.1451219022274017,0.0492920924832109,59,47,19,101,-0.335110322210487,1.1864339352935358,0.050154239498909695,0.47229759996566545,0.0492589846253394,0.39979865213700244,0.026919976860517586,0.23638937750232472,77,20,0.001832654377492131,0.27061349997849304,0.017349096395204544,0.0636462539201923,0.024284824728965752,0.225563576078732,0.0839307308197021,1.2863402800031305,0.17338602244853962,1.2330567377086041,7.612397894263476e-05,0.43859908747220844,-0.0008881092071532999,0.3632589028674127,-0.0894552916288375,0.053283542294526344,82,44,18,78,-0.03684276920358532,0.7136267263659033,0.03395006604893362,0.27972189840453876
Good,0.06701961296726969,0.9340116586120922,0.16108719723299122,1.5038014637658976,0.05664342641830435,0.3536732791775794,0.036508779237046804,0.2679445559242462,67,20,0.0037482539670717985,0.5163872293805258,1.1549381677754313,21.683549641702044,0.02686044573783875,0.1824118233576885,0.1786618828773498,3.397767371273771,0.2772753834724425,3.3320929352788085,-0.010766478627920139,0.5301053456504582,-0.0186035931110382,0.46065709039971314,-0.0986135005950927,0.06567443599496253,103,45,15,57,0.9289179006305011,4.137573822309647,0.04733652217843105,0.48515518331079793,0.0485750655643641,0.3469490017554493,0.030082321015652235,0.264936405725753,80,19,0.0027949957354171007,0.3561143853110128,0.2463987268296055,1.8183312601304769,0.0246314108371734,0.1879855520278871,0.1109400987625122,1.7223716394657458,0.20999026298522938,1.6397827854700324,0.014752515114378167,0.49281899534773105,0.0149540603160858,0.37899990265581074,-0.0990501642227172,0.08258885399571343,51,47,17,109,-0.18474806539724412,1.3025211592085424,0.0392282228325729,0.33651719589861345,0.04588167741894715,0.28975364320856734,0.028695931574329692,0.2120307292070473,82,19,0.0021224383214661826,0.31565483080256784,0.1094583330189649,3.9638963624404315,0.02383072674274445,0.14607042166161457,0.0839307308197021,1.66955987235789,0.19811365008354181,1.5756857664147845,-0.004489418491721147,0.4808771227677084,-0.00319100916385645,0.43699354433122706,-0.1141829192638397,0.09387410594310545,90,44,15,70,0.019164426964027845,1.6152621516205257,0.03625720935498729,0.29053747366083105
Good,0.0882280080205852,1.2652665984975136,0.21226304728537776,2.0210885474708213,0.08505657315254198,0.5286255214437121,0.050217658714391246,0.3837334363583313,77,20,0.006104623561708664,0.8800324751488077,-0.39957098182289874,20.19565635618736,0.0434860289096832,0.2769810261939901,0.1786618828773498,4.52093756089165,0.33884131908416737,4.488256581046294,0.006208222731947901,0.6632767054701183,0.0012236833572387,0.5542893869418514,-0.1601794362068176,0.03268097984535583,77,47,14,83,0.07900869010289363,3.9620342396819,0.06164901828639624,0.6633976839946863,0.0640264675021171,0.6479289751368753,0.042152845879318154,0.37341796604969896,84,25,0.005482102459453251,0.707971919539967,1.2853513260367775,1.0898585149364504,0.0316642373800277,0.34978976668322104,0.2219619452953338,2.2930983234052578,0.3604319095611571,2.2331361250394655,0.018142283032648254,0.7030473461323692,0.020798102021217298,0.6988161417655385,-0.1384699642658233,0.05996219836579249,55,44,14,105,0.21178842393082967,0.8880408528096557,0.055826970813491035,0.4622730239114104,0.06368376687169063,0.5266776850169866,0.037787030767649374,0.28311930380905787,88,27,0.0037842576235794295,0.5431580225551572,0.5141230183279992,-0.5172135681402215,0.03143656253814685,0.30215382252194023,0.1515393406152725,1.588591617733207,0.310037150979042,1.4882253510064734,-0.004544171877205369,0.6547644958683334,-0.0016507059335708,0.7119356861015084,-0.1584978103637695,0.10036626672673354,84,45,15,76,-0.03159720166990263,0.22359624763680153,0.04857218208129448,0.33829200035685814
Good,0.08242291896284984,1.2471082371521458,0.20095654708333288,1.9973328826074725,0.07167240977287283,0.544072094741515,0.043601842839270794,0.3755691073085192,62,18,0.0050986552159891065,0.7310630003780392,-0.07593292303765109,7.958955406388602,0.0338842570781708,0.22977525117540337,0.1342278718948364,3.1611219626709905,0.294407308101654,3.0994132773070957,-0.00991465374827383,0.6561517873682295,-0.0204967856407165,0.49936604153573017,-0.1601794362068176,0.06170868536389498,106,46,14,54,0.43394502582030214,2.5012498145880837,0.05574749136512273,0.5482041885205884,0.060419008135795496,0.5326210472177666,0.040063517592134265,0.3004785029137936,79,20,0.004987208386786228,0.6494864209286719,1.8273838363192754,2.237764900079444,0.0307528981938957,0.24421841703968364,0.2219619452953338,2.1868756921525447,0.3604319095611571,2.0935488994653313,0.015566205530194555,0.6998389612280844,0.01501698885112995,0.6373462196829005,-0.1384699642658233,0.09332679268721329,62,44,16,98,0.5192981841547958,1.1997041854006532,0.053784554956158956,0.3996396492790317,0.05811983346939077,0.6096901482710471,0.03736521969316523,0.3205751604217786,83,23,0.003841961672029471,0.5536465236692553,0.7675034932479048,-0.8683925206593583,0.029205575585365247,0.25676333854232014,0.1515393406152725,1.4173676956589871,0.310037150979042,1.3443395336469341,-0.008858977444469923,0.6413421340111586,-0.008003920316696101,0.5677812987702912,-0.1584978103637695,0.07302816201205302,92,43,16,68,0.3028450947658103,0.49631971777908473,0.048346178959996336,0.37726223083058336
Good,0.06920479278159689,0.9248432868660993,0.16557359595783033,1.4801981737600896,0.06969751417636864,0.30555533402440116,0.04020432354882355,0.2993060840988096,73,17,0.003908451157786808,0.5542189688329565,-0.02907027949302332,26.494263979406668,0.0351375043392181,0.16601158511399317,0.1638141870498657,4.07043056440268,0.2514490485191345,4.033139778434027,0.003406368196010592,0.4621879196253401,-0.00282695889472955,0.3176038153308314,-0.0876348614692688,0.0372907859686537,84,51,15,76,0.5377844384911018,4.814313190657324,0.04946179395210983,0.5836105686032054,0.057117396034300175,0.29143232945355324,0.035503248008098995,0.21543795486951958,81,20,0.0034001466401976086,0.42115337704775413,0.09755689642495202,7.298921800110444,0.02932885382324455,0.17606689525890754,0.1468284428119659,1.9945288601718303,0.2434090971946715,1.7943682054231096,0.013193330325884734,0.5726068206086613,0.0142901092767715,0.4948437627933017,-0.0965806543827056,0.2001606547487206,64,46,16,96,0.24852067211493606,2.2156581422839126,0.04430912207894542,0.3054092435408503,0.04748686775565135,0.3256417719820035,0.026865412171464365,0.22302079695575056,83,20,0.001852322936253628,0.27811875319716167,0.4968373654254483,0.5880462965006181,0.0229712352156639,0.15370237650129423,0.1143848299980163,1.2614682954628331,0.1997288763523101,1.223402281717435,-0.0005596594884991694,0.445403433526088,0.0007839053869247001,0.35759915738472403,-0.0853440463542938,0.03806601374539816,77,43,14,83,0.31244875673774003,1.0671268985724078,0.03412722945250021,0.28237304156086396
Good,0.07345942547712929,1.0254717102026014,0.17362359982915201,1.647807503942869,0.07911531627178184,0.28468405182208306,0.04308323251083488,0.2994014549764232,77,15,0.004448543985783496,0.645811885043362,-0.29890679301864864,18.78007096464492,0.0384211540222168,0.14016262242665947,0.1638141870498657,3.749432155989232,0.2701475620269775,3.691496326366802,0.0024904772639274624,0.5792495729214496,-0.0015507042407988999,0.46945203133728997,-0.1063333749771118,0.057935829622429984,82,42,18,78,0.35432395559929114,3.9704976320508196,0.05283545135476445,0.5570294582099586,0.052039183676242745,0.4465286090400543,0.033066292788134846,0.2805868772678799,80,20,0.003199539975005534,0.4236827436351327,0.958773965211329,2.2581207043499996,0.02541282773017875,0.16588624923545475,0.1468284428119659,1.8158612386853914,0.2911615967750549,1.7083363095284283,0.011504550237441426,0.5397913885254451,0.01114156842231745,0.4092795722819055,-0.144333153963089,0.10752492915696302,67,47,16,93,-0.023595529920250977,1.470204422847722,0.04334861239928611,0.36374166727074964,0.05256152153015135,0.4143896374227054,0.03175986428977917,0.2402511015988025,85,22,0.0024942164247450326,0.38000557327056983,-0.07497352767875132,3.6971772969437957,0.02747453749179835,0.2109602557303538,0.1254701614379882,1.834036144479725,0.21869465708732588,1.7311344162956974,-0.0004309298470616382,0.5287665424959747,0.00346328318119045,0.49135984541082417,-0.0932244956493377,0.1029017281840276,75,43,14,85,0.08530273608860556,1.4591638352283753,0.03960432687031016,0.3168777631949305
Good,0.07656467580103112,1.094197849575314,0.18320931808091678,1.7525833722383086,0.08045676350593556,0.5197896257218162,0.04384420961141582,0.3713009626112108,65,18,0.004709179914217423,0.6952527559271654,-0.16767965060189116,16.90637039598882,0.03568542003631579,0.2591748277961335,0.1440657377243042,3.8298707711849,0.250399112701416,3.7772192328498226,-0.008048534393310533,0.6020205572530414,-0.0175725817680358,0.41585095623604507,-0.1063333749771118,0.052651538335077235,102,42,15,58,0.7246216616684297,3.545536485225007,0.053819718071901446,0.576909008919,0.04970677569508548,0.4118511674978189,0.0332408711150492,0.2757544708644113,85,23,0.0035484378300287313,0.4702850939129846,1.563053930118726,1.4711305391488985,0.024926871061325052,0.21120306191938634,0.1095950901508331,1.8627559327497005,0.2643144130706786,1.833786368972648,0.013905312103452147,0.5824307011790678,0.01523044705390925,0.5209294632772825,-0.1547193229198455,0.028969563777052572,56,46,14,104,-0.6506196277774446,1.0419332433318913,0.04513477722101869,0.36202150797576105,0.05120873078703868,0.40697718518319337,0.03290178380324501,0.23440801377230447,81,24,0.002805218696486846,0.41157837072827325,0.10057030649737886,0.7963948119498077,0.0256463289260864,0.20862390582095788,0.1254701614379882,1.553299811845284,0.2386105060577391,1.4526921138140225,-0.00505222780629992,0.5681321138061997,-0.0046713948249816496,0.5487259504734252,-0.1131403446197509,0.10060769803126164,86,41,15,74,0.06142625279839276,0.7362473009276304,0.04169655798650581,0.2980004563593365
Good,0.0740084026305167,0.9913205002227204,0.176733934022486,1.5658368549618453,0.08798925578594192,0.44143631158026797,0.04313726238906379,0.3704841454622631,80,16,0.004538962570843126,0.6395868193165936,-0.5939857891091029,17.445962607795433,0.0432047545909882,0.1707122353358217,0.1440657377243042,3.9479041932656456,0.23781192302703852,3.9089002232238186,0.011522707715630524,0.5167033612739261,0.0108832120895385,0.3376304108013429,-0.0937461853027343,0.03900397004182681,69,51,16,91,0.3035058254342826,3.724426575951129,0.05216402590549145,0.6104133482852583,0.05498373508453357,0.4533013961787278,0.036644097834650856,0.3017587597647689,83,20,0.003765453151164775,0.49242034208460816,0.46235292893083857,4.915791208075532,0.02777853608131405,0.20597859072898303,0.1211889088153839,2.3251453370318695,0.2759082317352294,2.1952319328556196,0.011826396663673211,0.5706676861309501,0.014946751296520198,0.4671921700931248,-0.1547193229198455,0.12991340417624983,58,46,15,102,-0.45078641006443515,1.883013669427832,0.04719604035657883,0.40836103400123236,0.043779786676168345,0.27594501351513007,0.02798853092826898,0.20182876067851957,84,20,0.0020778453577993262,0.30456428217175235,0.36573681737586394,1.4870602894387996,0.0217602401971817,0.13589357797099935,0.0860595256090164,1.4163784348852217,0.19919987022876728,1.410120665558058,-0.0004709037020802502,0.478465807556969,0.0014096349477767502,0.445662592541051,-0.1131403446197509,0.006257769327163711,78,40,17,82,-0.4037392565158334,1.1563731813369662,0.03614689246388156,0.2750177324657627
Good,0.06479474257226522,0.9263743414208043,0.15280656978487944,1.4479133781855429,0.06508482992649067,0.47539996773547877,0.04076175033114846,0.3928180278090511,78,16,0.004147594418626952,0.6195150304909124,-0.41802552797180903,4.394127361051844,0.03238928318023675,0.14707472931496768,0.1132051944732666,2.5921497966127616,0.20759516954421992,2.5518933643391284,-0.008256504312157626,0.5698213626856564,-0.0112369656562805,0.32776586100297855,-0.0943899750709533,0.04025643227363317,90,40,17,70,0.3921336686252238,2.097764326803119,0.050397929958339596,0.5429720481921461,0.04541201330721367,0.2241726749638452,0.028109764796681657,0.22582313736581575,79,17,0.0020468373626720817,0.2937589915982508,0.3011717425968099,0.6184694005917657,0.022853240370750448,0.11634995689662037,0.1211889088153839,1.3439651450782026,0.2174946665763854,1.2799291621498368,0.004141943529248239,0.45413663753451194,0.0025021284818648503,0.359554939955618,-0.0963057577610015,0.06403598292836585,76,41,14,84,0.008861136767468117,1.2468077997578804,0.03563783807079663,0.29583594448122436,0.040379218757152474,0.38212895312040907,0.025711950655095232,0.21420131779876475,82,24,0.0016815533772535048,0.24807150603761985,-0.17039683248688808,-0.2907763617786956,0.021469354629516497,0.1898328727641967,0.0686240494251251,1.08630549733579,0.16360911726951588,1.0675933622911753,-0.004722378961741919,0.4239553779653744,-0.0039461255073547,0.3919941923664624,-0.0949850678443908,0.01871213504461466,86,38,18,74,-0.2024553830880524,0.6332591060776455,0.032173585755279746,0.26140647186299043
Good,0.07432761394902929,0.9947645483841118,0.17491327822208383,1.546408190103477,0.09382605552673332,0.42413501660436376,0.052213099733926314,0.44359888548382614,73,13,0.006706377732173323,0.9722932736959286,-0.29451464527364335,16.348873018880994,0.04542675614356985,0.2202924326015429,0.1934640407562255,4.8255146287855935,0.2940961122512816,4.7546087235917875,0.0072905819863081,0.6281577713680772,0.00228160619735715,0.44870661304907017,-0.1006320714950561,0.0709059051938056,78,40,13,82,0.5150978265214335,3.66473514858284,0.06453185842362506,0.7600730806743646,0.060506287962198126,0.34198077928394566,0.0343064957298338,0.27371941001080163,80,20,0.0030542408755461882,0.4360109893321615,0.4021133320625063,7.14849207014278,0.029943495988845752,0.1879851293705611,0.0982957780361175,2.377133206332759,0.2335924953222274,2.324892212079869,-0.0020916951820254244,0.5266299111321504,-0.0024054050445556,0.447606439740716,-0.1352967172861099,0.05224099425289015,85,42,17,75,-0.44050424879524436,2.178816467507853,0.04377788831579877,0.39833644828599957,0.039788775146007455,0.3077227545762935,0.02288822268834333,0.17276153245489506,78,21,0.0013592439775266503,0.19687162555036142,0.4080430234451229,-0.7940599104060229,0.01915414631366735,0.13434758356596727,0.0777744054794311,0.7863868424649284,0.1727594733238219,0.7482795190455642,-0.0029900045134127083,0.3916205076032493,-0.0036913529038428497,0.3502251740874467,-0.0949850678443908,0.038107323419364215,87,42,16,73,-0.0929487911472734,0.36487029607684746,0.02908391431553509,0.20857853095401443
Good,0.07388160594600186,1.0217234893064306,0.1755561397690324,1.609212390958529,0.08056299388408644,0.5279421382093148,0.047789115495979737,0.41056331731139195,72,18,0.005906034583636199,0.8189475946808412,0.12125625957845054,12.141290125381925,0.039565861225128104,0.2694942707186464,0.1934640407562255,3.929757740856895,0.2958363890647887,3.851219316632483,0.01143662296235562,0.6418644301308118,0.0025745630264282,0.4742403867613251,-0.1023723483085632,0.07853842422441205,79,47,16,81,0.6110400980455952,3.0430377117701055,0.059857064714333386,0.6379323224399976,0.05392830260097967,0.37789818425186844,0.03352898740398811,0.27009904487245967,78,20,0.003084792704830173,0.40208378549971946,0.39302574740646046,3.2846534778110943,0.02662843465805055,0.1928816382554031,0.0982957780361175,1.8468043226545579,0.2335924953222274,1.8066146256867601,-0.010611544892890365,0.5093526574543303,-0.011842831969261149,0.43433567001820794,-0.1352967172861099,0.040189696967797645,100,46,16,60,-0.06511689861831044,1.6105102976731487,0.04274117576960869,0.37768195064621624,0.04296770691871632,0.34790661688978136,0.026924977955641183,0.22630429593437376,79,21,0.0019762005258060957,0.286121458856074,0.19320121503299603,-0.45809412886857315,0.0215137749910354,0.1654176611531888,0.0873673260211944,1.0739415900144835,0.1993549764156341,1.0294644866769112,-0.0037609010003507117,0.4579953033733867,-0.0044679790735244005,0.3686203302782434,-0.1119876503944397,0.04447710333757231,89,43,15,71,-0.17580586231735965,0.6984302982780997,0.03505224782778558,0.27633631853955337
Good,0.06757815728587986,0.9541840268279332,0.16313194525428093,1.527608953551976,0.06262809038162218,0.34254899558429736,0.03828191554639485,0.2718270981421773,71,18,0.0038914028824748514,0.5103987901823304,-0.08794773508732323,10.588416571158835,0.029225558042526197,0.18433366359916603,0.1221063733100891,2.673375568197072,0.2244787216186523,2.5462141731311485,-0.011248199269175512,0.5802240816480315,-0.0180745720863342,0.4919145558291051,-0.1023723483085632,0.12716139506592383,105,46,15,55,0.5298395708074046,2.775114147582955,0.04816747319467725,0.4168198714769114,0.054443608969449844,0.38544594708022606,0.03208052363661404,0.2872649173952055,75,21,0.0027878025395947424,0.3927457219250807,2.2788518237105393,4.955045370392126,0.026914834976196303,0.1960638404635134,0.1463457345962524,2.1689048353673335,0.3157692551612853,2.1545856271016617,-0.00046768958563916105,0.4858270448305933,-0.003529742360115,0.38909094003594874,-0.1694235205650329,0.014319208265671894,85,45,15,75,0.2752531113780714,1.9013633450921634,0.041870214011054695,0.39587599628703596,0.04552842304110517,0.3816841152703153,0.028750214588362688,0.22319285145986323,83,24,0.002139424290366079,0.2970993034842254,-0.03858067911658125,1.3714278019225032,0.0232273787260055,0.19484607111167507,0.0873673260211944,1.4069060748981996,0.1993549764156341,1.362950470444018,-0.004916177503764626,0.4615578270733512,-0.0037084519863128497,0.42410314563480866,-0.1119876503944397,0.04395560445418158,91,44,14,69,-0.15193077159571336,1.1772885695409534,0.03634871472097668,0.28993736522144203
Good,0.07559347172498856,1.0917621833026974,0.18049368560314158,1.7030334671367267,0.0800766497850417,0.44142910017611076,0.046727847810834604,0.33347264374222685,78,21,0.00531511945039923,0.7059138443750457,-0.5384218126194225,11.638486863172531,0.0409758687019348,0.22820327092585693,0.1466968059539795,3.275757653487881,0.2805311679840088,3.251889294722858,0.010174592584371561,0.6712534790940494,0.0077501535415649,0.5807235061322827,-0.1338343620300293,0.023868358765023055,70,49,18,90,0.05177450019705363,2.7627785606412023,0.0569093050696767,0.505304473737548,0.0518418624997138,0.40428723242510584,0.037320910987909836,0.33390028769271063,85,21,0.004255525656463991,0.600273862390432,1.7725378882011826,7.274163883160391,0.0276369899511336,0.2096538763749304,0.1463457345962524,2.881764948296067,0.3157692551612853,2.829688098940892,0.008491148985922325,0.5993624840871594,0.014484792947769099,0.4981411436706129,-0.1694235205650329,0.05207684935517502,64,45,17,96,-0.6768592123326542,2.283195267329424,0.05102820947971598,0.4909566936699219,0.04445031285285943,0.26123941941529916,0.027202063018921724,0.1909365596348108,75,23,0.0018939763968014145,0.25234146297460863,0.865400079999374,0.7015060544520746,0.022570617496967253,0.14880324506686793,0.1246475279331207,1.109207449109383,0.2373073995113372,1.0710217348633082,0.0007611209526658095,0.4324175039555179,-0.00077217072248455,0.41740296304239477,-0.1126598715782165,0.038185714246074934,83,46,15,77,0.018342459950449166,0.94735631275465,0.03450503115839133,0.2556493012849602
Good,0.07042368227236165,1.066558317215744,0.16533996298909165,1.7013470818280747,0.06361983716487875,0.3803584143497022,0.040959874331019774,0.3609935570560542,71,15,0.004414874598080617,0.6552366893398129,0.09950379899092399,3.580967063178207,0.02852463722229005,0.2108033923339223,0.1466968059539795,2.419795620648587,0.2805311679840088,2.407561980604276,-0.0017553884536027852,0.6077609166118054,-0.0070789158344268,0.48869802427782894,-0.1338343620300293,0.012233640044310845,90,44,16,70,0.4454782157099898,1.9683371867312451,0.052664503436290346,0.5346619096017511,0.04571140930056562,0.28397643850215426,0.029651041301549365,0.23172840931214572,74,17,0.0027275754380271756,0.40366934885750927,2.3586185522622785,1.6534316792205503,0.02212987747043375,0.14887392861267454,0.1239838898181915,1.478354951868768,0.27718493342399586,1.40113084312826,-6.19494589045623e-05,0.546787406349697,-0.0018801838159560498,0.47401159222013467,-0.1532010436058044,0.0772241087405078,86,42,17,74,-0.7608979452764614,1.396301260699598,0.04141802009342549,0.32356279315595055,0.04958078265190115,0.3753736362083673,0.030931416538078304,0.25244206791196827,78,22,0.0028682256977350896,0.4001510647689058,0.8132119757453617,0.016937819657845132,0.0246214494109154,0.18741902067939428,0.1246475279331207,1.335379576870572,0.23809185624122609,1.2729615408908832,-0.009423437993973476,0.5467987588665723,-0.01089528203010555,0.5078406764052213,-0.1134443283081054,0.062418035979688785,102,42,15,58,0.25577181102414726,0.7457153822915459,0.04140719564918919,0.3180600290367874
Good,0.06637685034886616,0.9402596779904208,0.1567280454933641,1.4936194624874624,0.05500319600105275,0.2460422846472757,0.034824630436487446,0.25604031595720095,77,15,0.003218444882714694,0.45962826974477755,0.3842961010074135,25.007404703226147,0.027556955814361447,0.12334295608079474,0.142312467098236,3.578428161216547,0.2380765080451964,3.5278027409269312,-0.0009103167802095413,0.4415391168515459,-0.00201267004013055,0.33369172670744635,-0.0957640409469604,0.05062542028961576,84,49,15,76,0.4879737403964331,4.662904032635914,0.04498161049890917,0.5144623193536476,0.047890896908938746,0.26612789828106487,0.02929594568500756,0.20137879354392785,74,18,0.0022900830106569016,0.3144349972811924,0.3058866582088462,8.639424100003787,0.0230482649058103,0.12697451518533334,0.1155685484409332,1.877565309455374,0.21782770752906788,1.8595030386147937,0.005160161363892258,0.456472390784542,0.0006185630336403,0.39682773444380404,-0.1022591590881347,0.018062270840580163,78,45,16,82,0.06907624150527981,2.6807638109129774,0.037596662723020854,0.3256807543172252,0.05397915095090852,0.33827768486264564,0.032672187406569686,0.2139307539965271,80,23,0.00295923518714819,0.4286215250859387,0.1668056340270465,0.48464104331578417,0.026681959629058897,0.16506919281338786,0.1218787431716919,1.3649215332707256,0.2353230714797973,1.2553167441353272,-0.008660087641328564,0.5956079548513745,-0.0086815804243087,0.5651703879585936,-0.1134443283081054,0.10960478913539841,99,43,15,61,0.16440719566154752,0.5905530552317039,0.042257371047084144,0.2717953075454059
Good,0.06609976445200716,0.9132808169671034,0.15881941184401488,1.4754297399988876,0.054857611656188875,0.36401332236494055,0.03294067382812497,0.24178148001707084,80,19,0.0032502928985051883,0.33877608502407514,0.017939638898957888,8.351134501295174,0.02767860889434805,0.15091944020571893,0.142312467098236,2.127582349311864,0.2238322496414183,2.079910839695737,0.014749823510646803,0.4674731448901161,0.0145674645900726,0.37395620216867714,-0.0815197825431823,0.04767150961612729,55,53,14,105,0.2583670394341497,2.3554785268557223,0.04272334012771522,0.34676352724965126,0.04628086835145943,0.2967993507465836,0.03036979491356757,0.22258161755784905,83,20,0.0028590198939506405,0.34499670233010754,0.3719507012378438,7.3524020908260805,0.023283466696739197,0.1523152059246111,0.1155685484409332,2.0014976844403067,0.21782770752906788,1.9719059417969147,0.015385315194725973,0.4894948856820973,0.016415581107139553,0.4268975632676457,-0.1022591590881347,0.029591742643392045,48,48,18,112,-0.3633954096796305,2.2033939514581804,0.03949593734481107,0.32464050767145186,0.049598392099142,0.34825255609001643,0.030122828746680125,0.21648731329830415,82,25,0.0023888309364194457,0.33559859421025146,0.09086071161172038,-0.45197423588005714,0.025779768824577352,0.1837378608905086,0.0966349840164184,1.1634046941059113,0.1920869350433349,1.0987418470001191,0.003181100543588393,0.5184617094266739,0.00502426922321315,0.5054116346108872,-0.0954519510269165,0.06466284710579215,71,47,17,89,-0.20127423769852873,0.400861060614734,0.038629345700862114,0.25844931818177147
Good,0.0635368416382924,0.9065672011293546,0.15299670584499814,1.442745131188342,0.053212881088256773,0.27824864269638777,0.03309923721011725,0.2322831395325571,77,19,0.003119912727332478,0.3683136355747613,-0.07095591575308813,9.582127424908334,0.02540925145149225,0.1510560905842123,0.0932302474975586,2.2883126680780093,0.2071642875671386,2.190241411979013,-0.013918903097510324,0.47583971599620634,-0.016351431608200052,0.4018960375792059,-0.11393404006958,0.09807125609899625,102,41,15,58,0.12381784749319392,2.8100506936702243,0.04203873136151293,0.3766831563202834,0.05494473874568925,0.29301664901161495,0.031598159624263614,0.25861380612997753,80,17,0.002504879576509909,0.3441074105028584,-0.30417832933127187,2.7539599769835545,0.028232064098119652,0.1595687134643738,0.1035529822111129,1.6579332490343934,0.1801448538899421,1.5755161870974737,0.00803152448497712,0.47118695446806846,0.00822114944458005,0.3514731373365074,-0.0765918716788292,0.08241706193691974,69,45,15,91,0.17031960366169008,1.6869678638156487,0.03886495696984082,0.34941417321277174,0.0402259156107902,0.36239090311922506,0.028543184660375077,0.22918000762143045,86,19,0.002339172036168349,0.3294012933703822,1.403196287480676,0.09950338019757066,0.019389942288398652,0.18440364258497677,0.0966349840164184,1.2829613238326134,0.2495439946651458,1.240873573437488,-0.003091026842594145,0.4957184607240672,-0.00026756525039665,0.44201670302783147,-0.1529090106487274,0.04208775039512527,81,45,15,79,-0.44948819757355335,0.8037331967760407,0.03823039162021558,0.2892481651933917
Good,0.07307747010198892,1.006211534257822,0.17507404319941974,1.6108543935107997,0.07634951174259177,0.2850463837235709,0.043785055903717826,0.2764470812906982,78,19,0.00461435578114947,0.6567247805119876,-0.32339671646849055,30.30884006293885,0.0386895537376403,0.1450322238833857,0.159703254699707,4.248885719510243,0.2791243195533752,4.157998476789453,0.002827547118067744,0.5698202362941155,-0.0003362894058227305,0.4814325482770828,-0.1194210648536682,0.09088724272078937,80,44,17,80,0.10008502484112639,5.166307970853849,0.0537965170649132,0.5762201652334858,0.06499826908111561,0.5266768500386494,0.04032127822458274,0.3749301964462913,71,17,0.003988036004180679,0.5575088509332956,-0.011901666832798696,0.049193778795867615,0.0350499898195267,0.23116844817939047,0.1627072095870971,1.717544111849567,0.2497187852859496,1.616350423976362,0.005299131711944937,0.5884559142155581,-0.0013731718063354,0.4188443060663297,-0.0870115756988525,0.10119368787320503,83,49,14,77,0.5465272481268924,1.1017096902849328,0.04979900941867864,0.45959600515890847,0.04267114028334611,0.2959490302613095,0.02539676139131184,0.19246482663376402,80,25,0.0018112767027051318,0.26100814594396243,2.059664188058851,-0.5634569116761199,0.022440865635871853,0.14910868221528517,0.0737836956977844,0.9426908929914096,0.22669270634651179,0.8826440474808064,-0.004544372763484708,0.4525782430011263,-0.004560157656669599,0.4553126010713376,-0.1529090106487274,0.060046845510603235,91,43,14,69,-0.6642451848432663,0.27820546799375734,0.03344228657249962,0.23702548366362605
Good,0.06983876856981305,0.9720103731226446,0.16809731967747188,1.4958677861658791,0.06326554715633385,0.18924407635932594,0.0372993959812447,0.21940949189764208,75,16,0.003799954749275999,0.45326333192873336,0.3161787128471385,19.140807765156914,0.03141012787818905,0.11557357857464573,0.159703254699707,2.853128113974097,0.284056544303894,2.7303117562443404,0.014484612271189684,0.5381895600881232,0.01109492778778075,0.45004496176665965,-0.124353289604187,0.12281635772975673,67,51,16,93,0.04611532061899976,3.9439863842524865,0.04667745850761763,0.4044939175573417,0.0702058970928191,0.5283231890140598,0.039070074466871996,0.339184915115764,79,20,0.003989323554103163,0.519834676665813,-0.08708089313283285,2.456626696675251,0.0333977341651916,0.24501853670578966,0.1627072095870971,2.1037931459367827,0.2497187852859496,2.0748290522946204,0.012335946550592771,0.5441416299861147,0.011596217751502949,0.45735472251506637,-0.0870115756988525,0.028964093642162115,65,50,15,95,0.21084067615166507,1.5851031761327758,0.04853736569068816,0.473016451280362,0.040916547179222024,0.3576716602084515,0.02642773142782967,0.22901719775370605,74,17,0.0017982717849549018,0.2558122900699346,0.4904196505446716,1.0824673995855125,0.02199782431125635,0.15787346676787292,0.0872882604598999,1.3012161154791002,0.2101521492004394,1.2180307835940754,-0.0012682496570050662,0.41353659609164095,-0.00438892841339105,0.3324098222243138,-0.1228638887405395,0.08318533188502494,87,44,15,73,-0.1614887539318445,1.2261372757332654,0.03360610020102494,0.2912040071202209
Good,0.06347609565034032,0.9420562142979052,0.15260661263018824,1.5118083656401298,0.047708034515380776,0.3811776945080262,0.02992609613575038,0.25977310130981474,82,19,0.0026539107441083186,0.3223096976918333,-0.11132962710833416,4.010626554676085,0.024104744195938,0.1566793984543436,0.0893865823745727,1.87396435150345,0.2137398719787597,1.8424701783823187,-0.015335703268647177,0.45237121920298384,-0.0138552784919738,0.3361014512750994,-0.124353289604187,0.03149417312113143,106,42,15,54,-0.06968296706006584,1.7137761016080566,0.037847897115282504,0.3430305784163261,0.051267506554722696,0.4621605877737454,0.033811256520857536,0.253785651921807,85,23,0.003311988490715877,0.43228684388610356,0.30852795069127836,0.34394347087521426,0.02613104879856105,0.23655902774403,0.1296140551567077,1.563446511533196,0.26422780752182,1.4606381487617222,0.014158565201796574,0.5776040709897401,0.017069898545742,0.5447168402006101,-0.1346137523651123,0.10280836277147366,55,46,13,105,-0.25312588450139695,0.7442024800014955,0.04337379248857146,0.31410250088495456,0.03603927791118608,0.35797487867593686,0.026115937219001312,0.18807008620565527,79,22,0.0019972913533436603,0.28168116852361075,0.5644124344816106,-0.5121357924747691,0.01874518394470205,0.1816799613295081,0.0872882604598999,1.0795089162214766,0.2101521492004394,0.9910784721390602,-0.005424166843295089,0.4818330754474057,-0.00626873970031735,0.4651782365816474,-0.1228638887405395,0.08843044408241646,94,42,14,66,-0.020989919034952734,0.3500396761812176,0.03502215665116877,0.2225265285949189
Good,0.07283507969265218,0.9937249609622052,0.1739734890684483,1.577153240796742,0.07221093773841844,0.35654675026743027,0.042080513760447455,0.2970666986488811,80,19,0.004481753098339739,0.6023371043706454,-0.271792111814142,26.48259717192302,0.036682367324829,0.1818885248149151,0.1407341361045837,4.074681331395128,0.23511457443237302,4.045167747140525,0.007373836264014236,0.5222221531088197,0.00772026181221005,0.41237063399885854,-0.0943804383277893,0.029513584254603292,69,46,16,91,0.27630412175474417,4.749623167567454,0.052573731156941486,0.5741264034801341,0.06504759192466728,0.2796038241572838,0.039001499851583465,0.22548271568571857,86,24,0.004062898357880313,0.5246415748815489,-0.25058633071650194,8.790761310825898,0.02957424521446225,0.14855243643242516,0.1296140551567077,2.2965066903553435,0.26422780752182,2.2323879565447178,0.01283724277745931,0.6377706147025258,0.01759383827447885,0.6340653583005466,-0.1346137523651123,0.06411873381062591,58,46,15,102,-0.19147293423702508,2.0871196071191105,0.04888200833296865,0.3433514495433378,0.03972100466489775,0.3455582637526843,0.024996754550375,0.1879432441172642,75,21,0.0016500893276587955,0.23231249442721943,0.045385446553897424,1.6283833854291911,0.02025321125984185,0.1449085011485799,0.0801339447498321,1.2180981489534735,0.1691971123218535,1.1613138721922434,-0.0007731076329946494,0.41716047298539644,-0.00209048390388485,0.36758352162384533,-0.0890631675720214,0.05678427676123008,85,42,17,75,-0.06266908636309693,1.0995113281945545,0.03220544325841903,0.24143246303225221
Good,0.07177923219937134,0.9904995361841579,0.16990736404433823,1.595802862325184,0.06647714972496022,0.424695841067767,0.03883438101038332,0.3113261946753693,75,17,0.003942155917334625,0.5289034866867351,0.04160695308193718,15.507360858028711,0.03399425745010365,0.1781760992909564,0.1407341361045837,3.342752985929516,0.22074443101882932,3.3158599685430805,0.0053643450140953034,0.5082787774188057,0.0012726187705993,0.3983252231134715,-0.0800102949142456,0.02689301738643547,79,43,16,81,0.6265755330680699,3.5184783524790575,0.04950137537919112,0.5201501428552909,0.06235533859580743,0.3103934813440029,0.034878113132435794,0.2540203811489783,80,20,0.00333749788870497,0.43199689363259725,-0.2969485807692247,3.2582296945018774,0.03138110041618345,0.1638751946541695,0.1263864338397979,1.9166296526111648,0.2314040660858153,1.8719796125883887,0.013975988642778232,0.5571577791571013,0.01422803103923795,0.49213818858689595,-0.1050176322460174,0.04465004002277605,55,43,16,105,-0.09280239884831985,1.5281377478048845,0.043617640213089594,0.3486719127737763,0.05208048224449152,0.3672031950502936,0.030361784063279586,0.19410342382303303,80,22,0.0022839349189502345,0.3439619938220422,-0.13596885928830105,0.5982159556147257,0.0256102681159973,0.1676743549644144,0.0919119119644165,1.3121756984382071,0.19338136911392212,1.2171856988440777,-0.0011158542707562444,0.5303663057492771,-0.00113712251186365,0.5067005343985056,-0.1014694571495056,0.09498999959412947,83,40,17,77,-0.18739473122353334,0.6614349340742508,0.03788382364781768,0.2503469104021587
Good,0.07315897488898995,0.9741912807131595,0.1734287738241253,1.554591094777571,0.0655197650194167,0.3473356540825473,0.03997798696160313,0.30718955869369746,76,15,0.004051360063320993,0.5892279898182852,-0.30988229116766863,17.293262000124898,0.03260341286659235,0.16786197020080323,0.1180395483970642,3.597401815511772,0.2304273247718811,3.5473522817661016,-0.006214070320129386,0.5320938009267179,-0.00797963142395015,0.4169319873704863,-0.1123877763748169,0.05004953374567044,94,39,13,66,0.49837905894435475,3.8295107878274908,0.05009159278316395,0.5532668224587874,0.057692742906510726,0.3617926605368535,0.03305443908815503,0.27831096119679927,74,18,0.0032851241390304676,0.39748106171076364,0.12765191779846718,4.983349972802342,0.03004971891641605,0.160448508371122,0.1267091929912567,2.1513780816746295,0.23073011636734003,2.114412555004901,0.019383667723741366,0.4963466692413703,0.01402907818555825,0.3748527712768876,-0.1040209233760833,0.036965526669728715,49,39,18,111,0.083404628826594,1.9594773361578977,0.04108559572490178,0.388742904300209,0.049710169434547376,0.4416742244379883,0.03204192507779221,0.24999858292781993,81,22,0.002585933230376764,0.3688257962455249,-0.267079887488308,1.0065413026749601,0.0254346281290053,0.2051862498275595,0.0919119119644165,1.5528310230329705,0.19338136911392212,1.4464059566954806,-0.0057132003828883155,0.5261506246094826,-0.00470913946628565,0.44800055147382806,-0.1014694571495056,0.10642506633748998,85,39,17,75,-0.16971023757687326,1.0507723934272266,0.039919007441189626,0.3033007030466237
Good,0.07549741187762525,1.022405986712361,0.18045270338654495,1.618960870928053,0.06876726448535905,0.36899489381463,0.03961990259587761,0.30854643601065074,84,18,0.004180990004250227,0.5881585174795056,-0.44901454562841625,15.927717203176961,0.03536459803581235,0.1906580886826387,0.1180395483970642,3.411740218460295,0.2304273247718811,3.3402658566099634,0.011273710429668413,0.565304646851422,0.0133793354034423,0.45834501748175577,-0.1123877763748169,0.07147436185033193,58,46,15,102,-0.1343979671561234,3.5187329232104356,0.05001657290927989,0.5182558959893218,0.07098797708749763,0.432094557552556,0.03999838609248397,0.29014751832755936,84,18,0.004688309659817011,0.593397221098956,0.1491202887148173,12.536980412208834,0.033255144953727694,0.21831813774971193,0.1697931289672851,3.0310461976008405,0.2738140523433684,2.907381379716017,0.0210286147892475,0.6086416603600838,0.02650140225887295,0.5463132004245241,-0.1040209233760833,0.12366481788482359,54,41,16,106,0.03031710637770987,3.1303418223646178,0.050036373159176424,0.47217851536582656,0.044679313898086395,0.3612895368785348,0.027446080492809367,0.22470894173344122,91,21,0.001892907037677794,0.27805111089050644,0.0012505707197463245,1.5812339209213686,0.0221379995346069,0.15252335053406857,0.0857645571231842,1.4472951367130291,0.1780384480953216,1.3831310762231523,0.00043968632817267643,0.445014563716547,0.005639016628265299,0.34991325830908465,-0.0922738909721374,0.06416406048987676,69,42,15,91,-0.40429013677487674,1.222386640005629,0.034500913479569184,0.2828659558354059
Good,0.07006038419702684,0.9243663998340587,0.16720105543034128,1.4179235959758087,0.06193482875823965,0.2739036743927352,0.041618764046579555,0.30839911761419253,76,13,0.0045406293554058706,0.677988912398538,-0.08764293577725946,31.597530244020973,0.032299906015396146,0.14601645871506422,0.147549569606781,4.924593464233733,0.251108169555664,4.905629558365236,0.00046801604330539706,0.43962536899158894,-0.0004512965679168,0.29329571561563755,-0.103558599948883,0.018963905868496563,81,50,16,79,0.4469389338996874,5.415811546418413,0.05343707810443042,0.6962172414825327,0.06430143862962714,0.3457178326987417,0.037570224860683045,0.28703464471035817,92,19,0.0035500225451662393,0.5208625347203849,-0.1145436497545167,9.248274274049152,0.0326533913612365,0.17636701088607426,0.1255533695220947,2.6654324682334134,0.24755632877349848,2.5817046210990005,0.003760360367596142,0.5838606287389162,0.008206129074096648,0.4940489515371928,-0.1220029592514038,0.0837278471344129,65,38,18,95,-0.2802150308823149,2.4972004068799243,0.04710084223242174,0.42422788796704847,0.043163799680769374,0.2564495321917643,0.024672685857894925,0.17776331712914828,81,20,0.001480152000208112,0.21161574808883135,-0.10539759656163294,1.5895521562261585,0.021581888198852497,0.13862001653473682,0.0795565992593765,1.2120893946738938,0.159456506371498,1.1148016133935108,-0.00021883999725105086,0.39443759824530356,0.00043687224388122114,0.339754383270113,-0.0798999071121215,0.09728778128038303,79,43,16,81,0.024895055744461946,1.2324587236876143,0.030510080555985964,0.23671655873493064
Good,0.07075169939989041,1.0523242690957173,0.16865209774114168,1.6658415867704965,0.06276080012321465,0.44176828734334256,0.039477035738527747,0.35949517134015996,71,15,0.004306506581862303,0.5966814849066652,0.0708137371967914,12.306251764433277,0.029157757759094197,0.15144805034912104,0.147549569606781,3.413276366492015,0.25548726320266724,3.4066662473708345,0.009232941269874567,0.536371520454298,0.0034526586532592,0.3562836129757194,-0.1079376935958862,0.006610119121180721,72,47,14,88,0.42399845410423825,3.1130761977640464,0.05121241407257243,0.5558660602629104,0.0666901990771293,0.4312580524141748,0.039050363390124354,0.30200459415339653,77,19,0.0036751371963782476,0.5540369809866688,-0.40315948261107426,2.030788074408818,0.034028694033622645,0.22482849086125117,0.1255533695220947,2.096650365403629,0.22879707813262928,1.9827354987325394,0.0005028909537941238,0.6245745825299192,-0.002347320318222,0.555291802812158,-0.1032437086105346,0.11391486667108966,83,41,19,77,0.11230450604097315,1.3051187657342933,0.048074448014243605,0.40489945893301227,0.036750586703419574,0.2763333678358899,0.027015895462391148,0.21827432611774458,78,17,0.002292022095833291,0.3419619904523669,4.114491242328574,1.9147161542794855,0.01867103204131125,0.13303808795437017,0.1811766028404235,1.5697074404915323,0.320154845714569,1.5278031930062999,0.00019248256576247547,0.5048954837862795,-0.00270902737975115,0.44646450751685696,-0.1389782428741455,0.04190424748523249,82,44,15,78,0.7238805740464714,1.2036710884406967,0.03796690727671502,0.29502972884878176
Good,0.07050800922055198,1.0547871208530193,0.1662134858779607,1.6683260615087043,0.06132036447525015,0.3621283300488068,0.04022737113758918,0.34435151226488153,74,15,0.004551530044808339,0.6311919315504505,0.18485470110100355,11.03115492312724,0.030625343322753903,0.2028864399685923,0.1331218481063842,3.310089429612802,0.2493547201156615,3.198022645392072,-0.010596021264791474,0.5846449655615007,-0.0141132771968841,0.4546773614180484,-0.1162328720092773,0.11206678422072967,99,41,15,61,0.3684516144464576,2.9047041660675856,0.05243677821477938,0.5379425580803606,0.0674069076776504,0.3495510610082473,0.03628826015454247,0.260470676778584,77,21,0.0031105243953480554,0.46123791622781285,-0.5719631490045893,1.9293878750720213,0.033158823847770705,0.18721550340125956,0.1097899973392486,1.7710200502614184,0.2086047828197478,1.7037418805168396,0.004091381980106232,0.580821686233189,0.0018846094608306,0.5022226405450527,-0.0988147854804992,0.06727816974457879,78,41,13,82,0.08587792365555472,1.3303962482232041,0.0440393002370491,0.35197171055220866,0.0341011174023151,0.38551684053038077,0.02586004227545341,0.2305508757924098,78,21,0.0022213538277494806,0.335606834500204,4.5422802805592255,-0.028343771126783324,0.0187805965542794,0.20582129346218503,0.1811766028404235,1.27344765015675,0.320154845714569,1.180390673383854,-0.00022910445695743242,0.5028594097140149,-0.00081007927656165,0.4498898941124381,-0.1389782428741455,0.09305697677289596,82,43,15,78,0.6317356095794593,0.8334599005475235,0.03737679841983471,0.2876443091081007
Good,0.0704510353126639,0.9864377017475826,0.16728212671354392,1.538107983226799,0.07997004687786088,0.5511518774072424,0.045625558095052796,0.3876821974853321,81,16,0.005134415556267762,0.7194415601999948,-0.44668239374083063,14.520053055547905,0.039586514234542805,0.15910045263090064,0.1284925937652588,3.790156426091748,0.24472546577453608,3.672874317191911,0.006721826642751691,0.6111510956648974,0.007544457912445049,0.4047639873430464,-0.1162328720092773,0.11728210889983703,70,49,14,90,-0.06930216038550964,3.3097654936929213,0.05642450753723747,0.5881631563329942,0.06117956712841977,0.48891058675451543,0.03344334483030249,0.25878704499763244,79,22,0.0031571634838526356,0.41893352688320057,0.012049580812450778,4.218959003591741,0.0305422469973563,0.24465338926071944,0.1360385715961456,1.9509407828604644,0.2373649179935455,1.8609544955763786,0.013439191784709675,0.5576641746251287,0.013330690562725001,0.5194590445810484,-0.1013263463973999,0.0899862872840857,52,40,18,108,-0.2460841928644232,1.4947868911728086,0.04247222164726647,0.32854861926794715,0.03937093541026105,0.3488385500064193,0.022625094124959968,0.18897559827442298,81,22,0.001289652421104678,0.1917673830272074,-0.24740695884024078,0.5210302687745769,0.019944276660680802,0.15442579628236472,0.0668513774871826,1.0794999586871596,0.13699370622634882,1.061423096621857,-0.0006953642820008123,0.3692927129367728,-0.0005075335502624,0.3129681761442404,-0.0701423287391662,0.018076862065302752,81,46,16,79,-0.138412843549106,0.9380525920237546,0.028471311509569757,0.2353513866519715
Good,0.06698176808226813,0.962864275780981,0.16142575099132933,1.5478974522665745,0.06935936212539665,0.5839616715856942,0.03966255191713568,0.3537365192427043,69,18,0.0041010771900511075,0.5572562069224589,-0.07111881042920176,9.373331645159826,0.029632836580276448,0.24665811149572742,0.1221392154693603,2.98578759921849,0.2151229381561278,2.937212347060928,-0.012793627381324751,0.5618211412080948,-0.02367302775382995,0.4095320851056765,-0.0929837226867675,0.048575252157561956,106,50,12,54,0.6973455040457769,2.498052741712722,0.04913845250079965,0.49154166884821965,0.0532049164175986,0.44208723934393723,0.03208379787654845,0.260430512269454,82,20,0.0026778210321140123,0.3923391063662025,0.04449962732478596,-0.08102211201046172,0.02656666748225675,0.20612093842674117,0.1360385715961456,1.434260962080849,0.2373649179935455,1.3623992178979734,0.006305213447194537,0.5402798601325008,0.0081643443554639,0.44943886445820663,-0.1013263463973999,0.07186174418287575,65,35,19,95,0.10140260708050904,0.7569548058520368,0.04054822337134704,0.3169176219483666,0.037357608787715324,0.37909466505528383,0.02507769396179351,0.20115208378020266,80,21,0.001721606005035718,0.254773184610966,0.7027777009995146,-0.30812447041434643,0.0187909677624702,0.16798597141217503,0.1015206724405288,1.1074177306558215,0.2124365717172622,1.0169229471403147,-0.005149036267539484,0.4457964509259785,-0.0048912689089774496,0.3869442642134489,-0.1109158992767334,0.09049478351550688,93,45,16,67,0.12670519019566834,0.6440081440049312,0.03249756532593783,0.2367249647856507
Good,0.07471572263757667,1.0181015268367495,0.18092801074497383,1.5765742474491717,0.07847370207309712,0.39465681108402123,0.04747103782836344,0.3725190561942662,71,14,0.005340810475479174,0.8047715949900198,-0.10396881222858623,23.77616999454999,0.03898453712463375,0.1489540038962247,0.1650160551071167,5.003140851943,0.25799977779388417,4.940233482933257,0.002921812608838087,0.487177000695317,-0.00689512491226195,0.2765886657834725,-0.0929837226867675,0.06290736900974292,84,48,12,76,0.6458667548923267,4.645791512071451,0.0578827229695366,0.7532796061115253,0.06502069439738978,0.4119197782446682,0.03775954127137079,0.25636435953433795,84,26,0.003390631882347565,0.5038994779396334,-0.1350654947965304,2.886929282047885,0.032066317275166505,0.23938146726202383,0.1129041910171508,1.794707725031357,0.245140641927719,1.6260287108216103,0.004244219872634853,0.6193419187069021,0.00690893642604345,0.631955291760077,-0.1322364509105682,0.16867901420974668,74,37,19,86,-0.011096835863127475,1.4939480166188153,0.04598202026677162,0.34686462153423253,0.045338969677686525,0.3872307951373368,0.027845783723096196,0.20714033573927682,77,21,0.0020511563265621603,0.29081842636052063,0.4178166958229488,2.251393582952737,0.02136643230915065,0.16577032248070894,0.1015206724405288,1.4736016359739454,0.2124365717172622,1.4365890834685153,8.354893070645214e-05,0.4700553280469525,-0.0012440681457519,0.41777960870258446,-0.1109158992767334,0.037012552505430084,83,44,19,77,-0.06174014899067603,1.124051485051792,0.03591696536714835,0.26432255850606556
Good,0.07977975135198431,1.1574309405945862,0.19272821011021712,1.8466077811685542,0.0837935507297515,0.4543477104070648,0.047831233218312216,0.392334321397598,80,15,0.005754098723545511,0.8448333099446601,0.009290156469734079,11.711457803194273,0.0419632196426391,0.2266885489592249,0.1650160551071167,3.8900704286421237,0.3273344039916992,3.83280088718294,0.007877099141478536,0.6590032643630113,0.0097995996475219,0.5123950564124446,-0.1623183488845825,0.057269541459183705,71,47,12,89,0.21723485766307785,3.1324473782337603,0.05963632349990162,0.6407402028151155,0.0687796846032141,0.5412074207201654,0.0405943720019422,0.32260691221027094,80,22,0.003982127816425773,0.5768462837791707,-0.3232267923171017,-0.095663799264734,0.034533888101577745,0.26961427416913697,0.1146972477436065,1.6455534405910914,0.2469336986541747,1.575203065400014,0.007515244290698317,0.6505058631280444,0.00795538723468775,0.5690686389355035,-0.1322364509105682,0.07035037519107736,75,39,14,85,-0.001740702740277188,0.7462642729343477,0.04947371820953487,0.3920311286303789,0.05050672218203532,0.3699800194648914,0.03144118450087258,0.2154269540207404,77,20,0.002440156159497126,0.3604006381179585,0.06392960703195749,0.11225299809084666,0.026243777945637647,0.14712630821356673,0.1328340321779251,1.224641773488293,0.2232378125190734,1.1191484451930211,0.003209148091264067,0.5370986536774983,-0.0007677152752876,0.4781217004075713,-0.0904037803411483,0.10549332829527187,81,42,15,79,0.1520443831617269,0.7666327239102857,0.039042617813742686,0.26818962384062717
Good,0.0797753189586398,1.1180010914500724,0.1906985032930968,1.806788389428346,0.0781757086515426,0.47213127872720306,0.04584688515402373,0.34878579777308183,71,16,0.005406316291490179,0.7753513475822449,-0.12834940728340705,11.965265057407409,0.03756371140480035,0.2391945115391831,0.1363319754600525,3.602220378232865,0.298650324344635,3.5202997545810635,-0.01028218790888785,0.665140420220574,-0.01706075668334955,0.5746972364605476,-0.1623183488845825,0.08192062365180143,99,48,12,61,0.42248098693754804,3.0560026896285715,0.057391729459061167,0.5770091584810794,0.0666810851544141,0.40411303228841483,0.03900896421575449,0.29753372314956755,84,19,0.003831196893142883,0.5148230424719111,-0.2278026340985977,1.614384958743429,0.0334787815809249,0.17214396588455658,0.1415072679519653,1.7553245042910055,0.27320370078086853,1.6685616110618295,0.013512161525432009,0.5881678511853755,0.0154639929533004,0.4814662136848137,-0.1316964328289032,0.08676289322917599,67,41,16,93,-0.11937227959033411,1.4728665335685038,0.04717871334436883,0.41095209125138776,0.04972528293728817,0.35990756828350834,0.03073397219530303,0.19676899779575868,72,24,0.0024858850600077017,0.3599519095468484,0.5947944197974682,-0.8062706455371025,0.025971546769142102,0.17201856656490985,0.1328340321779251,1.0814505277886708,0.2238973975181579,0.9510721660359984,-0.003709541854914269,0.5534801180223963,-0.0064713433384894995,0.5271195267090873,-0.0910633653402328,0.1303783617526723,93,42,15,67,0.5549423952236515,0.34254208147725373,0.03936499050189191,0.23154193680791987
Good,0.07819101483859335,1.101530890222442,0.18814941694959975,1.7823969217814364,0.0858566164970397,0.5205672349086691,0.047621527588926224,0.3539563309554928,79,19,0.005669954284884284,0.8022940971922898,-0.33859347335821743,16.526815916834916,0.0441706180572509,0.27045192067743157,0.1463682651519775,3.8585236539668624,0.3091960549354552,3.75614755897072,0.009366325661540026,0.6917152034043056,0.0074293017387389495,0.6008005415800335,-0.1628277897834777,0.10237609499614274,69,49,16,91,-0.0020220740097075876,3.4536673513874643,0.0589722746638075,0.5690555109755375,0.0631535798311233,0.3720334967179884,0.036884239637292884,0.2609590189849628,88,20,0.0037454780635315355,0.49207990805035434,0.07308461666192745,1.8196728122014587,0.033381789922714254,0.1894405736629563,0.1415072679519653,1.8203887763008075,0.27320370078086853,1.787485137119735,0.015581271657720192,0.6086092406824483,0.0210814774036407,0.5395127381945718,-0.1316964328289032,0.032903639181072586,57,43,16,103,-0.36896869217134287,1.1789784842052051,0.045949359746546195,0.34881900780532027,0.04479098878800862,0.379223596384207,0.02918788170820331,0.22594287268303134,78,22,0.0022317381519039547,0.31331039799896176,0.46663657814008186,0.7043756776411465,0.02266487479209895,0.1894264477759262,0.1173007488250732,1.3584936749071186,0.2100591510534286,1.32523567404251,-0.005585720518138255,0.48207247769468253,-0.00645978748798365,0.4292385816373666,-0.0927584022283554,0.033258000864608665,88,45,13,72,0.22824781435192598,0.9411692378436534,0.037043385357243656,0.2844582996649448
Good,0.06547838448145951,0.9926424960637392,0.15812207203358386,1.5969031613310452,0.0622905045747756,0.3225263636790676,0.03824494578875598,0.2909192322427759,74,17,0.004226955857653422,0.563065940694806,0.5886863908524598,5.065425839353322,0.0305916965007782,0.15917850753022336,0.1463682651519775,2.33273651294419,0.3091960549354552,2.324557286029343,-0.014719696715474111,0.6170618704749047,-0.0189753174781799,0.5026119075294356,-0.1628277897834777,0.008179226914847137,108,47,13,52,0.5564748915223316,2.0939330390363926,0.049400714884322405,0.4269667302036751,0.04752546548843378,0.3776705969837674,0.03135587427997958,0.23050532393863069,77,22,0.0026066710825729516,0.3784078001866428,-0.09675531955034788,0.5136078470703009,0.0246604979038239,0.18432616359489323,0.1035903096199035,1.416568491035829,0.19510084390640248,1.3262558701940708,0.008275087736546984,0.5423240704867968,0.006450906395912099,0.48711454874897536,-0.091510534286499,0.09031262084175827,71,39,14,89,0.030029927045230363,0.8597351460986323,0.039629635687386956,0.29033153937744105,0.04011812247335905,0.25939522491649614,0.025054441462270878,0.17566029536145192,80,21,0.001658050400322329,0.23960733585820582,0.3838871115741167,-0.2644489188106416,0.0201098918914795,0.14685456852187734,0.1015864685177803,0.9137309133359585,0.1943448707461357,0.8914113797696425,-0.00642609393689781,0.43751722036934365,-0.0058722458779811495,0.3933665044580711,-0.0927584022283554,0.022319533566316028,90,43,14,70,0.019564474032148386,0.5958230087764177,0.03164244926737437,0.21951313796328684
Good,0.0695715151468128,0.9414073991322163,0.16563170209526995,1.481196514809994,0.0774177461862563,0.25969187633500707,0.04437042273581023,0.3168507914653465,68,13,0.004927312991864803,0.7144489156951391,-0.01454487747801192,28.923492290497606,0.037475973367691,0.11753985210170359,0.152737021446228,4.730553262035899,0.3099241256713867,4.596371716594013,-0.0007892087101936229,0.5185881872591922,-0.0091708302497863,0.3587359780713423,-0.1571871042251587,0.1341815454418859,92,47,16,68,0.49050179966262014,5.126700234086523,0.055662484861061776,0.6674692560188554,0.0595503151416778,0.47383368827273525,0.03474660516949366,0.30784391443677955,77,17,0.0032742320011650856,0.4887628437385845,0.28899623718830414,1.6412291316186574,0.029175162315368548,0.19749972921427492,0.1158577501773834,1.91910472006074,0.24806410074234,1.8901690699443647,0.0068122399970889005,0.5687843878869527,0.0045126974582671495,0.4571280582118314,-0.1322063505649566,0.02893565011637523,75,37,16,85,-0.15273594964021064,1.3552820224588549,0.04486164208167589,0.40650604403212626,0.04050903208553778,0.30284489590675934,0.024149011557456062,0.1777833719745981,84,22,0.0014275657577976142,0.20497676029566386,-0.3547531436633822,-0.2338768236719737,0.020342972129583352,0.15455023354950895,0.0697866827249527,0.959811531758658,0.1462736278772354,0.9067666422505636,-0.003129106340929866,0.39382393966384877,-0.00167476385831825,0.3615372728843813,-0.0764869451522827,0.05304488950809441,84,43,13,76,0.04300960253770512,0.6577093112389489,0.029799114285611824,0.22333711031377904
Good,0.07186039925070034,1.021585177191404,0.1715120159462092,1.6008357267664128,0.07610566914081557,0.3930734232952796,0.04367144904099401,0.36935826132398675,82,16,0.005105412898354047,0.6558324997601145,-0.036973846539932076,8.998595770947203,0.03854498267173755,0.19401022851985167,0.152737021446228,3.263173756354701,0.3099241256713867,3.2224885455212213,0.012214059010148041,0.5911576533555509,0.013073146343231149,0.4128568358341409,-0.1571871042251587,0.040685210833479764,62,44,16,98,0.016811621504998233,2.6552214011772683,0.055324768517726546,0.5535026003907052,0.051009487360715776,0.5370169607980683,0.03463724344270299,0.3344555120754828,76,21,0.0032778743803734437,0.49083667376836,0.2900259120163087,0.0038534223346275986,0.02570021152496335,0.23612541750991187,0.1158577501773834,1.6170254659427623,0.24806410074234,1.543320358933512,0.0028428696561604693,0.5667098196833235,-0.0018403381109237497,0.45927816559410006,-0.1322063505649566,0.07370510700925025,82,40,16,78,0.0024741989590268557,0.9731345700209824,0.0453147158942888,0.4119182613612255,0.0439827684313058,0.352827817547871,0.027487067560432434,0.21941083144617612,84,18,0.0019386308680445468,0.28027682247596425,0.33456711362003544,1.1641523746285083,0.023111343383789,0.17822345651852994,0.09269380569458,1.349839012303025,0.1945112943649291,1.2681041834685556,-0.0007551924092695156,0.44296825372753856,0.00136283785104745,0.39353459416562975,-0.1018174886703491,0.08173482883446956,77,42,18,83,-0.2901272263392401,1.2129218345177402,0.03490975213916501,0.2899240394750654
Good,0.0780304648513549,1.1064444741719905,0.18525411341339326,1.7578260777907095,0.07879139482974998,0.4671134611538674,0.049370217192918016,0.40548450623441673,71,14,0.006190882038520151,0.8544452155407407,0.31294586630640575,11.511496959376261,0.040698736906051594,0.2263595184501711,0.1773203611373901,3.917562958448921,0.329430341720581,3.8461753448150238,-0.008365486562252038,0.6706553886556103,-0.0223300457000732,0.5118824472400372,-0.1521099805831909,0.07138761363389692,92,45,14,68,0.6083538452361662,2.982816258125118,0.061832151850125514,0.636134078011808,0.05064020305871955,0.44031472611753175,0.03496003792970438,0.3260111130470178,74,19,0.0033068219909677295,0.49371961754159954,0.004169512861940561,0.37291348233722177,0.0258541032671928,0.22183258472663497,0.1155402660369873,1.6936745910322466,0.23178192973136902,1.5898124921765528,0.005825954722240562,0.5641975794052501,0.0033433288335799503,0.44816971764359825,-0.1162416636943817,0.10386209885569374,76,38,15,84,0.08093952257953126,1.1457900932696676,0.045228387545089295,0.41880867819907464,0.04716586694121347,0.370602542293051,0.03025888738542557,0.25326610291955265,79,20,0.0025790673989757483,0.3866764267085794,1.3887890182519147,2.4603964572162385,0.02382934838533395,0.14774964670435936,0.1013455465435981,1.7239290534008949,0.25273679941892613,1.6410522789416917,-0.001881311950273809,0.522973109729849,-0.002719908952713,0.400780828911004,-0.151391252875328,0.08287677445920316,84,40,14,76,-0.4440492893145529,1.5179361143921575,0.04023050302057698,0.33641574459003937
Good,0.08637363763909914,1.241496400099589,0.2011676338687537,1.934782946009695,0.09376004338264454,0.451516470078225,0.0541848625708371,0.4168935104606859,71,17,0.007405023693796543,1.0445970225417427,0.02979889272177383,19.824464460121213,0.04510372877120965,0.21002259133137632,0.1940671801567077,4.9608289911128995,0.34617716073989857,4.868943380980352,0.006366918236017224,0.7112498638828013,-0.0042716860771178505,0.5610717746453966,-0.1521099805831909,0.09188561013254723,82,49,17,78,0.5231670976144243,3.991351451764059,0.0679444994431287,0.733975921722531,0.07858610153198232,0.4652266415898183,0.044196417885832444,0.35581471186149083,78,19,0.005150881784393744,0.7816702559265793,-0.0025818151586705085,6.375034688175759,0.03887167572975145,0.23864567131027975,0.1703534424304962,3.052968027931907,0.3168703317642211,3.0488363286635423,0.0069713873788714385,0.716657531280719,0.00610618293285365,0.6395052319905707,-0.1465168893337249,0.004131699268364441,74,33,17,86,0.05563833340270627,1.9714296438294852,0.056485771555197545,0.5177569302145598,0.04111902415752397,0.3269755625520856,0.027410041970142584,0.21941225994216407,73,20,0.0022425454284917255,0.3345992803874661,2.3834391367736316,0.13952670957537272,0.0209068730473518,0.15959546058617055,0.1013455465435981,1.1947747615004374,0.25273679941892613,1.1665415859021953,-0.0005829202709719493,0.5068755508461744,-0.00266017019748685,0.4545743979185163,-0.151391252875328,0.02823317559824211,87,43,18,73,-0.4707535084950283,0.9099608341112976,0.037550818855847504,0.2787049628941927
Good,0.07621638101157066,1.104899174326279,0.17410732496529793,1.717639533630316,0.06796333193778983,0.4022765544854424,0.045799356102943375,0.4056256568510579,72,13,0.005852246578586311,0.8180570520239321,0.7137263378795962,8.94475235433465,0.037030458450317355,0.2059563717472649,0.1940671801567077,3.650204379037633,0.3215008974075316,3.601050613402146,-0.007500691711902615,0.629088046397254,-0.01040750741958615,0.4762876123577601,-0.1274337172508239,0.04915376563548718,94,43,16,66,0.6284995068753334,2.8026907846405322,0.06020003331000093,0.6498501995875808,0.06936212256550775,0.4799711297940435,0.041593125939834816,0.3084691392698111,75,22,0.004405118227295084,0.6641283663043775,0.36232819678032424,0.8957084802118609,0.034150909632444354,0.2385277773842811,0.1703534424304962,1.9870096916064766,0.3168703317642211,1.9271651615894867,0.0019031452015042295,0.7110329270045896,-0.00305031239986415,0.6479500077666469,-0.1465168893337249,0.05984453001698977,83,38,16,77,0.3122103831564006,0.9376037085517462,0.05260104435342145,0.3981966135210889,0.03221488744020452,0.2920810045132679,0.020183990887016945,0.15299896363159593,74,22,0.0012428636855976451,0.17844220568602823,2.5695967327978844,-0.3774001204350088,0.0155541859567165,0.14286355728874114,0.1002803444862365,0.9016634963306656,0.2189656943082808,0.863042569199443,-0.0018000892596319248,0.37751856022847263,-0.00287088006734845,0.36111293280585666,-0.1186853498220443,0.03862092713122256,89,42,16,71,-0.18144160545551774,0.38101370871012163,0.027900081957561117,0.18953084806713988
Good,0.0782379980811211,1.0115054476444885,0.17876905646175123,1.5537429049031704,0.08028249442577357,0.32167867489653135,0.048317946041934144,0.3508669861031926,79,13,0.005792058041085355,0.8181539513637754,-0.20684238842504188,25.020484308555837,0.04189944267272945,0.1647396974542263,0.1796091794967651,4.83159021924345,0.307042896747589,4.799089204634447,0.0004345711320638629,0.5758083751305983,-0.0011926293373108,0.42528504348821305,-0.1274337172508239,0.03250101460900392,80,47,17,80,0.18987206617217586,4.661216514055537,0.060354069950642665,0.6975662452364187,0.07537698373198502,0.47543559581127137,0.04197682705707844,0.34039137020912064,79,21,0.004429960641178559,0.6212200016654424,-0.19374430497095707,6.345789003913287,0.0373064279556274,0.23176990311089732,0.1343321800231933,2.7952310152491986,0.2806621193885802,2.6774894637584468,0.009306777268648137,0.6194961092701832,0.009167648851871449,0.49727323746746355,-0.1463299393653869,0.11774155149075191,68,43,17,92,-0.052166936682796844,2.1764281469431555,0.051951688226110786,0.4872828462654393,0.032390151172876275,0.3371496769286987,0.020779694143857295,0.1944473790567594,81,22,0.0013074610721796414,0.18835766148995664,1.6025791425378815,-0.22866649586901522,0.016448967158794348,0.1521951840833629,0.0994828194379806,0.9059523878073504,0.1904566138982772,0.9002835996207738,0.0008516149828210445,0.3584384205023888,0.00126411765813825,0.32628218401965114,-0.0909737944602966,0.005668788186576674,76,43,18,84,0.2786689896814115,0.7025618028709156,0.02866309040790322,0.24470300406351642
Good,0.07617635157797495,1.0506462889423185,0.1764927738532422,1.6650673140986867,0.08022271096706379,0.4298432424041877,0.04820295508950944,0.40213413952353216,78,15,0.005703116716534986,0.8169513376544363,-0.09969172407650273,11.893737360325645,0.0395367741584778,0.19956306936014623,0.1796091794967651,3.9217700833360056,0.3088669180870055,3.797235201919608,-0.0033125534653663637,0.6177300142071704,-0.007693320512771551,0.4369271340277553,-0.1292577385902404,0.12453488141639796,83,48,17,77,0.29983306020629036,3.217959339193994,0.059798192584313514,0.6598188896978058,0.0535569395869969,0.38725644500550416,0.03452062776574163,0.2917392402812031,77,18,0.003545837645074187,0.4718044621211124,0.8031828906095142,0.5595058051295885,0.026634648442268247,0.15682889174990416,0.1343321800231933,1.690728010017342,0.2806621193885802,1.5780109016925594,0.010526546533219504,0.5792538909185023,0.00868248939514155,0.46198924432768174,-0.1463299393653869,0.11271710832478256,64,43,13,96,-0.12080559187782441,1.1661739330703786,0.04602805101792286,0.36914684337928205,0.03959877043962473,0.3502600822660077,0.02667719320859755,0.21302641484548573,87,21,0.001983661523586354,0.2908044471916405,0.4113997734191752,-0.23682839499997943,0.0203924402594566,0.17963389590979334,0.0994828194379806,1.1831488083776844,0.1913383454084395,1.1553233195398414,-0.0007595110684633345,0.4680834089730139,0.0015285685658454,0.4336980540257581,-0.0918555259704589,0.027825488837843134,74,43,17,86,0.14373199772272716,0.6617242167701226,0.035312963325042926,0.2677729811535188
Good,0.07773017103931856,1.0581062517697042,0.18111827474087455,1.6821996181824945,0.07164666056632985,0.4121154844287873,0.04881532374769445,0.4066993474712005,77,15,0.006466219834885501,0.905468276582771,0.891606194123947,17.824154115434947,0.0375041663646698,0.19766183676673518,0.2338641881942749,4.5956141044274466,0.36312192678451527,4.520862452065864,-0.0055200964212417545,0.6412722273902081,-0.00866267085075375,0.4728405014030164,-0.1292577385902404,0.07475165236158263,85,46,16,75,0.6950577059129286,3.8494272816341195,0.06353063685081649,0.7030207727804152,0.05429943650960915,0.4064874375408769,0.03668888235581104,0.3346740760216849,84,16,0.004284685594537715,0.6146287655417919,1.3751854797715044,4.24944225676475,0.02735053002834315,0.20790576152618326,0.1337134838104248,2.576455534869711,0.2976525723934173,2.497254804988132,0.010287869977764773,0.622679591236625,0.0113493967801332,0.5251713388395218,-0.1639390885829925,0.07920072988157881,60,44,16,100,-0.5748306069446953,1.8682679035682919,0.050874992711823594,0.4763390517259545,0.041742511093616375,0.2977128614061815,0.02572460638824846,0.19932340582140065,81,22,0.0017254987335414112,0.2396479647644866,0.24490426321190784,0.7627614976089689,0.019832685589790303,0.1559895291650456,0.0857987403869628,1.2295552230245845,0.1776542663574217,1.1592979770979892,-0.004890522733330726,0.41824779955566155,-0.00379312038421625,0.3880581794700576,-0.0918555259704589,0.07025724592659528,89,40,16,71,0.16454958185583188,0.992056557753501,0.032575323389727316,0.25439485633820064
Good,0.08270201060292376,1.1727630092963401,0.1952814733982084,1.8526792250130408,0.07071422040462493,0.564436674633976,0.04678082301281389,0.41240794536131004,79,15,0.006238490300862545,0.8492183269659586,0.9079162266718792,10.57480554455304,0.035564959049224895,0.22149791528899782,0.2338641881942749,3.799401860398882,0.3973009586334228,3.740824903921867,0.006852375715970987,0.6809353116656197,0.005097627639770451,0.5105958887184427,-0.1634367704391479,0.058576956477014844,69,47,14,91,0.31745477782165615,2.818474164113786,0.06226016734496184,0.6209230453871109,0.07077103108167637,0.4917132602953974,0.042808293371926966,0.35167754803771234,82,19,0.005364003501293051,0.7459270869762469,0.6141680980607505,8.821298837576537,0.03419829532504075,0.21516106052145756,0.1337134838104248,3.2014873432596014,0.2976525723934173,3.089391175947324,0.016458876151591525,0.6903190083973052,0.0171795338392257,0.5597887497793205,-0.1639390885829925,0.11209616731227737,57,43,17,103,-0.5399556569560299,2.49674985422094,0.05568652228240834,0.5190248102177851,0.04755319654941548,0.34209891623012834,0.029196899886010163,0.22525350502570393,77,19,0.002156982004069591,0.31747383832549114,0.4533244271622814,0.19995324825924277,0.0237643048167228,0.17019772663181287,0.0974317640066146,1.2477140403699023,0.2316219955682753,1.1412349408110598,0.0001578514464199536,0.48142490495011586,-0.0010138973593711,0.4231422861036133,-0.1341902315616607,0.10647909955884255,82,38,16,78,-0.07435259204249803,0.9681994667704161,0.03683160845794483,0.29275228302997575
Good,0.07082426392829325,0.9984106116484781,0.16914493336342254,1.5832003529931105,0.06690326333045955,0.4361745067662552,0.04201297827530649,0.35879054284692835,85,16,0.004825657492193642,0.6383863880435426,-0.23787606721400412,4.070017536877564,0.035169184207916204,0.19082310590048954,0.109456181526184,2.6509331160216383,0.2728929519653319,2.6066638239786983,-0.01620280034840106,0.6109275282072154,-0.0118818283081054,0.44827474858044597,-0.1634367704391479,0.04426929204293976,97,40,14,63,-0.19186554934542097,1.9342399023971684,0.05263860594864988,0.5149310083129242,0.05074714869260775,0.29868001878896583,0.029058892968241677,0.2169678847144178,79,20,0.0025398056185114053,0.3068045063954496,0.036833297076953375,4.35329635797294,0.02667364478111255,0.15059423266893956,0.1324351727962494,1.7061481060890216,0.2113206312060356,1.579570658939307,0.01629640686442143,0.46918028991507943,0.01538668572902675,0.40083687687552905,-0.0788854584097862,0.12657744714971447,55,45,16,105,0.28584193453371626,1.7362995133655201,0.03647079486199233,0.2944050983774766,0.050323342904448426,0.33434974301603426,0.030885886580217587,0.2606759948333327,81,20,0.0024748332816478926,0.37188137032320995,0.23805758282724243,1.1589913387429869,0.02369397878646845,0.1586998964878052,0.0974317640066146,1.5522150861152777,0.2316219955682753,1.5299329795445205,-0.00030419174581766196,0.5030925348708157,0.0004378333687782,0.4338654958552065,-0.1341902315616607,0.022282106570757205,79,40,16,81,-0.0691132531699025,1.1338129892975335,0.03945130928994661,0.34464368800322887
Good,0.07117941444433402,0.9502161865779988,0.16638124152086653,1.4987678400925226,0.08257523179054255,0.31556741139149713,0.04822838117368515,0.371579922409633,78,13,0.005894246895500815,0.85510771038222,-0.15695063373941576,22.253937664616938,0.0415294766426086,0.16067722561144282,0.1732867360115051,4.80468123848239,0.3152562975883483,4.772347427492828,0.004997997358441359,0.5927386282374286,0.0018561482429504,0.4340776289495676,-0.1419695615768432,0.03233381098956199,78,45,17,82,0.09948621604558404,4.357905752705669,0.06067896204460479,0.7097666017624606,0.05189837142825118,0.358092620461269,0.031595607088456705,0.25592781161442446,85,19,0.0026151736987709497,0.3470612829413966,0.07395694991458068,3.3937110579912373,0.0250485837459564,0.16825097137973483,0.1084968447685241,1.8340647663964063,0.2010584175586699,1.7533694895269174,0.008545474457787342,0.4817618585087897,0.01106096804141995,0.3952011661914357,-0.0925615727901458,0.08069527686948892,65,47,17,95,-0.1438410848935987,1.6136900678525699,0.03963936075772608,0.33906753697096026,0.031903203576803076,0.2465629866444733,0.023133008095901415,0.15992587621727822,77,23,0.0016038242684468951,0.2209914807040887,1.5853263323720759,-0.09053869136752768,0.01688362285494805,0.1305527831382299,0.117103099822998,0.926574321430883,0.2143052220344543,0.7862855187684085,-0.0005155576393008208,0.4242673533463042,-0.0024943612515925997,0.4015943966372837,-0.0972021222114563,0.14028880266247454,86,40,16,74,0.2631482954305806,0.7309300904149406,0.03175574022254289,0.2024566461952064
Good,0.06954424592836247,0.9704885401255932,0.16240282617509344,1.5183056977615141,0.07197465002536763,0.49067399039855564,0.04666339068207886,0.42774469385038516,69,17,0.005972595245982817,0.869521491452563,0.1708579594421633,8.351348381551263,0.03283983469009395,0.19466923554531737,0.1732867360115051,3.5211749490594624,0.3290269970893859,3.485266023284547,-0.0025329086929559543,0.6386646740995326,-0.01003232598304745,0.39708356249151444,-0.1557402610778808,0.03590892577491541,93,46,17,67,0.17463831048137166,2.805661087024137,0.061236371830891714,0.679432796904816,0.05404103919863695,0.4453705425474566,0.03255343144992362,0.2850288509894641,78,19,0.0026352261217832073,0.37527955636794474,-0.11314465329595391,0.6298535030938672,0.027340918779373148,0.20220035519637566,0.1084968447685241,1.548093030606648,0.2010584175586699,1.5104823402613812,-0.0002942769788205601,0.49786523220736567,-0.00230509042739865,0.38844130346052647,-0.0925615727901458,0.03761069034526688,82,42,13,78,0.15457568792674745,1.1241264965830944,0.04070979950543629,0.3569450474891766,0.032619651407003306,0.2488981970032297,0.021278158578206748,0.15354371181027401,73,22,0.0013827452110989477,0.1810001174216288,1.954340434978966,0.14545078794245514,0.01556485146284095,0.12711614179519748,0.117103099822998,0.9469431847971386,0.2143052220344543,0.8948197696515456,-0.0034792704973369724,0.38177579145461576,-0.0046021267771720505,0.348383377998627,-0.0972021222114563,0.05212341514559294,100,42,17,60,0.21963393726106273,0.5571344345550663,0.029282582175434675,0.18774280939847077
Good,0.07075012920453448,0.9826205120492543,0.1663592746108768,1.5410421146225997,0.06112277507781973,0.32985152142558494,0.04471927477512505,0.3833322915437611,73,14,0.005827078001178762,0.843907573236041,0.3595370600463035,16.420992047645623,0.030614316463470403,0.166358324063125,0.1641864776611328,4.386721903251164,0.3199267387390136,4.344469714710219,-0.0025605041533708433,0.6018826387933927,-0.00666135549545285,0.4449334664491803,-0.1557402610778808,0.04225218854094521,93,46,16,67,0.19816231908730597,3.768601819966596,0.060483316015191385,0.6940063849527205,0.0508101135492324,0.46621845245035953,0.03404250489547845,0.31425658239478504,80,19,0.0032669931985141454,0.4755157645564527,0.7159069121349435,2.382217085289896,0.02445144951343535,0.2366890375075022,0.1455338895320892,1.9369458037464464,0.262063980102539,1.866592163918223,0.005622509960085147,0.5451973074572163,0.0058466717600822,0.4465370070594221,-0.1165300905704498,0.07035363982822333,70,43,14,90,0.26863300083358144,1.5781355895507188,0.04497667466274406,0.42222702483125624,0.041445687413215554,0.2905085029445062,0.02410306693054732,0.198166660434485,80,20,0.0015628017619164583,0.22552642738687456,0.31753314006488376,1.8185835174338232,0.02099099382758135,0.1470241822635987,0.0943314582109451,1.2889436745725036,0.1809979826211929,1.2363767979526585,-0.003595604980364433,0.3939621683719906,-0.00378179550170895,0.3299104083449492,-0.0866665244102478,0.05256687661984494,94,43,17,66,-0.15120710473585544,1.3869948080393093,0.031142968775857784,0.26517963209589446
Good,0.07589690345446704,1.0472034556321355,0.179634763151407,1.6323761836655164,0.06815615296363821,0.3540251655994636,0.04222844666801388,0.3406185275970111,70,17,0.0049073701750148345,0.6088631546466993,0.40208696368969044,9.012829476022176,0.03384608030319205,0.1822168228222497,0.1641864776611328,3.0982980138875096,0.3184683322906494,3.0722042878420717,0.010015876218676566,0.580979025646034,0.00229567289352415,0.46060956501211503,-0.1542818546295166,0.02609372604543803,75,49,15,85,0.35758578936191776,2.620619687717676,0.054639249909272825,0.5208901289197985,0.06333082169294346,0.5290602916551653,0.03923570865299549,0.32901801386565926,75,21,0.004204771025503166,0.5688736789482697,0.06696149170773014,5.381688180339294,0.0335506051778793,0.25711957619693315,0.1455338895320892,2.5633637605152733,0.262063980102539,2.4851733166076833,0.012570383772253979,0.6092200400260654,0.0090401321649551,0.5060424398079705,-0.1165300905704498,0.07819044390759011,65,45,14,95,0.15214844956652832,1.8725096404342885,0.04985480647401251,0.44466236829633893,0.05287912115454668,0.3209737949767521,0.02983737748814742,0.2399216388624662,86,18,0.0022792278480358004,0.3103237146824106,-0.18207911120933273,5.170377555921258,0.02615275233983995,0.14665896397178174,0.0943314582109451,1.8416968199787553,0.1904693692922591,1.798295612167984,0.0033092259429395115,0.4421771179934169,0.00501406937837595,0.3458149340566582,-0.096137911081314,0.0434012078107713,69,47,14,91,-0.17778029927660022,2.081937841761112,0.03771547140867148,0.33882607781197494
Good,0.07184116208006187,1.0121809038050609,0.16984692126512502,1.5955039027847113,0.05010299384593958,0.5464577535615575,0.03639703965745863,0.3340967706908753,70,17,0.004238972693730745,0.526023668535138,1.0665381590003893,5.728995834525845,0.0249399244785309,0.13981733996238466,0.1408271193504333,2.5477783820279685,0.26342827081680287,2.511642259591834,-0.015673409774899463,0.5670273044673059,-0.024072378873825,0.40935663392948773,-0.1226011514663696,0.03613612243613443,110,47,16,50,0.6082797084534218,2.0767677003784146,0.04918149838359082,0.4522208581254068,0.05565581843256941,0.39407155830486706,0.03457157136523161,0.27379967429370194,78,17,0.00336865765442022,0.43337860419078356,0.08128957020386407,2.216277012073297,0.02820189297199245,0.21047636846741155,0.1244122087955474,1.7577084724026573,0.2390287220478057,1.7217102500611283,0.013462649518623934,0.5448480958739487,0.011742265895009,0.47834398322633254,-0.1146165132522583,0.0359982223415289,62,45,15,98,0.07769478668589423,1.3347596423028771,0.04400306566737284,0.3694849883463685,0.049036469310521955,0.2907604411757331,0.02949052988551552,0.2044414463102181,80,25,0.0021919978287757115,0.30266891885944763,0.053708406148879284,2.283342960454779,0.0245201401412486,0.1325383019562162,0.0860140919685363,1.4771812887610762,0.20314341783523548,1.4187840123404158,-0.0015301836188882638,0.48362850244345684,-0.00203717127442355,0.47137821431285865,-0.1171293258666992,0.058397276420660324,82,44,17,78,0.04365037630749191,1.0477868726813973,0.037097962188890624,0.26224490554393387
Good,0.0833581394763994,1.1937898537030074,0.19566680163145042,1.8682921516414874,0.08434249460697164,0.5731372846022257,0.05386315107345576,0.4045124854456781,69,19,0.007077165686395822,0.9336127767284442,-0.3366364004612641,20.48701339304661,0.041482657194137545,0.26593208770999444,0.1842469573020935,4.698612305932604,0.3266584277153015,4.616402543445977,0.004987275600433358,0.6777755104937941,-0.0073420405387878,0.5108194287893468,-0.142411470413208,0.08220976248662774,84,49,14,76,0.35489855977497997,4.0216018891863445,0.0665283266747791,0.6886458698803913,0.05911941826343525,0.44593994535652615,0.03999825239647176,0.2799256902445539,88,24,0.004763487116055132,0.6838875209755532,3.324716786988845,3.797163935549868,0.028046131134033148,0.2243121673101134,0.1052325963973999,2.2987966089072267,0.3546921014785766,2.2525953877841496,0.011129905143752682,0.7345945101484211,0.017401743680238647,0.691563697254717,-0.2494595050811767,0.04620122112307716,55,45,19,105,-1.2011914949641136,1.2762701254320465,0.05358404586578396,0.37981367357607654,0.04596230015158645,0.2629189050475588,0.026707288419711355,0.16971288405740584,77,22,0.0018129150339542019,0.2580311774374163,0.15109428015928605,0.8427363723252435,0.0231411382555961,0.13612050588075952,0.0819485336542129,1.1365627737902217,0.19907785952091211,1.0444022064898544,-0.002928084833547469,0.45592213099927215,-0.0042168721556663,0.42319371546895945,-0.1171293258666992,0.09216056730036737,87,44,15,73,0.032301843603860486,0.9596325316374649,0.03363882476022659,0.22397809692579065
Good,0.08417379070245817,1.2382606065395556,0.19667038267478326,1.9499957362080436,0.07679241895675648,0.47442254846445236,0.04892847516108299,0.39611940987083216,67,19,0.006190535579292656,0.820496763417711,0.024633717390931675,8.390204950184138,0.035689890384674,0.25119337628223204,0.1842469573020935,3.4220694983117337,0.3266584277153015,3.346644740883038,-0.00021775774657725177,0.6468199120134258,-0.01004874706268305,0.4961241061034726,-0.142411470413208,0.07542475742869588,93,53,16,67,0.5419915387171584,2.752191028632975,0.06239688202677568,0.6341299274128728,0.06938719004392617,0.6096052509232215,0.04331140802154546,0.32923410177080903,86,24,0.005245613458474681,0.7957587927078025,2.0989289128438697,-0.3203727904247078,0.034914225339889554,0.2930004446463912,0.1569727659225464,1.7833807564343291,0.4064322710037231,1.6872794855119193,0.0028343093697912984,0.7915563927965866,0.0043696910142898004,0.7820663609179093,-0.2494595050811767,0.09610127092240979,70,40,16,90,-0.8123758587903847,0.3833917055710988,0.057367622643276515,0.4113359572547219,0.04983636364340765,0.39075455135211035,0.030191343870246738,0.24273020760155764,82,21,0.0023740126305442305,0.3465009952040897,0.4930350739193572,-0.3030312532721937,0.02402342110872265,0.2026295756275378,0.0828738212585449,1.2275447991305537,0.228901520371437,1.1816444859694009,-0.006182930851355188,0.5116194313980315,-0.0041814297437667,0.448129357146139,-0.1460276991128921,0.04590031316115284,85,43,17,75,-0.33175413520670016,0.6643434570857543,0.03813948923586066,0.29111261157848317
Good,0.07946084866272465,1.1102851546694426,0.18857224224135255,1.7590421139755585,0.07693810760974873,0.33792715449839694,0.04695544757414604,0.33755266915872945,67,14,0.005463684791825216,0.7687149279630033,-0.32182153897138255,25.624838114978804,0.0355801582336426,0.19111349141245726,0.1400462388992309,4.671768861838303,0.2743927836418151,4.639166360260852,-0.0012694578617811147,0.5669292503620125,-0.012941807508468552,0.4500950161705377,-0.1343465447425842,0.03260250157745177,94,51,17,66,0.36464328700064913,4.694358206296589,0.058605956051045086,0.6688095043037064,0.06465898454189295,0.49978267198845355,0.03922724893156552,0.3151294480318166,83,25,0.00408816129395749,0.6015086030579124,0.301484536539089,0.7662299903273877,0.03252510726451875,0.26999154537496417,0.1569727659225464,1.9233167872461294,0.30676108598709095,1.8550858363295546,0.004018206626642492,0.660819168907776,0.0066436976194381,0.6566051519780645,-0.1497883200645446,0.0682309509165748,72,44,16,88,-0.08249287587180995,0.9222896395155261,0.05054624707694738,0.40598845927187227,0.04910813644528378,0.3291582661679647,0.030777690559625582,0.22624695365287228,80,19,0.002520955143610244,0.37968575613369226,0.9748078306970211,1.8354152292101107,0.02495317906141275,0.16200959089502262,0.1194920390844345,1.5342820007699585,0.2655197381973266,1.4341200828284921,-0.006031179241836064,0.5312936947057699,-0.0060270428657531495,0.48000796355922026,-0.1460276991128921,0.10016191794146624,88,40,16,72,-0.0951826513670871,1.2830374790639862,0.03935609841210308,0.3121101826272003
Good,0.07844549901566097,1.1416227574943356,0.1904568415135143,1.8168961326906332,0.08427418768405906,0.38371529841819096,0.0470707778446376,0.3095930055405439,76,16,0.005396248782395887,0.7036160970978707,-0.4297709324524357,20.51073842689982,0.03994974493980405,0.18056171310282215,0.1400462388992309,3.7637087680962606,0.2743927836418151,3.6664113013279116,0.011245028302073473,0.6471068673013939,0.0045563876628875,0.5078882633494008,-0.1343465447425842,0.09729746676834915,76,51,15,84,0.21194326130555932,4.017299783047549,0.05715436300096242,0.5337310178256901,0.06314505636692044,0.4025946641303345,0.03869909043656659,0.26808792093221806,86,21,0.004287638189394426,0.5810795116828228,0.1779503315844515,6.856761637933555,0.0309849381446838,0.206136744238475,0.173051118850708,2.418829021627632,0.2699470818042755,2.2727769415212506,0.014715819898992765,0.6580581436199275,0.0178016275167465,0.6033824685329068,-0.0968959629535675,0.14605208010638138,61,44,14,99,0.20536254652310806,2.044463286519921,0.04978664934905452,0.38475835442302947,0.052921149879693874,0.30141997513316465,0.031042680864338718,0.21005841531558514,77,20,0.0024532405204379633,0.345677170708231,0.3435552778354518,5.353360995479051,0.02704923599958415,0.1505407392547623,0.1194920390844345,1.7775652105968938,0.2020879834890365,1.6535023523375207,0.0017374436836689767,0.5117311217693117,-0.0009086653590202,0.45746024427190435,-0.082595944404602,0.1240628582593731,83,43,17,77,0.4854202481211658,1.876510799243075,0.039241315856610816,0.28949685615037857
Good,0.07754960830841151,1.1121820326488487,0.1877176247909663,1.7759113388075263,0.0655037462711333,0.44962255264091056,0.03853775655850765,0.2965193864425404,71,19,0.004244113239871148,0.5241050802078918,0.1010907098438949,9.145654283256027,0.03225538134574875,0.20929031203535028,0.1160303354263305,2.7468545862694005,0.2350319623947142,2.7256389442055564,-0.017588706314563735,0.5530019177773853,-0.025259524583816452,0.469199491135396,-0.1190016269683837,0.02121564206384419,111,50,15,49,0.7207420421587653,2.694830509904077,0.048558679383775935,0.46721939080310615,0.054172867909073746,0.5904715308664532,0.0371462529612472,0.31039129798383724,75,24,0.004304911424591027,0.5543812291596821,0.3986846555579908,-0.6622525819012139,0.02713620290160175,0.29225803651122406,0.173051118850708,1.6020513950357609,0.2612115740776062,1.5633518374390085,0.019486410310491902,0.6491506440207696,0.0177889317274093,0.6210534672120998,-0.0881604552268982,0.038699557596752365,61,40,15,99,0.5009235581592293,0.3462539982230467,0.04822222618194528,0.36467063293758956,0.056164415553212055,0.3945212523138666,0.03395033195120045,0.24663980227512097,75,20,0.0029142615520116677,0.4204824492763181,-0.1309466440446867,-0.26343001516451636,0.02802576869726185,0.21297263371913183,0.1076489835977554,1.3185594997867915,0.2181150540709495,1.2884066212524217,-0.0036711591528728513,0.5737587770093712,-0.00585930794477455,0.5099113109216997,-0.1104660704731941,0.0301528785343698,91,45,17,69,0.26026348129701365,0.5912065396837919,0.04265333196279775,0.3021312878220803
Good,0.08781313703257791,1.2464982104655051,0.20928143221884943,1.9578360996384858,0.10277943313121782,0.4339543198143224,0.05376066091936077,0.32853337396478355,81,20,0.006533492267648129,0.8615497229561417,-0.3454421565448489,29.26258136286689,0.05321249365806565,0.2341116329554393,0.197039246559143,4.873881317301066,0.3691945075988769,4.8086042634942245,0.003018728271126747,0.6447407438561686,0.0073533654212951,0.583034132893322,-0.1721552610397339,0.06527705380684201,79,51,15,81,0.05780924468527385,5.030291571411534,0.06403080977669501,0.6677268125273511,0.06346926465630523,0.5592932568597633,0.0435609103646129,0.34048442730581807,80,22,0.005630411687276158,0.8004566694136226,0.8667301093345605,4.72063448229807,0.032125286757945945,0.274982120275506,0.1934071779251098,2.73433283448241,0.3683696389198302,2.613380838533793,0.012969315657392132,0.7677160764199555,0.0124718248844146,0.7122833100183792,-0.1749624609947204,0.1209519959486173,65,42,17,95,-0.0965622469164917,1.6555851229456822,0.058067877487479276,0.45942213205283433,0.053167879581451326,0.440201628170425,0.032274596371280447,0.2473878958967893,85,21,0.0026440611837831828,0.3978517815543095,-0.33906163159027836,0.0677036367440289,0.027343038469552952,0.21989521895051473,0.08517986536026,1.3600185550425035,0.19564593583345408,1.3052192950928587,-0.0012611180776730222,0.5453792793623619,0.000956155359745,0.5141102279606173,-0.1104660704731941,0.05479925994964483,76,43,15,84,-0.17196171474680483,0.7519779239372502,0.04075943008296307,0.31688045568715717
Good,0.07585798852619685,1.161526024114289,0.18082910639233862,1.8259041375816774,0.07496370375156396,0.5182379822210864,0.04498378418851639,0.3544723632567214,71,20,0.00527597696566349,0.6909956384894602,0.5798808125413717,8.164194872941927,0.0364434421062469,0.2698541807386056,0.197039246559143,3.103723983402686,0.3691945075988769,3.0439126640642478,0.00276541449129582,0.6394617426499655,-0.0033141374588012,0.5173262440579107,-0.1721552610397339,0.059811319338438015,87,49,13,73,0.1818139549314517,2.480587076440334,0.057537195724199075,0.5311161061166662,0.06674457062035791,0.48955644135677323,0.04152204457532203,0.34476870731778275,79,21,0.004807625714355961,0.7091124392852692,1.1632655337522575,0.05777655490046918,0.033337622415274396,0.23912685909453502,0.1934071779251098,1.8287711694635365,0.3683696389198302,1.7028621511520863,0.004110173118533565,0.7231188365894536,0.0038830791600048,0.6219815885596964,-0.1749624609947204,0.12590901831145027,76,42,16,84,-0.030164239937504833,0.8811878292485135,0.05483305754429539,0.4315224066659627,0.045538414269685676,0.2898060907651916,0.026714108772575806,0.20269276872046546,81,22,0.0018558473726938984,0.2832687913204461,-0.08377791612083252,0.3663700588451584,0.022764980792999247,0.14771968561994694,0.0890859067440033,1.1936617559788416,0.1796828806400299,1.1251360591735993,-0.0003486037254333524,0.4633235583422586,0.00016801804304115,0.4264648215206024,-0.0905969738960266,0.06852569680524226,79,39,16,81,0.08695087110667546,0.894338201778137,0.034162513323891766,0.26191615376970123
Good,0.06592376169909156,0.9347630105712211,0.157627136679366,1.47355918875319,0.05800786614418017,0.32033161294127316,0.036122870631515945,0.2596606857316917,70,20,0.003804476072169999,0.4581714128331831,1.0793521111565978,12.171868235528748,0.029417514801025398,0.17359513577398694,0.1620308756828308,2.71594301973492,0.2647842764854431,2.6761444046140466,-0.012465678155422192,0.5254112517517135,-0.017693966627120902,0.4598797870287585,-0.1027534008026123,0.03979861512087372,111,47,17,49,0.9004349566274428,3.0479245701659816,0.047290398597161554,0.42674867236569186,0.05218261480331408,0.4668306122878394,0.03417411825612358,0.29733624369830747,85,22,0.003258026896848896,0.4509686323255792,1.2610875099893395,1.464005713795057,0.027839682996272947,0.22934459155839848,0.1037556529045105,1.8723677149678406,0.2774149179458618,1.8645078438582758,0.009788459521951145,0.5486711065757098,0.013639159500598848,0.44978838823430545,-0.1736592650413513,0.007859871109564796,63,45,16,97,-0.5367097998747266,1.1380595287199695,0.04418887842911185,0.38720621009297534,0.0403145365417003,0.3397103486829767,0.023660022751428138,0.17528016145035002,74,22,0.0013883806417232575,0.20639194670761288,-0.13362219171091594,-0.3027655074318485,0.02140708453953255,0.1713080853660511,0.0890859067440033,0.9592080448731773,0.1595667898654937,0.8979860729502247,-0.0019694158807396834,0.39947683042576687,-0.004746064543724,0.38061064373789444,-0.0704808831214904,0.06122197192295268,88,43,15,72,0.2257781401326305,0.5145541228812923,0.029483764677154738,0.21635667001642425
Good,0.07034244351407339,0.9517991500945961,0.16597604528069473,1.4956129017678852,0.07891272008419033,0.3361553570617206,0.04335463758558031,0.29049359616422266,72,19,0.004544664337502014,0.5601231359993261,-0.12832154535147078,24.9145033946077,0.040101438760757405,0.1806645423907106,0.1620308756828308,3.792832253176176,0.2647842764854431,3.7479641743267567,0.004528001323342324,0.5225959220447471,-0.0016078650951385,0.3998306347300655,-0.1027534008026123,0.044868078849419145,81,51,16,79,0.5653207480407976,4.53056075080033,0.05326957586804902,0.535739337982126,0.0549915060400962,0.41767110641327754,0.0349424565513618,0.2693467724388576,81,18,0.0039882282088933955,0.5113015318218903,1.855440350338232,3.5676764684319284,0.02836751937866205,0.2053371125012024,0.1155391335487365,2.036423525312939,0.2891983985900878,1.9429173690310468,0.01635923739522694,0.6112974822156535,0.017105355858802747,0.5549510784643791,-0.1736592650413513,0.09350615628189216,52,43,14,108,-0.7843132252219672,1.6143696109354044,0.04731819741065472,0.3709675458294069,0.038928678259253426,0.2659014333059487,0.022279675046447615,0.1648966283694257,81,24,0.0011991151563172436,0.17254091055718518,-0.3317322740171864,-0.12107802623806485,0.018919564783573102,0.13462391380796004,0.0684490203857421,0.9050795856696684,0.147793874144554,0.8393624527873794,0.00118440221995115,0.3617194975074842,0.0027964413166046004,0.31716956856852646,-0.0793448537588119,0.06571713288228896,76,47,16,84,-0.12811433004666806,0.7161510452888005,0.02743626877614525,0.20420557210839824
Good,0.06615967359633913,0.8827232768791687,0.1547657002136109,1.3870437895737022,0.054222449660301125,0.34713707922941495,0.03698802215978499,0.3372048999857361,73,15,0.004006235159933945,0.515675276205203,0.7452820587336841,9.225570759088818,0.02672916650772085,0.15550188905499562,0.1529029607772827,2.726892008620399,0.2545796632766723,2.724954577007561,-0.014702711999416338,0.4744252349412076,-0.02082511782646175,0.3002440771387254,-0.1016767024993896,0.0019374316128378244,104,51,15,56,0.757057267736691,2.929855942674522,0.04798036532190623,0.5390695434321838,0.04779808782041065,0.4280216920239698,0.03185124948708105,0.2701231429678747,79,20,0.0031071835608050525,0.4028808001073545,1.123231416518962,0.10100470744191803,0.02462713420391075,0.2320038219077594,0.118527740240097,1.363774286553414,0.2507361769676208,1.2882880961826764,0.014064263249747444,0.5323552462936122,0.0136049091815948,0.49558275141880853,-0.1322084367275238,0.07548619037073746,59,46,14,101,-0.21831081083860715,0.9540495363689117,0.041894581385053746,0.345656899035766,0.036859095096588024,0.2282728421349695,0.022699859309941485,0.17326363943475495,82,17,0.0013433143550576807,0.19454814681326174,0.4264532753777335,0.38015110711853284,0.018819771707057897,0.10436387690674459,0.0981988906860351,1.0118693130448089,0.177543744444847,0.9398937175066155,-0.004924187064170832,0.3802633083388825,-0.00384271889925,0.32264539203069975,-0.0793448537588119,0.0719755955381933,88,46,14,72,0.19709253203421453,1.0405652641823482,0.028643527657171482,0.22349040951331622
Good,0.07202418609455423,0.9426717168508961,0.17095839772373417,1.4593876242047874,0.0857514292001723,0.41391229608777125,0.045573009452782524,0.3327637989636869,77,16,0.004947595044992739,0.701222787828916,-0.48799506214462207,31.35151832188383,0.041532725095748846,0.18281690509557513,0.1517435312271118,4.864608206401524,0.2534202337265014,4.802240647923076,0.0013765368610620498,0.48870142528103144,-0.0022802352905273,0.3248874838221236,-0.1016767024993896,0.06236755847844781,82,49,16,78,0.2931256232807562,5.308189750926184,0.055765475213628915,0.6799953711292486,0.06134868785738938,0.4692135705224185,0.036504206783138184,0.2983645148452378,80,19,0.003553108977856949,0.49408642987927004,-0.07530527937845788,4.096625956716368,0.031545132398605305,0.20439779896437568,0.147187054157257,2.2207073909012656,0.2528881430625914,2.126435184842496,0.011025947215966867,0.583313158103765,0.01044088602066035,0.46296314570865477,-0.1057010889053344,0.09427220605876957,60,47,18,100,0.0654091025489729,1.7130514978573768,0.04596002199507174,0.392214468705939,0.03517776541411868,0.320093973070259,0.023431204678490712,0.2041451575700199,80,21,0.0014369125855857037,0.21134651448934838,0.3364521786845631,-0.0702640705840607,0.017489094287157,0.16641446765093,0.0981988906860351,1.083067362533026,0.16889189183712,1.0386007857976034,-0.002244871249422426,0.3873730408199911,-0.0024032741785049,0.31078838987057245,-0.0706930011510849,0.04446657673542256,82,43,18,78,0.2520557468946355,0.8397761130452055,0.029977449286511432,0.24756542920048832
Good,0.06805824110649092,0.9518278797319708,0.16461351126432394,1.49213387395838,0.0715220123529433,0.37604727996610693,0.03894812627695497,0.2647587320149379,71,20,0.0040688269680110465,0.4989843900940828,-0.049062361530764154,24.249135182143362,0.03566730022430415,0.180894092947459,0.1517435312271118,3.389914224556683,0.27654141187667836,3.324176020637614,0.012472849339246743,0.5254191823489883,0.0088270604610443,0.4413330677156057,-0.1247978806495666,0.06573820391906937,62,49,17,98,0.2413707039928813,4.419578610450088,0.04901489835752592,0.4721430640322944,0.07509603351354593,0.3928472044393503,0.03764303099713284,0.2849919255221638,86,19,0.0034805549055386465,0.5141351469747812,-0.2859261554054058,7.691962353757571,0.03545983135700225,0.20095859604434047,0.147187054157257,2.5266928472171717,0.2528881430625914,2.416865346336481,0.00571898478083311,0.5869496461664737,0.00849211215972895,0.5032788487348036,-0.1057010889053344,0.10982750088069082,65,43,16,95,0.07424559340693869,2.3208469008961035,0.04643399350143518,0.41185587265429674,0.04232412576675405,0.33583851719997027,0.024978188521345094,0.19778240454954235,81,19,0.0014762585010197637,0.21059681533629973,-0.5116626246848934,1.6085036885796589,0.0215483605861663,0.1462822497195893,0.0712213516235351,1.1438123325339764,0.14191435277462,1.09576497179525,-0.0003874490503221726,0.37976504544291795,0.0005144104361534,0.3042329295992531,-0.0706930011510849,0.04804736073872642,79,41,13,81,-0.043838798295668106,1.3621845488157185,0.030468236003302895,0.25763409245679847
Good,0.06479397205315315,0.9156735483772073,0.15639115918427682,1.4638815844973228,0.05574308335781088,0.3895444925750616,0.03630884114187207,0.2856104098061877,79,19,0.004059057480322637,0.4370953912066748,1.5061414258543984,5.641110427141248,0.026993483304977303,0.1664448643544367,0.1660563945770263,2.282411132804072,0.3243119120597838,2.2581608351197864,-0.014833799377083762,0.5227846019274069,-0.0169319808483123,0.39564474577573716,-0.1582555174827575,0.02425029768428568,101,47,13,59,0.43049741960304955,2.0474136435229444,0.048284995872497724,0.40471181252130184,0.055777817964553694,0.3932084503402725,0.03153993696207177,0.23484257089997634,86,21,0.002533984222519022,0.35827540986895856,-0.4254892242398638,-0.051518464280711385,0.026691153645515452,0.20881899989103703,0.1176206469535827,1.3571846384467647,0.2024360448122023,1.2972492284441757,0.007413981575518834,0.5227378131152332,0.010708034038543649,0.4838528386962885,-0.0848153978586196,0.05993541000258899,62,43,15,98,-0.027200022009227325,0.6565735771367062,0.03922228882794703,0.2915829017765996,0.04610735177993765,0.29759409309885143,0.02594589674408776,0.21024708659119992,75,21,0.0017301008160646703,0.24513552920485127,0.06088832530343602,0.529951430494815,0.02317638695240015,0.14511852571468714,0.0862680673599243,1.224056815459757,0.1810320615768432,1.1889576291352775,-0.004758145357482124,0.41835916945468266,-0.00711247324943535,0.3756059794971719,-0.0947639942169189,0.035099186324479684,93,42,15,67,0.1333776479672012,0.9505471221013806,0.0326394145772739,0.2647850723474407
Good,0.07899793495618128,1.114712748686759,0.18738157324492907,1.7674499658560023,0.08531542122364036,0.4597722378095045,0.05027420369442548,0.33698545901151017,73,20,0.006411946263793198,0.8051889134611716,0.04230701779148616,24.448788311366773,0.04163810610771185,0.23352102417218287,0.176015555858612,4.411649801859359,0.3342710733413695,4.3957247030681605,0.00492714531719685,0.6497486702725801,-0.0028021037578582,0.5856504572971561,-0.1582555174827575,0.01592509879119896,83,47,16,77,0.30491296925688105,4.42032210198782,0.06331067177933881,0.618882524345441,0.059514679014682645,0.4872344841631464,0.03700333024084098,0.2837539406212619,87,21,0.003794246494426828,0.545492642573511,0.7287499442223702,0.04278732795477724,0.02883039414882655,0.20688759559151726,0.1176206469535827,1.6825032502042845,0.2659421265125274,1.5682337824538686,0.007868602266535154,0.6490467837031432,0.012063309550285301,0.5867621760886861,-0.1483214795589447,0.11426946775041585,61,40,17,99,-0.6427160531979774,0.7556501197602182,0.04820803093290599,0.3524640621937454,0.04764312505722033,0.34804340849803567,0.028748591442126725,0.22095786416283514,75,20,0.002121015324258306,0.3008096793500783,0.28148191956765567,0.6608577689360389,0.02457529306411735,0.1770865342321774,0.1100117564201355,1.2770685288271892,0.2047757506370544,1.2415488517577669,-0.0003538055345416027,0.46865451188027896,-0.0037247538566589,0.4217131755868582,-0.0947639942169189,0.03551967706942244,85,43,16,75,0.23496013757068235,0.9024438960059904,0.03652185559918496,0.2849081042096481
Good,0.07594552657237638,1.0878380339250067,0.18204588230699276,1.7237077772416736,0.0818511843681334,0.36931763052614147,0.04654507371596987,0.3435975517675982,69,18,0.005456582850138567,0.762861239095331,0.33299277944535666,10.55750862422752,0.0392158925533294,0.2014833421133847,0.176015555858612,3.2196997862028436,0.29809695482254017,3.143620750402827,-0.005965571850538238,0.647086033374397,-0.01806816458702085,0.5085023739646171,-0.1220813989639282,0.07607903580001667,97,45,14,63,0.7323456886558287,3.1278346560230093,0.058275219790170016,0.5866352397419711,0.058060325682163155,0.5285462515596904,0.03591186095727603,0.293064734891294,78,21,0.003476942502792888,0.5000922892676429,0.8876787886547928,0.6790011191792327,0.028135888278484247,0.2437529774373528,0.1121225357055664,1.7863726700610367,0.2604440152645111,1.7261179565855416,0.0035494784824550126,0.6110140070425146,0.00291611254215235,0.5387488871802844,-0.1483214795589447,0.060254713475495124,74,41,16,86,-0.5012253025890409,0.88648293210326,0.04662701208363226,0.3560255222108281,0.04931515082716931,0.42156239488858815,0.02989207294216608,0.27355150722670396,77,21,0.0022930752186242184,0.32278674718694333,0.07342631316059567,-0.21569299164445654,0.0245690941810608,0.20595306819138,0.1100117564201355,1.336364200948372,0.2011772990226745,1.2638022556289057,-0.003462258749641474,0.46560773682476175,-0.0047302767634391,0.35593230765370765,-0.091165542602539,0.07256194531946639,87,43,17,73,0.13878470150818623,0.848069346194197,0.037816967686768004,0.32557054933741597
Good,0.0774084557573953,1.0494245792294188,0.18666462346911408,1.654207778663195,0.07633225619792927,0.44894189832438486,0.049229031549766614,0.3870634653178253,66,18,0.0061409067045309065,0.8857954689853953,0.4446014873503197,18.9759927171064,0.03768160939216605,0.2068223759745455,0.1896548867225647,4.668445429478486,0.32027840614318837,4.604879459734399,-0.001396365836262689,0.6130941824436492,-0.0179469585418701,0.46442150012991035,-0.1306235194206237,0.0635659697440861,94,44,14,66,0.8747171961617562,4.037266928726873,0.06213085685768241,0.714080522377658,0.06543440744280807,0.44358635373640615,0.03848450320889238,0.3129621744951485,71,24,0.0038462265275894425,0.4979514781941052,1.1690384558809725,0.7701423172337458,0.0318682715296745,0.23876630564400733,0.1254380643367767,1.7967935064136515,0.3205317258834838,1.7650972754527263,0.006063598487526176,0.5827273263446167,0.00286497175693505,0.5273313027282541,-0.1950936615467071,0.03169623096092518,75,45,16,85,-0.2788781700606399,1.0136137029121328,0.048805859562899116,0.3979702769370593,0.0508877336978911,0.28460954090195006,0.028694054684601678,0.19773456301927123,82,20,0.002079617233254884,0.276674606134976,0.24688009347682005,0.7018809190388744,0.0252718105912208,0.1500846686379379,0.119813323020935,1.2480599451803371,0.210978865623474,1.2084087646025694,-0.004311655275523658,0.45838626987492925,-0.0035874396562576,0.40820170468065176,-0.091165542602539,0.039651180577767724,84,45,16,76,-0.0006844910149009594,0.8634292340049718,0.03590582229998835,0.2579857238785212
Good,0.07645260316038838,1.0892959096685404,0.18114031374454476,1.6834672469899055,0.06237941980361933,0.3935318237575976,0.043665767251513866,0.3599432067556275,65,17,0.005344868903796995,0.7181437030456398,0.7751261283585751,11.490566357964148,0.030083924531936597,0.2023653742652448,0.1896548867225647,3.5582902751933965,0.32027840614318837,3.491341106567379,0.009360246732831003,0.6172914141205904,-0.0009383857250213343,0.4541908444516477,-0.1306235194206237,0.06694916862601734,80,43,13,80,0.8156884360648275,3.0535780061126756,0.05721352565574773,0.5805988400768999,0.07124044001102438,0.45666852593522356,0.04109157033497464,0.3103652703885879,78,19,0.004715258447307975,0.5935842740399102,0.879258169768431,3.3945316379345316,0.0336818993091583,0.22610722942790823,0.1324711441993713,2.325211857051182,0.3275648057460784,2.285870266232575,0.013856529537588346,0.6300000047696708,0.011354491114616349,0.5862519830495372,-0.1950936615467071,0.039341590818606706,61,42,14,99,-0.2869698656779093,1.6106579044273044,0.052653208554280476,0.44349100107006095,0.05076973140239707,0.37992004408625324,0.02806344296666789,0.2217863517014627,81,23,0.002091512919068849,0.26026435896767547,0.7357669368815096,-0.870406646480161,0.0249970443546771,0.1768342684108133,0.119813323020935,0.9618778272837816,0.22370675206184382,0.9162656169963442,-0.0023003249429166322,0.4361758280996441,-0.0019341073930262999,0.38041762633019405,-0.1038934290409088,0.04561221028743739,82,47,15,78,0.09526095133091719,0.49847834552440706,0.03619519519973882,0.26460348816533985
Good,0.07955461143814584,1.1538542539996761,0.18713091760873773,1.7999903739354242,0.05562348663806903,0.4545138498716229,0.03845030937343833,0.3268814376364796,82,18,0.004896017465554573,0.5928222402528491,0.9459452266007178,3.426283084011697,0.02735427021980275,0.25127152426620336,0.1126742362976074,2.189195708392647,0.30809003114700306,2.131394016676727,-0.020275165140628795,0.616822409629042,-0.0197497904300689,0.5060900914950683,-0.1954157948493957,0.057801691715920284,107,43,15,53,-0.27665260120587876,1.7784778850347105,0.05162933781058094,0.4608170518028509,0.0725776553153991,0.6067307452979627,0.04162460002989971,0.3577276966436767,75,23,0.0053214436928271,0.6520836346185613,-0.0307644636039468,0.9421610292695664,0.03532537817955014,0.24808317202163324,0.1679383814334869,2.1737139568299666,0.2695161700248717,2.11981944438376,0.024032592913135874,0.6745947210258422,0.01954120397567745,0.5463105607903977,-0.1015777885913848,0.05389451244620652,53,37,16,107,0.09247614707821768,1.0286051616627148,0.05258918066395973,0.44385312546227246,0.04769965261220922,0.3882693087837529,0.029887385671026966,0.23509412225140852,88,23,0.0025562213409425594,0.34545588038646224,0.7868155283667453,0.034597344779225825,0.02324339747428885,0.2300213587233948,0.1276659369468689,1.2658409178500154,0.2326099276542663,1.1615899495278357,-0.006298580719158049,0.50857324328054,-0.00415328145027155,0.4863777374036789,-0.1049439907073974,0.1042509683221798,91,46,16,69,0.06919318717790088,0.774928750956259,0.039595009138686646,0.29463390267512474
Good,0.09085906528383078,1.268079671931278,0.2139535696804521,1.953298735137536,0.0918190628290175,0.40535969529226656,0.05103246940299864,0.3819754707421339,78,16,0.006688717039113279,0.9687878334286495,0.09372249054533954,25.227675767786796,0.044960647821426294,0.18734440794517263,0.153180181980133,5.057257866604693,0.3485959768295287,4.899104581183473,0.00024592801928520757,0.6753617947904185,-0.0011462569236755,0.4922295587315595,-0.1954157948493957,0.15815328542121995,82,46,17,78,-0.11180124922633211,4.6287898823098645,0.06485891931878089,0.716012764946348,0.07477865368127817,0.5245098288287244,0.04980587273195848,0.3941932169123217,87,23,0.0072555071181355565,0.9787542572102982,0.3960022652854964,9.46858460796326,0.038174659013748155,0.275017523205209,0.1680278480052948,3.68041564767871,0.3379442691802978,3.547719033491883,0.02147907675243913,0.7978213621108149,0.0288937836885452,0.6991208348499569,-0.169916421175003,0.13269661418682724,57,39,16,103,-0.43860131147560144,2.4909871598889,0.06402311855008344,0.5850088301640771,0.04392651095986355,0.3969481294320328,0.028720393034745894,0.24322573055291385,79,23,0.002241459486774908,0.3190459857799553,0.8040663771973007,0.34698787806904274,0.02153448760509495,0.1964230161138083,0.1276659369468689,1.3836197333208327,0.2326099276542663,1.3587707706855812,-0.0023004745598882415,0.4801155782363031,-0.00356953591108315,0.42097780922050837,-0.1049439907073974,0.024848962635251503,84,46,18,76,-0.18290073999399337,0.7898926831893675,0.037475291597069776,0.29754834450014267
Good,0.06977414644222937,0.9981351951307923,0.1653739499580113,1.5490115690711699,0.05292594432830802,0.22748189892846754,0.03934093086514617,0.33687416987032553,63,10,0.004248327702834688,0.6342478876068356,0.5207361462833373,11.089205672024256,0.026475459337234452,0.10970726140102297,0.153180181980133,3.164070297768856,0.2594141960144042,3.1404195228865106,-0.0022364150732755495,0.49783853687825236,-0.010222524404525701,0.33952419898391856,-0.1062340140342712,0.023650774882345498,101,46,12,59,0.8893438409037866,3.350015460326958,0.0516417583640899,0.6216145741581005,0.056723393499851095,0.5093600130110812,0.03761759588574929,0.3745614855828469,81,18,0.0046003465774047785,0.6541421602962117,2.02483071424664,1.4166088450165857,0.02879766374826425,0.25647577876887434,0.1680278480052948,2.111981150605844,0.3379442691802978,2.081697089056392,0.012164067319827143,0.6449787519981119,0.0129310637712478,0.48457094953353186,-0.169916421175003,0.03028406154945159,62,42,15,98,-0.514392134651519,1.3645230612939494,0.05238706525377802,0.4880005837774886,0.03666856139898285,0.22823379451799408,0.023713646773248866,0.17503665524892806,72,21,0.0014915317560910476,0.21330317668367893,0.7018129198421486,0.011322569083445977,0.0181070193648338,0.11957170049669277,0.0968497991561889,0.9389324973526397,0.1944386959075927,0.8468682699252027,-0.004480638168752185,0.4061942801948056,-0.0069713294506072495,0.3454307270371052,-0.0975888967514038,0.09206422742743707,95,46,16,65,0.18269995242116402,0.8956110909131426,0.030296334820483547,0.2197939567429066
Good,0.06040395849197464,0.8356236352375079,0.14308805535547411,1.3224504299982303,0.05932694673538195,0.38318335543485216,0.036296013072133024,0.2946868186480767,68,17,0.003721282837877377,0.528407004580627,2.323431761885786,25.2579731486639,0.02989497780799855,0.16553358279002672,0.2241281270980835,3.7806952571517516,0.3303621411323547,3.7452620092954665,-0.004959885776042924,0.48931262900532024,-0.00928562879562375,0.35973914051371425,-0.1062340140342712,0.03543324785628506,104,49,13,56,1.0156963576516393,4.608223384844885,0.048121453333782836,0.5375687450703664,0.04397992114536458,0.36043835232940513,0.02868610731988152,0.23214995272822814,81,21,0.0025349668199481784,0.32321309166461865,1.5003514867280998,0.2805004220663063,0.02279676496982575,0.18378886780250855,0.1421359479427337,1.2621820118588947,0.2585783302783965,1.2205624970729265,0.00981271800701505,0.4872318730588471,0.010074794292449899,0.4226566148082195,-0.1164423823356628,0.04161951478596818,61,45,14,99,-0.34590608862515704,0.9251144430498861,0.03869655961542774,0.292947424532434,0.0355202667415141,0.2416982771896602,0.021701760985888496,0.16112540543446588,82,19,0.0012653527993565438,0.16209511250852401,0.6524488121270298,1.0737774693742086,0.01710881292819965,0.12244025627460194,0.0968497991561889,0.9817014116869919,0.17506228387355788,0.9145442753494653,-0.005234339274466035,0.3459059279340629,-0.004281997680664,0.2990798416126866,-0.078212484717369,0.06715713633752667,91,45,17,69,0.1734321436844856,1.1320159168335873,0.027717300493085944,0.20601990566107667
Good,0.06513775955682036,0.9274801674403347,0.15511320084333396,1.4750103440100144,0.06182882189750665,0.2876461121059145,0.03776210460346189,0.2661792493601864,77,16,0.003872521261984434,0.484591386750771,1.4477731385849735,19.560216565041117,0.032230168581008856,0.15848260886469157,0.2241281270980835,3.2092650258900197,0.33280950784683216,3.178411365827756,0.0114979613572359,0.5163497031162995,0.0089873969554901,0.43424259598946685,-0.1086813807487487,0.03085366006226334,70,51,14,90,0.46179229102690283,3.955854241712912,0.047984511897124826,0.46687725457820317,0.05753318965435019,0.5331592945291489,0.03476238339324478,0.28692639796472746,87,21,0.0034570543336983274,0.4570511096977412,0.5974987749268879,0.12373692957782101,0.028656855225562997,0.24191032008324614,0.1421359479427337,1.5365702202204015,0.2585783302783965,1.4506740274421674,0.009644614253193127,0.5776985159062507,0.01278759539127345,0.5092873031927496,-0.1164423823356628,0.08589619277823413,61,43,17,99,-0.43493361844466755,0.820412314697986,0.045614081180935115,0.3511631165391045,0.032943382859229924,0.2810674335239576,0.022284412472508796,0.1545520537536982,84,21,0.0013600646901413328,0.18205333756738437,0.8196550533167759,0.044910126696700914,0.01608733832836145,0.14390835999500445,0.0614033639430999,0.87979538293136,0.1702527552843093,0.7699142488522217,-0.0014619900844991254,0.3809621249874641,0.0005892515182494499,0.34388710894154073,-0.1088493913412094,0.1098811340791383,78,45,15,82,-0.4489199048304022,0.8516882429263215,0.029210199241092333,0.19214889250896075
Good,0.06023063293677293,0.8465704929055966,0.14414953783154466,1.3359008477006333,0.04545961320400227,0.3136228196332188,0.03019514318555591,0.25139106292453484,74,19,0.0026523769545327225,0.3176719646866905,0.23285307682187462,5.949499620886334,0.0228718221187591,0.16386805530642623,0.1006870865821838,1.8714944087067225,0.2093684673309325,1.8407308831133795,-0.014089612662792189,0.42190878929901243,-0.01765051484107965,0.32383042120330424,-0.1086813807487487,0.030763525593342916,110,48,17,50,0.48061925662207766,2.2752546209802786,0.03831965404178646,0.37371772529401376,0.059508569538593195,0.39840476316514545,0.03185391009319569,0.25497201519065,85,21,0.002722638809918165,0.37416745184923783,0.1627668853188795,0.1219645089724164,0.0299543738365173,0.19117629275980116,0.095664232969284,1.3416348200667982,0.21014967560768122,1.247506774789246,0.008751605078577987,0.5256043328765818,0.011530727148055999,0.4434144145591613,-0.1144854426383972,0.0941280452775521,62,42,15,98,-0.36176140811617724,0.8700935183473987,0.04043858503328597,0.31290180106640664,0.03911128267645825,0.364505436553427,0.0231570267770439,0.19647582256545873,76,19,0.0014757124308848733,0.20789426586287277,0.4444002284855788,-0.4791927123890072,0.0194851011037826,0.14863378423735935,0.0632608085870742,0.9381190997812244,0.17211019992828358,0.840936038022366,-0.006276611797511565,0.3883877255250388,-0.00785651803016655,0.32780592854880397,-0.1088493913412094,0.09718306175885835,96,44,16,64,-0.12156443641351547,0.789891764720844,0.029807337978759684,0.2388498283950814
Good,0.07161028580179532,0.9772830229179842,0.17098699107766127,1.5425244471228527,0.06907433271408073,0.2628823151314468,0.04184950998984273,0.2789164047852633,66,15,0.004320641221515331,0.5879084691898558,0.18703145006834054,32.2151745102408,0.0321497023105621,0.13350288328328577,0.1700912117958068,4.388667587749943,0.2482030987739562,4.339178304579649,0.001096955314278608,0.47097487612202066,-0.0117095112800598,0.33463484929523657,-0.0781118869781494,0.04948928317029394,93,53,16,67,0.8480024044473667,5.420756535533422,0.05211692179218171,0.605054654764099,0.06482303887605655,0.5105684138108474,0.03659032973460849,0.27994951269193696,84,25,0.003676161882002379,0.5135187074646218,1.437214271668573,2.3709507841556645,0.03182479739189149,0.24695840411590128,0.2096494436264038,1.992180997383928,0.331899732351303,1.9229421467472778,0.007389329560101024,0.6142788777621937,0.0106538981199264,0.6011826200994816,-0.1222502887248992,0.06923885063665013,64,45,14,96,0.11868806212687676,1.0928108024696273,0.04750900858530353,0.36902597171451473,0.0472737178206443,0.2901990967703167,0.027514010372105942,0.2081266274344371,78,24,0.0019162746270788003,0.28090876641845275,-0.0356537674415387,0.08099321994542219,0.0236512944102287,0.1505757252135696,0.0923507213592529,1.1464553234869175,0.1758917868137359,1.0810190773476185,-0.002505403663963071,0.45727069323863867,-0.0054036304354667004,0.4143043567721884,-0.083541065454483,0.0654362461392991,88,48,15,72,0.20875072938006264,0.7061894102803776,0.034624956926592745,0.26797813254724273
Good,0.06914593378792577,0.9950156351025664,0.1657746331579981,1.524446644037432,0.06408262252807607,0.2587357569563816,0.03758523072116073,0.2529042087809728,66,14,0.0038057398212340433,0.4570029046873244,0.3331863963992312,21.43905561884501,0.0321947038173675,0.13200296721344484,0.1700912117958068,3.307597136991972,0.2478657364845275,3.215395723570036,0.011490954831242557,0.4733029137792289,0.00405839085578915,0.3781831329645208,-0.0777745246887207,0.09220141342193618,74,49,18,86,0.7847459361977928,4.269100547474154,0.04754655151896963,0.4826875350528706,0.062466572970151804,0.44860829102153243,0.03660796200812907,0.28273071509960945,83,24,0.0036509193655995665,0.5141676879036984,1.4829897147466076,5.699786690907844,0.0310444235801696,0.22533274163508388,0.2096494436264038,2.361294036512146,0.331899732351303,2.3461744649068907,0.004720943991560481,0.5976939021175525,0.0058052539825439,0.5616511284032584,-0.1222502887248992,0.015119571605255613,71,44,13,89,0.2772162882657947,1.7848447619228047,0.047683836021117615,0.39614351853235225,0.05080097541213027,0.3251325142953288,0.02940401591360564,0.22793341330591282,84,18,0.0020901418381459288,0.3021422298692415,-0.3599574196602462,2.5056656907658974,0.024573147296905448,0.16051861379384436,0.0923507213592529,1.5175573107569287,0.1734976172447204,1.468532167340401,0.001500334963202476,0.4534498281406507,0.00314351916313165,0.378853681744629,-0.0811468958854675,0.0490251434165276,75,46,16,85,-0.08660762869330266,1.6205050546620017,0.0362255359231599,0.3106855053401362
Good,0.06819551402453343,1.0006594801118898,0.16526236954145113,1.5848081077658422,0.041136354207992526,0.2750383014152639,0.030856501096859546,0.22723576574485577,78,23,0.003356188797207653,0.3385402345906753,1.768986280416355,7.646486991267022,0.02078300714492795,0.13837064082245432,0.122869849205017,2.036433032588534,0.2830602526664733,1.986433914081439,-0.017588609084486943,0.4786737446695202,-0.01879063248634335,0.44709098330026065,-0.1601904034614563,0.049999118507094785,114,46,15,46,0.14083148365181158,2.129013231986828,0.04242058155660279,0.33077436532285004,0.059589445590972824,0.4142990492958889,0.03622287584454167,0.270160307840317,74,21,0.003720090923068815,0.5093039229140393,1.1063820785986866,4.866637525571088,0.0306295044720172,0.21684458880743684,0.1939054429531097,2.2069590665516885,0.29474979639053345,2.124905047758535,0.01132708832737989,0.5985635880838368,0.00769164040684695,0.5320911051862716,-0.1008443534374237,0.0820540187931537,69,41,15,91,0.7500184509344333,1.8641118043304328,0.047016698727012515,0.38862006373094277,0.06013477966189372,0.42896071873253083,0.031760131893679454,0.2164846541050841,80,19,0.00239349306382571,0.3258044283443332,-0.2867053740489318,0.5467775103512356,0.030313484370708403,0.15188165655817729,0.1234477311372757,1.3531448714343723,0.221695140004158,1.270924860758115,-0.0032531597185879906,0.5075707750124853,-0.00357366353273385,0.4162790620197099,-0.0982474088668823,0.08222001067625741,86,46,14,74,0.10515248239559452,0.8585315699244057,0.038661245988327736,0.2611059874793343
Good,0.08644697543043012,1.1949462703932787,0.20863563478924313,1.8550626115556066,0.08295950293540948,0.42187377235967427,0.048560620844364126,0.3367939961824378,74,18,0.005647360656598572,0.6924049877568814,-0.33187620318657673,20.516505204677575,0.0396225154399871,0.2034396070531718,0.156951904296875,3.9767426019725054,0.3171423077583313,3.888726497513726,0.002268284559249878,0.5979434719634511,-0.0033144354820250996,0.45600824020356157,-0.1601904034614563,0.08801610445877939,85,53,19,75,0.10775072654546917,4.035127293539317,0.059553519468112624,0.5786783148634264,0.07541784970089785,0.531019775090464,0.04779359424297578,0.3495766477478238,78,20,0.006010203332676818,0.7825760697731904,-0.13958066837855565,2.3283770572994342,0.037849830463528605,0.2775359113663355,0.1939054429531097,2.435459030510251,0.3133690953254699,2.3357720308663046,0.015154992294264952,0.7619947250109645,0.01115450263023375,0.6586558335661341,-0.1194636523723602,0.09968699964394662,65,43,14,95,0.2572647927783715,1.1854717948970888,0.059572508888996706,0.4493774680918649,0.05647255852818475,0.4692899713286172,0.0330469098250614,0.22642444919019133,77,26,0.0027046977773810253,0.3226718522398737,-0.2826377505549491,-0.6683114389477165,0.02927672117948525,0.23043943664443,0.1234477311372757,1.1207557275495972,0.221695140004158,1.1154320878100892,-0.0005346466321498152,0.49512441458119105,-0.00207203626632685,0.4991227222264613,-0.0982474088668823,0.005323639739508046,83,47,19,77,0.09511892224990356,0.23452194880244503,0.04124051575471736,0.2784307208723678
Good,0.07944887760757721,1.1368202811129746,0.19332339633256174,1.8041981095668844,0.07310028374195093,0.4018248405012705,0.04344360837712879,0.3679729910356356,65,16,0.004553238685925784,0.6058161334745309,-0.15142753239559115,7.962073975475809,0.0316611230373382,0.17450563849067868,0.156951904296875,3.0719710890175227,0.30133378505706776,3.0030619852944738,-0.00048417598009108386,0.5563056233323577,-0.01334145665168755,0.3796855451887542,-0.1443818807601928,0.06890910372304893,95,49,17,65,0.46084604871864304,2.585662767774038,0.053511085101627574,0.544371368574182,0.06889996677637095,0.49850672823467435,0.04176295975514218,0.3082744756568344,82,22,0.0045558573846513194,0.6253946090851418,-0.02335790086746492,0.3926307668653628,0.03457061946392055,0.2599759630284205,0.1464491486549377,1.7728707964890245,0.26591280102729786,1.7367800827900661,0.008176264981739217,0.6880553577739255,0.00930906832218165,0.6333571780876268,-0.1194636523723602,0.036090713698958304,66,46,18,94,0.08388508875359554,0.8089595366338417,0.052896572216991344,0.3898389843560252,0.05956836789846412,0.4875918345472315,0.03475206588627766,0.2814200303338693,79,18,0.0031093751757290803,0.42299374828816366,0.1724518035584155,-0.6510979601469509,0.03055733442306515,0.20323713388570963,0.1064410209655761,1.329349305247131,0.2517948001623153,1.262566977968021,-0.000929250381886955,0.5598371284606015,-0.0028341561555862,0.449098295470281,-0.1453537791967392,0.06678232727910996,85,41,18,75,0.0023884439086726945,0.6149827336610738,0.044212135600968525,0.33102286610618237
Good,0.07250052718462335,1.1537092292899935,0.17661465693265177,1.8247270773574331,0.046712428331375046,0.4996466461153863,0.03793238098733123,0.3278613256678416,63,18,0.004633772412249821,0.6454478531424624,1.6366942327458096,11.30980652240696,0.02166482806205735,0.17443482151722625,0.1933819055557251,3.0900953543515266,0.33776378631591786,2.985081715971682,-0.00950271263718603,0.646656867369545,-0.018608778715133598,0.4928298380925903,-0.1443818807601928,0.10501363837984436,112,42,16,48,0.8967039146950082,2.782945589165593,0.0531361721441196,0.476741805410716,0.05026048794388767,0.4766129517015228,0.03295353142602831,0.2573371484050022,90,22,0.0034315386928834156,0.4640229917874087,1.7643435966694776,-1.1291095357583385,0.023091880604624748,0.223180668813316,0.1526985764503479,1.1559392314034134,0.3192796409130096,1.0362219836912125,0.01069464671891181,0.611313033711023,0.01571327634155745,0.568728234252748,-0.1665810644626617,0.11971724771220074,57,45,14,103,-0.14487089152693902,0.2671663177651232,0.045200725931831914,0.3005318063074761,0.05443623289465903,0.4972579433137696,0.03373660036362704,0.2818337571896176,79,21,0.003013654129122618,0.4388279348973104,0.31194568459670124,-0.47335168086058266,0.0274213477969169,0.21756976959060456,0.1064410209655761,1.4228613838943385,0.2517948001623153,1.3114636267144606,-0.004044770449399942,0.5667571762768648,-0.0047284215688705,0.4907357038681156,-0.1453537791967392,0.1113977571798779,87,42,14,73,-0.0037342749348080262,0.7011746515406853,0.043346474981206945,0.34294932283937396
Good,0.06985162786257017,1.073364900098231,0.16727910697460152,1.691646929483956,0.056679397821426294,0.432909244879415,0.0370617405325174,0.28403163336489273,73,21,0.004067999415551137,0.5234854600614928,1.2309504198797132,15.85274038494859,0.0284027457237243,0.21229668716118222,0.1933819055557251,3.0350622818051574,0.3345670700073242,2.961026338960997,0.012222665548324577,0.5688383158908892,0.00728738307952875,0.4809787033979961,-0.1411851644515991,0.07403594284416055,68,48,14,92,0.41019564547146925,3.3266114624536054,0.0490729769145772,0.4471112058939137,0.057604745030402985,0.3803214506093022,0.03741234824992713,0.2552248135697432,84,27,0.00431154287487641,0.5984575129862362,0.8637678692861468,0.9956105784469358,0.026859030127525302,0.1869696929920318,0.1526985764503479,1.8096447952176085,0.3192796409130096,1.7719744900779126,0.01372082810848949,0.6956179525548231,0.0180493593215942,0.7191850085202031,-0.1665810644626617,0.037670305139695937,53,42,18,107,-0.21940895316276332,0.4682085771514667,0.05022167887723228,0.33848659806508175,0.043805405497550826,0.3901532921431219,0.026542331604286984,0.22045316216626612,84,23,0.0018387646140858936,0.25670922358630516,0.18657584721865605,0.7786773490299108,0.02285058796405785,0.1981727130152552,0.0815430879592895,1.3386758020950493,0.17944967746734608,1.317044963738919,-0.0006248569115996377,0.42719066103824355,0.0020951330661773,0.3949319527352979,-0.0979065895080566,0.02163083835613031,77,42,14,83,-0.3008574450782066,0.7716086889208726,0.034000923962935074,0.2724286378265207
Good,0.06288606267586197,0.9270045604005481,0.1491577331908045,1.4754930100614079,0.0460593402385711,0.29280349490710367,0.029460623450577227,0.24536631162771788,77,16,0.0023692877588314286,0.32660250745442193,-0.24655861021221792,11.556072858996101,0.024708837270736653,0.12438352497096875,0.0901376605033874,2.4302238393478603,0.1821281313896178,2.3650629925577253,-0.009553423523902883,0.406342450507727,-0.0119494199752807,0.2869969991972347,-0.0919904708862304,0.0651608467901351,99,48,16,61,0.15818498751790913,3.1240768021485947,0.037393531182975455,0.40185609410558576,0.04626807849854215,0.4774171562903766,0.031990464928094264,0.2533890406178696,80,23,0.002969493200633062,0.41541485501761505,0.5724888527078451,-0.4031854861123709,0.02342456579208365,0.24415954382008906,0.1296213567256927,1.3637533282256975,0.2469660937786101,1.32655538417751,0.009107807569671411,0.5643638292206515,0.0088630318641662,0.5437657293595168,-0.1173447370529174,0.03719794404818748,65,42,16,95,-0.03857016298507039,0.42039909938014836,0.0422389857376501,0.3113010171602693,0.0479871705174445,0.31080530976762966,0.028996591551694977,0.22493053852728695,79,24,0.0022597767801462304,0.32950715181265317,0.5174753242247094,-0.5249634861075871,0.024279117584228502,0.16164756135518416,0.0860494673252105,1.1347436626829643,0.21785375475883473,1.0678008278702515,-0.005884729139506807,0.5047867303330293,-0.0060483515262603,0.4741943895479819,-0.1318042874336242,0.06694283481271272,91,41,15,69,-0.2713802409021029,0.506823482722996,0.03723433122714997,0.2733084497273049
Good,0.0744529879495877,1.086585017025586,0.17430243926122763,1.7112137786917971,0.0624287426471709,0.4413191314421351,0.042217054069042165,0.32267472515834167,64,21,0.004862292726325237,0.6803573948701798,0.5147844314778087,22.082587547417692,0.03035143017768855,0.21640533300982723,0.1671841144561767,3.9973265374677567,0.2591745853424071,3.9784356894574913,0.0004062142223119819,0.5930229691841773,-0.01011329889297485,0.4913841574936284,-0.0919904708862304,0.01889084801026529,96,47,13,64,0.8866216914562018,4.166562303219031,0.055298098448627306,0.5733072063825484,0.048870354890823274,0.38929804474163365,0.03513466928168778,0.26567340212220764,87,22,0.003648149927976697,0.5169350674582721,1.5637103048354541,4.264824211322018,0.025065258145332298,0.1915735739632735,0.1200810968875885,2.111445517456763,0.2824327945709228,2.014214435486215,0.006210604228544971,0.6057755635467579,0.0095676556229591,0.5544052865165755,-0.1623516976833343,0.09723108197054799,66,42,20,94,-0.813034695957343,1.7977862107682714,0.0474933650457924,0.3872609379577033,0.04901359230279917,0.4113989221714901,0.030332760950550403,0.2512000869775824,84,22,0.002524773901202475,0.35837518224281245,0.31027059069246965,-0.620849502696736,0.02476301789283755,0.2040779681868101,0.0860494673252105,1.148707610597302,0.21785375475883473,1.120962437389932,-0.007264220528304563,0.5124152459608616,-0.0055138915777206005,0.4509386673679309,-0.1318042874336242,0.02774517320736981,96,45,16,64,-0.3185291748377424,0.5362813993387946,0.03917661718686921,0.3095251168317074
Good,0.0826826810143951,1.193652695710239,0.1945379723608492,1.88681807812506,0.07064907252788538,0.4538898527038824,0.04491137465462085,0.3073584096100944,73,24,0.0055934934242813416,0.6803727749905271,0.11956523943375386,11.252334397947163,0.036180227994918754,0.23269857171941247,0.1671841144561767,3.0553442470700416,0.32210445404052723,2.9923338947996423,0.014635236561298368,0.6812287971645172,0.00790187716484065,0.6447993577917824,-0.1549203395843505,0.06301035227039918,69,47,12,91,0.2554113808543443,2.597286004422104,0.057466365254538014,0.4650807466497749,0.06515252590179438,0.398873249358861,0.041945375758223206,0.31185356406534515,90,22,0.005222652570685329,0.6947159823170587,0.971374615492592,1.5235891546229983,0.03305609524250025,0.2583634041224733,0.1588504612445831,2.1714686813405044,0.32120215892791737,2.0221445082356957,0.015474095381796343,0.7174293309680269,0.020768433809280347,0.6884211078222383,-0.1623516976833343,0.14932417310480853,52,44,14,108,-0.6805585697264523,1.279223503760722,0.05517004226539694,0.4242771940416171,0.05187145993113512,0.43379196385483665,0.030837489943951323,0.2489942785956617,80,24,0.0024442271250751154,0.33051392966667387,-0.07751415354219038,-0.2769264064840633,0.02453103661537165,0.22778245392993923,0.1061440706253051,1.2919167001311433,0.21966254711151112,1.2889629844329904,-0.0005527733825147117,0.48815994999251566,-0.0007133483886718501,0.43231680997062316,-0.113518476486206,0.0029537156981528923,82,47,17,78,-0.15562869978016441,0.4492019611965521,0.039203855474108,0.303667240396422
Good,0.07391745012022595,1.038829402152531,0.17520580585114637,1.6811300182142832,0.05183579027652725,0.4757381436012642,0.03441273039206859,0.29573402399286514,69,19,0.003792859188415386,0.44527211291869423,0.8111977466050342,3.802261397892175,0.0277585983276366,0.20180186788458837,0.1131908893585205,2.0840588624187673,0.268111228942871,2.0160348288901053,-0.01849468797445295,0.5402115547150994,-0.02490010857582085,0.42485290089659766,-0.1549203395843505,0.06802403352866207,111,43,13,49,0.46513460664345374,1.7337625873534177,0.045180098134118135,0.3917187627252356,0.05650374153628938,0.4253753094798245,0.03642779323832653,0.22455457203810952,77,25,0.004312326459602489,0.49602983850503596,0.6251615774835386,0.04678015063808516,0.0290566831827163,0.20108902847720656,0.1588504612445831,1.4217257766018225,0.28965920209884644,1.3313689892577871,0.02238962239935061,0.6427189483531289,0.01978421397507185,0.6410506449111124,-0.1308087408542633,0.09035678734403543,48,45,15,112,-0.020068682668042452,0.36563853858033885,0.046986242826057456,0.2879968609774834,0.0489422082901,0.32609520743724446,0.029291357048787124,0.19747542636430956,74,22,0.0022282227661765616,0.3027352190126884,0.009550801459561331,-0.3864146525670078,0.023834183812141398,0.16727257240181193,0.1061440706253051,1.12093788536756,0.1962593495845793,1.0010049930867588,-0.004805970378220068,0.49819951514605476,-0.00796872377395625,0.4262641768318949,-0.0901152789592742,0.1199328922808011,94,44,15,66,0.3336557945099106,0.6225029923982195,0.03712351476506802,0.233521866472766
Good,0.07889969641936105,0.9771112064388747,0.18632801510393596,1.5409515729535808,0.07353346049785603,0.2731115401030756,0.05142446612007913,0.37760646139520565,75,12,0.007236690450300068,1.0154841477371481,-0.10360042106190859,25.29596623426006,0.03751429915428155,0.14838239684307253,0.1751154661178589,5.4548402067259145,0.31694304943084706,5.365458676830361,0.008732534199953072,0.6252635179642908,0.0049873590469360005,0.45821582010298384,-0.1418275833129882,0.0893815298955539,70,49,16,90,0.01518923287265149,4.751432360048646,0.06689275658399403,0.7902719031068148,0.07382617518305765,0.3559158123375511,0.03933691192883994,0.314586117455069,74,17,0.003729294324701924,0.5362241405410534,-0.12335871539609489,8.302724066658156,0.03842081874608989,0.198667672576068,0.1548494398593902,2.8063271165557984,0.2366160452365874,2.746749470799662,0.004781665466725824,0.5367287535522389,0.00022143125534056327,0.44371377359955466,-0.0817666053771972,0.0595776457561367,79,43,18,81,0.4110898623979133,2.691410742588848,0.04819190806892582,0.4981429369682092,0.042897954583167947,0.2624092788666008,0.02497650171222627,0.20046095707803674,81,18,0.0016502447892115133,0.22611282565497756,-0.12353720214418118,5.4058567235650035,0.0223855413496493,0.11637657960195683,0.0741299390792846,1.5804460402445104,0.1670318692922591,1.476906926938329,-0.008034039707854383,0.3789593014370509,-0.0074684023857116005,0.29345464008122474,-0.0929019302129745,0.10353911330618143,93,41,19,67,-0.12672170972570607,2.1839751139076244,0.031191955086497105,0.28723278627155346
Good,0.0692036714300498,0.8924725736169934,0.16406366974115347,1.3905782920064589,0.06408409774303428,0.3637730051341672,0.04512750178575511,0.391832746690723,64,14,0.005534381402512125,0.7784489783540789,0.3875268490586592,13.327520002525546,0.03119915723800655,0.1561220060498587,0.1751154661178589,4.059533612101283,0.2921266555786133,4.02495841237069,-0.0030085254460573085,0.5247436566121643,-0.0140348076820373,0.31930131894201674,-0.1170111894607544,0.03457519973059256,100,48,15,60,0.7218147081113886,3.5706445410543846,0.058920581031950504,0.7092905421612317,0.055985275655984754,0.35460209165242584,0.034225289825117175,0.28429776553915537,74,17,0.0032629272215483882,0.43035418261566927,0.4960132895706053,1.3504877201406673,0.02801190316677085,0.18478573695882775,0.1548494398593902,1.6342093351889675,0.2366160452365874,1.6074072884265005,0.012295562447980038,0.5266459451386819,0.00676089525222775,0.42893349559108096,-0.0817666053771972,0.026802046762466995,66,41,19,94,0.3871083169055451,1.4006884522487628,0.04358926251205936,0.3911498831453918,0.038416054099798105,0.25151054052384136,0.02152074322628319,0.15958587691298148,83,18,0.0012523662885508525,0.15916369456276283,-0.1761348948023289,1.1409895847134823,0.0188267305493354,0.12848758338827196,0.0475831106305122,1.0110758774613897,0.1433860734105109,0.9397164275482068,-0.008675672998651855,0.33918869025561277,-0.00832550600171085,0.3007379687131937,-0.0958029627799987,0.07135944991318283,96,41,17,64,-0.40664695893764674,1.169769789915172,0.02668166172801645,0.2100350612765517
Good,0.07357544645242531,0.9613866532567628,0.17532123826444124,1.5060311262848838,0.07494400441646559,0.2745501663490618,0.049956144066527444,0.396565577318039,70,12,0.006313851786385769,0.9401830278140441,-0.0691463375076169,25.731603799810667,0.0376375913619995,0.13919824980583873,0.1777867078781128,5.426941725918531,0.2947978973388672,5.3697858455437935,0.005497533455491069,0.5567418814218612,-0.0069631636142730505,0.3796968996569807,-0.1170111894607544,0.05715588037473716,88,46,15,72,0.5492569722734011,4.787590435554068,0.06277390390295133,0.7938649162703251,0.05626650899648652,0.42033323948296103,0.037517964034923315,0.3216223788978766,71,17,0.003764978253875785,0.5493145120427674,0.26352900479237684,9.004082384546216,0.02992754429578775,0.18824132386772408,0.1653136610984802,2.9019149505640853,0.2723259329795837,2.8810321166297856,0.0077840179670602095,0.5560461651850028,0.0013393014669418,0.4105286925050038,-0.1070122718811035,0.02088283393429955,77,44,15,83,0.6000829129295752,2.6698777721406297,0.04803060316834799,0.49002772801732325,0.03473402373492713,0.3270915639268063,0.02293294313712973,0.1875399105217417,85,19,0.0014724657011825114,0.2079505480915172,0.7580696481238549,0.47495690962052306,0.01678216457366935,0.13770244989511968,0.0874048620462417,1.12773373275041,0.1832078248262404,1.026930523035229,-0.005821950640529388,0.3932430796780197,-0.0032674148678779004,0.3255776889312805,-0.0958029627799987,0.10080320971518099,88,42,17,72,-0.06150677801088652,1.005704363428045,0.029865879717479064,0.23089051166486652
Good,0.07536525901986213,1.007379679056645,0.18421678893268084,1.594172011595583,0.07577151060104359,0.2957863938999088,0.04775545677170153,0.38708736661680404,78,11,0.005907107231172823,0.8507597148709177,-0.1786621601024745,14.089570876673804,0.03847730159759515,0.1542160600968127,0.1777867078781128,4.213385680485386,0.2751036286354065,4.145512091226397,0.011927845329046245,0.5940840978723646,0.0094747841358184,0.4188224765408104,-0.0973169207572937,0.06787358925898916,75,45,13,85,0.5471257934828043,3.6235421033263147,0.059766156682255496,0.7055662970452149,0.06764943897724145,0.41517199297872864,0.03951325753005217,0.33856268237168946,75,16,0.003859226238218946,0.5794669921111657,0.10371341743649243,5.197561930204818,0.0333777368068695,0.16822459368612036,0.1653136610984802,2.3858873100001983,0.2723259329795837,2.3042048942699025,0.006005610711872578,0.5731967992757747,0.0013145804405212,0.414411178260032,-0.1070122718811035,0.08168241573029597,78,43,16,82,0.5058196944805174,2.2871621562671365,0.04889674952980423,0.50091159041409,0.046751420944929026,0.33469597902379666,0.027792989141889803,0.24163549276857574,81,18,0.0018632366389128572,0.27022440687960736,-0.1766281709102291,-0.15203105432011643,0.0244463309645652,0.137681175153228,0.0874048620462417,1.116096604302717,0.1797064095735549,1.084547673133004,-0.0057474080938845875,0.4268911144474435,-0.0035418495535850004,0.30938857853046114,-0.0923015475273132,0.03154893116971295,83,42,18,77,0.2162252955908769,0.9830064760445142,0.033743243621292884,0.2966283588691868
Good,0.07704809096085284,0.9360143805039963,0.1895415827631948,1.4558762254792876,0.0830704122781753,0.25843872840762905,0.04800334419123824,0.37241018236138684,69,12,0.005450894112629704,0.8129837765677652,-0.05843243675722487,20.34463692138341,0.036974310874938895,0.11860109682755876,0.1910936832427978,4.866706982344945,0.2893860340118407,4.818433042244138,0.0008330233395099695,0.48064265936339323,-0.0123164355754852,0.28504347793732565,-0.0982923507690429,0.04827394010080729,89,47,13,71,0.6036058327094425,4.3399207316802535,0.058545170584358146,0.7628672299737684,0.07590940780937663,0.3444605884152596,0.04475578346755351,0.3655216416096008,77,13,0.004693532479414301,0.7095825586443858,-0.11993475164516498,6.502338352001749,0.03777524828910825,0.16329980856769397,0.1791746020317077,2.7479775648239797,0.2707280218601226,2.706561073243286,0.006363751366734502,0.6037079225722892,0.00266045331954955,0.44068968979606493,-0.0915534198284149,0.04141649158069372,79,45,12,81,0.47925092569194366,2.6215767379470654,0.05395512198208767,0.5874685547906686,0.04096389934420575,0.21211701885302828,0.024339104694081425,0.20546394131209797,75,17,0.0015805486822937258,0.20879690699997192,-0.19807538802729363,0.41652645540910127,0.0205054804682731,0.10237935738972187,0.0861621499061584,1.067287779572471,0.15851259231567372,0.9921827313742698,-0.01030426369979977,0.37152564354360534,-0.0117174386978149,0.28563347585549337,-0.0723504424095153,0.07510504819820107,97,42,15,63,0.3207896457556349,1.2385168660107466,0.02978607291016859,0.266018050495604
Good,0.07341281583796903,0.9838952498235267,0.1759978829324243,1.517997787795495,0.0752904266119002,0.2414768976428937,0.044130679313093384,0.34334067308138394,75,12,0.005029291450908949,0.6577959153201038,0.0024761807444471096,18.29249464447532,0.03692921996116635,0.126224718710625,0.1910936832427978,4.090435201358224,0.2893860340118407,4.074099562637493,0.012709631025791165,0.5018609686206118,0.00522720813751215,0.3386188019991552,-0.0982923507690429,0.016335638720730204,70,50,19,90,0.45530409633471686,3.995713719868597,0.05477705470146589,0.6371275253003006,0.06699399650096882,0.5091746758548688,0.041296161096543035,0.37280270785313435,72,19,0.0044730499693154116,0.6760458145179057,0.6352210935939855,6.21456254672581,0.0327840447425842,0.21032003694181858,0.1791746020317077,2.9954442062781412,0.3040926754474639,2.9735780554404734,-0.0024335017427801987,0.6094579964410887,-0.012400671839714,0.4372899771892791,-0.1249180734157562,0.021866150837667825,93,43,15,67,0.7670774857576608,2.322817890995257,0.05298376920182937,0.5519119178745099,0.036055162549018825,0.27608758028239117,0.023885705093853134,0.207647478729994,76,19,0.0016696804614108082,0.2422630963104944,1.1095564743402306,0.7633593337186584,0.017497301101684497,0.16602753520420993,0.0642038881778717,1.1946009033636151,0.1817177832126617,1.1673661225436307,-0.005495327431708566,0.40667882273379463,-0.00631555169820785,0.349292003160671,-0.11751389503479,0.02723478081998447,90,43,15,70,-0.5783700721099533,1.1952781283671998,0.03193313241307152,0.27726419071050135
Good,0.07844209625256462,1.1129100460633143,0.18556078419089295,1.704857798686939,0.07050895690917958,0.35328219965406,0.04048581289593127,0.2835572799442457,77,20,0.004180167636194015,0.4732247141488493,-0.484878937132041,16.993769200136892,0.034797161817550645,0.1742867114157653,0.1115145087242126,3.1459730087839106,0.24791455268859858,3.095070169481449,-0.011469230428338044,0.4989845959919269,-0.01410084962844845,0.4143114379878079,-0.136400043964386,0.05090283930246144,95,48,14,65,0.0344757602725461,3.6153052218633266,0.04996664574037208,0.47353889714744957,0.06346463412046427,0.6750924292382989,0.04554239100427362,0.42486216646454766,83,19,0.006617136692357315,0.853416185871641,3.211942067447006,0.8860846625270082,0.03089922666549685,0.32934206463404847,0.2476958632469177,2.468565693023013,0.5091850757598876,2.4207643822923353,-0.004091756697744124,0.7518658043827654,-0.00128874182701105,0.611679436542043,-0.2614892125129699,0.04780131073067805,85,42,14,75,-0.41735570238077124,1.0902778976691774,0.06438069135009944,0.5367625155238566,0.043402325361967004,0.3012104985801983,0.0279019215260632,0.2326932849174146,83,18,0.002196618806093152,0.3081993345293353,0.1654379012940037,2.458508117797237,0.0210350155830383,0.1545606265411741,0.0642038881778717,1.6073831508155803,0.1817177832126617,1.602341949791331,-0.008943828754127015,0.45400739831224685,-0.0074547156691551,0.37452597697793344,-0.11751389503479,0.005041201024249232,94,43,14,66,-0.40363780808541544,1.5418670683229392,0.036069739313076256,0.3194943142014895
Good,0.09208580977463147,1.2365321245946985,0.21836978167295434,1.8648268316527108,0.09687635302543632,0.3975535223466188,0.05564070712774988,0.38209081022948943,72,16,0.007018545372514027,0.922471981225938,-0.6817053073127233,25.719889225463383,0.0547996163368224,0.18765290569358234,0.165002167224884,5.164233797506679,0.30140221118927,5.0960188634458,0.006554890051484108,0.6104353164829076,-0.00118416547775265,0.41378317593615843,-0.136400043964386,0.06821493406087895,83,47,14,77,0.10894563212183501,4.7418526151704325,0.06611310509948895,0.7415124446807017,0.08807418495416633,0.6886657686328367,0.05554006295278664,0.5093358971755574,80,20,0.008602597939395995,1.1365609534695782,1.5424997477712434,3.813025294258047,0.04415674507617945,0.30466620829914887,0.2476958632469177,3.5697991781652334,0.5091850757598876,3.4958244025698524,0.004772156011313198,0.8251581296690444,0.0059338808059692,0.5734486685403439,-0.2614892125129699,0.07397477559538104,77,40,15,83,-0.2871855365923954,1.770786810211416,0.07339974286881895,0.6750370467690364,0.041871741414070004,0.25655851135585217,0.025693999659270005,0.202986948262366,88,20,0.0017472422150189334,0.2559479956787425,-0.03873820451112664,1.767888933572073,0.0207692459225654,0.14901412749064175,0.0692919492721557,1.3349241387047757,0.16353392601013172,1.2890894068754133,-0.0051232591271400466,0.4292333855007586,-0.0032609179615974,0.35839951229901684,-0.094241976737976,0.04583473182936244,84,42,16,76,-0.38122590562427616,1.3010911463927417,0.03274876502049823,0.26778106066393037
Good,0.08126028503922324,1.125762514053818,0.1954684482514856,1.7633327997009705,0.07642079889774317,0.3942554468071406,0.0483169639948755,0.4208985289853683,66,15,0.006107768263369267,0.8822551427990133,-0.10564336733013313,10.414924602474835,0.03249055147171025,0.17786987613710997,0.165002167224884,3.9713213645520185,0.2987143993377685,3.9328182957717215,-0.0003177914768457329,0.5995031915686707,-0.01096832752227775,0.3752457224305883,-0.1337122321128845,0.03850306878029696,94,45,15,66,0.4447734503700701,3.1739873531744482,0.06197791591417615,0.7230844114610624,0.07240806519985193,0.44029620965131705,0.044809844482224394,0.34562907221696904,82,19,0.005266175629877895,0.7567467581010147,0.1116290718890145,2.830525178478098,0.0380289256572723,0.23246244029283358,0.1854383945465088,2.4513219952573224,0.3292369544506073,2.222225459397085,0.011560572404414408,0.723986592483451,0.0128906667232513,0.6003432742041289,-0.1437985599040985,0.22909653586023715,69,41,14,91,0.17768401096485223,1.7318320405070033,0.05636996331497653,0.4822760329989621,0.04833076521754253,0.3831054645973153,0.02772348783328194,0.24127951106660628,85,18,0.002020057739163356,0.2875841645876227,-0.21269603600433928,0.9040729995038821,0.0239281803369521,0.14686448709737493,0.0784243941307067,1.377660207571744,0.1802062988281249,1.3538517775284136,-0.008782949950546026,0.4398430156488486,-0.00577365607023235,0.3334710980002343,-0.1017819046974182,0.023808430043330248,89,42,14,71,-0.21239869515723386,1.1939840355743654,0.03453767793476183,0.306793556276121
Good,0.07775334094482107,1.0130840415069968,0.18801379784941652,1.598171556382225,0.08013805747032157,0.29664476316196314,0.04496561458799984,0.32630928941273657,75,13,0.00486464204045123,0.7267593947697765,-0.4995424723209174,29.634128580149053,0.039900630712509044,0.15805418262074197,0.1193846464157104,4.818608499408767,0.25309687852859486,4.7995176523858625,0.004270360246300694,0.5172433168766885,-0.0019041895866393499,0.37213071366433426,-0.1337122321128845,0.01909084702290459,81,46,16,79,-0.01090244598719622,5.169640476062781,0.055146827901259673,0.6776568054082968,0.07166590541601173,0.40638220411102555,0.0421823465893976,0.29972409343228745,82,20,0.004365093986680168,0.6193856124738913,-0.5016146244940209,11.118628602405146,0.0362425744533538,0.22437376241571824,0.1263041794300079,2.9798341916606677,0.2554672360420226,2.909402303907421,0.00971518205478787,0.6358761824104959,0.011775046586990301,0.5418327226538227,-0.1291630566120147,0.0704318877532467,72,44,17,88,0.09568915680383878,2.7603421519169165,0.051481683662952,0.4637317038082959,0.053142953664064296,0.3192630653564759,0.030071169184520796,0.2501528100860002,84,19,0.0021533354859649737,0.31517735277504816,-0.32864363682329367,2.792895138725396,0.02609247714281085,0.15396232810376603,0.0949077606201171,1.722414073823971,0.1966896653175353,1.6777383036926001,-0.005536728538572791,0.4450520570950407,0.0004628896713256,0.3439186296334791,-0.1017819046974182,0.0446757701313709,79,43,16,81,-0.056018857453326805,1.6286710021914037,0.03637926447637825,0.3422075674945264
Good,0.06830806031583767,0.9516106647421546,0.16410786025226093,1.4473901844689507,0.06831511855125416,0.38537392200676746,0.03990613225847479,0.27765439316346013,76,21,0.003979651776410968,0.5076813973257837,-0.6434344059363024,22.836810792353877,0.0352417230606079,0.20938512069593157,0.1193846464157104,3.517675325348685,0.2211869955062865,3.433820578562573,0.01412490084767341,0.5039357467100058,0.00906443595886225,0.42533143228204695,-0.1018023490905761,0.08385474678611206,73,45,16,87,0.14575540680781496,4.296085848333653,0.04798080891304291,0.5037163492617771,0.06422548368573178,0.46319915428970565,0.03758920806809325,0.2995264343137485,78,19,0.003631885889362464,0.531608078369079,-0.43983706855096383,6.866362448368031,0.0321235284209251,0.2372960829200022,0.1173826456069946,2.358742532974665,0.2233173847198486,2.349416992407207,0.009687661519274112,0.578441581621791,0.00821535289287565,0.49070898264936,-0.105934739112854,0.009325540567458376,71,41,16,89,0.17401557686184077,2.3139310369747497,0.04679491339491129,0.4438619323843393,0.04120173305273045,0.2941626473450871,0.024084031074307816,0.2083561035183074,84,19,0.0014540148947277162,0.21042240152448405,0.03542807925324176,0.9615730666717299,0.02200863510370255,0.11818534600098662,0.0949077606201171,1.2069505172000088,0.1583456397056578,1.1677783562145143,0.0027062081731855825,0.3650128561371536,0.00498933345079415,0.2836201261983483,-0.0634378790855407,0.03917216098549445,70,44,13,90,0.2516715905867448,1.2716925854054135,0.030118186428453417,0.27782731395433674
Good,0.06841499547040412,0.9368569920005255,0.16219560399651506,1.4951514022833403,0.07006023824214927,0.27083014451278264,0.04007517827209082,0.27889731506713944,73,13,0.0041319680453882355,0.5527376100979929,-0.31863172596990497,21.599286217408007,0.03344351053237905,0.14210176825777582,0.1393117308616638,3.703889052565586,0.2493895292282104,3.580296287492882,-0.006948460265994061,0.5050076094354623,-0.01086077094078055,0.39491893811004275,-0.1100777983665466,0.12359276507270389,99,47,14,61,0.20375254336054752,4.346504924864198,0.050498884010829075,0.5456234273840086,0.05776251852512353,0.4430769590641189,0.03473239502578505,0.2798808508812189,77,23,0.003210420407974041,0.47434005209388047,-0.018670289249641314,1.1797857608620692,0.029188841581344452,0.1835122325086489,0.1377086192369461,1.6931137791833477,0.2436433583498001,1.6542503950672904,0.006105851056054233,0.5713936263017184,0.00412510335445395,0.5430199513659448,-0.105934739112854,0.038863384116057206,72,38,16,88,0.20644872515112794,1.1046150108721604,0.04451535061772428,0.38451186706739304,0.03812896832823748,0.31064080980833864,0.02501955715997605,0.20826905574867546,77,22,0.0016536760560697716,0.24167363888292495,0.7421437727166067,-0.36622835235092355,0.019421160221099798,0.15184117780819945,0.0901262313127517,1.0007293008072595,0.2074082642793654,0.9718155916071353,-0.0021154137793928337,0.4187501665461596,-0.0032818764448165503,0.35491813761098934,-0.1172820329666137,0.02891370920012424,87,42,14,73,0.20764258510160438,0.6946167373033829,0.032179880578528636,0.25753045819958553
Good,0.07483969447512781,1.0305512269587824,0.1756186307221649,1.5963410645814067,0.0801400840282439,0.38624679781574944,0.04616691349539901,0.3410609157865062,79,14,0.005172744099543921,0.7299951447033821,-0.4207970002625636,25.202869972267656,0.0403407514095306,0.16286366583418513,0.168430745601654,4.4910822780494914,0.2785085439682006,4.420172613072781,0.005917363241314886,0.563416927024474,0.00423562526702875,0.4124584798558185,-0.1100777983665466,0.07090966497671046,78,49,16,82,0.05372918015509405,4.658118930963426,0.05672797164342866,0.642305621216007,0.054463915526866774,0.47276657781846876,0.037313269457081286,0.3242298407250376,75,16,0.00393172008559471,0.5609520644645188,0.8794663523345916,1.2273094293767999,0.02789995074272145,0.21605971057556023,0.160283625125885,1.987843377212643,0.298137366771698,1.9015967827092566,-0.005258737411350002,0.614854362836138,-0.0077479779720306,0.5137869491806882,-0.137853741645813,0.08624659450338625,90,42,18,70,0.465599029122826,1.3003110398455737,0.04944645267711171,0.4276753172277838,0.04577080905437455,0.3438821984020655,0.025717469725059294,0.20526148110049156,82,23,0.0017031003588071764,0.2494453980116982,0.40662698528552665,2.1458318655966604,0.0229978486895561,0.1961379743665253,0.086444616317749,1.3716007479974759,0.20372664928436268,1.3118437878951668,-0.00036576767452061473,0.41806977472079454,0.001088835299015,0.3993185370260516,-0.1172820329666137,0.05975696010230906,78,45,17,82,-0.04804323638886506,1.3244943393717423,0.03272610080231883,0.27324542352361986
Good,0.07144229350059102,1.0253528768664126,0.16786881081759908,1.6014504019068083,0.0624706745147704,0.3851170966065189,0.03916395714040842,0.36080833404134866,75,16,0.004311207832732679,0.6101542344949743,0.40792574063538245,5.878734825812092,0.031292736530304004,0.15304722139029414,0.168430745601654,2.83367960887451,0.2889748215675353,2.75994147779297,-0.010187518969178185,0.5819683250891355,-0.01195216178894035,0.3881393951773566,-0.1205440759658813,0.07373813108153991,103,47,17,57,0.47570011994064565,2.304520518015797,0.05105891876173587,0.521025050345874,0.0602993965148925,0.4950729069609389,0.040663709351792886,0.36795881248058754,80,18,0.004440551277448317,0.6521117797925516,0.32681433745572086,0.00973922564394103,0.029594577848911202,0.2269616307044319,0.160283625125885,1.8083198438063404,0.298137366771698,1.7147753035434328,-0.00149757615290582,0.6624256051053351,-0.0015160962939262,0.5019364374093962,-0.137853741645813,0.09354454026290755,83,45,16,77,0.2681364570519376,1.0165914960640314,0.05282558760661205,0.46184856554219406,0.03663626685738557,0.30353452630141736,0.022437226471956784,0.19424440881159707,82,18,0.001454168492952599,0.1936990701555407,0.07613966474381417,2.0528733665958594,0.018249735236167852,0.12973031390171183,0.0691238939762115,1.1566944027796555,0.1549696028232574,1.086348926751622,-0.009098476823419323,0.35705647171233734,-0.00831243395805355,0.2791508041922069,-0.0858457088470459,0.07034547602803352,99,47,16,61,-0.03552827128448117,1.5488028713560347,0.028831726542743633,0.25731254567913614
Good,0.07664631120312682,1.003677267556234,0.1826090884953735,1.5491934624641224,0.07696425914764397,0.3988153212559096,0.046249854825437024,0.3582780506984127,74,14,0.005333755498798206,0.8019654827210795,-0.290317230248903,26.369844643770833,0.039937019348144406,0.19848891286876688,0.1576156020164489,4.923219897161382,0.2781596779823302,4.912332950878702,0.005299492180347448,0.5481601671080383,-0.00133299827575675,0.385672605670858,-0.1205440759658813,0.01088694628267984,83,46,16,77,0.2812340798163727,4.800192243738338,0.05767410126398257,0.7081567015266941,0.07384269312024108,0.5385844939603485,0.04276728971337429,0.36126383083148306,81,22,0.0043588065489739095,0.6521039549683557,-0.5448031756845277,4.703029400236738,0.03674225509166715,0.2626846492241884,0.1343642324209213,2.6488424784084357,0.24571193754672999,2.578021408998352,0.004877685429528352,0.6328092794050036,0.006770819425582849,0.4581163036167377,-0.1113477051258087,0.07082106941008368,75,42,16,85,0.12421561294221664,1.9148862335821681,0.052129131178672836,0.5016536363540843,0.0375638045370578,0.25400368091335296,0.02385893054306504,0.2271251821227243,80,15,0.0016617359816041655,0.23345305422837323,0.22469893771440974,2.1087459792965593,0.018948279321193653,0.13113301912768477,0.0927668362855911,1.338116097256016,0.178612545132637,1.299537220240755,-0.009091938100755202,0.3682240159510803,-0.00913584232330315,0.2823861695479676,-0.0858457088470459,0.038578877015261,104,40,16,56,0.14861058081064718,1.6692435924793256,0.03101505660037017,0.31283242847446596
Good,0.07560759027109258,1.0187815514792014,0.1814634598046539,1.6173507128797042,0.08346503973007191,0.44728376153882077,0.04557980869431044,0.3701956089561782,75,15,0.005134155023451001,0.743252860721165,-0.326312999478362,16.92566982107871,0.039804428815841744,0.1628255923343836,0.1576156020164489,4.095365120622902,0.28169620037078846,4.009009064099297,0.009050108864903452,0.5832400224333589,0.00262150168418875,0.4000739956534338,-0.1240805983543396,0.08635605652360522,77,49,14,83,0.3143023187682443,3.7767453353705043,0.05609464077533148,0.6348889170186388,0.06905055791139594,0.5139327015309124,0.042144762215902985,0.35302007707191974,82,15,0.004252075438950983,0.6410500209667797,-0.6266079868429495,2.217929279539532,0.03473089635372155,0.21219149140105414,0.1242684125900268,2.281407942482076,0.2272834479808806,2.177501588581031,0.006923012295737859,0.6462897529152436,0.008942600339651049,0.5073199089576319,-0.1030150353908538,0.1039063539010453,71,43,15,89,-0.011356510590736661,1.608653103123914,0.051244821675225996,0.47260932729214405,0.04103485494852057,0.23079137496226815,0.02450919292168688,0.2142671046000438,75,15,0.0016055513105955573,0.23222377088286175,0.1339964988359883,1.9619270268187448,0.020932227373123148,0.10985811796996242,0.0927668362855911,1.3870281363336743,0.1912124603986739,1.3624104484181503,-0.005577818863093842,0.3878209375311017,-0.0072863399982452,0.2930157714388584,-0.0984456241130828,0.02461768791552395,95,41,17,65,0.07334073145465873,1.4541007303737385,0.03128055245459054,0.2860396673459104
Good,0.07158235549251576,0.9661089215795229,0.17057668842375254,1.4964517237305484,0.06748327612876882,0.34426269201838333,0.04093866068869824,0.29118987159966,71,14,0.0042603469406413495,0.6165523660908048,-0.03377273730455155,31.795325852203376,0.0335711538791655,0.1645773379873915,0.1486814022064209,4.440315878280462,0.2727620005607605,4.365682645389789,-0.0016479939222335746,0.49253456123546047,-0.0058836340904235,0.3951663597707283,-0.1240805983543396,0.07463323289067209,92,53,15,68,0.4831861755897855,5.3687351805053884,0.051737129024339294,0.6115243838796596,0.06296814791858188,0.48442781544229796,0.039764201833168,0.3360600730040561,90,21,0.003841899123784791,0.5694509611198914,-0.4849658877246368,2.2118310857054633,0.033323552459478295,0.22999058524141253,0.1249323487281799,2.224735666038019,0.2245677113533019,2.2141388586465727,0.003963319538161153,0.6191283438424826,0.00935491546988485,0.4755268194742606,-0.099635362625122,0.010596807391446148,68,47,17,92,-0.09189875641283443,1.3444275099584724,0.04899471464863128,0.43142908452114814,0.04162755981087675,0.29441067470474835,0.02388542292756025,0.2034675343001452,83,21,0.0016142480297347802,0.21742016389146168,0.1851747198036966,0.45577336989942685,0.02069305628538125,0.13350523932262143,0.0843778848648071,1.1121250320561533,0.1828235089778899,1.0283493699243322,-0.00944451196119188,0.3847888186526054,-0.0077477321028708995,0.3291122404627137,-0.0984456241130828,0.0837756621318211,99,44,16,61,0.04275811779159084,1.10248492473957,0.030421875816596083,0.263358555834805
Good,0.06760150734936492,0.8542908080444522,0.1594171310961244,1.3517492269336633,0.0689830631017684,0.30536045689504066,0.03908963479101654,0.2644667507377546,78,17,0.004048699255188234,0.4686749146452158,-0.33047135787376725,29.47861871330666,0.033684611320495494,0.1271401556322489,0.1486814022064209,3.7378692405950718,0.2484118938446045,3.673741823050058,0.014902076125144947,0.44675926453381687,0.01376533508300775,0.3154059244301597,-0.0997304916381836,0.06412741754501362,64,52,17,96,0.23086539460021197,5.0983560890135955,0.04819629842153483,0.518730251863547,0.06039255857467642,0.43410298980907314,0.03524256911943662,0.27026091627790294,81,21,0.0029878980661132526,0.4351754330350912,-0.255660439569374,10.617418978934506,0.031020104885101298,0.21776793122747906,0.1249323487281799,2.4993590991861723,0.2351603806018829,2.4336658776370994,-0.00013880049809813586,0.5322426023063132,0.00274975597858425,0.4458905772873095,-0.110228031873703,0.06569322154907278,79,44,18,81,-0.08610879950677568,2.6675747738312823,0.043349299728031386,0.3897348397632613,0.0396472662687301,0.3021221170479523,0.024124647062271784,0.2157029255427281,84,18,0.001416157377498016,0.21384148820800924,-0.12278628671502734,1.4926844333762581,0.02042505145072935,0.12678869841186438,0.0843778848648071,1.2302492067555988,0.1655531525611877,1.188250331909658,-0.0017523456364870107,0.37274736009353326,0.0007591918110847,0.2678049296858852,-0.0811752676963806,0.041998874845940726,78,44,15,82,-0.018899950265855968,1.3994401399168441,0.02979219678691442,0.2736802765113172
Good,0.06095538388808467,0.7778325612709952,0.1440918197855351,1.2322291096625064,0.0644788295030593,0.31227126963994606,0.037360675246454735,0.2933437118984267,73,15,0.0033924789725979154,0.4288112668700171,-0.4413881886070863,10.387997959479739,0.03428828716278065,0.12421476372277508,0.1251177787780761,2.7781568512704498,0.2285358905792235,2.770881022063572,-0.008516277745366094,0.4390313639584544,-0.016366392374038648,0.27750953464072925,-0.1034181118011474,0.007275829206877847,94,45,15,66,0.1962264435076789,3.0671534975263883,0.04539439880375878,0.48586286988284694,0.0498108416795729,0.3936499951172122,0.031775533354957544,0.266106023196697,82,21,0.002566720725806379,0.38477681306470557,0.40151630100903546,1.0447186739348693,0.0258054882287979,0.18387473199256488,0.0923706293106079,1.5780177907169495,0.2150954008102416,1.4883286440298156,0.0005956453038379547,0.5057622823106037,0.0036056786775588504,0.44744355880927,-0.1227247714996337,0.089689146687134,78,41,14,82,-0.5836899766080755,1.274473595081413,0.04017378174787055,0.3591397038154854,0.03451972082257255,0.1662030340276232,0.01904525180812921,0.14666483516494971,74,19,0.0009156468740135282,0.12613246694107133,-0.15524031868210075,2.9289427200841462,0.0164405703544616,0.0842624817017469,0.060392141342163,1.0309748890179613,0.1149058789014815,0.9769879622202627,-0.005622908286750308,0.2874354633934483,-0.0090718194842338,0.24045848435815736,-0.0545137375593185,0.0539869267976986,98,45,18,62,0.5076330956574707,1.7535512464342244,0.023325149299495883,0.20859846913356045
Good,0.06958972617469084,0.9350534777869158,0.16349845003336644,1.4487228909808947,0.07355484366416926,0.32507083346522087,0.04739709455054249,0.3835660021903447,73,13,0.005685866831782207,0.8129601457995101,0.28622384184654015,18.843053292708017,0.0378813445568084,0.15673226560033515,0.1826670169830322,4.553263659842895,0.2860851287841796,4.528282539989245,0.004551273956894872,0.5695485896378435,-0.00301849842071525,0.3856036301233348,-0.1034181118011474,0.024981119853649935,85,47,15,75,0.632793921062133,4.010497843518642,0.05962526732333609,0.6989810797446907,0.054127535782754276,0.35600144478772566,0.03373302149673686,0.26449996318452773,87,21,0.002873793154351375,0.43358871582593933,-0.022818909594507275,3.213536736923963,0.0282340329140424,0.1743949354553755,0.0907074213027954,1.7824264479250176,0.2134321928024291,1.7568804117395516,0.0007074448047205785,0.5455664561866373,0.0072321742773055996,0.43398746456346693,-0.1227247714996337,0.02554603618546606,73,42,15,87,-0.4786706811954194,1.6969660038869059,0.04250780460568805,0.36870849964422203,0.028342124074697425,0.2215244834953195,0.020008472597692124,0.1664182063324651,74,18,0.0011792897834717432,0.16367261693501997,1.4628195107113813,1.9195003252549911,0.01381354033946985,0.10907100439343918,0.1028837114572525,1.0252042025696755,0.1802202016115188,1.0065860569895453,-0.006326117087155567,0.33360784515641384,-0.0096932649612426,0.2760894760889128,-0.0773364901542663,0.018618145580130304,106,44,17,54,0.6410461431420102,1.5229266436159772,0.026484339405207974,0.22886332730499703
Good,0.06250216506258972,0.9218806544240885,0.1463780989497898,1.4596016140629942,0.056748554110526955,0.28860606634648556,0.03902324796654281,0.30996810975932704,70,14,0.004620043406475347,0.5842310700238886,1.1111907322026422,10.698749722195577,0.02797681093215935,0.12027736393081667,0.1826670169830322,3.056354914970112,0.2851597666740417,3.0180407856020297,0.015128012374043454,0.5802079852420315,0.006797432899475051,0.4416602526003637,-0.1024927496910095,0.03831412936808207,68,47,16,92,0.8131585937472512,2.9647138702538562,0.051724187455750484,0.49758392647398825,0.04599889367818825,0.4646762170193006,0.030151976349297865,0.26979821044616953,76,25,0.002547251424634983,0.3745683242143093,0.45086522931293915,-0.3761012786205211,0.023315876722335753,0.23608550643014733,0.1260506212711334,1.3431513946175233,0.22018530964851368,1.2893003755153933,0.0027082829270511878,0.5164116476208586,-0.00011615455150605,0.48547909312738147,-0.0941346883773803,0.05385101910212997,80,43,17,80,0.2725155113894306,0.6581815493360227,0.039933244220149086,0.3284620745471531,0.0349414646625518,0.2747214008680758,0.02200410383520644,0.19904863086631724,78,17,0.0013516326102356747,0.19924791113244247,0.6521948396209689,0.9425073076699251,0.01766923069953915,0.1427803466834463,0.1028837114572525,1.1101428566009377,0.1802202016115188,1.0694624838069133,-0.004134487826377149,0.36298198120010405,-0.00462506711483,0.3084560568726501,-0.0773364901542663,0.04068037279402437,97,43,16,63,0.2362103935311709,1.2488969707120814,0.02885969340982362,0.2597922101535952
Good,0.06423214607792782,0.8711661044324012,0.15297282742336368,1.331207271540972,0.0647512525320052,0.2553927211988312,0.03880786175373937,0.2886711167857021,79,13,0.0040176015312945465,0.5027925471713918,-0.0386256843386259,14.596396722974653,0.032397985458373954,0.12084884204915289,0.1444764733314514,3.2846492072808466,0.25284594297409047,3.208975037169924,-0.006607006117701525,0.4283102677832378,-0.00802737474441525,0.2726976476908457,-0.1083694696426391,0.07567417011092253,92,46,16,68,0.3114346357121544,3.7842181949185547,0.04982836884603336,0.5651042927485536,0.0531179681420325,0.5944066603771982,0.03426753387233471,0.3167803483760619,74,23,0.003229004416089304,0.4858866880217896,0.6870452372459779,-0.6246187567449395,0.027078673243522602,0.3040015550900299,0.1617156714200973,1.440955933014487,0.2661753147840499,1.3966339230830662,-0.0008624219452030913,0.5801767316616093,-0.00321739912033075,0.533078335474771,-0.1044596433639526,0.04432200993142083,88,44,13,72,0.3754119077341118,0.5941420700704871,0.045056319623967334,0.3863698332689065,0.04036686196923245,0.24684400660494898,0.02159429437248032,0.18207360454139299,87,18,0.001207551244977708,0.164830353847409,-0.6343384320585015,5.405262022721724,0.01935887336730955,0.10595524143798436,0.0511648654937744,1.3993475572885476,0.125291883945465,1.3728050605636681,-0.00834530834108591,0.32272027209612486,-0.00576087832450865,0.2459286720016482,-0.0741270184516906,0.026542496724879423,93,44,15,67,-0.19014618785275858,1.9768119589148918,0.0262561232257555,0.24633712636468783
Good,0.07792353651204623,1.026922646314375,0.18370699653401948,1.5641022470406594,0.09120015799999227,0.4062589001178635,0.05154512860812242,0.326874427647329,78,16,0.006511928779134833,0.815444252049788,-0.28118502754023034,27.542690742138955,0.0456544756889343,0.21361105505653008,0.1928513050079345,4.775802293295894,0.3012207746505736,4.710761265096111,0.00718969143927097,0.6077422932485969,0.003980636596679649,0.49560872218779595,-0.1083694696426391,0.06504102819978289,76,50,17,84,0.3636886493290743,4.911924663738574,0.06358880344438911,0.6679023559224242,0.0684162974357604,0.4952395954877341,0.040853607168391995,0.3381701769429128,79,19,0.0040395530699320345,0.6094523963035111,-0.2866172058924814,5.783828644583082,0.034530609846115,0.23337112059286386,0.1617156714200973,2.7141914596527825,0.26649771630763996,2.6840777606069084,-0.0018267023959197086,0.619686165009411,-0.0026853382587432497,0.5107041654421784,-0.1047820448875427,0.030113699045874135,85,42,18,75,0.11899747758202832,2.0105570011817293,0.050371039169178414,0.4748067535318346,0.03959590569138517,0.23600931104510603,0.02256146457511927,0.18223677239146002,90,16,0.0012781143951153206,0.1814800705037599,-0.000534311222893713,4.0266563628296606,0.016421884298324498,0.11089524136441815,0.0879072546958923,1.2744927325391155,0.1693911254405975,1.172232024329252,-0.0042183170095086145,0.33667378878265164,0.0008948966860770999,0.2633405281224722,-0.0814838707447052,0.10226070820986355,78,48,16,82,-0.15783526582450147,2.026163371234314,0.028034611107146133,0.26101883160127426
Good,0.06262297375487116,0.9044268927324608,0.1490523874387143,1.4255119330463977,0.05468873679637898,0.3544968949262659,0.03833801070228214,0.3214883816090551,66,17,0.004356574629531943,0.5876148984364467,1.87521228513478,6.504759411361681,0.026802301406860348,0.18538736129775713,0.1928513050079345,2.63830032786121,0.29352015256881697,2.589048336809741,-0.0024116851389408027,0.5704131017780292,-0.0118879675865173,0.4397067356550071,-0.1006688475608825,0.0492519910514687,97,47,15,63,1.1007162016597718,2.4724845961053337,0.05228892080057333,0.5120974436144106,0.04512123763561235,0.38959276638737905,0.03073246199317505,0.23602943608101615,83,22,0.002534131267236298,0.37333785442381556,0.2931364628913484,-0.27896392222116484,0.022368896752595853,0.1934038338716895,0.1081845164299011,1.2921783220497667,0.2129665613174438,1.1637659890077472,0.004580810130573801,0.538685541578864,0.00600932165980335,0.4776017565586084,-0.1047820448875427,0.12841233304201943,68,41,12,92,-0.2131369375302739,0.7137051755438053,0.0396569975497636,0.28836737283836666,0.03909770771861065,0.2729630680653749,0.02177990071242672,0.19281802577587526,81,18,0.00135837347642017,0.16724934308946704,0.33440401158119704,2.4884340622308123,0.0195772424340248,0.13897301769504344,0.0879072546958923,1.2870698642388052,0.1693911254405975,1.2620644705288533,-0.010558301024138912,0.3164132896895045,-0.00936137139797205,0.24964142927554567,-0.0814838707447052,0.02500539370995202,102,49,13,58,0.1671808218184849,1.530156777401562,0.027242321907086624,0.25909838516928807
Good,0.06625137654313934,0.8526453491300068,0.15831652846187333,1.3468615723041526,0.06843467056751243,0.3099275230784859,0.043568263365887074,0.29037041947086684,65,16,0.005052144501950936,0.6649574385874125,0.3819952185974711,29.203693820816476,0.0323088467121124,0.13122115231504158,0.1707755923271179,4.378151240630372,0.2972814440727233,4.349262941695854,0.005378328636288654,0.5459619837058974,-0.0046092271804809,0.3991540321496889,-0.1265058517456054,0.02888829893451835,90,45,13,70,0.7218230721916395,5.104550599262296,0.05611007954203277,0.6057086353481631,0.046464636921882525,0.3562736148180068,0.028844607854552996,0.23461299796359758,79,16,0.002118898193477818,0.294642740090082,-0.19753265034219147,4.967854924486701,0.02464325726032255,0.11877886627580925,0.1022821366786956,1.7716979943414837,0.176890730857849,1.7260456091519127,0.006849287101067596,0.43650315759559755,0.0061986893415451,0.3409310035787762,-0.0746085941791534,0.04565238518957102,65,44,17,95,0.07329970612154411,2.0329981357051197,0.03585293001727239,0.32265730039649637,0.04161479696631422,0.2100804581870166,0.02491937633603808,0.2079930670022473,80,15,0.0017046971994362137,0.23024131935163478,-0.4032483396462312,5.959579107453708,0.02078251540660855,0.1121426847188885,0.0616856217384338,1.6391192787367244,0.1499157547950744,1.6028889551130798,-0.01002140920609234,0.3643964310026575,-0.00999189168214795,0.2812577026239287,-0.0882301330566406,0.036230323623644436,104,47,15,56,0.2049583426437338,2.3180343001993347,0.03116209771919746,0.3121803331796548
Good,0.0658839307479115,0.8754677956861773,0.15550586834549884,1.4037606051309506,0.0596953034400939,0.3361503065369306,0.040709025431424344,0.27105772741680156,76,17,0.005117062760158676,0.49545741198009546,0.5222934659953613,12.216124151331647,0.03027445077896115,0.16653361590938884,0.1707755923271179,2.7674549986166572,0.3054634928703308,2.6251582251830596,0.01991923935711383,0.5601561848274784,0.016998201608657802,0.48331401958279496,-0.1346879005432129,0.14229677343359776,59,49,17,101,0.24286289019021387,3.0457074439414282,0.053094320993816224,0.42624225574152,0.0513447336852549,0.35215032884786385,0.029808588593732532,0.2166157177335869,70,18,0.0022207834026740144,0.31800023702664953,-0.28881098234192315,12.637636195335508,0.0253975838422775,0.1551442615797708,0.1022821366786956,2.1409703933403104,0.1804254353046416,2.0633358843369827,0.005027709808200602,0.46495041139535126,0.00160504877567285,0.3801105410159327,-0.078143298625946,0.0776345090033277,76,44,16,84,0.2926513258279338,2.9348697775048875,0.03703082871033772,0.3190945815427507,0.043456576764583504,0.30233408814126417,0.024398833094164678,0.19540307867107373,78,22,0.0014387854498561265,0.21594234553386615,-0.3466139323328945,2.0503879503455797,0.02122770994901655,0.1471970052146016,0.0616856217384338,1.2308386068643613,0.1499157547950744,1.2167017517342775,-0.0005203802138566939,0.37865400890812095,-0.0011295527219772,0.3570799816611625,-0.0882301330566406,0.014136855130083687,82,45,16,78,-0.12061554822846322,1.3636696070431267,0.03007696810949749,0.2693761070913209
Good,0.05332476966913339,0.7250447698236049,0.1306085724290458,1.1467276094132892,0.05931414663791648,0.2691760183647841,0.03127075603231784,0.2324355626537802,76,20,0.0025982359211569016,0.2825915709243756,-0.21056702494791324,10.118708008374862,0.02829310297966,0.14202603630119784,0.0755236148834228,2.1761137922880365,0.2102115154266357,2.1380804418626407,-0.011775198951363553,0.39216826591177506,-0.01566037535667415,0.31235123453001745,-0.1346879005432129,0.03803335042539575,102,48,14,58,0.048243100854683384,2.7464820390352975,0.03865984073836627,0.3588810696263135,0.04233573377132405,0.4041438753665831,0.026765728835161963,0.21724809816744808,82,25,0.0018359767396106908,0.2658255830053327,-0.09131891409856996,1.9639483976796903,0.02213947474956505,0.20165966397383783,0.0966073870658874,1.4345904910467588,0.1837932169437408,1.3332170846590774,0.003984539065277201,0.4375830231126831,0.004359792917966799,0.4362185922946333,-0.0871858298778534,0.10137340638768136,72,44,18,88,0.029769090728514302,1.2054163875651138,0.033745013674143585,0.27266587774948625,0.03756812587380402,0.2280586892606798,0.02065754594281312,0.17040390293521854,77,19,0.001107605745842283,0.15336077099976275,-0.46372437653878507,1.9612116964346233,0.01870372146368025,0.13059799062282837,0.0580676943063735,1.095006212801363,0.1234781593084334,1.0388149212243978,-0.007921232283115375,0.31697632038883117,-0.0088877975940704,0.27428642548892057,-0.0654104650020599,0.05619129157696504,98,40,13,62,0.07826608997707588,1.5034373199500715,0.025168767113346938,0.22997126627585418
Good,0.06838961123584052,0.9174155066463746,0.16788287169299998,1.4463159024457126,0.0809022784233092,0.33897834813689653,0.045543967140838464,0.29570116456849826,70,18,0.005022782625137438,0.6683391922457796,-0.24134536946906193,29.228764563514403,0.0403462648391723,0.17370470772626445,0.1567214727401733,4.450935217963647,0.3007750511169433,4.405194808461903,0.007340171560645104,0.5341676147760603,-0.00241932272911065,0.4430586877534277,-0.14405357837677,0.04574040950174461,81,47,17,79,0.4037305589295689,5.074247292439905,0.05572042541540902,0.6188732920156066,0.053990751504897995,0.3504780311113311,0.033655442792223725,0.29043866529581325,80,21,0.0029900197905400085,0.44299515192645184,0.40229834602350634,7.568363628924832,0.02819025330245485,0.17923478129258746,0.1136643886566162,2.494031767444948,0.2434332370758056,2.487418012881159,0.007090038753813125,0.513736311550503,0.00707849673926825,0.42153095403294893,-0.1297688484191894,0.006613754563789135,70,45,16,90,-0.031540865658319456,2.26818646102178,0.04277769029500693,0.423166815949616,0.039613179862499154,0.413679201990482,0.02512505844351831,0.25181956967159175,81,20,0.0017552340827937556,0.2603831089666607,0.9254872303631849,1.3435174830323433,0.02016650885343545,0.17392250303768253,0.0801884084939956,1.4073553753191916,0.20776198804378498,1.374811094380983,-0.005436225328594441,0.3984119761191493,-0.00529994815587995,0.30424381177840787,-0.1275735795497894,0.03254428093820857,92,37,15,68,-0.0020354209312895832,1.302921853327404,0.03277472190419323,0.31882754939229324
Good,0.05912954660555099,0.8578462688929434,0.14266867391765098,1.3518570091392366,0.06604781746864308,0.4371741207212283,0.03836047634016719,0.30061344229776765,71,18,0.004448300362890295,0.47595071323209637,0.5122180261666687,9.430887338485881,0.031317859888076754,0.19195929616418028,0.1567214727401733,2.6628107949320374,0.3007750511169433,2.549297068737129,0.019007870182394974,0.5358315333110999,0.01366975903511045,0.40206814027009385,-0.14405357837677,0.11351372619490827,61,47,14,99,0.23489569212696995,2.626753896950706,0.049336616561857255,0.4345518164057907,0.04476635903120027,0.3404555477965291,0.02867555825156156,0.25113735163259104,74,18,0.0024264900576541322,0.34606113487224766,1.5382623859188582,2.9520462188404384,0.023454003036022103,0.173083092647505,0.1136643886566162,1.677280995925129,0.2434332370758056,1.6326448090269987,0.008507200470194213,0.4682216265801072,0.0036958381533622,0.40012664939785947,-0.1297688484191894,0.044636186898130314,69,45,18,91,0.05303944001161198,1.754446929401675,0.03812173583849026,0.35613149716772646,0.028096530586481025,0.29798259218169726,0.020582428178749928,0.21307335230666005,70,18,0.0013484513138262168,0.20187099321936092,2.6561823466598593,3.483362521200516,0.013273574411869,0.13379581434186627,0.0801884084939956,1.3606190820010877,0.20776198804378498,1.3269136591005115,-0.0002125548198819098,0.34780384924802926,-0.0027444511651992,0.2485412165677588,-0.1275735795497894,0.03370542290057627,90,36,16,70,-0.12081193213593391,1.7693233670715827,0.029121076965189813,0.28443536289922716
Good,0.047579518238995616,0.7089890891561969,0.11509745378047205,1.1097015519175222,0.039584219455718925,0.37782391225072043,0.027369628846645327,0.2221865987403827,72,19,0.0024850350590000358,0.2786677764885583,1.4770424204614363,6.904614383504542,0.019764333963394148,0.16815766428762008,0.1025739908218383,1.8093839851293403,0.2528663873672484,1.7071869344671344,-0.012221567332744578,0.4364283954938821,-0.013731241226196251,0.35111996487393693,-0.1502923965454101,0.10219705066220577,110,46,14,50,0.2671849647398203,2.1355409967465664,0.0375846911670092,0.2969815349397905,0.03385044261813153,0.25520598303569864,0.02453249448881247,0.20725784198400315,75,19,0.0018476133488102605,0.26571629927592716,1.7329870954679567,0.2846668520166329,0.017481506802141653,0.1105379908194096,0.095409095287323,1.1847893435237453,0.2071390151977539,1.131695360161789,0.0031341497553512405,0.4418573870816065,0.0021963408216834,0.3614558698660407,-0.1117299199104309,0.05309398336195627,73,43,14,87,-0.2688632907740445,0.9814107480046006,0.03394313332904985,0.26547758616753797,0.020265139639377452,0.20015015679498827,0.014245055676437893,0.13868705663381273,82,21,0.0007405363696579956,0.08360240219677545,0.8289399519044842,1.0156933778467554,0.009911619126796601,0.08462044002629322,0.0526071935892105,0.7452809005372295,0.11856032907962791,0.7135805039982573,-0.010105455853044964,0.23141576934203367,-0.00959434360265725,0.16065167119824092,-0.0659531354904174,0.031700396538972116,118,42,14,42,0.15935864303046032,1.2570364193800627,0.01905212956058627,0.17334688891529063
Good,0.06737619898404724,0.9018438611034472,0.16071243640035365,1.3979247098468275,0.08509846031665792,0.41660009444029006,0.04649279385805126,0.31465451258665905,68,16,0.005235714304513686,0.6865526325698249,-0.24019691191482906,28.508439334449385,0.0368804037570953,0.19570599660539306,0.1555824279785156,4.46944769800039,0.30587482452392567,4.395470718141275,0.010567563772201537,0.5459951388382134,-0.00014930963516235005,0.4158446825261656,-0.1502923965454101,0.07397697985911497,80,53,14,80,0.4024956136609547,4.976904964162615,0.05639615523932121,0.623251105843275,0.0528239160776137,0.3707616003532489,0.03473131849255874,0.26724085181352436,78,20,0.0032417523863619148,0.4714884920339765,0.1463256918762048,9.2506728683222,0.0272373110055923,0.2160250776555403,0.1246082186698913,2.4833180002710824,0.2363381385803222,2.4421469836535863,0.00558632493484765,0.5632784014930727,0.0037162713706493,0.4811952352132435,-0.1117299199104309,0.04117101661749606,73,41,18,87,-0.028233312682153622,2.4002052018844826,0.044804404716062805,0.39269063452721337,0.03426417335867873,0.17484909648410443,0.019549455819651444,0.155931816189745,75,17,0.0009633846501735435,0.13519834228927852,-0.2900492496530003,6.960227238676497,0.016597107052803,0.07956992836613357,0.0700137019157409,1.3260481574178344,0.13596683740615828,1.3085100614153349,-0.004616478830575937,0.2886511695155415,-0.0063959658145904,0.22642485017803587,-0.0659531354904174,0.017538096002499656,94,49,16,66,0.10986836623216446,2.283517755793469,0.024175532712900294,0.22776927937408203
Good,0.06892731653595732,0.9142816726643104,0.16388936044648267,1.4324361479070087,0.07220141589641563,0.3514551745365909,0.04391510581597682,0.3554089348879243,74,14,0.00497208399347911,0.6812006135040845,-0.16964078642812996,8.951286088443752,0.0367123484611511,0.16538029371558663,0.1555824279785156,3.1390535505931223,0.265681505203247,3.052544383397893,0.008348686248064032,0.5715241944194343,0.00103396177291865,0.4009090866913777,-0.1100990772247314,0.08650916719522932,77,50,16,83,0.4259209058867703,2.923843998479388,0.05528976325560829,0.5954500052038805,0.05542260408401483,0.35833681363475006,0.03418938207760217,0.2873295791096014,86,21,0.0034334677988700057,0.4456026068157181,0.10772158660686149,2.4728575225988525,0.027627810835838252,0.17566866607321757,0.1498353779315948,1.9890137384733988,0.25581485033035267,1.9331082583515486,0.01604144292650743,0.5437140822649841,0.017827101051807348,0.4423909823318432,-0.1059794723987579,0.05590548012185013,55,40,17,105,0.07227962917590663,1.5026985277995966,0.043594350601963344,0.3872694198648588,0.03698755800724014,0.2649380232317677,0.021330886427313046,0.19292882418865187,80,17,0.0011722984124837754,0.16411441755668207,0.38883658217921013,2.3441135107541884,0.01875718683004375,0.12536469578542386,0.0700137019157409,1.2335769684464628,0.17097988724708552,1.1846376395091713,-0.0053621272556483674,0.31719787122259036,-0.0056146308779716,0.2229391129364876,-0.1009661853313446,0.048939328937291554,90,45,16,70,-0.308733252034627,1.5551936111908053,0.026615058849859357,0.2519919206017111
Good,0.06421983664023892,0.8525561108249399,0.1553883691318331,1.3234855583623006,0.0588734298944472,0.2814854806825324,0.03643544351216401,0.2968327564847315,65,13,0.0035791489064707655,0.5021371321096222,0.5302970882479436,18.900017409612882,0.028137743473053003,0.1233705067907227,0.147951066493988,3.5443406713464527,0.2580501437187194,3.541481843639928,-0.0019900482147931983,0.4558698617421964,-0.008441507816314649,0.32638236116944375,-0.1100990772247314,0.0028588277065248135,96,48,15,64,0.5323867899851441,4.006354088912637,0.047403078472831386,0.5425124895011847,0.0615248642861842,0.5155854933714416,0.03550751847535134,0.31192672046937103,86,17,0.0032531197436743787,0.439336756845102,-0.24300374220968646,0.7454579117949351,0.032672792673110906,0.23870722028749952,0.1498353779315948,1.6955756166226639,0.2374667227268218,1.634164713897774,0.011273824411910018,0.5312013565310649,0.01573465391993515,0.43562163770078116,-0.087631344795227,0.06141090272488989,63,41,14,97,0.09899302799367773,1.1978053043607482,0.04379599043048436,0.39643647115856845,0.0345007255673407,0.22184406912597304,0.021433903016149964,0.18867329268758468,72,16,0.0013541700586824456,0.181888835641932,0.39975302221512976,2.3887629040760245,0.01624034345149985,0.11626950626020599,0.0698380172252655,1.1885833196365123,0.1708042025566101,1.148976383072055,-0.009697890654206261,0.3364143400890394,-0.0120574533939361,0.26455434435165814,-0.1009661853313446,0.03960693656445745,106,44,17,54,0.09907367798504128,1.6348046900120903,0.027514336179194347,0.2621339875414634
Good,0.06091130931650812,0.8444482996527046,0.14757079154252983,1.3182364488495648,0.060802057385444495,0.37150321296920585,0.03714127417653796,0.2789107658907086,74,20,0.0038484131645685643,0.44627463381534077,0.3692392733726897,10.450710720638746,0.03046965599060055,0.20711280664395276,0.147951066493988,2.6061168466880256,0.2573850154876708,2.502724266066196,0.015171779692173,0.5229445687644104,0.00846549868583675,0.4220945388789998,-0.1094339489936828,0.10339258062182946,66,48,16,94,0.33145264885717407,2.7137182437420204,0.046784132436935806,0.4156965381322603,0.05890483409166323,0.3096202182239929,0.032023388028610454,0.2365605784682074,77,19,0.0024269827944755824,0.3285254873815556,-0.5077840213425842,3.014953962459657,0.02881002426147455,0.16312563742064176,0.0937844812870025,1.7303165666901932,0.1814158260822295,1.722976783398918,-0.003644290752708905,0.4706562868864541,-0.00676235556602475,0.41147063771728964,-0.087631344795227,0.0073397832912750795,90,42,17,70,0.29407514010799507,1.491757376661934,0.03889781344464363,0.32712099748535167,0.03843916580080975,0.1948000973270524,0.022063683383166745,0.1807685832344788,81,16,0.0012167320840961227,0.17823542487940205,-0.1432766541844015,7.128068056476593,0.019343189895153,0.08098812535756128,0.0698380172252655,1.552223339258987,0.1458614766597747,1.5206387413294855,-0.0018581628799438448,0.3246355931987007,-0.0014809668064116998,0.24309710231308362,-0.0760234594345092,0.03158459792950157,87,46,16,73,0.0021461942426234306,2.398225688918871,0.027600105428140186,0.2699021239411237
Good,0.05539224350041723,0.7512522911377816,0.13357186108827568,1.1873136963742634,0.05453936755657183,0.28482341435948677,0.033972958205267745,0.2623817540396094,71,18,0.003141008332616971,0.4027748926788686,0.6683878641121557,6.990251435725964,0.0265835523605346,0.12723648953133354,0.1357168555259704,2.27116055165432,0.2451508045196532,2.201415304824768,-0.010975197702646239,0.4998613194340617,-0.01617187261581415,0.3886400812634229,-0.1094339489936828,0.06974524682955226,100,47,16,60,0.6186745642119968,2.3247459609552394,0.04306117039453124,0.3910416269561433,0.0457378514111041,0.29310254018282866,0.025717713646590666,0.19688975939471443,84,18,0.0015123448490411767,0.21428204816793694,-0.812251251621829,0.9776038650071448,0.02501700818538665,0.14363620906381858,0.0697358250617981,1.1761851431302386,0.1420553922653198,1.168048945420128,-0.003504636883735655,0.38275656799694396,-0.0015730559825897,0.33756695681607196,-0.0723195672035217,0.008136197710110583,84,39,14,76,0.03767426541829506,1.104846895278675,0.03063985238915287,0.26034488246005105,0.0343090519309043,0.1857009985553295,0.02094863802194592,0.16815215405091938,80,18,0.001193964637453312,0.1532680376559286,-0.21166710777140896,3.7811325104711955,0.01752439141273495,0.08585332906978657,0.0557392388582229,1.252903344306966,0.1317626982927321,1.2441709530775482,-0.009387922845780838,0.3046958089432578,-0.009531646966934149,0.2315094424624201,-0.0760234594345092,0.00873239122941773,101,43,13,59,0.0626923259555554,1.880170775794546,0.025733903008977432,0.2458220935317701
Good,0.07246633085416347,0.9325952109499641,0.17116014942526792,1.4520094948578204,0.0748936682939528,0.46452792322015496,0.048765851706266364,0.3981354364039825,64,17,0.006122923082979981,0.8553255773727595,0.36348706791650764,25.620073173681536,0.03602209687232965,0.17762791136066255,0.1940445899963379,5.040931474044182,0.2858597040176391,5.023350238345032,0.005963261052966129,0.5709647303944501,-0.00412714481353755,0.3286938919101201,-0.0918151140213012,0.017581235699149513,88,48,11,72,0.9221587149697489,4.65830140115284,0.06176658390686414,0.727547149000223,0.058203354477882274,0.34928954131455736,0.035033748783171136,0.25959244479279336,77,21,0.0031593783690689937,0.4554768620798193,-0.27976497877861206,13.747527694857435,0.029231309890747,0.18335791287174433,0.0996904373168945,2.7675724703152205,0.2047464251518249,2.7350900503808524,0.005729290843009944,0.5263139689034798,0.00360030680894845,0.4457738796285071,-0.1050559878349304,0.03248241993436819,72,42,17,88,0.10177429048473279,3.1840063507155563,0.04420406318561178,0.42245765257228596,0.040831252932548426,0.28608606109380824,0.023099089175229855,0.2105848449242893,79,18,0.0014162477239923132,0.19953447048295392,0.06425670386597382,2.05435258457935,0.020454071462154298,0.11245342565411565,0.0716523081064224,1.329445660207925,0.1673740744590759,1.2928954229220193,-0.0074848649092018466,0.35473079555989023,-0.0078383237123489,0.2492095257632408,-0.0957217663526535,0.036550237285905715,100,42,13,60,0.06274241259765609,1.482765571498673,0.028885053039470535,0.2714784211763456
Good,0.06668825271515329,0.931206147052202,0.15630152106285072,1.452287317377709,0.054453074932098305,0.5811799829556114,0.04231691098306325,0.387858972006794,67,19,0.0056639610221823075,0.6695700520235469,0.8629259381681984,10.758091720702346,0.02675420045852645,0.2577261632836519,0.1940445899963379,3.4339861072932303,0.331336498260498,3.4210965870831465,0.017588812485337252,0.5941337169022425,0.0087680220603942,0.41241774357735667,-0.1372919082641601,0.012889520210083725,64,51,15,96,0.6812377915323083,2.7696697125443634,0.05701690636814045,0.5626501385972219,0.055538490414619376,0.45622701325867493,0.03531053440878163,0.3278789028148743,73,17,0.003247800395408972,0.4746049135238708,-0.27076730750050837,4.089824136199736,0.028987005352973896,0.19213517520392667,0.0996904373168945,2.218013297107601,0.2047464251518249,2.183158542720992,6.669573485857533e-06,0.5259410076633061,-0.0038390755653381,0.3852880345068343,-0.1050559878349304,0.034854754386609545,87,46,15,73,0.29549359443233403,1.896789228681833,0.0451955939595429,0.44496176238186697,0.03196260705590238,0.3164327470838257,0.020029656914994077,0.18233690305148773,70,19,0.0010913285041682492,0.1610697012085629,1.058928468352475,1.264238380403449,0.015359863638877749,0.10077628624201979,0.0716523081064224,1.0251445232869236,0.1673740744590759,1.0077549719424772,-2.2735074162475235e-05,0.3322125928121606,-0.0025933310389518,0.24712973593794302,-0.0957217663526535,0.01738955134444652,90,44,17,70,-0.21316784384798465,1.1843061495880074,0.026198656611995705,0.2251765848963529
Good,0.05297460695080254,0.7128971863340918,0.12533724583685377,1.14677992849781,0.04796634614467607,0.3391791353482056,0.03033845481462774,0.2348754727111286,91,18,0.0028567750018309067,0.2887817493366749,0.20991804098443456,4.735503200989044,0.024417132139205898,0.17147660962880856,0.1006827354431152,1.794747848528164,0.2379746437072753,1.7486056605111715,-0.018355184048414214,0.41755473944076177,-0.0122693479061126,0.35277201235027056,-0.1372919082641601,0.04614218801699264,104,52,17,56,-0.25494193319598457,2.002497753828322,0.03817960329635875,0.33827472401471625,0.0417772531509399,0.2988416621028329,0.027037100148736466,0.23981590200225436,81,18,0.002108226852413717,0.28937425113712495,1.2426580915006848,1.5935767873733644,0.020666688680648748,0.13692948562026902,0.1243719756603241,1.419810060188535,0.2096382081508636,1.3770327030977867,-0.007549850596114979,0.4376263756845574,-0.00708586722612375,0.3202612510457449,-0.0852662324905395,0.042777357090748425,99,44,15,61,0.5308573023843868,1.4298129322676707,0.03561699175774974,0.31282168473800454,0.0263684839010238,0.2161750282495525,0.017926209265133327,0.1471667378089759,73,20,0.000901981273370342,0.12157769831896471,1.3213398110279346,0.9571245246534379,0.01345216482877725,0.11599032815362746,0.0940933227539062,0.8156438789840587,0.15754410624504078,0.7575627140223934,-0.0042923334054648776,0.29159881337249094,-0.0064752623438835005,0.24234826326950087,-0.0634507834911346,0.05808116496166527,98,43,15,62,0.4945479715620677,1.2227694953003732,0.02342528161323606,0.19117486853328794
Good,0.07264869720247905,0.9105444574795243,0.1742068666964767,1.4247473407857705,0.0804755240678786,0.36151521477811316,0.04810972565319385,0.3373795914741603,75,16,0.005673582317071351,0.7370748008628335,-0.28083426536493006,30.527589333089807,0.040897905826568604,0.15279536802003518,0.1988322734832763,4.883534602157336,0.29935747385025013,4.786146898566544,0.009107473120093343,0.5213441568689727,0.00380212068557735,0.343015566967526,-0.1005252003669738,0.09738770359079169,73,52,16,87,0.34602792798554943,5.24138242274759,0.05903238963014631,0.6821107468449777,0.06622239015996448,0.26880891005509716,0.037735436260118105,0.2553601644245842,73,17,0.003556875556133351,0.5083029521157258,-0.07815025710072998,14.437850246374378,0.0321205072104931,0.13753618457046568,0.1243719756603241,2.93465986373267,0.2303406298160553,2.9070170560763073,0.0032614257652312526,0.5592691270747997,-0.00223210826516145,0.4680634205248323,-0.1059686541557312,0.027642807656362674,84,44,18,76,0.3304444255411924,3.3328078244290533,0.04718394700429779,0.44217756118636026,0.03537006303668015,0.22395112503809547,0.02283520381897684,0.18691098868970357,80,19,0.0013599898663930843,0.18138969790157333,0.160931665162642,1.5283387620643953,0.0184789076447487,0.0995489710860377,0.0940933227539062,1.1671802488049257,0.1629843860864638,1.1189413722954786,-0.00392859289422631,0.34413405684199816,-0.0037704929709433998,0.2545348781249186,-0.0688910633325576,0.048238876509446985,92,43,15,68,0.3714562114895356,1.4423858876972755,0.028979451828734605,0.2509212004256351
Good,0.07317078748541549,0.9923082070653138,0.17712527789175486,1.5541575406395964,0.085665076971054,0.40159638120224506,0.04564709454309191,0.3575610882990407,81,14,0.005193684824089815,0.6542537467358698,0.03771187367144213,10.491073613682328,0.045476347208022946,0.18051769730366873,0.1988322734832763,3.331987728645464,0.32702142000198353,3.2909253457846424,0.013692039623856539,0.5799290824237897,0.01456028223037715,0.4302767981627279,-0.1281891465187072,0.041062382860822075,71,51,13,89,0.3549951532009606,2.9425370717773864,0.055478080580536535,0.5638581435919597,0.060655757784843334,0.4331739166235982,0.037109712971141524,0.2958609077379173,90,20,0.0038034293504691373,0.5237788665361615,0.0851096404470395,1.7742329404031265,0.0283029824495315,0.2179085211121895,0.1490548700094223,1.9036247799636359,0.2550235241651535,1.8747444177179438,0.013325041206553562,0.6021150605592317,0.018852535635232898,0.5424445183205586,-0.1059686541557312,0.028880362245692053,56,42,21,104,-0.1860782941576983,1.319968865896597,0.04704700308208426,0.40154242663000667,0.034495990723371346,0.24804024536334995,0.022733779632253544,0.18782921250487675,77,20,0.0015326454540064757,0.2004345682385961,0.2119440280125371,1.2352393008194733,0.017278105020523002,0.12863519407786989,0.0747379139065742,1.1284707842348314,0.1598129346966743,1.0839248236309316,-0.008153286855667815,0.37211339765657486,-0.00905019044876095,0.33474893985828263,-0.0850750207901001,0.04454596060389988,109,42,15,51,0.2774399316489157,1.2617458009989513,0.029950522255032117,0.24893008561255892
Good,0.0661955105626828,0.9332303618388174,0.15992361091077306,1.5012280691010673,0.06644374132156364,0.3963097669319208,0.04066942033823575,0.32447916913398017,71,17,0.004139968522750295,0.5395524552388692,0.2135639527556532,10.1480815919412,0.03072655200958245,0.1879073263929189,0.1295828223228454,2.971418672760101,0.2577719688415526,2.954700594086942,-0.004521029070019713,0.5525510158854956,-0.01226907968521115,0.4105843340284925,-0.1281891465187072,0.016718078673158884,92,49,14,68,0.4804260214449774,2.731351257599148,0.050825048277839846,0.48398329525178435,0.05336867272853843,0.39726747608196633,0.031910857635666576,0.22047374448895263,83,24,0.0026604142768729753,0.3779565720414795,0.3944731629706326,1.3016460169372444,0.02698460221290585,0.20152169641641351,0.1490548700094223,1.5215220887949372,0.2480526715517044,1.451952529424443,0.006004337640479197,0.55029058759604,0.01105846464633935,0.5357766139661533,-0.0989978015422821,0.06956955937049404,64,45,14,96,0.007631831465630019,0.7420058747853917,0.04045908690581836,0.2741110016848731,0.034905984997749245,0.3981765205734649,0.02385143006686118,0.23985706453474998,73,16,0.0018332342264360843,0.25347171476434405,1.1342267302314273,0.6097939450505403,0.01701159775257105,0.1645721801343767,0.0983830839395523,1.332015760298515,0.2032493352890014,1.3049611983830305,-0.009228387847542745,0.39838646561953167,-0.0114967748522758,0.310933665756744,-0.1048662513494491,0.027054561915484495,111,47,15,49,0.39458257423501525,1.143702136084227,0.03266923233551066,0.30783102308819
Good,0.06964440479443573,0.92967653016496,0.1672351552546022,1.475485803633124,0.0737852305173873,0.4145055081991084,0.04221150099765506,0.2927729071139898,73,18,0.004780966526485274,0.537557943523956,-0.417889019349154,19.503440755341746,0.03610819578170775,0.21839944423124769,0.1295828223228454,3.4329380059318804,0.2534450292587279,3.415379989976649,0.013169953599572178,0.5342570735755782,0.00900000333786005,0.4709098648882017,-0.1238622069358825,0.017558015955231588,62,50,17,98,0.10601862798629667,3.885402387750244,0.053219908330958576,0.5021228165084866,0.054645784199237706,0.3847316207700489,0.03240234353579576,0.269086405223855,75,21,0.0026594863016449464,0.37633150797642395,-0.2620319724834448,3.1492718647715794,0.027487426996231,0.19830466000309124,0.1054758727550506,1.8994716082667868,0.18984869122505182,1.8284723349083334,-0.003204306215047832,0.5014770157980256,-0.0051304697990416995,0.4132833703841092,-0.0843728184700012,0.07099927335845344,90,48,17,70,0.34063654475449506,1.5333529862472974,0.040771322517576605,0.35334446451406415,0.04549852758646,0.38278012934253536,0.028548920048633547,0.2521012693092425,79,20,0.0020808527556947735,0.3076153010437498,0.17812289501412737,2.7891653981722015,0.0227933451533318,0.18825254051020004,0.0983830839395523,1.6758791730690512,0.2032493352890014,1.618467847070694,-0.002774954866617909,0.43975171425952014,-0.00404862314462655,0.35331842966014343,-0.1048662513494491,0.057411325998357327,87,44,16,73,0.0988910145236839,1.5726853802584457,0.03606887329020861,0.33798480860766983
Good,0.06434159092051087,0.8885631110114199,0.155479409471154,1.3849460356278316,0.05681914091110217,0.40085004865399987,0.037088706647045874,0.31442219653207176,75,16,0.0036195488623212264,0.4664886170824274,-0.07911860829192907,6.977874172201979,0.028496265411376898,0.1999586982746674,0.1269356608390808,2.4358723213711544,0.23595142364501953,2.4140295970832653,-0.006793655082583417,0.4721123386433236,-0.0089772343635559,0.35274018632232884,-0.1090157628059387,0.021842724287889304,93,50,15,67,0.3691653652243534,2.5749095320401603,0.04722289487975943,0.49355704511551574,0.055611535906791576,0.42167988694980174,0.03213454421202182,0.23951462972433454,77,23,0.0025275433838689906,0.36317119663410624,-0.4046344693878745,0.5036556927402276,0.02745926380157465,0.20375676507033091,0.0989984571933746,1.4277889850358707,0.18051639199256891,1.4040013223848007,0.0022580043878406295,0.5213679284453121,-0.0017461776733398,0.48161716880559313,-0.0815179347991943,0.023787662651069987,81,43,14,79,0.1479035284536763,0.7597743511774655,0.03980602060720519,0.3022361325565659,0.04344265535473815,0.3465596898588412,0.02643224373459812,0.2533202969573845,75,16,0.0017884921855023355,0.25575064160072414,-0.18250717748442202,0.563484647345506,0.0231964141130447,0.13320171160033897,0.0830281525850296,1.2988323426830402,0.17032074928283691,1.2437638265096311,-0.007940509915351853,0.3914657685391958,-0.011089451611042,0.2658359580319206,-0.0872925966978073,0.05506851617340903,94,40,16,66,0.0997095949345229,1.2365138560149467,0.032578974864833146,0.32016432290737984
Good,0.07471471668746363,0.9999536488762242,0.18113703310489634,1.5569549913707341,0.07824012637138358,0.3189949070773721,0.049514163145795424,0.3571866966367744,70,14,0.006372570744905872,0.8199017170098586,0.20960162293136664,29.74198244117609,0.03718170523643485,0.16163907171683553,0.1981991529464721,5.129438037095569,0.327664017677307,5.070694082395474,0.007162501290440562,0.5482119731484825,-0.0065594911575317,0.3995174597178197,-0.1294648647308349,0.05874395470009471,86,51,11,74,0.7156971156492691,5.1424665004306265,0.0628989829302988,0.7206700698006725,0.059923402965068776,0.3571128351862481,0.0374837919749552,0.300868720708417,73,17,0.0036765712679504643,0.525949868009268,0.047561714090250895,3.938163572974884,0.02900499105453485,0.18646326477743463,0.1375832259654998,2.2222052325987733,0.2514497637748717,2.1604970411553284,0.008132260991260406,0.5836391971916862,0.0043655335903167,0.4629304833491587,-0.1138665378093719,0.06170819144344478,72,45,15,88,0.3412751345201056,1.9443057251432951,0.047389443652565574,0.4304824682965753,0.04297807067632663,0.3498877858148609,0.025603737583151053,0.20721700774108873,75,20,0.0018690015222371454,0.2532838245164232,1.8240964287329655,0.4277780935262925,0.023416440933942698,0.17403099885405984,0.091207355260849,1.222135717195452,0.2452872544527053,1.1897592337991285,-0.008573588076978913,0.4251038210305654,-0.0112012960016727,0.3778820207296959,-0.1540798991918563,0.032376483396323576,96,46,17,64,-0.4264493973523092,0.9697277432657014,0.033188912885180895,0.2693892460022045
Good,0.0696981907381653,0.9753808762244692,0.16818222131580093,1.5192689348094075,0.0560550540685653,0.2860577581023629,0.04229218495078381,0.3070835856785734,62,15,0.0053849135053347956,0.5827124052250714,0.7809520065197035,15.69374184558454,0.026729464530944796,0.15039850491666804,0.1981991529464721,3.4709799854534276,0.327664017677307,3.3741804115047964,0.018270950391888616,0.5333732354376262,0.0044465363025665006,0.3737082776635501,-0.1294648647308349,0.09679957394863116,72,53,14,88,0.8892215745586145,3.7073441963589424,0.05523414596619774,0.5461001711626448,0.0616055577993392,0.368295728378944,0.03872730245289855,0.3236109147188975,77,21,0.00378058377418317,0.5531548022784532,-0.07669823300145628,3.298693616980759,0.030533403158187852,0.18885908875106527,0.1375832259654998,2.2284854042271127,0.2514497637748717,2.1565902030965147,0.004955046484246846,0.5850658582720126,0.0041229128837585,0.46901616476113683,-0.1138665378093719,0.07189520113059794,74,43,14,86,0.34439381864570084,1.7937522485648913,0.04850792451064568,0.4591870465974475,0.039681416004896074,0.2919362182786388,0.023935029628337327,0.20618542598533526,78,19,0.0017600380501023507,0.2338966368359365,2.435115152654795,1.192740855650996,0.01854140311479565,0.1416332338920948,0.091207355260849,1.2650834136044002,0.2452872544527053,1.2140866369683663,-0.009476475580595422,0.40082984109976877,-0.0106355585157871,0.3279179545300812,-0.1540798991918563,0.050996776636033886,101,42,13,59,-0.4880731507292198,1.1837388562128197,0.03188375413900985,0.27061425557400076
Good,0.061441374213208354,0.840605500829832,0.14887100372463444,1.3159730220476342,0.051184520125389,0.4412761082572145,0.03440200877375897,0.3083639750688556,75,19,0.003506917289900636,0.4489820529385944,1.2738531488374853,10.019346796023301,0.0249393582344055,0.1883193880741133,0.1757735013961792,2.7670994859682554,0.28066730499267567,2.737359414956459,-0.008089929074048981,0.47627418748031586,-0.01028779149055475,0.344846639482523,-0.1048938035964965,0.029740071011796532,100,51,13,60,0.6891650730162985,2.865749677312775,0.04625742956490292,0.4713225554528018,0.058938868343830025,0.3031643264560855,0.03380047907819967,0.2510605971266714,81,16,0.0026367835564612167,0.3694799731704076,-0.6322736063664585,1.5573628288034573,0.02950419485568995,0.12153699369401857,0.0875614881515502,1.5460148372221805,0.19139039516448958,1.5275807209718748,-0.00014029871672392065,0.5055702389204612,0.00010822713375087891,0.40731603450578235,-0.1038289070129394,0.018434116250305773,79,45,14,81,-0.10181837287840038,1.34774075261109,0.040722655003068806,0.33745919262677593,0.030854875221848377,0.2226781316293215,0.02006083802960345,0.16230985298373887,78,20,0.0013885230699470258,0.15572617282705323,0.7029237831447528,0.06789513792280788,0.015198990702629051,0.10692482939078365,0.0706217959523201,0.858379446059716,0.1569347456097602,0.8385237286996265,-0.014299644459970276,0.3341285956468574,-0.01579351350665085,0.2815461545126515,-0.0863129496574401,0.019855717360089387,118,40,15,42,0.30856716749132945,0.9168902495447604,0.025836390639820735,0.20996250712475328
Good,0.07626789676456447,0.9992372657456958,0.18477596685290315,1.5331448943915127,0.08604620397090902,0.4399094098724274,0.04951254788786168,0.3622528539625455,82,17,0.005810728978983797,0.7654312717871146,-0.5717733818189825,24.824866457540026,0.04415383934974665,0.19745941175069243,0.1757735013961792,4.68841766287502,0.28066730499267567,4.66970344209361,0.008675639331340787,0.5509968678362729,0.010122805833816449,0.38346075756547465,-0.1048938035964965,0.018714220781409777,74,50,15,86,0.2539373609553822,4.620412278192751,0.05982312624956641,0.6795834926053836,0.07387904822826373,0.39334393530865364,0.04204257199831768,0.28486958590811545,73,21,0.004179801659796037,0.5950720507730375,-0.45489421378319683,10.251794593635656,0.03721183538436885,0.21549162804212177,0.133457213640213,2.8085833442584103,0.260196715593338,2.7627113154156864,0.00493141575716436,0.6363833310226387,-0.00340564548969265,0.5772103247050462,-0.126739501953125,0.045872028842723685,82,47,17,78,0.007120217076056482,2.639611332726051,0.05103267840472184,0.43599117739877286,0.038869775831699205,0.3348291280597614,0.022256449065171147,0.21083704413026663,72,22,0.0013706859149958533,0.18755702208805794,0.46507621674834176,0.5046122211743307,0.019485283643007202,0.16977975765302944,0.0913829803466796,1.0909362898242263,0.1571269780397414,1.064500001597865,-0.007112142024561755,0.3457646955326013,-0.0095822289586067,0.27816343024711665,-0.0657439976930618,0.026436288226361286,103,44,15,57,0.5936878308301361,1.0084256811085301,0.02848097469703156,0.26077537731025435
Good,0.0674301752719242,0.9221720003095959,0.1632296341657636,1.4489962863881378,0.06251050531864152,0.32900774500548013,0.04196671708021309,0.3462121079238576,69,13,0.004422373809746135,0.6247208583543127,-0.07262041976976086,7.4076840490612526,0.03267666697502135,0.1739977108325813,0.1468985080718994,2.8292012516056375,0.2406964898109435,2.782002492030383,-0.002129063382744781,0.5393814581639729,-0.010183781385421701,0.3929614831735024,-0.0937979817390441,0.047198759575254476,93,49,16,67,0.6007755368607222,2.750541108030754,0.05269540545607096,0.5777443214287953,0.05945236980915055,0.4156148598636178,0.03606467914418313,0.28985396512774,77,20,0.003453386284424197,0.48833312227506664,0.1867289710016129,1.2246058664998944,0.029254674911499048,0.21918876344552496,0.133457213640213,1.827971491416331,0.260196715593338,1.791522919779197,0.009963116701692335,0.5873817460014373,0.00788339972496025,0.5001597076256616,-0.126739501953125,0.03644857163713386,70,43,15,90,-0.0753099337468443,1.1647765246197364,0.045519809588902,0.3785707420540706,0.03283811733126633,0.28458527685789087,0.020642455464694613,0.19068488417139595,78,18,0.0013972125987050485,0.1678009900413208,0.9720047573987274,1.3841389441129293,0.016792207956314,0.14357273971868006,0.0913829803466796,1.1301051401505793,0.1655310094356536,1.1061664606387327,-0.011712119635194527,0.32223308222272734,-0.012152299284934949,0.26210051929076816,-0.074148029088974,0.023938679511846576,110,40,14,50,0.3841233916630037,1.3449143911288295,0.02721605386100413,0.25291664785569534
Good,0.0725476674258977,0.9082940522277885,0.1715757793933151,1.4136442185352531,0.08085849881172169,0.38933722090476464,0.04595181769691404,0.3069995677597308,65,19,0.005240850147674074,0.6674976183334117,0.01700546045577145,30.230211384735732,0.035214543342590346,0.19110286501745138,0.1980668902397155,4.629088379128676,0.2982632517814635,4.5954749030287045,0.0031852312386036,0.4982111289773981,-0.008985221385955752,0.36477818581158294,-0.100196361541748,0.03361347609997211,89,50,16,71,0.623927321557041,5.199804461088506,0.05732296800483591,0.6475208794289788,0.055298715829849146,0.3679644574057205,0.0350818677351344,0.3041413245743223,79,18,0.0033258116115156334,0.4812837984066536,0.9151702150333336,10.418861826994977,0.02770221233367915,0.1834395875313627,0.1750832796096801,2.833746546533449,0.2891096174716948,2.7478302392998084,0.0032951199449598734,0.5102037561897014,0.00286875665187835,0.3568854624095772,-0.1140263378620147,0.08591630723364031,73,43,17,87,0.172173072301606,2.88045828629214,0.04561555998174747,0.470080764950634,0.03385318815708145,0.3935509680158276,0.024716074572643236,0.27603236883747473,82,16,0.002194891533975293,0.2944708776561928,3.316863498005624,1.2571593807496457,0.01751466840505595,0.18714904078212907,0.1439800858497619,1.5511053845009326,0.288671314716339,1.5125127137710483,-0.011548252543434487,0.4052293333681535,-0.0104553028941154,0.3127918247866575,-0.1446912288665771,0.038592670729884156,107,40,16,53,0.2064325634806274,1.4129530171572537,0.035302040091815416,0.3609155926725731
Good,0.0755691225781446,1.0827955573273642,0.17859458431601505,1.6966521603113718,0.06675362586975088,0.35249886166683186,0.04241350479423996,0.25477168739432904,72,21,0.005238055051093646,0.5418702995977649,0.732220471257313,20.576578353230467,0.03413209319114685,0.18480748878568068,0.1980668902397155,3.199013623742509,0.3529040217399596,3.107865633684653,0.01743404194712638,0.5846091175437824,0.00781786441802975,0.536656352027192,-0.1548371315002441,0.0911479900578562,66,51,16,94,0.40253985716808716,3.915438951114418,0.05466732861988578,0.4473281561476373,0.06342231482267371,0.45237595128507074,0.040364449009066404,0.31321404518219864,79,19,0.004368387228419534,0.6174680526379532,0.9515563443374329,7.787171937269553,0.031745955348014804,0.20903275838207158,0.1816198229789734,2.7804445257198234,0.2956534922122955,2.6897217971933625,-0.002940103132277722,0.6418791794110718,-0.0037804692983627,0.5540663874783205,-0.1140336692333221,0.0907227285264608,85,45,18,75,0.32218314209725557,2.1874321187330463,0.05233273142786126,0.45327604357226103,0.0433167405426501,0.3234381309213328,0.028527755964314522,0.2834373643177154,81,18,0.0024599676669748564,0.3662182109773163,1.9779999158920134,1.7932611780614662,0.02243646234273905,0.16410638713038717,0.1439800858497619,1.7496650324629088,0.288671314716339,1.7135567448117084,-0.002893390040844673,0.4701638633565176,-0.0026531517505644997,0.35183530187107115,-0.1446912288665771,0.036108287651200346,89,40,17,71,0.006145050900087548,1.5028215604159576,0.039226586875712406,0.3810041372098081
Good,0.06589500230855831,0.9908742532107355,0.159098016656935,1.5722278913227818,0.0531171262264251,0.3235747853255472,0.03678825147449967,0.2508173284774836,78,18,0.004443226802834909,0.519679736316847,2.7857588455800935,7.362249698754468,0.026676028966903652,0.16396112370215835,0.1790461540222168,2.3339276715097217,0.3444972038269043,2.1649469197854736,-0.013939937949180586,0.6105462490042595,-0.014233618974685652,0.55677446625782,-0.1654510498046875,0.16898075172424795,105,46,14,55,0.7585712120457141,2.362450705921976,0.05097978271610172,0.38329233509643224,0.0526651442050933,0.43309240049325637,0.032817683857865584,0.2661086766097721,80,22,0.0029848820282373676,0.4176083609662383,1.7105121067915023,3.1285028480995756,0.02675718814134595,0.2323115297320244,0.1816198229789734,1.9346802206080795,0.2956534922122955,1.8953170226770404,-0.0051208703080192165,0.5449281116972693,-0.0053119361400604,0.4823488682204055,-0.1140336692333221,0.039363197931039144,87,44,15,73,-0.0019046669522754603,1.3301463732152505,0.04302204150528327,0.3473639504155358,0.03893950954079615,0.35371223762499476,0.025567287281155555,0.23416307632171587,76,21,0.0019342848564344588,0.2635953198597233,0.9140693205766977,1.8012820601254003,0.019129630178213,0.15528952663318257,0.1073275953531265,1.3601026267980056,0.2128376439213752,1.2981028188081625,-0.011067523062229141,0.41675353062125303,-0.0131204724311828,0.3124837352309027,-0.1055100485682487,0.06199980798984322,107,37,15,53,0.2500716378674891,1.4272393461058535,0.03306464746125261,0.29985298826999146
Good,0.0753706634609794,0.9727013827229364,0.18161023389548042,1.5117231442497268,0.09424625337123868,0.3219483457894403,0.04935051620006557,0.2935501063938996,72,17,0.005766314770223595,0.7245733285478146,-0.19353230819507816,33.188869240109,0.043697416782379206,0.158397774677097,0.1731704473495483,4.759766212372751,0.33862149715423584,4.752146417919351,0.004741844534873964,0.5556883929173737,-0.00192523002624505,0.44435045808925644,-0.1654510498046875,0.007619794453400401,84,50,17,76,0.2957552760764708,5.518024119130171,0.060033212122815614,0.6448129484778676,0.06622388772666443,0.446917484219053,0.03900090768438527,0.31914284413264427,75,20,0.0039298648705294046,0.5633551374319152,0.6443278247911883,7.750983307819988,0.03260441124439235,0.22077534249382968,0.1787501573562622,2.762038106232565,0.28943637013435364,2.7453058732946154,0.002009477163664999,0.5859552379890416,-0.0023027583956718002,0.48595988155116926,-0.1106862127780914,0.016732232937949457,82,44,16,78,0.519260511113125,2.3517788593043676,0.04967443740427294,0.4690539377354387,0.04393754899501795,0.27237294877161045,0.024916102690622173,0.20105491760524483,80,18,0.001561725518681014,0.2161613680991362,0.06780021085334509,4.496885096227948,0.0217855721712112,0.12320716195585656,0.069163866341114,1.4923840844283391,0.17467391490936268,1.4411099157604959,-0.006357974698767058,0.3700795133433115,-0.0066563449800014,0.2732420381597015,-0.1055100485682487,0.05127416866784324,95,42,15,65,-0.13572632308819285,1.9968897534797785,0.030684511191718347,0.28142942614928157
Good,0.06592898376462102,0.8719779979045374,0.15939644914120416,1.3573425832011194,0.0733194947242736,0.2528584934207113,0.0420288387779146,0.3335094427606327,66,12,0.00432222523249027,0.5705882399462563,-0.4416147590929742,9.48726443552822,0.035364121198654105,0.12514624420382345,0.1514328122138977,2.935511149568942,0.2453609704971313,2.9284430186848285,0.004766204580664635,0.47415221328771706,-0.0021746754646301,0.30910745150095303,-0.0939281582832336,0.007068130884113806,84,48,14,76,0.3521000637622933,3.1201040290775617,0.05191840782318698,0.5880203385773451,0.04883940517902363,0.41416366472072724,0.03447821719862983,0.31004906256032927,78,19,0.0035045779800409495,0.47805317998201197,0.9814306228205365,1.166327012865997,0.0254263579845428,0.1985458330188881,0.1787501573562622,1.8275498289156598,0.28943637013435364,1.7896135724845865,0.01060306832659989,0.557575684295434,0.00853163003921505,0.4303039373235762,-0.1106862127780914,0.03793625643107312,66,45,16,94,0.5080349383948141,1.2654973343002596,0.04572750770149998,0.40885515315878135,0.0376757886260747,0.2512184377302519,0.022590564375277566,0.18881143968987132,82,17,0.0012496370673950837,0.17448224094340806,-0.507232714564871,3.4999213604682,0.019647415727376952,0.11867185853621853,0.069163866341114,1.3324846028980013,0.1341156363487243,1.3076929307719771,-0.005208991374820464,0.32561468561796836,-0.00407433882355685,0.2513738822566197,-0.0649517700076103,0.024791672126024154,89,43,16,71,0.14313740658593335,1.8297621463898046,0.02754325724842752,0.26164349304601414
Good,0.06960050995653862,0.9363195417589248,0.16694407325237964,1.4837173801248618,0.07620804011821733,0.38635966736572114,0.046721102748997455,0.3401391978090237,69,18,0.006192826484286755,0.7565113679327992,2.2254714403798523,19.900087706168584,0.034652233123779255,0.21549606072795818,0.1686984300613403,4.063533702958276,0.4582982063293456,3.9649065890143196,0.0011316489428281839,0.6378872761999417,-0.00640112161636345,0.4763943951035307,-0.2895997762680053,0.09862711394395632,91,46,17,69,-0.10970852049835911,3.996269943207181,0.0623984834789869,0.5912792832452517,0.04779355973005282,0.27726758351757785,0.033553190536040306,0.27713065015474764,77,16,0.003207790804996772,0.40590388403029243,0.5695740153844957,4.481856409689667,0.0239792317152023,0.14261663448352185,0.1314749121665954,2.0867072627376686,0.26177403330802906,2.061179847105854,0.009099963610060503,0.4911611410631673,0.0060242861509323,0.39702499937742464,-0.1302991211414337,0.025527415631814456,66,49,16,94,0.021614615335164726,2.033024718464263,0.0439789534045497,0.40578888296726395,0.039097286760806975,0.26503605262282337,0.023492186451330745,0.1873337682460023,87,15,0.0014806179916236504,0.19937884448920434,-0.019978523993292363,5.497430950614984,0.0197194218635558,0.10584717914820772,0.0407831072807312,1.4772629392819911,0.1407410949468612,1.4104785282819001,-0.0101236842572689,0.3546689628617527,-0.007071539759635851,0.2852022242432445,-0.09995798766613,0.06678441100009093,90,40,17,70,-0.5365146632285,2.1686719588504215,0.028776252645207074,0.2712725037149418
Good,0.0719288454934253,0.969033741647253,0.17083265647292115,1.5540097215147923,0.07620666921138758,0.33938860418197814,0.046045349771156874,0.2825936337815424,70,20,0.006297980042251894,0.6155718128153626,3.3203001257666056,11.448737868681997,0.035980910062789896,0.14143555358385332,0.1686984300613403,3.015674852387983,0.4582982063293456,2.962367913392777,0.017787562683224668,0.6290148477520654,0.010865241289138749,0.5780672315209796,-0.2895997762680053,0.05330693899520627,68,51,15,92,-0.5105485251719503,2.859648114306427,0.060354009232094184,0.46894790128841446,0.061711646616458775,0.34583605133282547,0.03735995189985255,0.2947060776497892,73,19,0.0036229261014824655,0.48678989865950534,0.21257357087925666,7.191834312054157,0.0294122099876404,0.17690899660332532,0.1314749121665954,2.5755669176667544,0.26177403330802906,2.551709333386538,-0.0005838541314005824,0.5304619737427497,-0.00537087023258205,0.43848954640438903,-0.1302991211414337,0.02385758428021641,88,49,16,72,0.3495340461822567,2.423227776476253,0.047730774617269364,0.4532107601022417,0.036723665893077746,0.27961493858898034,0.023371039686026017,0.18747786842419273,95,19,0.0015353851410945952,0.21182173366228418,0.6910282699975641,-0.11989529837999946,0.017786569893360103,0.13381259529610012,0.0504750609397888,0.9294046977642667,0.1504330486059188,0.9023017219976,-0.006397353019565341,0.3945329000199774,-0.0010926574468611999,0.3438099892369722,-0.09995798766613,0.027102975766666766,84,41,17,76,-0.8973558298509958,0.8368761643177305,0.030405057300740505,0.236992667532375
Good,0.05915087132166781,0.7936423732958845,0.14220708061009624,1.2454442335392697,0.052836254239082274,0.1891498215379387,0.03374631221406158,0.2385202427734641,77,12,0.0032760406419210086,0.36296859446651586,0.9179137426004575,9.305512722290365,0.027312070131301852,0.12149026649828165,0.1506478786468505,2.3707602022606933,0.2546188831329344,2.3280492636410215,-0.012143640965223303,0.44859065188273134,-0.0133479833602905,0.3783134011424012,-0.1039710044860839,0.04271093861967165,103,47,14,57,0.57880071755621,2.8048881571371593,0.043726507198230014,0.4021629290597804,0.04645664989948263,0.4964628513083948,0.027978839530260258,0.25454805982546047,82,20,0.0020281917527971583,0.274219994176379,0.8002934200228311,-0.014728688677132507,0.0237354785203934,0.18858272873940884,0.1231456696987152,1.2946565738026428,0.24927800893783558,1.2572736181256585,-0.005209288210608063,0.4249171275938533,-0.0032671391963958003,0.3229477159651226,-0.1261323392391204,0.037382955676984214,87,45,13,73,-0.03993661079106216,0.8773324457455808,0.03533107616149132,0.3060480825846947,0.03475188091397278,0.30087882333635896,0.023743698932230446,0.1819158158139526,86,20,0.0016811944179064891,0.19016298223866188,-0.04264240268145558,0.41921289899821845,0.019582003355026197,0.1288733497709812,0.0610380172729492,1.022649918785944,0.1583237051963806,0.9972851247245678,-0.013524375855922676,0.3719364540626852,-0.00937980413436885,0.30850347740539774,-0.0972856879234314,0.02536479406137613,109,42,16,51,-0.20770445523938177,0.9559364235656285,0.029551579789831185,0.2276538081779829
Good,0.07377026420805288,0.8965688543451278,0.17697192173451165,1.4126170172668244,0.0854929387569427,0.3142298859843737,0.04904304042458531,0.3076406994102089,64,14,0.006107854887733055,0.7643218290806056,-0.14235493114236641,34.61762775655779,0.038972526788711506,0.14783510582022763,0.1766946911811828,5.194927377416003,0.28066569566726673,5.131528758711014,0.0070430416613817244,0.507218703703067,-0.004854142665863,0.3758740958188115,-0.1039710044860839,0.06339861870498885,84,50,15,76,0.6729511199895799,5.713492695274659,0.0615751715787921,0.7120751475050832,0.05680494010448445,0.45119191275506654,0.034072655146883304,0.2569028437350903,75,20,0.0032579300282551123,0.3895101955140815,0.5381851889982183,6.774622192524159,0.028366379439830697,0.19977303703446944,0.1314359307289123,2.1545506045563085,0.2575682699680327,2.057289792250828,0.006277750595472748,0.5107780964983144,0.004475064575672099,0.4263805041079991,-0.1261323392391204,0.09726081230548038,73,47,16,87,0.37773267157490115,2.0942156119034605,0.04482582493667372,0.35863063401170836,0.046210151165723724,0.2389466607623868,0.026800995835801554,0.22127978434608594,78,15,0.001910275874048078,0.2536487029079542,-0.10755962239462491,2.082198273030876,0.02319527044892305,0.12478770927510813,0.077227234840393,1.3789525660722104,0.15907318890094752,1.3590958385449994,-0.008250046381726842,0.3946202170654429,-0.00978654250502585,0.32500450578981865,-0.0818459540605545,0.01985672752721093,104,44,17,56,0.3732710549296516,1.592198276649389,0.033659174546834085,0.3129274471681525
Good,0.07548201450278695,1.0134240767001614,0.17998840622603873,1.5970098369207113,0.07679139077663415,0.5065394228920532,0.04787200451828536,0.38288181686461004,70,18,0.006162686274048241,0.752449515244194,-0.15046141753696762,10.85066115435134,0.03851488232612605,0.21828537846629797,0.1766946911811828,3.5733398914360732,0.3071666955947875,3.496990221317903,0.015372868254780764,0.6110842802917584,0.00894549489021295,0.4237990557568401,-0.1304720044136047,0.07634967011817037,67,49,15,93,0.36454642661899783,3.0632437512486805,0.06031659736245871,0.6156504833300286,0.0532026812434196,0.2804367251065329,0.03524578590178858,0.2400558748747838,83,19,0.003632690688280038,0.43248783991425244,0.1016216212608203,1.1384533443919027,0.02625335752964015,0.15500398178351346,0.1314359307289123,1.5837775528455533,0.2295597195625304,1.5398201080213278,0.012940958328545079,0.5764610999930843,0.015335187315940801,0.4942349898763886,-0.0981237888336181,0.04395744482422554,58,42,17,102,0.0465350716139361,1.045737427805531,0.04600205932184394,0.3165129382963921,0.04267821833491307,0.40386797552689657,0.026454858931247105,0.24659987648501258,82,18,0.001930509002251432,0.26708475241963364,0.2145410847730327,0.4423970597972757,0.0215355306863784,0.18115405549410418,0.077227234840393,1.2281174835711934,0.1868092417716979,1.1869510899778135,-0.006885039899498216,0.40946445663586895,-0.00616524368524545,0.32638725573233124,-0.1095820069313049,0.0411663935933799,95,47,18,65,0.027633683380241185,1.1257415691695916,0.034153399447578774,0.3153150982295746
Good,0.07830339885158608,1.05178231234031,0.1861350896209476,1.6606281524972173,0.0820982158184051,0.42606163097380534,0.04850182306021447,0.3748174932088253,76,15,0.0060580280121956,0.735730465327269,0.7949025899464979,16.961528160123276,0.03963062167167665,0.18332663426959064,0.2018157243728637,4.025702982288519,0.3322877287864684,3.9977086200105183,-0.0006841279566287953,0.5999733702059095,-0.011549949645996049,0.41848614827810254,-0.1304720044136047,0.02799436227800048,86,47,13,74,0.7610240248482844,3.6374092474148854,0.061722034446073,0.612994633231835,0.049948396161198526,0.3078081903120313,0.03520687020209149,0.2587258645732414,95,18,0.0035718258931440885,0.4795154221255868,1.67100034639751,1.6911066327386983,0.0263817906379699,0.1526691418181529,0.0974356234073638,1.698117500904274,0.2708486020565032,1.6737218231133941,0.003373846272006614,0.5924580111007047,0.0097909569740295,0.5180577160972992,-0.1734129786491394,0.024395677790879835,59,44,14,101,-0.8958304071920405,1.2999381970985657,0.047275542836528864,0.35848141821883034,0.04252612218260755,0.37032200471482396,0.02977187759533987,0.29200864797655035,75,15,0.0026695516975040806,0.36712367599630386,0.3804295160743618,1.202648957698952,0.02144636213779445,0.15963608875437305,0.1086589619517326,1.5757241671060176,0.2182409688830375,1.5332781260205652,-0.012092404020950187,0.4681967711906031,-0.01329769194126125,0.33686571970624046,-0.1095820069313049,0.04244604108545239,104,47,19,56,0.2852496537071132,1.4432315511852398,0.03913843935189927,0.3845977891811105
Good,0.08787505239339057,1.1878810121648775,0.20623359076678732,1.820385482124617,0.08691614866256707,0.43273054971181346,0.05704594552516934,0.47645055875889597,80,13,0.008540867840582243,1.1938985849175965,-0.07173580050043915,21.34748460312387,0.043264091014862,0.1522805233237981,0.1910812854766845,5.658237521076546,0.34245598316192616,5.575474712855786,0.007411709427833554,0.6943792884653073,0.00810554623603815,0.4378006154285311,-0.1513746976852417,0.08276280822076035,74,47,15,86,0.2126737072043887,4.2395764236339915,0.07291320911962405,0.8436444681665435,0.072003424167633,0.46409210998750716,0.04495947523042556,0.3632053850346329,92,16,0.005338289123021824,0.7805264312794926,0.14113846517860296,11.377668580228809,0.033941492438316304,0.24079171806112942,0.1590100824832916,3.5742457511343684,0.3170455992221832,3.5082957781265613,0.005600968748331063,0.6715569598291387,0.0130520612001419,0.5575580169442707,-0.1580355167388916,0.06594997300780682,62,45,14,98,-0.4825482270472769,2.9601110482141997,0.057670151646341795,0.5740537265661962,0.03395281732082357,0.23516238653975707,0.024697914879652637,0.17898587645744726,75,19,0.0018670385869116082,0.26356892864812165,1.8767460491176813,1.829641636394273,0.0169365145266056,0.12075893946310179,0.125110387802124,1.2673891117823317,0.2229055166244506,1.1121671086404918,-0.005121497483924019,0.4544492338301712,-0.0063117109239101,0.40462673791397513,-0.0977951288223266,0.15522200314183981,99,44,17,61,0.46313435770373135,1.3694831572252162,0.033879837685590046,0.2388405797164545
Good,0.09219423675990931,1.297597057667554,0.21901882030069802,2.014113766695622,0.09380818903446188,0.44483789292032805,0.05724687400273974,0.49587482864132165,74,13,0.00823987613852057,1.162335281854152,-0.06645440223813193,13.71577994357164,0.0467661023139953,0.19432201594698745,0.1910812854766845,5.037171225563645,0.3441951870918273,4.9976066388722655,0.00048344470560550965,0.6813601633295163,-0.00701883435249325,0.4332669825153605,-0.1531139016151428,0.03956458669137919,86,44,15,74,0.46284972177018874,3.4585781964216977,0.07198664353956612,0.8355139793454844,0.08431956171989424,0.7050724668810185,0.04891317659639749,0.41546910165454115,89,20,0.005973321405863366,0.8735697480005726,-0.2618195299764774,1.0733193524537157,0.0406451225280761,0.33761442454378554,0.1590100824832916,2.4037676133711288,0.3170455992221832,2.306406565555803,0.0002237926237285099,0.7719353935111266,0.00580303370952605,0.6640345705532138,-0.1580355167388916,0.09736104781532584,71,37,16,89,-0.23346348738262318,1.1364922967210807,0.061292377319782675,0.5269587234740448,0.0459876833483576,0.42098953253213356,0.030362640546518337,0.2536315945576038,82,23,0.0028234839415183515,0.4161600389881638,3.0705815532613574,0.06927927391274702,0.02297637984156605,0.24364594227768271,0.1031897142529487,1.509697658338985,0.2993854358792304,1.4871248613684733,-0.0065278109861537734,0.5608182098549793,-0.00590103119611735,0.5482114483457006,-0.1961957216262817,0.02257279697051156,93,40,14,67,-0.7585492946736839,0.5530709712789265,0.04162806439876762,0.31881495335573606
Good,0.08822683476304467,1.196051300230816,0.20964498160406925,1.851624732266627,0.09318251907825462,0.41301831818388357,0.053658210579305844,0.41948512142056915,75,13,0.007360921125968069,1.0794410905399412,0.1452480651796435,25.86791272779002,0.0471112132072448,0.18309370543543396,0.2317215204238891,5.7654993945650235,0.38483542203903187,5.753749138036197,0.003973437845706937,0.6145698146732215,-7.879734039305003e-05,0.4041904238128914,-0.1531139016151428,0.011750256528826832,80,44,16,80,0.37310810187208104,4.7641843989721515,0.06792365300023956,0.8377022343484966,0.07871637493371952,0.415666571089288,0.045357936031650704,0.33308453176728503,86,18,0.005152748674896315,0.7431641107334372,-0.3567117481553601,4.982811797962666,0.0379127711057663,0.21681430465266954,0.1275768280029297,2.7287383513635866,0.2741813659667969,2.585044264013975,0.001475251372903582,0.715981000933615,0.004875972867011949,0.6126135241866779,-0.1466045379638672,0.14369408734961167,73,38,17,87,-0.12956906434537277,2.03312212105053,0.05690810471794082,0.4801409345551948,0.053446881473064374,0.36829461399634444,0.03214650757072372,0.2688708476346313,85,19,0.0028579007921169953,0.41344247812554286,2.7598626414990513,5.039201810899312,0.027226224541664065,0.19918726941347265,0.0717407464981079,2.147704289167655,0.2679364681243896,2.098998830752972,-0.003429078857880084,0.5210739166597904,-0.00015661865472791335,0.46230189375003305,-0.1961957216262817,0.04870545841468323,81,41,17,79,-1.098931663543352,1.8449321550798898,0.042256234411933685,0.3767286178436257
Good,0.09130539671130475,1.3007126096112165,0.2201272526569662,2.046378353008684,0.10485956072807302,0.5221579000035097,0.057441128436475954,0.44324476510924815,78,15,0.00815519033622194,1.1918014262392254,-0.11055070196171801,19.77937336047596,0.05263054370880125,0.2547468816991583,0.2317215204238891,5.3057661660096525,0.39037930965423573,5.23422658147642,0.00395877733826637,0.7551247384393739,0.0027449429035186,0.6081072931208749,-0.1586577892303466,0.0715395845332321,79,47,14,81,0.23616233246625276,4.0301351982704094,0.07150720273084157,0.7884085588298066,0.07146848738193506,0.6095921845039173,0.04658805847691833,0.3646566067665306,78,20,0.005538226429038957,0.8071324944851742,-0.3296381036744158,2.671790689466641,0.0367213897407054,0.28499714479761845,0.1275768280029297,2.566324153110174,0.2741813659667969,2.4005284196443095,0.0021445382619276676,0.7695933952898674,-0.0015245340764522002,0.6530154711047487,-0.1466045379638672,0.16579573346586463,82,43,16,78,-0.0950308831258541,1.3816857432925695,0.05897909211713065,0.46352831673090694,0.0529130473732947,0.4449509582015385,0.03348714134117468,0.2697646273879568,75,21,0.0026765938144053076,0.38839757828178717,-0.4932056894734722,1.3034988359701103,0.0305701717734336,0.22243729131979548,0.0958154946565628,1.5894300231996028,0.2009099125862121,1.4809162745146078,-0.0016239302349276795,0.5216602192794424,-0.0034505426883697,0.41285157319477206,-0.1050944179296493,0.10851374868499497,86,44,12,74,-0.21568199230726687,1.2337268226232465,0.04099681208155973,0.3409812222148182
Good,0.08177159551858788,1.2190275265743313,0.19681041959673146,1.8893001482669978,0.07674938440322865,0.5913328539738705,0.049502218887209855,0.4598395326898392,80,17,0.006573576445012918,0.9701735548125384,0.039639304892143734,14.715674438643465,0.04125130176544185,0.2482124401937073,0.1616684198379516,4.6043684658511825,0.32032620906829823,4.548341495953775,-0.009361844882369037,0.6629436531617284,-0.009441554546356149,0.41336263585549005,-0.1586577892303466,0.05602696989740806,92,46,18,68,0.28191494976823894,3.3682281584725766,0.06360919310586248,0.7284773624108852,0.06759691983461372,0.4360297694432111,0.04262362578563621,0.3274398236932946,79,17,0.00471909338724733,0.6976285960054496,-0.26334277237662684,2.442626432689563,0.034171991050243294,0.20166368005379542,0.1263044774532318,2.3319563382296344,0.2469756305217742,2.26953669125353,0.008450912055559453,0.714890668030788,0.0083916820585727,0.5706618751398427,-0.1206711530685424,0.06241964697610442,72,43,16,88,-0.21279920710573383,1.4447836690134308,0.05381557561315195,0.43192583711552057,0.04859608039259902,0.40526584089050355,0.029618055704631795,0.24116814568320005,73,21,0.0022667514880503853,0.34217999308536023,0.0508312564071387,-0.6924163880815248,0.02228794991970065,0.18314646512769345,0.1012333035469055,1.1380641052238316,0.20075136423110962,1.0611348616280043,0.00020199487917125434,0.5114658270744813,-0.0035177394747733497,0.42651617882936843,-0.0995180606842041,0.07692924359582735,87,43,17,73,0.07341233928162758,0.5700161889766485,0.037756970325374686,0.28387092281594656
Good,0.07042243657993737,0.9848234905510342,0.1687294654548166,1.5640156281263466,0.06874355673789967,0.4346783064894265,0.043050855319015646,0.33568554959718333,79,15,0.0051116760202222925,0.6928487412988396,0.26619319150521914,21.37228187902632,0.03481552004814145,0.2186798707041699,0.1616684198379516,4.0487115651063394,0.3192419409751891,3.976800135021032,0.009215914830565447,0.5905243447646416,0.00847491621971125,0.4563112453498037,-0.1575735211372375,0.07191143008530734,70,50,18,90,0.11478474272774096,4.12112390896689,0.05594124884411045,0.5866257235573039,0.048918962478637626,0.4284611624793923,0.03312891985988241,0.2816950045163764,85,19,0.0034770608773909105,0.44116409885525976,0.5768612640755961,5.087788464313318,0.0246095806360244,0.19098111563295236,0.1381419003009796,2.187991132867234,0.25254040956497187,2.1268325989298913,0.017447322048246845,0.5370817861466669,0.0207633525133132,0.4190702934144666,-0.1143985092639923,0.06115853393734252,49,43,14,111,-0.3490587770469921,1.9672387262436795,0.04336481490259332,0.39077775505364376,0.0403355434536933,0.35153576373263945,0.024878911147825367,0.17771693461870305,76,21,0.0016269652121431593,0.23846316665988598,0.3949545251277615,0.2930707414381071,0.0193984806537627,0.1653117677941513,0.1012333035469055,1.068031834087136,0.17658174037933339,0.9644701603110483,0.001726596336811778,0.43640949721503824,-0.00070939958095545,0.40603333214960724,-0.0753484368324279,0.10356167377608769,82,43,18,78,0.1581450049883765,0.826767958412939,0.03194133179612067,0.21911165509941144
Good,0.06647783968694379,0.8889511823542056,0.15887766510248164,1.416339329089868,0.060794025659561025,0.35452240267071744,0.03866285727359352,0.3163380541948119,74,16,0.004312326119436166,0.5371012981263791,-0.11355553809742247,12.209711798094816,0.03021994233131415,0.1750362812671269,0.1005904674530029,3.1626656096434465,0.25816398859024037,3.119531480748284,-0.015530197694897632,0.5231050151083624,-0.0185629427433013,0.40580816478280923,-0.1575735211372375,0.04313412889516248,106,48,14,54,-0.06377696095344605,3.1091398346172743,0.04969356952393527,0.5132859254790249,0.0500235278159379,0.3476267128008661,0.028955712215974892,0.23292883442890439,80,22,0.0027720105239194405,0.31749122968147064,-0.02512210120298697,0.044987526547822565,0.02405370026826855,0.18488904623984587,0.1381419003009796,1.241758811981755,0.1975604593753814,1.173680347983701,0.02083304380066691,0.48438154120795035,0.0206632912158966,0.40115611499997117,-0.0594185590744018,0.06807846399805406,49,40,15,111,0.329010726092936,0.7806866924452742,0.03614771739201836,0.28786412110313664,0.0421813335269688,0.2651195329329677,0.024378101262845987,0.17558861711306656,81,20,0.0015263455361570744,0.21640092685067583,-0.26310488278948085,0.6655933361698283,0.02123086154460905,0.14370507134855504,0.0757881999015808,1.0457893650142607,0.15113663673400868,0.9737263149301689,-0.004739192547276611,0.4088527727735552,-0.00393602252006525,0.36164268058176513,-0.0753484368324279,0.0720630500840917,91,42,13,69,-0.10276301899877444,0.9677606066319241,0.03061640969298266,0.2219016382230006
Good,0.07339374968346839,0.963810865645561,0.17532177835702872,1.4952592995508731,0.07112963497638694,0.4604130688760632,0.0477787180896848,0.3636802793482501,74,16,0.005606244412205854,0.8023630740985191,-0.2642326585635648,27.177097605664322,0.0365152359008789,0.15876067993558074,0.1577036380767822,4.969180745035902,0.2775027155876159,4.902872029717139,0.002172603085637098,0.5442516701042347,-0.0050207376480102,0.34428668077384317,-0.1197990775108337,0.06630871531876242,84,48,13,76,0.18241373956007453,4.896991484180341,0.059339615695621836,0.7114444417431839,0.0627515390515326,0.4018820698007345,0.0355575297871837,0.2593974659000953,85,21,0.003649687240294017,0.4891334145426503,1.0150351913670663,17.257638976577994,0.029882729053497297,0.17730970599783813,0.2003203332424163,2.8239494435175674,0.2984285056591033,2.7078845581354187,0.014908719947561608,0.5736286106279489,0.017547532916069,0.4442318232840841,-0.098108172416687,0.11606488538214886,61,40,17,99,0.27858100736652647,3.494847478778436,0.04551629296738995,0.4001045258575556,0.04149185307323925,0.26440795680240814,0.024142694498877924,0.1827627858639609,84,24,0.0013937952205393272,0.19595115056641368,-0.3449672624425322,-0.26588164530079617,0.0207372680306434,0.15711836225329617,0.0800468921661377,0.9233905280470338,0.1542454957962036,0.8808249270192603,0.000970067875459793,0.37737901881868957,0.00365465879440305,0.37358134153972866,-0.0741986036300659,0.04256560102777351,74,42,16,86,-0.16103758938708013,0.678281575162002,0.029591448384855043,0.23137896776037542
Good,0.07305040426596168,0.9909630033400069,0.17605756387114505,1.5591001206545545,0.08736912906169886,0.58581810213538,0.05006389941088851,0.44543960136285426,74,14,0.00587083953774463,0.8457718928042668,-0.423040502296288,12.06665260782073,0.0414919555187225,0.17982013075250342,0.1577036380767822,4.149793653258523,0.2706001996994018,4.069392126248327,-0.003987711295485491,0.5960174560071155,-0.01188233494758605,0.36621959305580104,-0.1128965616226196,0.08040152701019602,88,46,12,72,0.37438406890500747,3.186059953843103,0.0606329123296423,0.7003820992423156,0.05423790775239458,0.44938076854004577,0.03391892075422215,0.2892926348515356,78,21,0.003070466475616792,0.43899857275704407,1.8463343605350726,0.8974324899751065,0.02745241299271585,0.20412904314510033,0.2003203332424163,1.640325265015283,0.2984285056591033,1.5874607884430745,0.004782791761681433,0.5504263075095569,0.0041279643774032,0.44908833515116564,-0.098108172416687,0.052864476572208614,76,42,14,84,0.56261704636787,1.1000973152046798,0.04368171271119682,0.3688217086322858,0.04455346241593345,0.3212781331666549,0.02551560658612284,0.20904952911690597,82,19,0.001627980010470313,0.2390891059165035,0.6620625077432867,0.15083926896875566,0.02217465639114375,0.13414582815734105,0.0800468921661377,1.0893807692830488,0.200851634144783,1.0462461658058773,0.0016753298696130549,0.4126563571378823,0.0027239397168159,0.3283686748163007,-0.1208047419786453,0.04313460347717161,74,41,18,86,-0.36601014298465995,1.011459543996383,0.031954067291581144,0.26230485475910664
Good,0.07287179862522926,0.9680685469310248,0.17584737651050067,1.494166435492918,0.0897504985332488,0.377845944630795,0.04704572079237546,0.34314657290585715,71,15,0.005412445138642029,0.7771018601795968,-0.39693528010276724,26.634345990938847,0.038767606019973755,0.1931217571182715,0.1402589678764343,4.92242176389485,0.2531555294990539,4.887005139094789,-0.0022326637059450092,0.5177789849954464,-0.010701894760131801,0.37305017943888585,-0.1128965616226196,0.03541662480006097,90,48,15,70,0.4199883742323946,4.901777116345117,0.05830126420780988,0.7134471128799121,0.058570420369505806,0.35956746297529296,0.033962501851492514,0.24951101384335458,81,21,0.002894953722523314,0.40621184806836746,0.3853676841712894,3.3094561539446827,0.029278963804245,0.19521064983943676,0.1676772534847259,1.842233094092299,0.2494847774505614,1.7558606186077188,0.006233696965500708,0.5383881534369689,0.006631895899772601,0.4853181912375256,-0.0818075239658355,0.08637247548458031,73,41,16,87,0.3284808496804838,1.5807261720159955,0.04220926720170625,0.3411012229633578,0.04770158603787415,0.3347570583640216,0.027937166318297336,0.2318449823955512,78,20,0.0019506358286468385,0.28684299975121097,0.23800041101462588,2.778201336344429,0.023936793208122198,0.15364773265281823,0.0673737078905105,1.6132388523840298,0.1881784498691558,1.592345184904251,-0.004818800091743466,0.4379992970605025,-0.0063126534223556,0.36986180836933813,-0.1208047419786453,0.020893667479778763,86,43,14,74,-0.2906525185507619,1.439468394938951,0.03469074962094334,0.3082200764481714
Good,0.07429037555240628,1.0588772523044225,0.17955397658050037,1.682646821050985,0.07062487304210657,0.3511402899527321,0.04237287368625399,0.34032716186986783,72,16,0.00481528009967167,0.60158415536058,-0.31194412701020546,10.289350975774337,0.03650671243667605,0.17010856050707557,0.1402589678764343,3.1623455673857186,0.2478919625282287,3.099466320858276,0.014117388799786556,0.5765369113134899,0.009063571691512999,0.40857864805613187,-0.1076329946517944,0.06287924652744242,66,50,15,94,0.2841796136990963,2.8276444549944095,0.05317822787826006,0.5188346029841118,0.06611432880163179,0.49943757558968704,0.03694082747097123,0.2819123534844582,83,20,0.003665747746207301,0.5087411887872306,0.26509398037020215,3.688837447818843,0.0332750007510184,0.2579174382635606,0.1676772534847259,2.1678312160246853,0.3014615476131438,2.134025925272411,0.012004117947071782,0.603737795799765,0.0133646205067634,0.5685131503005121,-0.1337842941284179,0.033805290752274494,62,41,18,98,0.029725464266303635,1.4165299035533865,0.04648114238512502,0.3797918676197159,0.049698468297719824,0.37853613497729566,0.031086493833572554,0.23027725935579277,87,20,0.0023971717725875465,0.33382338226070535,0.2398833176113504,-0.31902402686281706,0.02661496400833125,0.19514783848036624,0.116765022277832,1.2627576966167973,0.2283283472061156,1.2332648334130274,-0.004806752083823085,0.5023721139377298,0.0027513578534126,0.4643735317995562,-0.1115633249282836,0.02949286320376994,76,47,16,84,-0.1156672712214304,0.6245121313735581,0.03852797715517667,0.28538682765404916
Good,0.07521454289723084,1.05042383262679,0.18124860744923332,1.6685932093790292,0.07376194000244127,0.49656118663419924,0.04255107636563475,0.36353964424584573,77,15,0.004462253499373711,0.6095491165224357,-0.5208662216957962,10.057856752418331,0.0359531939029694,0.167454266984926,0.123058795928955,3.2900166920073777,0.2345123887062072,3.2237998541451156,-0.012431006878614422,0.5518705160715176,-0.015460640192031801,0.3645856172479034,-0.1114535927772522,0.06621683786226211,92,43,14,68,0.25417263840381316,2.797727045142981,0.051487347216218386,0.552257231743861,0.06754745170474044,0.4469783663205406,0.03966415042930745,0.31247555470444643,86,17,0.004378053710786102,0.5906947302004607,0.3542752647805454,1.072668244569642,0.03405226022005075,0.20771157162248166,0.1382340490818023,1.980396954391114,0.2720183432102202,1.9139791426503872,0.015081721614114927,0.6526768961885472,0.0187135338783264,0.5621804411222453,-0.1337842941284179,0.0664178117407268,54,42,16,106,-0.5395040029009086,1.087897570148175,0.05024543777802178,0.40584184035427534,0.0395537242293357,0.2692911998846387,0.027332056518644055,0.1884459128515966,88,22,0.0020390616097484674,0.2741685132164328,0.8471691121587708,0.372470239160573,0.0207644402980804,0.13129470751937097,0.116765022277832,1.1294620328870042,0.2283283472061156,1.085507894260087,-0.005594242550432682,0.46404579711896476,0.00202988833189005,0.4181884366975898,-0.1115633249282836,0.04395413862691707,78,49,16,82,-0.16730443396428665,0.8905823127070855,0.035368577979707314,0.2425489876141673
Good,0.08241222659819077,1.0839423918617652,0.19459650050848698,1.648522786260557,0.08960390090942374,0.4482905720242325,0.04853840064257378,0.3549008422713093,83,18,0.005676037612485053,0.8152164872073634,-0.32995361093031983,30.2724057918104,0.045436382293701144,0.21703910975386584,0.1743339300155639,5.117834170694958,0.2857875227928161,5.097594336966,0.0046237796545028605,0.5507319672123266,0.00652381777763365,0.4136614382480732,-0.1114535927772522,0.020239833728958035,74,49,16,86,0.23483067605458896,5.178576388845192,0.05956778640225916,0.7154794109531064,0.080634944140911,0.49511302488332526,0.04805440610478395,0.3889229887774669,87,19,0.005770592018462315,0.8249788138841011,-0.15480839795543577,8.7430361875603,0.0392248481512069,0.2630247496172496,0.1382340490818023,3.471771918895768,0.3014329969882964,3.4561070833945147,0.010813776007853439,0.7050606414344978,0.018969058990478502,0.5736121876380865,-0.1631989479064941,0.015664835501253315,60,44,15,100,-0.4519844864761029,2.408341995464597,0.05925900730826221,0.5725978569502996,0.034819535911083124,0.30228359658416376,0.023118042603600723,0.17779759239011322,86,19,0.0014779212321582263,0.2089401339919185,0.5450536085071738,1.1336531964849401,0.01758371293544765,0.14797400456052845,0.0869066417217254,1.1701473489913314,0.1737639307975768,1.1285031846947244,-0.0017869091592729123,0.39273017761373274,3.065168857574463e-05,0.35801014997968456,-0.0868572890758514,0.041644164296607056,79,46,16,81,-0.06673096165083385,0.9723451943166845,0.030435129086651747,0.23388702739443337
Good,0.07322053081576665,1.0418183920994282,0.17137184794992188,1.6298089061360392,0.06549257040023793,0.34503158990184657,0.042443332448601684,0.37579540953671875,66,16,0.005030644492305989,0.7141172122821102,0.7055736524628471,9.82736797032727,0.0315236747264862,0.1747384239576023,0.1743339300155639,3.466634763060249,0.3087132573127746,3.4539015771164308,-0.0061520189046859654,0.5716547089940354,-0.0132554173469543,0.41098970582634586,-0.1343793272972107,0.012733185943818255,101,47,15,59,0.6674696312798004,2.9723743569222116,0.05590922985951789,0.6223568959745324,0.06051725521683685,0.557605644047692,0.03938724999199617,0.34239349778075473,84,20,0.004123529895967999,0.6013406649134668,0.5686239797695687,0.19181300034733395,0.031819961965084,0.18905760280694306,0.1319617927074432,1.8483901158171885,0.2951607406139373,1.6610728294865293,0.004989380505867299,0.6572554102093906,0.00951467454433435,0.48758260675041065,-0.1631989479064941,0.1873172863306592,69,44,16,91,-0.26596586225747637,1.0594754179653594,0.050679034576019744,0.41152884548224866,0.0379508808255194,0.2603411294387493,0.023545986653771202,0.1696900332889118,82,23,0.0015088243261876305,0.20958098199224684,0.6811030591915306,1.5287502504233013,0.01873438805341715,0.13764259989601163,0.0869066417217254,1.1829317140465256,0.1934820115566253,1.1479893130062346,-0.004043950047343969,0.4008987869326129,-0.0016069114208220499,0.38442760954957544,-0.1065753698348999,0.034942401040291074,83,41,15,77,0.04584170546674954,0.8369082816645221,0.030536694855719103,0.221045571383383
Good,0.0709150157488168,0.9571806422338457,0.16753485817462183,1.5084272085247261,0.07037889957427973,0.3354897529132225,0.04348913249559696,0.3477893203451632,65,14,0.004749353024757703,0.7150220910438359,-0.2194153534287664,24.777614412947322,0.0327340066432953,0.1698543989040117,0.1452378034591674,4.5626818525689465,0.27961713075637806,4.517804663985907,-0.0021972037851810343,0.5236115053928612,-0.012045085430145201,0.37582517709782953,-0.1343793272972107,0.044877188583039566,100,41,17,60,0.36188936157507245,4.638119896892204,0.05460912390420539,0.6639676817918608,0.06219366192817677,0.44360087828764544,0.03637299400317712,0.3010236504188576,83,22,0.0035660241261791514,0.496183724626932,0.09900824326752922,1.7760077091437818,0.03073583543300625,0.21708699016676045,0.1326807141304016,1.9107141431975145,0.2470510601997375,1.8551614129684797,0.010648818057961756,0.5782253601490722,0.01242810860276215,0.4996668439039199,-0.1143703460693359,0.05555273022903485,65,43,16,95,0.07751374842038602,1.3008707987974157,0.046137533013087435,0.402292378137354,0.03733946010470383,0.38259595559676474,0.02322461087314873,0.18102286581671106,85,24,0.0014434021525118585,0.21103219933977585,0.517865137886595,-0.9691009103626183,0.0193486362695693,0.19587851837443596,0.0627554357051849,0.8279215498711743,0.16933080554008478,0.7720503655979464,-0.0018827109131962078,0.4065903429827929,0.00015501677989955,0.4005367157420021,-0.1065753698348999,0.05587118427322794,79,44,16,81,-0.2928425775536913,0.27298632977874693,0.030070470605771567,0.2138141537244685
Good,0.06895991121283848,0.9708728747993217,0.16365214549005008,1.5563854888285253,0.06953535974025721,0.35582553042534587,0.03891426428221162,0.3003850216475668,73,18,0.0038651975492069056,0.503737117376759,-0.2593584078877895,12.068314217446204,0.0323059260845183,0.20223513955135114,0.1452378034591674,2.9549962127234863,0.2587076425552367,2.877680568442546,0.010734493285417552,0.5322661106510602,0.00437128543853755,0.4185211340077444,-0.1134698390960693,0.07731564428094026,75,46,18,85,0.3190778230011373,3.0231430796079786,0.04811432007088863,0.46949963240576914,0.06379941105842576,0.58472306762243,0.03720105728833001,0.3271659590476302,82,22,0.004024420161661758,0.5075423353931081,-0.2070646699273162,1.3406100397094978,0.0324519723653793,0.24805470172869268,0.1326807141304016,1.980143950648213,0.22755518555641172,1.919691966048131,0.01766375424340366,0.5888020780473792,0.01894031465053555,0.4782921353626886,-0.0948744714260101,0.060451984600081964,56,47,14,104,0.05461181170988479,1.1265293489517936,0.04708621170680276,0.40106663820392263,0.03383975848555557,0.3651220044850062,0.02328766577469647,0.18991667802159348,73,24,0.0017004822983991807,0.24511940525665607,2.848855847744848,0.5723737301569427,0.01664903014898295,0.20321862616259645,0.1469400525093078,1.1418437747794432,0.2629132270812987,1.045549921783262,0.004461589409038419,0.43531730013008596,0.0035464763641357,0.42525514990657476,-0.1159731745719909,0.09629385299618114,70,45,17,90,0.1602199539168641,0.8109193631411087,0.03239528898811587,0.23583522524022715
Good,0.06704145917658226,0.9564414074422749,0.16139668181538558,1.5369968642913285,0.0593532621860503,0.4281241770533074,0.033401273190975155,0.23384270858647507,80,24,0.0035409904251418513,0.3846923986539086,0.42473052121900823,6.174162130398571,0.03021067380905145,0.2138558208623044,0.1103560328483581,1.9313768296751574,0.2629907727241515,1.7621318253155511,-0.02029327899217604,0.539591784287801,-0.01995053887367245,0.5085250371650937,-0.1526347398757934,0.1692450043596064,110,44,14,50,0.07537185086883964,1.8188686330049095,0.042575001889266634,0.30583182467332587,0.051208607852458926,0.3995022737564261,0.031597232510102886,0.24799927562782667,79,20,0.0031408834815805885,0.3446411494607348,-0.19619579239427942,0.9264992299959536,0.0264130681753158,0.20100863837432087,0.122595191001892,1.421432989091703,0.1986863762140273,1.3405431187781487,0.019243267830461243,0.4916624143875557,0.0181130766868591,0.42551636185740205,-0.0760911852121353,0.08088987031355434,47,46,17,113,0.11766915636348926,1.1820500244804546,0.0400345614109113,0.32079466912549265,0.0452622286975383,0.4006481158925155,0.028127987771294972,0.237895327198286,78,20,0.0022819987135811195,0.34007678515305484,1.44988678476357,-0.6266882871218971,0.02286139130592335,0.1821875205049126,0.1469400525093078,1.1324780355481734,0.2629132270812987,1.1258552662331545,-0.001526620425283904,0.505742665615972,-0.0022215992212295003,0.4517276262590919,-0.1159731745719909,0.006622769315018995,87,42,13,73,0.4701610929305082,0.479474466838893,0.037853323356375465,0.2903465882849426
Good,0.08333779959604518,1.149876664371486,0.19954291760921458,1.825604313317322,0.09011182188987724,0.416047888804145,0.05369781015906479,0.37746114109699663,75,16,0.006947811357333109,1.0177311482435225,-0.20124115059290482,25.559061148525142,0.04358500242233275,0.22408481929856666,0.1780656576156616,5.166524764136434,0.33070039749145497,5.066765201491093,0.002541163936257368,0.6982059319941116,-0.0067040622234344,0.5473393960727564,-0.1526347398757934,0.09975956264534062,84,46,15,76,0.5039008017929089,4.65234842151239,0.06605448168081035,0.7281755452991787,0.07085814327001565,0.33775416397435054,0.03903685499681157,0.26703649094698223,85,19,0.0040887796296301135,0.5534246569983502,-0.15733103796239645,8.666175861961834,0.035404160618782,0.17485162328630902,0.1255871057510376,2.5757324987069694,0.2441234290599823,2.4925349261004257,0.013756625540554509,0.6231014099828727,0.016947560012340497,0.5469533952850552,-0.1185363233089447,0.08319757260654355,58,45,14,102,-0.29138857748605873,2.425162345808479,0.04879676783043775,0.4064102482414862,0.04939209669828408,0.43470279845066045,0.029634583448059814,0.23554429119693093,79,21,0.002273274050302425,0.33191800050520237,0.26760191332598326,-0.7106063817307047,0.0252688378095626,0.20079518167010818,0.1139544397592544,1.0816888426260256,0.2008177787065505,1.0480101213210926,-0.0032461073249578447,0.5042969713403379,-0.0035910755395888996,0.44967490801340393,-0.0868633389472961,0.033678721304933025,89,40,16,71,0.3324847451788632,0.5428404453003954,0.03767132361047195,0.2785723697751892
Good,0.08222955678205979,1.1323880772550445,0.19692759130150056,1.7912768431021968,0.08390024304389944,0.27747313881087776,0.0516121661663055,0.4252761121842265,74,12,0.006651879675082165,0.9803247519445888,-0.05894749344481909,16.451543705551742,0.0429110527038574,0.12997613878207173,0.1780656576156616,4.752595578976475,0.294497013092041,4.6769888642668525,-6.659030914306085e-05,0.6516007819068226,-0.009381771087646401,0.4545067291102868,-0.1164313554763794,0.0756067147096226,86,43,15,74,0.6106819397435719,3.751419388647734,0.06468050448578325,0.7454804980433803,0.0639988500624894,0.42589158766440516,0.03856089518638324,0.2998580087351307,88,21,0.0037858544355030134,0.5409897743073949,-0.1977581262989161,2.125618072306957,0.03250955790281295,0.2299691265194047,0.1255871057510376,1.9714957810027707,0.2441234290599823,1.9287453705179607,0.009527455014176655,0.6179775698728739,0.016178607940673752,0.5502654349809646,-0.1185363233089447,0.04275041048481003,64,44,15,96,-0.2894608294932642,1.285215427245937,0.0478507808800958,0.398865262264605,0.053640112280845545,0.5035030992165045,0.031518899593502236,0.25225422634496986,86,23,0.00246360472129266,0.3593467361047671,-0.22472238873794437,-0.6562054883342165,0.02629984915256505,0.2531569051631105,0.1139544397592544,1.2395867588840752,0.2035827040672301,1.166502473714756,-0.0042161040008068095,0.5216984913225007,-0.0008893311023711499,0.4824711388456212,-0.0896282643079757,0.07308428516931925,81,41,17,79,-0.0020399889256644964,0.42497221247112493,0.039135017604190435,0.2952582263995259
Good,0.0767264907100577,1.023839589833926,0.18445164937525965,1.5999013394928485,0.07452145218849174,0.4383824296507509,0.046744313742965414,0.3395915349391529,70,18,0.005673867017743953,0.791546046657962,0.4471468324680945,28.618542671824876,0.03931677341461175,0.22218592227595468,0.2249044179916381,4.780934358294399,0.3579964041709899,4.747013499346077,0.0005479685962200248,0.5911220298652315,-0.00734600424766535,0.4387006926110596,-0.1330919861793518,0.033920858948321655,90,45,17,70,0.5078024189922278,4.975729938972408,0.05973414153070328,0.6649216438543494,0.058187611401080946,0.49337553422231767,0.03515645633044183,0.2971647486114215,86,20,0.0032325829367081823,0.42704033199745994,0.01922334423433192,1.7785523428145087,0.0299052745103836,0.25095266304763975,0.1284892559051513,1.8866335460172572,0.23549824953079213,1.8384957988658097,0.01034166265744715,0.5312533477344872,0.016108170151710448,0.47620505525301327,-0.1070089936256408,0.04813774715144754,61,47,16,99,-0.32389050207501413,1.2396520299680354,0.04387993164797686,0.38053937052341885,0.055363707244396126,0.31210197453631205,0.03158864425495263,0.2382891302672403,80,21,0.002453248596343613,0.34841840506554683,-0.5561544159284812,4.97735801144268,0.0279779657721519,0.16584213584697594,0.085013747215271,1.8653306310571376,0.1765925735235214,1.8387039920058383,-0.005346729326993224,0.47752596189312996,-0.00526884943246835,0.4030971883341644,-0.0915788263082504,0.026626639051299212,86,44,15,74,-0.07213981239941732,1.988411435947942,0.038912161791840136,0.34696881817187514
Good,0.07386042584568138,1.051548833899905,0.17656033173203448,1.6741028441334544,0.061674416065215995,0.35869557907527455,0.04066327497363087,0.3103367381059519,72,16,0.004838762203591282,0.6188717335426827,1.314379913315257,12.668443330371677,0.031547039747238104,0.19095894721132947,0.2249044179916381,3.261344905233499,0.371856927871704,3.1613989293362192,0.01301760077476501,0.5972084527531386,0.00797614455223075,0.485273398974019,-0.1469525098800659,0.09994597589727981,70,51,16,90,0.340218946124805,3.153616283031826,0.053597788814931074,0.5120681570873986,0.06239045411348337,0.39149134702232435,0.03720206800848243,0.27493109328234144,78,18,0.003833252385601082,0.5082585396529775,0.34039417710021125,3.0003953081947996,0.03300450742244715,0.19135429705533463,0.1660199016332626,1.885088317611124,0.2730288952589034,1.771985240808594,0.013407601416110984,0.6077353289445491,0.011671796441078151,0.5397802194661043,-0.1070089936256408,0.11310307680252989,61,49,13,99,-0.009540912190119545,1.551268913760819,0.04722241196152548,0.37271478318633716,0.051400545984506454,0.31723203345266804,0.030008960061240902,0.2501154010035132,82,16,0.002333467413834078,0.3285369824733557,-0.18128493029941373,1.8295241105002829,0.025959692895412403,0.13868668812496357,0.0931083261966705,1.5877111133600679,0.2091263830661773,1.4452727020117953,-0.007964447606354947,0.4691590624357669,-0.0070232897996902,0.3530133870886676,-0.1160180568695068,0.14243841134827262,94,44,15,66,-0.06980344287513017,1.5358281056483662,0.03746676122513539,0.3292821838602082
Good,0.06932650877826099,0.9839382776803147,0.1649667306989429,1.5617596245173786,0.059269666671752826,0.40516319243537097,0.03615859071724113,0.3225269682280155,91,19,0.0036399167044979157,0.49257435703056823,0.3903943129279388,6.735314935676115,0.0295002460479736,0.22693078696575614,0.1340011358261108,2.6027974505507516,0.2809536457061767,2.5583272723338646,-0.013134110718965522,0.5228083169494547,-0.0057527422904968,0.37632153395919243,-0.1469525098800659,0.0444701782168872,95,46,15,65,-0.10965966357636557,2.3241632165899606,0.045996369295417276,0.46823692801726646,0.05930719897150982,0.373741458940769,0.03605119033309162,0.25272801146731516,79,21,0.0035350432833598146,0.48726431479458826,0.03539396162611563,1.1383559687397158,0.029837571084499304,0.18824829693599793,0.1660199016332626,1.6584564418194605,0.2550698816776275,1.5792887514969234,0.012815774651244272,0.6134338293413155,0.01232348755002015,0.5813900384174985,-0.0890499800443649,0.07916769032253718,59,43,16,101,0.14930167684732734,0.8844126211410008,0.04536541194505248,0.33311147055338414,0.0447811596095561,0.40007902864398837,0.027033437378704516,0.22736227338531506,81,21,0.002208472364553167,0.279600398718285,0.3242867602014359,8.11122481937288,0.0225601866841316,0.183669233851306,0.0931083261966705,1.9292293344132212,0.2091263830661773,1.849531214560996,-0.014136624336242659,0.42551747822660846,-0.01355436444282525,0.3659780791224777,-0.1160180568695068,0.07969811985222526,107,45,18,53,-0.046667987471406956,2.2252187795554894,0.03446556688714123,0.3139032883579794
Good,0.07923442823698128,1.1463353704410317,0.1888288293033836,1.7796488250049851,0.07710963487625117,0.4256790816994669,0.047575749643146946,0.39763423899116246,75,16,0.006102890387267401,0.8812264598344518,0.06455212255880038,19.316678161311184,0.03896027803421015,0.19524375342092204,0.1846593022346496,4.695330136678037,0.3129153847694396,4.625655827991404,0.006824186444282533,0.6116832341392853,0.0041239261627197005,0.41022322195101385,-0.12825608253479,0.06967430868663303,75,47,16,85,0.38360339947008365,4.04633228844043,0.0615746167698632,0.7120885344585715,0.06993708014488208,0.4252406611960749,0.044218115448602435,0.32123155027978856,87,22,0.005390056562924286,0.7963848522596012,1.3560449275439774,7.536691785170561,0.0337850004434585,0.21526936513075648,0.2209067642688751,3.004751193532034,0.4110217690467834,2.9153656865466218,0.002834411757066842,0.7390080273177884,0.007767334580421399,0.715439390828242,-0.1901150047779083,0.08938550698541234,70,41,16,90,-0.24455876756590506,2.3107738324733766,0.058154004707034065,0.500251924353592,0.03993610292673093,0.30681357924539643,0.02460246412083503,0.20955056864461116,80,18,0.0018315793886636092,0.2502331733312502,1.4129772694986587,-0.4213562865447624,0.020005017518997102,0.13648286493624723,0.1199399381875991,1.014117895515756,0.2161995023488997,0.9643692050457775,-0.007661140058189618,0.4289575635479111,-0.00774588435888285,0.35050174301109455,-0.0962595641613006,0.04974869046997842,101,47,13,59,0.3256334234312407,0.8435630390000423,0.033058652674491096,0.25734914417244553
Good,0.07395821367425177,1.1197998216629574,0.17770443389192203,1.759883536887826,0.06207939982414243,0.46978289652655314,0.04433175785001363,0.39006005846270075,67,18,0.005355871693534155,0.790491465244585,0.7075775565909366,8.972742310195557,0.0301612615585327,0.22824329949721556,0.1846593022346496,3.3975666656753654,0.3129153847694396,3.377596833845098,-0.00014211274683474106,0.6089435051581333,-0.0141905844211578,0.4674839788610571,-0.12825608253479,0.01996983183026735,93,49,17,67,0.7520851054794483,2.8759016410511267,0.05803837041283242,0.6478265761531489,0.05885882675647727,0.5562527689997971,0.039340304985671495,0.3504406646481565,81,23,0.004806337803039762,0.7029588006830396,2.1910756951830095,1.59952420157295,0.0307657271623611,0.2803773836583772,0.2209067642688751,2.175435402111433,0.4110217690467834,2.143029441556915,-0.004516392538789656,0.7027339637079014,-0.0042391717433929,0.6198126063167491,-0.1901150047779083,0.032405960554517756,86,41,16,74,-0.10408622444858262,1.1765202266386199,0.054793502119789374,0.45730053240120083,0.041777711361646576,0.26380502002766115,0.026508030699333142,0.21785041724031085,79,17,0.0019985046021973422,0.29000888636557237,0.7585622226588851,2.0765017187180455,0.02142514288425435,0.1272466530544527,0.1199399381875991,1.4595749883588283,0.2136395573616027,1.4005797464204495,-0.006407340336590994,0.4482060680217911,-0.00656072050333015,0.3713048192211472,-0.0936996191740036,0.05899524193837871,96,43,13,64,0.28355664684363263,1.4621323122474066,0.03486558363123438,0.29853007713464635
Good,0.07724614591438421,1.093470260432626,0.1848902563191948,1.7440947727670162,0.073918342590332,0.36220335450245905,0.04812458463013168,0.3224692676700061,72,19,0.005921058883327881,0.7974298079590874,-0.026274666152994897,24.11373599729072,0.034902036190033,0.19124782751985123,0.1886559724807739,4.3618141986125565,0.34259581565856934,4.245826173349647,0.001732558757066735,0.6486087346398083,-0.009469628334045351,0.5062998963343093,-0.1539398431777954,0.11598802526290945,86,52,17,74,0.3282802413991442,4.523859352974524,0.06099930955157849,0.6137886585039138,0.057272560894489205,0.4010983606809301,0.03775218059759933,0.2783255397074609,83,20,0.003908801716326054,0.552115231358236,0.09764252013138508,7.856663898543202,0.0286982879042625,0.20272555786988408,0.1335375756025314,2.5479525966506054,0.2474397867918014,2.4840209764386416,0.0037469691946171143,0.6155209764022413,0.0041803419589996,0.5428173869511723,-0.11390221118927,0.06393162021196366,70,43,17,90,-0.013715741201314247,2.389314956119079,0.0494392332129825,0.4162320974733538,0.04839976876974095,0.3542885890927725,0.028990015760064092,0.23682778257163153,80,16,0.0023650003622855305,0.3350210591116268,0.7622619774663328,2.493992727064353,0.02432326972484585,0.1482986644991544,0.1328033208847046,1.58736417483927,0.22902646660804749,1.523589470700166,-0.007427008263766755,0.4799650617249669,-0.007098399102687799,0.39611214017685986,-0.0962231457233429,0.063774704139104,94,43,18,66,0.17997514403825074,1.5551456076278687,0.037840642683100466,0.3235036300182357
Good,0.0740644227431975,1.0457813841005659,0.178351908996701,1.6449092119151105,0.06622982025146476,0.4162331518468246,0.04207590520381924,0.2916110024713973,76,23,0.005204138256351309,0.564088043155379,0.4815216153811841,10.298320798360663,0.0331384539604187,0.21557289241648458,0.1886559724807739,2.803918175220488,0.34259581565856934,2.759054729853383,0.016130685806274404,0.6104334718104014,0.01406234502792355,0.5526792506495922,-0.1539398431777954,0.044863445367104876,58,54,15,102,0.06237167787901376,2.564552442358401,0.05487446976590648,0.43756030401406254,0.05809754505753502,0.5061279590546682,0.037450602126191335,0.3176382652495644,81,21,0.003954871194613067,0.5145774805238794,0.11296737799667778,5.508872771654691,0.0290220901370048,0.26828782676894786,0.1335375756025314,2.4359214575589334,0.2474397867918014,2.373928614196945,0.011910819495096783,0.5763987789796645,0.013479918241500799,0.4863373325279172,-0.11390221118927,0.061992843361988174,56,45,17,104,-0.18143552005278546,1.8840733362518238,0.04842086847359043,0.4270151380391932,0.04349104315042492,0.39030372694668647,0.028257963953074026,0.2176493266691439,82,23,0.0021489715905128187,0.28328377879119043,0.8476568504152162,0.16727506240448786,0.022067338228225597,0.19715631768284034,0.1328033208847046,1.2143941447759494,0.22902646660804749,1.161331535266334,-0.003406131919473407,0.45807696112504476,-0.0024214833974837502,0.43521454758671774,-0.0962231457233429,0.05306260950961541,84,45,14,76,0.14684939992777438,0.7216537397033428,0.03660436801673483,0.27101526982374025
Good,0.05859120076526696,0.832378559055696,0.14121162256225922,1.3520309985307075,0.045252874493598855,0.31701403336202305,0.029816934997215837,0.21603732752025404,82,19,0.002769625136245639,0.3039633529099051,0.12290316896087061,9.152006150124542,0.022617399692535303,0.14704833544919832,0.0960164666175842,2.0001819356165034,0.2277773618698119,1.9715403655617891,-0.01679000891745089,0.4503464423525252,-0.0163703560829162,0.3754947242943053,-0.1317608952522277,0.028641570054714148,108,46,17,52,-0.049808797671748756,2.5041258102667965,0.03818671520725425,0.3180431335060211,0.04601586610078798,0.27116268593260573,0.029076737145514887,0.1963284708740576,73,19,0.002464963702700995,0.3082823927318554,2.050518621467849,1.584821364145288,0.02447772677987805,0.1313105994534051,0.1879002451896667,1.3060130360338433,0.2648983299732207,1.2284305329709244,0.011002223577816026,0.4863432178346762,0.00883384048938745,0.4443772392595938,-0.076998084783554,0.07758250306291892,63,43,16,97,0.5259669760793396,1.2739086300538744,0.037795256306544005,0.2678668833545276,0.03689650073647487,0.2327495471115988,0.024884332288056577,0.16263565978323025,81,22,0.0018043933136921903,0.21772743207466522,3.364432787737381,-0.007189195217822686,0.018157020211219798,0.12069295067443653,0.1635260730981826,0.9342247859091382,0.241840288043022,0.8967187441892658,-0.0065062895417213355,0.4153413383435062,-0.00569374859333035,0.38803204702212746,-0.0783142149448394,0.03750604171987242,94,45,15,66,0.7291094230353663,0.6279563221111367,0.033049062327263574,0.21264760694089738
Good,0.0698110226815154,1.0051461834675561,0.1631837808899579,1.578959349399051,0.07525281608104697,0.44290962661711575,0.0464621950872242,0.338089121768527,68,17,0.005508893333073488,0.7591318854388533,-0.24776361095304855,23.375811428303912,0.03475949168205255,0.21993641768360322,0.1621849536895752,4.373046917040203,0.29394584894180287,4.316957139414522,0.004102056846022606,0.604967988112571,-0.0049460530281066496,0.49948115484184896,-0.1317608952522277,0.05608977762568142,85,44,16,75,0.44231593544394454,4.400810883420249,0.058717800438667214,0.6270132524898351,0.046430483460426275,0.31606591862464045,0.031549406932608645,0.22616247014208365,82,23,0.003120272072403096,0.4228158640630908,2.0793019900708725,10.825534685779918,0.023618854582309702,0.16340003497791247,0.1879002451896667,2.2813973482335075,0.3301797211170196,2.189386879549862,0.008535099832806727,0.5538539508498519,0.0090129673480987,0.5325104478412409,-0.1422794759273529,0.09201046868364532,63,43,17,97,-0.04700338806928067,2.5060960476267122,0.043464113627565144,0.34067824290832055,0.03399861603975288,0.29323809073715856,0.023087623059982392,0.16028568208966476,83,24,0.0016354207323634354,0.21185271525473,4.335006377367178,-0.8959776987618375,0.01761452853679655,0.1492313316136386,0.1635260730981826,0.8233983341088044,0.241840288043022,0.7398888265997221,-0.004124388005584472,0.4201374104366279,-0.0032984316349029003,0.4115604542769809,-0.0783142149448394,0.08350950750908229,90,43,17,70,0.8958254767147921,0.16498377780365453,0.03180328500585768,0.18798210448426858
Good,0.06586381741865695,0.9609532753001616,0.15507508426904656,1.5101455081854789,0.06258882582187646,0.4586544046965966,0.04177629242651161,0.3501214533011692,69,18,0.004628916282497139,0.5920443898190991,-0.032012815780148696,10.209438153018063,0.0337417423725127,0.19064596432250686,0.1621849536895752,3.202343130365218,0.2528285980224609,3.174698665170255,0.010182405263185495,0.5567497899818047,0.00076264142990105,0.41140760344785476,-0.0906436443328857,0.027644465194962956,76,46,14,84,0.6116087878165247,2.764548450616592,0.052980511899414384,0.5311064499460683,0.043109916150569846,0.34535800110993864,0.030661500350106473,0.22855050764452442,85,21,0.002866898151143156,0.3945924483376194,1.58231144578256,1.5422184532483572,0.02176449820399285,0.16773272919024518,0.1181147173047065,1.468658885513129,0.2603941932320594,1.42239396261251,0.0065853966400027195,0.5510544696989474,0.0087741799652576,0.4956832813672427,-0.1422794759273529,0.04626492290061917,61,43,17,99,-0.5466017891176703,1.1225058519207298,0.04194568390247203,0.3015483705186139,0.03911311924457545,0.3134668323994665,0.024051461466588035,0.18994026399032526,89,21,0.0015304620543669415,0.22277749700876728,0.361144000416437,1.3601034546538262,0.0202913433313369,0.16434558955703454,0.0859002768993377,1.2602303173769824,0.1813736259937285,1.216378059620454,-0.003824840858578681,0.4023412485047267,-0.00022388994693754998,0.37094866805733917,-0.0954733490943908,0.04385225775652825,80,41,14,80,-0.1114199931545017,1.018290884046948,0.030786901999518158,0.24677726143310924
Good,0.06849394861536261,1.0149170429219323,0.16338174521923043,1.6233091190397075,0.05916132032871235,0.3930113541811864,0.03747465403750535,0.27149854064049533,68,24,0.003962393468833086,0.5257372269505662,0.8842212034621655,9.6958549975924,0.029202044010162298,0.1985388878248693,0.1680134534835815,2.5703243873824424,0.2787007689476012,2.482958250168049,-0.0108000699430704,0.606439622698075,-0.0176868140697479,0.5369340858380489,-0.1106873154640197,0.08736613721439367,104,47,15,56,0.8016555188120295,2.47009415211687,0.0487308553060929,0.3974521492864047,0.04993950761854635,0.4591482736805467,0.03205439054872837,0.25986827808745283,75,21,0.0031052355886474706,0.40558439341834185,0.8426812707464868,1.3549024820378026,0.025109007954597397,0.2212035479900047,0.1320548355579376,1.6822789493163106,0.2693287730216979,1.5692665975735771,0.012241781875491128,0.5485139695166269,0.010157585144042951,0.46425963710501894,-0.1372739374637603,0.11301235174273352,55,43,17,105,0.1316471268805668,1.062456791742494,0.042452027168730797,0.323599781618367,0.04955517128109925,0.29796089785009316,0.02822368455235842,0.19354837986397627,85,21,0.002042478151614639,0.2802556860065254,0.06660750817150163,0.04835749706595882,0.0241943001747131,0.15110894882822626,0.0899783372879028,1.1449212540058282,0.19693410396575922,1.0694184897284427,-0.0060785447247326315,0.4683555268250055,-0.0030347853899001503,0.4367369559392126,-0.1069557666778564,0.07550276427738559,86,44,17,74,0.07220764496245548,0.6281375656826204,0.03531849892162114,0.24677679489570542
Good,0.07413857811722285,1.0700300178967201,0.17719252079725242,1.6919952526642181,0.07623571157455435,0.34624042876247657,0.045612538997083854,0.3086785987770203,78,18,0.005106889318448957,0.702847938766872,-0.4874739031367632,17.31696695558577,0.03777551651000965,0.18624372581266968,0.1680134534835815,3.7395214208701093,0.2787007689476012,3.7137271895842074,0.01091416254639625,0.6187618639916208,0.00611829757690425,0.4999426194122575,-0.1106873154640197,0.025794231285901727,74,47,14,86,0.2361897995836013,3.826643382344544,0.05560586259251854,0.5656692447327207,0.059761378914117716,0.411527612538851,0.03611827231943604,0.2709353525773121,80,24,0.0034789991373943858,0.49149232328177894,0.13381135447601222,1.9715132588944595,0.030687034130096352,0.23221307508242242,0.1320548355579376,1.918854987724675,0.24424430727958668,1.9046337889506988,0.008107546530663956,0.598371308139378,0.00778922438621515,0.5882002250373264,-0.1121894717216491,0.01422119877397623,66,41,15,94,0.0616948192000545,1.1282457645794277,0.04606412975884663,0.3653000148882401,0.04160436242818823,0.2983078468932709,0.027903251226525715,0.20392957538484077,82,18,0.002156213208664688,0.2974181167052458,0.4178845206260169,2.981398603717013,0.021425157785415597,0.1326974925177732,0.0899783372879028,1.4972914966870083,0.19693410396575922,1.3738891957363375,-0.005249536316841835,0.47486208053321927,-0.004405394196510251,0.40142167666148654,-0.1069557666778564,0.12340230095067094,90,46,18,70,0.05061494448850825,1.5387105270272383,0.036446920120743916,0.2681867281893499
Good,0.0692223935673694,1.049513760841079,0.16608656950294948,1.6331324801689981,0.06004433333873738,0.20249736297675108,0.03828841999638821,0.2930975723614542,75,10,0.003801838218054344,0.565920482930224,-0.16665531747162365,9.128253180723352,0.0300274789333343,0.10743514599306891,0.1384627819061279,2.725049854025905,0.24154281616210932,2.6391122151730437,-0.0008978616446256637,0.5101061942342665,-0.00260785222053525,0.36296953348812344,-0.1030800342559814,0.08593763885286104,89,44,15,71,0.34514967331169377,3.1575863605968792,0.048890510257192335,0.5529124284496206,0.05550156161189068,0.5497028278411423,0.03642225455201692,0.3337676662962727,77,18,0.0037640273780703733,0.5635540019708344,1.1662778240690264,0.7641710262859909,0.02736334502696985,0.2183010874321784,0.1672359555959701,1.7830098658300677,0.2794254273176192,1.7332662643566974,0.0045896914321929185,0.6169627856319974,0.00297111272811885,0.49685518295628295,-0.1121894717216491,0.04974360147337021,77,41,16,83,0.5120163405131924,1.1990169426409283,0.04843671193418228,0.4276808659690545,0.03912042826414095,0.34994367114812597,0.027252387059852452,0.21423812139313353,78,17,0.0023874604302009323,0.33268237543617896,1.7892751070352189,1.2133506968658772,0.0198058933019638,0.136473489627433,0.1341661810874939,1.3874240594397793,0.24104735255241388,1.3274186510097257,-0.01025302745401858,0.5060635003027347,-0.01279678940773005,0.4406804467123535,-0.10688117146492,0.06000540843005369,106,42,17,54,0.445238249987534,1.1316641431150758,0.03735989437317868,0.27673472694536005
Good,0.0742412637575193,1.0697638390715982,0.17646475009620166,1.6926107511483726,0.07223616540431968,0.35959132301265206,0.04388000797480341,0.3690816550716996,70,15,0.004731894520586048,0.6714947593031375,-0.38103617536105094,18.0186410939102,0.03555253148078915,0.1821215592583424,0.140948474407196,4.062082478109618,0.24402850866317738,4.029468374885388,-8.238852024075594e-06,0.5319097435465049,-0.00589433312416075,0.33158686394800063,-0.1030800342559814,0.03261410322422956,90,47,15,70,0.4849863146611699,3.802775519483634,0.05455304044112634,0.623351252524152,0.06046311557292927,0.488021993670926,0.038482236908748704,0.2930458801018401,80,26,0.00414555801463177,0.5978316391718225,0.6693662053275506,0.5264584827477412,0.030985385179519653,0.23785177491480516,0.1672359555959701,1.784818170971904,0.28478048741817463,1.684943064535282,0.006135186972096558,0.674006607473114,0.00633434951305385,0.682925837326543,-0.1175445318222045,0.099875106436622,70,46,17,90,0.34112554199689427,0.8413355446992296,0.05068916984509292,0.3788756158086796,0.038736321032047154,0.3816004067415503,0.026341374961193615,0.206917376452554,78,23,0.0020977167853909002,0.297778169154084,2.0599640387797358,-0.6547689223326767,0.02040578424930565,0.1987645091186177,0.1341661810874939,1.059990301837376,0.24104735255241388,0.9654713489916773,-0.00823298478499054,0.48669440012875376,-0.009793579578399651,0.4629030101242859,-0.10688117146492,0.09451895284569863,100,41,15,60,0.5549010616911837,0.5079488810055438,0.035371038892738564,0.24679288895224788
Good,0.07013511455750164,1.024703760964803,0.1673122832179067,1.6378620412125733,0.0636294037103652,0.31077158802397514,0.040566124971955976,0.28659665395788614,74,16,0.004341753613155669,0.5050949484376028,-0.30328544853919315,8.387902725297643,0.03319042921066285,0.1597334675576972,0.140948474407196,2.637307103076307,0.2390567660331725,2.5747170191877164,0.014434141665697092,0.5594566201295387,0.01079133152961725,0.47993250166673473,-0.0981082916259765,0.06259008388859051,73,49,17,87,0.32789481628546774,2.45808955516451,0.05020963913167181,0.4382958346035654,0.0675453580915927,0.4633842765116525,0.03987528346711766,0.28640694681167095,81,18,0.004266366886532337,0.596602083854897,0.08378876593115514,0.1775108259575342,0.0349531471729279,0.18033287151063207,0.1584121882915496,1.7135327608254725,0.2793260514736174,1.6028925081521455,0.009941205196082582,0.6875141080541725,0.0108723416924476,0.5750427311680393,-0.1209138631820678,0.1106402526733271,64,44,15,96,-0.2108680455370263,0.8596698637628798,0.0508310977299803,0.35203186657087265,0.034356929361820096,0.3016852929073103,0.022483359926845827,0.1520143561634601,83,25,0.0013548916568005798,0.18589571368055174,0.2729877276211483,-0.7055009990598458,0.01767920702695845,0.1560390322740845,0.0820508152246475,0.8488251217254815,0.17015077173709858,0.8181239477180184,-0.0001805746927857439,0.3908913130288623,0.00097904354333875,0.39921703182571133,-0.0880999565124511,0.03070117400746306,77,44,15,83,-0.0016628487208814975,0.026630135041754134,0.029190757187646115,0.18193321598631654
Good,0.06234467078519921,0.9213365554645909,0.1485161510854957,1.480115375311542,0.036454126238822826,0.19290952525149763,0.02781919388100502,0.2134429940055745,84,17,0.002582974389906343,0.29336033443421355,1.0494705585930637,7.5084268426595635,0.018426060676574752,0.09532691148674419,0.1387875080108642,1.9175725049486136,0.2387055754661559,1.8469685374118732,-0.013134367391467075,0.432496100334886,-0.011460959911346349,0.31849235383677865,-0.0999180674552917,0.07060396753674054,113,47,16,47,0.20402038627729127,2.509781963085162,0.0380908861734229,0.3260482443279364,0.0647606123238801,0.5275447586472157,0.03793684548698362,0.28528950867417335,74,23,0.003596497594662903,0.5316505611724002,0.18211290694998628,-0.7754364360538384,0.033694561570882645,0.2664699507336627,0.1584121882915496,1.369272307654886,0.2793260514736174,1.2851105287718987,0.007376564294099807,0.6415506333392271,-0.0014134049415587499,0.5939047142416928,-0.1209138631820678,0.08416177888298743,81,40,14,79,0.27103012721627306,0.49980173028831437,0.04698076465348065,0.34650158157566463,0.03677911311388002,0.35987620471614945,0.024592298045754392,0.18684055956412574,84,20,0.00161281912443271,0.2184005297770761,-0.23588311339759827,-0.40346987395011213,0.018204316496849,0.15741967781885374,0.0700249820947647,0.9916707456383118,0.1566967368125915,0.9509057791357913,-0.0062619999051094,0.406068641637429,-0.0032020434737205002,0.35011197933321053,-0.0866717547178268,0.04076496650252054,87,46,17,73,-0.09758404461714724,0.6383258633430294,0.031223266763424653,0.23131966638357718
Good,0.06996542302509644,0.9609187229548316,0.16632908798754192,1.5135769248858413,0.0637670159339904,0.3482201411378505,0.04034225327894088,0.29959374861748755,74,15,0.004407260815385992,0.6103649419210306,0.20807919855280765,23.631190125054157,0.0313787758350371,0.1776932853104112,0.1313990354537964,3.928766538033984,0.2982672452926636,3.9156877749884056,0.0012295223772525842,0.5429477659123227,-0.00240093469619745,0.45318787802644867,-0.1668682098388672,0.013078763045578267,85,49,16,75,0.07546244947518847,4.4175075255342655,0.052634028109761845,0.5617585472530419,0.07276089861989016,0.38291095542984166,0.03790420114994045,0.29893020547318755,78,20,0.0034356945379213615,0.48326733727244703,-0.25994506918484195,3.0788544357129597,0.0364332646131515,0.192849275202888,0.1145265698432922,2.086804844260502,0.2458970546722411,2.0655309450995896,0.006969937309622762,0.5486777204550866,0.004219740629196099,0.44942481824865277,-0.1313704848289489,0.021273899160912393,75,45,15,85,0.05730222716355606,1.7420378006471047,0.04595572449584373,0.42687245911238736,0.04621538147330277,0.2985268563272893,0.025751325434539417,0.19638112863621224,83,23,0.0017007714306279459,0.23909013148501276,-0.10117180419453531,0.06704604074364928,0.020027399063110247,0.15685721053040874,0.0787413120269775,1.0943733223960037,0.1719054430723189,1.064353661376779,-0.006171140633523463,0.42195143851843186,-0.00244216620922085,0.39634423187486467,-0.0931641310453414,0.030019661019224674,82,44,16,78,-0.24153610866487962,0.6445006333413358,0.03211456171485295,0.24707714385842888
Good,0.07387316945928483,1.0503630609202201,0.17753552421927427,1.682773936052976,0.06971471011638633,0.4020647210221122,0.04121801623608913,0.28599718563644555,83,20,0.004496833654743457,0.5575164213446943,0.18599314909745468,9.910139345109418,0.032652020454406704,0.19719346773929253,0.1313990354537964,2.698043927634533,0.2982672452926636,2.6481389644685436,0.01152075491845607,0.6134135367242671,0.0146512687206268,0.4935009722779101,-0.1668682098388672,0.04990496316598923,65,47,12,95,-0.16686979238233737,2.6765850492319445,0.051909871000069,0.4257232132596487,0.05846229195594773,0.3507270977020774,0.037264429120114045,0.2694534166147726,85,21,0.004347857413693853,0.5225571918061193,0.17496992851840298,6.594731826874888,0.028188720345497152,0.1835918783171264,0.134306788444519,2.3232229748953106,0.2656772732734679,2.218519782549466,0.02031600186601279,0.6064462000112576,0.024304822087287847,0.5333753805511581,-0.1313704848289489,0.10470319234584483,46,42,17,114,-0.2069271468067948,2.1454317359919504,0.04815771732130599,0.3934211462263119,0.0406978614628314,0.32532771134474175,0.026450512409210158,0.19520845607422324,88,23,0.0019509585272452638,0.2722486906394407,2.451828307615715,-0.6032549866907395,0.0204478725790977,0.1674934339077841,0.0814452469348907,1.0131509879463574,0.2464581131935119,0.9974781390336983,0.00021080076694487987,0.462914199317451,0.00345434248447415,0.4328141567266163,-0.1650128662586212,0.015672848912659028,72,44,16,88,-0.7714813726947409,0.3123677922200027,0.03502817758922931,0.24074703468521452
Good,0.06626688605902067,0.9662179565276796,0.16011636473238447,1.5601829659675899,0.0468745231628417,0.38828166142688614,0.02898836544714865,0.2407732111294554,74,23,0.0026470426471191244,0.30758776913667335,0.31098136787230546,2.2880868149884783,0.023838460445404053,0.18844608534537372,0.0995005369186401,1.545213964131757,0.2074173092842101,1.5401183599272954,-0.016369174048304538,0.4558419999078239,-0.01909700036048885,0.36472193061234326,-0.10791677236557,0.005095604204461565,113,42,14,47,0.4171576888529293,1.3989447645789495,0.037351996172072334,0.3159047961913664,0.06434771418571465,0.386392575696741,0.03806655000196767,0.27610033531039074,76,20,0.004108395891321833,0.5422273539999849,-0.19747371355825205,1.8220900672962363,0.03327995538711545,0.1661702619801008,0.134306788444519,1.8253176308937988,0.23742054402828208,1.7082968747731315,0.017055060388520345,0.6353074501799802,0.01480837166309355,0.5285919094620543,-0.1031137555837631,0.11702075612066737,56,37,14,104,0.1127523878601834,1.4251913536213767,0.04786640052363848,0.3723060538667034,0.042432524263858754,0.31593627575688343,0.026176759880036076,0.16773015274618827,80,24,0.0019377728186757166,0.2627333844361437,2.2178823953422073,-0.6300993718233121,0.021275267004966653,0.15139218706616936,0.0814452469348907,0.9592206093803303,0.2464581131935119,0.8333201561572927,-0.0055474172346293826,0.46903351587978553,-0.0058704763650894,0.4478227289103145,-0.1650128662586212,0.12590045322303758,90,43,15,70,-0.5501796902002507,0.2607173234198797,0.034463860188122065,0.20673883384016342
Good,0.06770725099720808,0.9406498797393185,0.16026828862726666,1.4868040738098764,0.0680293142795562,0.2939777964380116,0.040142849991098004,0.2706540067125385,73,19,0.003952066006422891,0.5404406276330954,0.06978824176461762,23.997620551820322,0.03484311699867235,0.16997994153121326,0.1441127061843872,3.6387088986772147,0.25802457332611084,3.567472999090389,0.0030640296638012017,0.5240462193129878,-0.006759673357009799,0.4311426363763082,-0.1139118671417236,0.07123589958682565,85,45,13,75,0.4551443837246277,4.471274326212,0.04976071523918869,0.5155736491102502,0.05991252511739717,0.39674626036180294,0.03742215777747329,0.26882976715151136,80,22,0.0037920669235826966,0.5136512382689997,-0.27230298161002686,3.3648718600462386,0.03055420517921445,0.20884369491990265,0.1242710351943969,2.0505205397212545,0.22738479077815998,2.022466262773861,0.012496049096807828,0.6237145784718391,0.01239232718944545,0.5963883441251048,-0.1031137555837631,0.028054276947393403,59,43,15,101,-0.12784358936035267,1.3108708637016346,0.04719972907084969,0.3530316740332175,0.03565714508295052,0.2604209422524271,0.021254539787769276,0.1570951161053151,81,24,0.001183531457584649,0.15279919811047407,0.426525768151202,-0.21204966287219884,0.018560446798801353,0.14043409223943532,0.068581223487854,0.8046306606239576,0.1680279374122619,0.7571577847023632,-0.0048322916030883655,0.33904327602504963,-0.0038935244083404,0.31846688057794537,-0.0994467139244079,0.04747287592159449,89,44,16,71,-0.21236897291134074,0.7342525615674731,0.02684886409605498,0.1945478221226752
Good,0.06451897320734604,0.9726046413326828,0.15367876693606353,1.5301306677867252,0.0578505396842956,0.4191564795289569,0.036125941472128,0.2737351645148723,73,19,0.0036194955684020116,0.46780019364774744,0.6105203982616829,11.379857157038149,0.02844890952110275,0.20063403904077884,0.1441127061843872,2.654490433985261,0.2773024439811706,2.540109358378921,0.009788980334997172,0.5464199392835996,0.00708022713661185,0.44643974504368644,-0.1331897377967834,0.11438107560634012,70,44,16,90,0.3309233179353727,2.791243451898546,0.04669031488060569,0.4113702026168823,0.04161150008440008,0.4608592199325185,0.0324366112973075,0.2956751342811404,89,19,0.003821271143867483,0.4929823057110073,4.079289467919321,0.4836757735918913,0.0209871754050254,0.22232250388384656,0.2542645633220672,1.693188860630148,0.3661272227764129,1.657835757823048,0.01650546425953505,0.5908581160309498,0.020293697714805548,0.5009439770410158,-0.1118626594543457,0.035353102807099815,44,45,15,116,0.5036620592699451,1.0183177572758373,0.04614294567936897,0.3793006623133739,0.037498969584703376,0.31432003131494496,0.022866156860254658,0.17517951648868962,78,27,0.0014167245576379684,0.20102961215721687,0.6482629632785497,0.3360801995303775,0.01906892657279965,0.1457293869440726,0.1062544584274292,1.069587643644731,0.1881334483623504,1.0193770325021148,0.00048413779586553763,0.3928526124721759,-0.00014013051986691582,0.41039127733081704,-0.0818789899349212,0.05021061114261609,80,44,17,80,0.1572718907846613,0.6077637429365284,0.02984603609880067,0.21609358396538123
Good,0.06269714281769792,0.9463099097620611,0.15119333177804922,1.5091886177970366,0.047375753521919126,0.3923428582466072,0.030093042394146296,0.25261051534359874,87,20,0.0031069013128984537,0.3427740668461377,1.148887500924725,2.103629850866609,0.023110359907150248,0.16787336448451579,0.0975496768951416,1.6684498108737509,0.2422825098037719,1.563811569514643,-0.018468982726335518,0.48431645622407254,-0.01426258683204645,0.39522704671793873,-0.1447328329086303,0.10463824135910789,105,44,14,55,-0.4818089109330538,1.4508391374931209,0.040134490853770965,0.32895537246972223,0.05433114990592,0.4595033464525198,0.03240845436230298,0.2699653700531844,90,21,0.0034422226727586474,0.45474785190510447,5.358754435643144,1.6933860308459003,0.02391745150089265,0.2303583799570155,0.2542645633220672,1.82263801617418,0.4001921415328979,1.7435776867531714,0.012473299354314784,0.5819840705157735,0.01833572983741755,0.5290370839532388,-0.1459275782108307,0.07906032942100868,53,47,15,107,0.5013463224770903,1.1083693356982183,0.04481470977837584,0.3406499575385203,0.04580456390976895,0.36503084062046876,0.026826680582016666,0.22583110395451433,77,18,0.0019012087085416606,0.2742534605634634,0.27674330755575616,0.18759633592589653,0.023386538028717048,0.16872749494796851,0.1062544584274292,1.2520321265718848,0.2022210955619812,1.1503321160217015,-0.0012166962027549718,0.4428880910571907,-0.00201557576656335,0.36891302853535346,-0.095966637134552,0.10170001055018336,86,44,15,74,-0.016419346184617413,1.0124725442213438,0.03455776450358912,0.2794702119424913
Good,0.07863994539151478,1.1073425122949698,0.18641147002577763,1.7286432868137058,0.08117848634719846,0.5200063316395247,0.04882285709492858,0.41320736161047733,79,18,0.006189089102633141,0.8505234651962001,-0.1427108747915935,15.987469079506258,0.04090675711631775,0.22536976673209358,0.1653172373771667,4.325644273094075,0.31542152166366566,4.206752966713987,0.007213624566793436,0.6311938362919295,0.006648540496826149,0.4222165951579776,-0.150104284286499,0.11889130638008842,71,46,18,89,0.032879616117721486,3.581108410145215,0.06196890524580525,0.672397059945444,0.0660474486649035,0.5579133884493164,0.04052070596837434,0.34627837991709565,87,22,0.004441620380714635,0.6133984342951041,1.9611767674904614,0.8107515760390798,0.03399563580751415,0.28251661183751525,0.1068062186241149,2.017363382072124,0.33043348789215077,1.922511779506097,0.0019263450987636998,0.651832098191559,0.006338328123092599,0.5842756008004193,-0.2236272692680359,0.09485160256602705,71,50,14,89,-0.9837103089341814,1.0729064995972342,0.05281796847397533,0.43418124102993433,0.04195022583007807,0.44004849002343077,0.026739277003798596,0.23448469744985004,85,25,0.0019537594951647298,0.27542088497090295,0.4230004902637141,-0.2715010004115226,0.02037787437438965,0.2279511458252968,0.0883903205394744,1.1599810525169931,0.1859917938709258,1.1193579779868394,-0.002854866720736023,0.44561735233021765,-0.00083778053522105,0.41627003809063534,-0.0976014733314514,0.040623074530153784,84,46,15,76,-0.4001266352669824,0.46203897853113324,0.034936771934342206,0.27721121960178613
Good,0.08192139436242682,1.2054318847089116,0.19563728269189573,1.8813178144473848,0.08765523135662075,0.5111253531361346,0.05119255500845608,0.42140505277961116,74,17,0.006196871635361518,0.8690310332708535,-0.39098293127972683,10.936716453732846,0.043817222118377644,0.1948392473115001,0.1653172373771667,3.9601458846015274,0.31542152166366566,3.9032867596111727,0.002283570542931562,0.647615293994327,-0.004527300596237099,0.42109170336675605,-0.150104284286499,0.056859124990354844,83,45,15,77,0.2728094812240679,3.043616545200433,0.06238714653682842,0.6705411726773344,0.06543616019189344,0.5027979787218532,0.04208166589931348,0.28726821197698027,87,26,0.004818150165397057,0.6462871088015402,1.395729365028063,0.7775429389143569,0.034421160817146246,0.22779037833634141,0.1068062186241149,1.9127434226541027,0.33043348789215077,1.77639266538166,-0.001011589006520812,0.717609481681607,0.006338328123092599,0.7432141418636323,-0.2236272692680359,0.1363507572724426,74,45,16,86,-0.8702409251331334,0.6112520693519259,0.055038653459605895,0.36238617606387213,0.0466100126504897,0.37563531286432256,0.029333746242336884,0.22092845003752437,84,24,0.0022646705944175797,0.34007206375652493,0.3020497757955334,-0.08617887752307407,0.02433729171752925,0.18343047269064813,0.0883903205394744,1.2181000273428684,0.21799564361572252,1.1532822108856287,-0.0025980862788856,0.5160930387714509,-0.00045354664325709997,0.5054661112526002,-0.1296053230762481,0.06481781645723962,82,42,15,78,-0.4007909365662088,0.49723833793838174,0.03765008131588541,0.27151434416651865
Good,0.07669474207993053,1.0995996277633437,0.18477655600756382,1.7173150113312614,0.0740613937377929,0.32542634185171015,0.04493578458204862,0.29752301605792736,69,15,0.005120439432489683,0.6614496987621682,-0.18024576679007254,24.37324901072949,0.037528067827224745,0.15951436744288996,0.1474995613098144,4.206158479987866,0.2722907066345214,4.1668251076182266,-0.0038229003548621993,0.5436258071792878,-0.01009497046470635,0.4124338343577917,-0.124791145324707,0.03933337236963934,95,49,15,65,0.44617003889465895,4.621240651841041,0.05661886325385595,0.604913779418882,0.061459057033061856,0.4563166325479338,0.03709556823770977,0.28486989771733556,86,19,0.0036710216775018623,0.4740587920924251,0.47985832837336506,0.1084843682851182,0.030645295977592447,0.2070482528181454,0.0955056846141815,1.5817009240214186,0.23810398578643788,1.4893623757728287,0.002384354337118559,0.5910217786379414,0.007214397192001299,0.48869907067026,-0.1425983011722564,0.0923385482485899,71,46,19,89,-0.6740112980785067,0.8959349180907449,0.047990600786589864,0.35320256124222704,0.0541497617959975,0.30226086929741486,0.03230055794119831,0.1796996616713919,80,24,0.002711729339451771,0.39306330306698073,0.2595869286783081,0.08676472318190909,0.02739245444536205,0.14424205878289098,0.1368421614170074,1.1365277177701254,0.2664474844932555,1.1171420106554184,-0.00477235205471515,0.5826674255140322,-0.00456936657428735,0.5660140737858878,-0.1296053230762481,0.019385707114707086,90,41,16,70,0.06828273337088558,0.12056214925907775,0.041019160953222555,0.2314346005069911
Good,0.08341999557816775,1.1784155683710538,0.1986750032007692,1.8382628921196307,0.07274888455867758,0.33657510875126606,0.0448041822435334,0.3216232432315176,77,18,0.005369162971886709,0.637476698407478,-0.3531952324925536,19.184513134046647,0.03599405288696285,0.18703507992107993,0.1474995613098144,3.911771812288367,0.2715390920639037,3.8669678765788857,0.014326531812548634,0.5390481406626041,0.0120833218097686,0.37976680166266175,-0.1240395307540893,0.044803935709481275,68,52,12,92,0.08506513730012707,4.008807989512104,0.05630534314405058,0.588985399187168,0.06449640542268742,0.5121488427021452,0.04225788958370682,0.30676074524481406,81,22,0.004913154578321735,0.6509435341237578,0.7920967727318575,3.688531511980216,0.032570764422416604,0.2496925269017024,0.1384095549583435,2.388789793208302,0.3140401244163513,2.286702732788266,0.008790087699890124,0.6912184167325396,0.0127727091312408,0.6708458019946044,-0.1756305694580078,0.10208706042003612,63,48,17,97,-0.6916981458312883,1.4195457767391522,0.05488426675090254,0.4161257436082503,0.050436723977327194,0.4955342049171073,0.03528187542920928,0.2835684619951733,82,23,0.0034048148258995752,0.4900197642692264,0.725977792224588,0.6032808246291723,0.02622890472412105,0.22853296822282781,0.1368421614170074,1.6588369883308696,0.3054710328578948,1.5612897130065642,-0.0033798209391534264,0.6079963347244872,-0.0019448995590209501,0.526155047272693,-0.1686288714408874,0.09754727532430545,86,43,16,74,-0.10883349501959834,0.8870204484115729,0.04615081731371089,0.34692970646921495
Good,0.07404565790282476,1.128826977446149,0.17631014764308905,1.7902118240721039,0.05589856207370747,0.3791336350686726,0.0371785513218492,0.3178037967949718,79,18,0.004183328985431055,0.5440650921315953,0.34461025023528213,4.7789710136851,0.028073757886886548,0.23244742685427386,0.1308100819587707,2.5517344598960974,0.25881457328796376,2.530288932750473,-0.013732499629259093,0.5628192691001616,-0.01392859220504755,0.5093517486005409,-0.1280044913291931,0.021445527145624504,105,46,15,55,0.3339777231500242,2.007818003723354,0.04940907736045961,0.4767594387751073,0.051793761551380095,0.4385532364106146,0.03687392302788791,0.2743720922501907,84,24,0.004174781660378523,0.5714162400378852,1.7065221494595653,0.5253477237305608,0.02861513942480085,0.21584998889153392,0.1384095549583435,1.7811881015562607,0.3140401244163513,1.7155687426453852,0.012645088694989665,0.662688340822312,0.015078365802764851,0.6428742423626888,-0.1756305694580078,0.06561935891087552,53,44,16,107,-0.8179937672996348,0.8064379451184513,0.04964619749201618,0.36367623372452645,0.04805803298950187,0.33379427831459535,0.03166025951504704,0.22162757240796477,80,20,0.0027913687886731565,0.40663968371763837,1.1633841438728183,2.4309748865270455,0.02397155761718745,0.14958351471272108,0.1065385639667511,1.6460252782883154,0.2751674354076385,1.5537373256005766,-0.004046219773590558,0.5647042141496302,-0.00374541431665415,0.48516821402778876,-0.1686288714408874,0.09228795268773876,87,41,18,73,-0.26527248169587414,1.279032024652333,0.0417025537846972,0.2962242971791592
Good,0.07867806230368737,1.0840898074272196,0.18687332347035385,1.6917525173411985,0.0785147249698638,0.567210756118377,0.04595272853970524,0.39258848137426944,72,18,0.005531496749184648,0.741157259186607,-0.16007779347490114,22.099614542621946,0.03775635361671445,0.21849375375619265,0.1597939729690551,4.474144672539062,0.2877984642982482,4.425086323671229,0.004270890355110174,0.5527989153289439,-0.0011038482189177998,0.3758643746267889,-0.1280044913291931,0.04905834886783289,83,47,15,77,0.3759999386706583,4.21835821698369,0.05882663978584119,0.6599777408350603,0.054076433181762626,0.500707137781482,0.03998750730650495,0.3073848859705399,89,23,0.004864929377081206,0.5865701794201038,1.3228524116121028,1.4829571347055213,0.02918770909309385,0.22401467729548363,0.2075510621070861,2.029712028759371,0.3488654196262358,1.9807647417614842,0.009905674122273908,0.6577538087733109,0.0150632858276367,0.5972679199760751,-0.1413143575191497,0.048947286997886696,56,46,15,104,-0.3118926494289182,1.0074983926933962,0.054414745327351945,0.39233927469004015,0.04939007014036172,0.36254451391762255,0.028866300329100293,0.2294081493469848,74,21,0.002212861205109047,0.31654084047131503,0.2754688853452252,0.5445433723323956,0.025498300790786747,0.1844961474189297,0.1077712774276733,1.3653283383046262,0.1979786157608031,1.346967595684223,-0.004163070674985638,0.4811997932389437,-0.00610329210758205,0.4357913722101343,-0.0902073383331298,0.0183607426204031,89,41,16,71,0.2756933736817003,0.8312314445445984,0.03707150453585175,0.29152632721267707
Good,0.07753528211256044,1.0912832437277522,0.18371560145169474,1.7017377677568202,0.07175303995609272,0.5561770643168511,0.04321193674579259,0.3350395819453365,73,19,0.004928393137752915,0.6096662257673575,-0.10965048695441881,14.110098057567651,0.037458866834640496,0.27900318714623573,0.1597939729690551,3.378320406333443,0.2801095843315123,3.2387696344245365,0.011612217128276823,0.5800484937792878,0.0058832466602325,0.5002668212109407,-0.1203156113624572,0.13955077190890644,72,43,14,88,0.40858095347359,3.2369075031233296,0.054441956854292116,0.5226949116183713,0.07108406629413355,0.4795505532967122,0.04306263539474453,0.3125825593828001,80,17,0.005089243541570654,0.6306717261490138,0.8144761245467156,4.689045608761123,0.0384941771626473,0.16274017838173435,0.2075510621070861,2.3139871153025915,0.3488654196262358,2.134687799100513,0.006069016573019321,0.6693452879499739,0.00573649257421485,0.5388136240421233,-0.1413143575191497,0.17929931620207848,70,50,15,90,-0.01172896637957928,1.9725767737139313,0.056246933121754245,0.42737408864855164,0.0437689572572707,0.31505107283637995,0.02777694484218951,0.22699727612396373,76,23,0.0021101484374680584,0.2859237912398618,0.5101025222365774,0.8220624581027685,0.022031977772712603,0.16774991697239144,0.1077712774276733,1.3555965076588417,0.1979786157608031,1.28713043931502,-0.0036613192409276863,0.4523439860275583,-0.00523522496223445,0.42790875260927075,-0.0902073383331298,0.06846606834382167,91,43,18,69,0.3326945977804118,1.0098188333352596,0.03624427973720792,0.28514682103183603
Good,0.07344645959097358,1.0984765557245635,0.17591224532574395,1.740205469931321,0.059619098901748546,0.3315840247782986,0.03791207841131832,0.27225049516633837,75,15,0.004076515078666561,0.4695689862225334,0.5214858799201836,4.519587467174916,0.029634237289428697,0.1620037586847891,0.1556470394134521,2.126590013032609,0.3204904198646545,2.0414985430901353,-0.014135053381323804,0.5543729895615452,-0.01614534854888915,0.4566549385684485,-0.1648433804512024,0.08509146994247367,104,45,17,56,0.26448409955067365,2.0939088984628764,0.04860853448964928,0.4027897400221714,0.06623427569866164,0.6001567533808754,0.041794249311787976,0.3276469920385951,76,26,0.0050084697118444954,0.6908276167735644,2.596406356828852,-0.6228164578576392,0.032960204407572594,0.2863956582778522,0.1888955682516098,1.6122739612698167,0.4312286525964737,1.5116278466176654,0.0127531525446102,0.7329708957549063,0.00924140214920035,0.761345724032779,-0.2423330843448639,0.10064611465215124,67,44,13,93,-0.3386451889471502,0.2440380057223541,0.054647187848047916,0.3918944791009626,0.041712578386068226,0.2691593745695509,0.027006759233772715,0.17801127621194435,82,22,0.0018954600954106354,0.26120975662263896,0.022457532184945173,0.8577089377513865,0.0229299664497375,0.1353736251266217,0.1033350229263305,1.1544633638781194,0.1884726583957671,1.0744874295447393,-0.003671076893806456,0.45286158461486925,-0.0025306195020675,0.43956631300320254,-0.0851376354694366,0.07997593433338009,86,40,15,74,0.05517651691887245,0.829001425406544,0.03433004081282487,0.23690956460799253
Good,0.08147346927136767,1.1440449720346415,0.19255788274109342,1.7704153058608108,0.07764196395874015,0.3482946758819303,0.0475794393382966,0.329964381962026,76,17,0.005676465937191566,0.7102946169779593,-0.037932230851329685,14.948501209918103,0.03941944241523735,0.17491038613683596,0.1806581616401672,3.797453380293318,0.34550154209136963,3.750259482325519,0.005425423011183731,0.5934864677508979,0.0011298954486846,0.47820757768350236,-0.1648433804512024,0.047193897967799284,78,54,16,82,0.19409811310997063,3.559216688368347,0.05950196653074467,0.5983881930440487,0.06491786986589422,0.6385808704387517,0.043074974652845384,0.35797886434314113,84,25,0.005668974675605573,0.7212397103387815,2.2529109602500776,-0.4760425901992149,0.03424237668514245,0.32742293272074924,0.1888955682516098,1.781542404348962,0.4312286525964737,1.6687060563316212,0.016853654710575927,0.7391029347667191,0.02007143199443815,0.7732828585815461,-0.2423330843448639,0.11283634801734096,59,43,17,101,-0.4914205325486214,0.4899387054485929,0.05726744930444033,0.4182900454923647,0.04648879542946805,0.3158330541729172,0.027277626356808422,0.20821191478314197,87,23,0.0019005096520677057,0.2627693781088099,0.050784126942375885,0.8346449666426636,0.02249233424663535,0.16718015006376571,0.1033350229263305,1.2594882806261618,0.1974613070487975,1.2433508509911448,-0.0002061509527266105,0.4378259033431936,0.0037986561655998004,0.4011274458115287,-0.094126284122467,0.016137429635016992,73,43,16,87,-0.17091825329763963,0.9040862013119969,0.03457233466011625,0.2666043069241876
Good,0.0677393958050976,0.9456360786089166,0.15923265486955618,1.4783244176177148,0.06003084778785703,0.24560299405553082,0.03866107503883536,0.3327990421610014,71,12,0.004159188142447684,0.5634587731029663,0.7983262726165896,6.660230191471342,0.029712200164794898,0.1408904126031807,0.1806581616401672,2.730948111780597,0.2942349314689635,2.720221820668829,-0.0016796089708805083,0.5216008438949877,-0.0078873932361602,0.3452688956313769,-0.1135767698287963,0.010726291111767969,90,49,18,70,0.7602905968928908,2.6255008851702644,0.05111753877141913,0.539806755006829,0.0543073285371064,0.5826944644217786,0.03491741308593188,0.2955023889117151,81,20,0.003411293120933422,0.4447612339162216,0.3722547969853176,-0.6136940422494233,0.0272607021033764,0.3087711519335493,0.1355137079954147,1.4003260335273533,0.2457451075315475,1.3470305357031487,0.009539826493710268,0.5653271800091236,0.01014030352234835,0.5109832462198255,-0.1102313995361328,0.053295497824204695,64,45,16,96,0.02162387484414949,0.6416520496432617,0.04531982681946952,0.35378865648739144,0.041954211890697375,0.32227173473002857,0.02476363524328913,0.18720947215310604,84,21,0.0015266525824497218,0.20331354825872494,-0.3319371813544514,-0.20812462466616566,0.02196864038705825,0.16180618255677043,0.0632898807525634,0.9523293748012647,0.1574161648750304,0.8724007990960161,-0.005424666684120895,0.39139639371360324,-0.0022753998637199003,0.329507052440569,-0.094126284122467,0.07992857570524864,87,46,15,73,-0.11944037371565908,0.77704469796609,0.030504864738706963,0.223880350291648
Good,0.07089820279897956,1.011397129284189,0.16665878422558286,1.600799430799852,0.0588885098695754,0.3850892054454758,0.03979298328049478,0.30202605002531,71,16,0.004604625520368012,0.595867645296099,1.6493080329233774,14.3541661325872,0.02804785966873165,0.14709649624212687,0.2020351290702819,3.173517509730485,0.3156118988990782,3.104791103781031,-0.005686428397893897,0.6076117169474532,-0.01281574368476865,0.4777180474495586,-0.1135767698287963,0.06872640594945384,96,49,14,64,0.9193760368238354,3.252236047612543,0.05351123300453883,0.47610465942297514,0.05859057232737527,0.3497896058848439,0.036067712029907814,0.23918664001217269,81,25,0.0036791309615659762,0.4503745143604824,0.4412006325458657,-0.010925986305705404,0.0282541736960411,0.18908014006167825,0.1355137079954147,1.3726446251795028,0.2671491354703902,1.3293203584315523,0.010537825338542452,0.5988696340190894,0.0119095221161842,0.6021291179550605,-0.1316354274749755,0.04332426674795048,62,47,15,98,-0.12874817261318813,0.5051633586994598,0.046927334037448226,0.30286907371061217,0.03980451449751845,0.2986057831513621,0.0247623360418947,0.18025621607609918,79,26,0.0017000754642016614,0.2058568850690963,-0.16319410613759766,-0.5037429029444347,0.0194119364023208,0.1525463571725741,0.0684949159622192,0.9206135963951599,0.1606110334396361,0.9032875974450941,-0.009377999743446698,0.3943180798333094,-0.009505107998847899,0.40547836424133377,-0.0921161174774169,0.017325998950065834,98,47,16,62,0.0646496884482464,0.17925626553888835,0.03131660657677858,0.22443292313220925
Good,0.07842345988663495,1.0353773723264759,0.18646485619246936,1.6635506246138356,0.0699327141046523,0.4126250934024035,0.04472433472052212,0.31743250305449616,76,20,0.005325182330382632,0.62419960056704,0.5060638457312847,16.28298428324957,0.0333437621593475,0.19534320460550067,0.2020351290702819,3.422088098181346,0.3533218502998351,3.376117418745064,0.009763828292489046,0.6051826052619789,0.0072522461414337,0.482225488428346,-0.1512867212295532,0.04597067943628192,75,50,13,85,0.2822647257277466,3.426274404404415,0.05703717524177712,0.5078913415833781,0.06441401690244662,0.49071918136511494,0.03814681725576517,0.2683946719832657,87,21,0.004270599379940057,0.46704771370090337,0.23528356087529723,0.6005402190221409,0.0325948670506477,0.24928494491289543,0.1280374825000763,1.6721095202200853,0.25967290997505177,1.5110116643875027,0.018977700173854816,0.5976437273538973,0.022352561354637097,0.5391151591639618,-0.1316354274749755,0.16109785583258251,52,46,15,108,-0.4235634772712766,0.9030784632238616,0.04820262795700109,0.33146596937761785,0.047451134771108544,0.35519906426210224,0.02880522939143698,0.2057257472709297,76,23,0.0022362348242611478,0.27232852314253664,0.3704076829908316,-0.3415695416334761,0.02329945564270015,0.14783220448028153,0.1218268275260925,1.075074824117142,0.2347996830940246,0.973749068608192,-0.005100704776123161,0.4607242919979596,-0.007721625268459301,0.3736024672889322,-0.1129728555679321,0.10132575550894996,90,47,15,70,-0.043558990909827344,0.7353439576762315,0.03715179910928482,0.24507478431188204
Good,0.07267329820677364,0.9843345040713264,0.17450952351093268,1.5750086702388768,0.053379669785499545,0.5395734545241158,0.03485608534421768,0.30873778274642705,73,21,0.003691338997787413,0.44961477289202123,0.6341787030695363,2.6161941919696083,0.0270211398601531,0.2285411818925096,0.1175377964973449,2.060905048282985,0.2796251773834227,2.028003726070619,-0.01397369317710398,0.5431771692576978,-0.0161821246147155,0.4195344198627995,-0.1620873808860778,0.03290132221236584,110,43,13,50,0.16464223373849543,1.3898779572170923,0.04609885765221886,0.3931581560761718,0.07224510237574565,0.338686441968129,0.0394338961166795,0.30258837883842193,85,15,0.003881941703323258,0.4897376489743981,-0.1367547221726979,2.482606267183833,0.03506954014301295,0.1718962237832479,0.1229349374771118,1.9780688689642973,0.2626134753227233,1.9304830568676092,0.011055814567953341,0.563146366566642,0.0166080594062805,0.46901892063232253,-0.1396785378456115,0.04758581209668809,65,45,14,95,-0.217996039801361,1.5740557940401139,0.04815052424400115,0.41545615749100107,0.0525349117815494,0.30073748279361956,0.029868823668220967,0.2071041836257524,81,23,0.002326719492136789,0.2995938996447601,0.24204818656713156,2.496270435850052,0.02547039836645125,0.14716224180989296,0.1218268275260925,1.4725133802466788,0.2347996830940246,1.4031897510391707,-0.004951753187924622,0.4686851344145371,-0.004679873585700951,0.4111414602656273,-0.1129728555679321,0.06932362920750813,87,43,15,73,-0.13866558828684422,1.464939645779743,0.037929823621407274,0.2827156600253819
Good,0.07994981484344746,1.1086473708043376,0.1889910094439981,1.7662519015743154,0.07723800837993612,0.3970411743897696,0.04591001423075791,0.33137168780952353,67,20,0.0050890047660628514,0.7226296174153959,-0.12576657906429034,20.445711379983667,0.034773141145706093,0.20660752005926314,0.1646478772163391,4.009700770728904,0.3267352581024169,3.93297060640234,0.0015357688069343705,0.6204743504681054,-0.0114439725875854,0.5040664868544411,-0.1620873808860778,0.07673016432656411,91,45,14,69,0.3155578104816051,3.9976284386047825,0.056553147645731695,0.5810690129636744,0.07179068401455872,0.3895614624383175,0.04301398819079618,0.3182475206949394,87,19,0.004810604415591052,0.610792443860365,0.5951460000002258,2.0895144601822393,0.033671975135803146,0.21014188225742125,0.1533617973327636,2.1267162286499834,0.32686027884483326,2.037130106404302,0.004063020460307593,0.6515983708769104,0.013586476445198,0.521595014461895,-0.1734984815120697,0.08958612224568147,70,47,16,90,-0.4351486917533628,1.4678243837761111,0.054853672696413974,0.43152289270781596,0.045255199074745095,0.3391313054568008,0.02913222209084775,0.23146464963910676,84,20,0.00248998081270598,0.333075846904537,1.7046774798861852,1.0125030995750608,0.02611044049262995,0.180431216431032,0.1400291472673416,1.4832094330869348,0.2913844585418701,1.4662330091728524,-0.0025021319277584537,0.4941791802292993,-0.00011080503463740664,0.4480204357333919,-0.1513553112745285,0.01697642391408232,80,41,16,80,0.058308848003488026,0.9929106672789199,0.03949336183383472,0.2980986157841641
Good,0.08105603539015058,1.2243449303240803,0.19364983848296083,1.9394812135140613,0.0720528364181518,0.3778762376921884,0.04452944764867421,0.3459345152284209,78,16,0.005016760198554019,0.663155540116761,-0.34793835176437327,9.981609455311606,0.03640416264533995,0.21289984618807398,0.1646478772163391,3.222776288032668,0.2895838022232055,3.1513085539635504,0.010139492899179457,0.6247967141026344,0.00791859626770015,0.5098778517342221,-0.1249359250068664,0.07146773406911774,70,46,14,90,0.07006018562242938,2.7090698865518297,0.055242548617025294,0.522287857568326,0.06210533529520028,0.35841164351960875,0.040704315100956553,0.2495281946122694,89,22,0.0046702558263697815,0.6295445553527286,1.021942694107679,1.5429737265527024,0.02966474369168275,0.18201776483423615,0.1533617973327636,1.8444919499061938,0.32686027884483326,1.6729280466406011,0.00974254808970726,0.719419084215501,0.01750768721103665,0.689752471591083,-0.1734984815120697,0.17156390326559262,63,43,13,97,-0.549893660005703,1.0185104219788363,0.05330810077513954,0.3346352291962972,0.050896331667900044,0.4772437329717101,0.033592621646821454,0.26239156976061556,78,26,0.003314401739700337,0.45267507654543065,1.10343713983844,-0.5777539889710308,0.0264729708433151,0.24967296805003344,0.1400291472673416,1.3479260875174048,0.2913844585418701,1.2823884168347441,0.0016833558678626993,0.595265415195926,0.00097975134849545,0.6109073888568071,-0.1513553112745285,0.0655376706826608,76,42,15,84,0.012818608411540137,0.4678802972223928,0.045625408350275634,0.3135827833556118
Good,0.07702981413187104,1.0817712025695685,0.1854790899250654,1.7446393094086423,0.06259925663471211,0.34369755655810724,0.03761083402205255,0.26775135367700725,85,22,0.004276693749464145,0.44727733402206094,0.6389506780125842,1.9988890437408822,0.033163160085678045,0.1892702984724976,0.1300172805786132,1.813559845685579,0.305069863796234,1.7392412727198994,-0.017454223707318296,0.5641513466994073,-0.0162890255451202,0.47673386110089966,-0.1750525832176208,0.07431857296567959,103,46,14,57,0.0489452363824788,1.3842536096788547,0.048817809598830336,0.35918044495671825,0.05908768996596325,0.508651816705539,0.036873330003145355,0.27181880479970993,82,22,0.004091066749438082,0.4693056457022682,0.12270845688447896,0.41281828355886185,0.030247572809457748,0.235476730262733,0.1455594003200531,1.6150701951582564,0.2533193826675415,1.5640692835927086,0.01827400146867147,0.5979834556381449,0.0204934626817703,0.5329154435426704,-0.1077599823474884,0.051000911565547834,56,42,15,104,0.09186366695650326,0.8137921822356884,0.047296496485953694,0.3342475616744735,0.058537662029266246,0.4032890818753851,0.035602737305453006,0.22643587829433137,75,23,0.003337350745568958,0.4156331212069759,0.5175601600851274,-0.6622132427569367,0.0275739431381225,0.19869775685275978,0.1280025690793991,1.1623560917214124,0.256691038608551,1.0911693200548112,-0.0027999908663332426,0.58250450707109,-0.0072945952415466,0.559141009140331,-0.1286884695291519,0.07118677166660119,87,48,19,73,0.022983147605593092,0.2784044069257763,0.04572825686986413,0.2762636792067359
Good,0.08571563798710988,1.19135769899438,0.20772519493475533,1.905737330213734,0.08755233883857717,0.27363885259019977,0.05113162379711862,0.32990569467926734,72,14,0.006587614119993034,0.8218401910129104,-0.019453252724402237,21.421775889530334,0.0448148548603057,0.14145137111408682,0.186216652393341,4.354321879753054,0.3612692356109618,4.268881135987543,0.005580084398388863,0.6512805143098318,-0.00097855925559995,0.5294857034332683,-0.1750525832176208,0.08544074376551113,82,48,18,78,0.2499838916602644,4.261948469555162,0.06412347745057749,0.6306138935142737,0.05873285979032507,0.5816365081119026,0.03989241969640713,0.2876874120530272,81,24,0.0052344254299889195,0.6150461248769978,1.7765571425088016,-1.117936903707455,0.028370305895805352,0.30622564444635075,0.2090290784835815,1.3816253679292876,0.4142757654190063,1.216760151082208,0.01839335068361832,0.7077736920010342,0.01885384321212765,0.6692596756199152,-0.2052466869354248,0.16486521684707978,52,41,14,108,0.020892098156363996,0.21160450083492768,0.05432907459674218,0.33779065379051443,0.06369931995868669,0.3932827169546227,0.035169324018061124,0.23277881748653287,72,25,0.0030848763642740444,0.3785072793778037,0.07495561280898322,-0.2730167162726711,0.0275046974420547,0.20876795788053065,0.1264225393533706,1.316464493708859,0.24910630285739893,1.305991016123684,-0.002458023652434342,0.5466831239028682,-0.007764920592307999,0.5534196889300533,-0.1226837635040283,0.010473477585174964,92,48,17,68,0.020686130267585964,0.2877309760826729,0.043978334830753744,0.28221417650005665
Good,0.08062164460119971,1.1902983045145872,0.19525480598211267,1.834283341244186,0.08173078298568714,0.3444358314988219,0.04764399874955412,0.3620875173638757,68,16,0.005831976233082009,0.8329230072225832,0.2029162464910188,17.436420703721577,0.03681096434593195,0.17080197800365154,0.186216652393341,4.436915084365509,0.33171206712722767,4.395490375302449,-0.002208299189805976,0.5600789451805995,-0.01185122132301325,0.3692373528461332,-0.1454954147338867,0.041424709063060394,97,47,14,63,0.6601749039136576,4.072779412563701,0.060522742212288705,0.7205793380245997,0.0579694435000419,0.44881260945073037,0.04025365975452584,0.29440959656965576,81,21,0.005109336618888216,0.6898411352695093,2.1401879417506784,-0.5551471226667117,0.02978519350290295,0.21279023068126462,0.2090290784835815,1.6058603805395077,0.4142757654190063,1.39039647261703,0.008556317724287495,0.7483904249664661,0.009930402040481501,0.6509322984929322,-0.2052466869354248,0.21546390792247783,64,42,16,96,-0.09789959596917724,0.6382387886528941,0.05603345643727598,0.36021230835164625,0.0554974041879176,0.3803478486162427,0.03248728005448352,0.2278142549446615,77,21,0.0025952633095644106,0.3568315273375907,-0.3042317118549116,0.5800207520350913,0.0271248146891594,0.19482643147746426,0.0958769023418426,1.4122517809401858,0.2132967710494994,1.303292690376851,-0.003463026322424404,0.5258139710971199,-0.00702986121177665,0.4603334673354097,-0.1174198687076568,0.10895909056333493,90,40,16,70,0.056076723997513865,0.828976127248878,0.04025137387763222,0.28346286376996194
Good,0.06976367851144191,1.0079801525030183,0.16400380030274364,1.5344837784698417,0.07199732959270463,0.26264309299679056,0.044598882514983375,0.30943919806901476,68,15,0.005878068884899038,0.872694688078724,6.53352488519843,26.217514544354977,0.0352419018745422,0.13838890065083648,0.3657988905906677,4.798365369014521,0.486958086490631,4.758989540398991,0.0045593645423650745,0.6463438226389591,-0.0009276270866394,0.5301444681372072,-0.1211591958999633,0.03937582861552995,83,42,19,77,1.3956605425481694,4.830931456419841,0.06062986165088542,0.6744882141410491,0.06288915127515786,0.3925659026498087,0.03645413474878292,0.29509449766716045,79,18,0.0034462575911750276,0.5073224468149935,0.22656629260732686,9.007369356809324,0.031480506062507546,0.18283499165015063,0.1542972326278686,2.7022891721868176,0.2987127304077148,2.6695028883581293,0.006991351954638954,0.5278924685788423,0.0057047456502913995,0.4609839889741346,-0.1444154977798462,0.03278628382868811,72,41,17,88,0.15660155879637397,2.734269796311645,0.046024680197162444,0.4781756878310831,0.034708466380834475,0.26651935612708644,0.021506504419376096,0.19230262628876357,79,20,0.0013368997244384373,0.19166311189981924,2.2781764447129893,1.1419809189377963,0.01655506715178485,0.13244742673002896,0.0735765770077705,1.1944685977409275,0.1973590925335883,1.1668556461827642,-0.0038254385348409385,0.36024748725204053,-0.0043215379118919,0.2951583675257995,-0.1237825155258178,0.02761295155816344,90,45,16,70,-0.46108726377800485,1.1580521292445018,0.02874180612209203,0.24876667748798287
Good,0.059897968325030505,0.852410342180751,0.14304638057947133,1.3424534593341173,0.05242832005023951,0.2553093896176807,0.034180088210850924,0.280800931339662,68,14,0.003419666780475725,0.4443788241403025,-0.031205105830796054,15.05420764771657,0.025062918663024847,0.13057016774886568,0.121411919593811,3.119350642267447,0.2224087715148925,3.1063987794035888,0.015477966889739025,0.44664158390162123,0.00793865323066705,0.31601741707676545,-0.1009968519210815,0.01295186286385825,63,46,16,97,0.44370004671931373,3.5754720666010416,0.04369965276269189,0.4948637384878322,0.045428149402141474,0.40679731629638594,0.032188673794444136,0.2960142135773309,79,21,0.00296167366527193,0.43445063916423016,1.0085297371617923,2.628412518725172,0.023705840110778698,0.19229383940128186,0.1542972326278686,1.8813897014961718,0.2987127304077148,1.865623782482729,0.004156715213321146,0.5150352919709545,0.0040463954210281,0.40697461472670815,-0.1444154977798462,0.015765919013442722,77,42,15,83,0.33127023070671885,1.6328480150524247,0.0429569655584837,0.41132625395010197,0.034969091415405176,0.2960528045577807,0.02281473384209671,0.2123505801456175,87,22,0.001466695737278137,0.21752634945983781,1.8385614228300247,1.2903884815279882,0.01805549673736095,0.15486780052592117,0.0735765770077705,1.2955725363680055,0.1973590925335883,1.2250541041144114,-0.0010255357483401925,0.3807765834615413,0.0022383518517017,0.2948677244920823,-0.1237825155258178,0.07051843225359421,76,40,14,84,-0.7442200753640537,1.2446533484758298,0.030354436431051623,0.26932423386541665
Good,0.05067989782033459,0.7172332043698182,0.1217484141886232,1.1526671648903897,0.042583510279655346,0.27731142501728034,0.02799204308539626,0.24912338871281686,90,14,0.0023862748564837193,0.2987365694911638,0.5234423562910604,9.227054511245479,0.02134969830512995,0.12042441774105406,0.0947481989860534,2.166650985381406,0.20557326078414911,2.115938418911332,-0.012801326811313624,0.3750171426766351,-0.00853723287582395,0.24718013735141428,-0.1108250617980957,0.05071256647007392,97,46,17,63,-0.28449515160193584,2.908572003363624,0.036549927147847695,0.39761628763145007,0.04002394899725905,0.3434594165451056,0.027569995370868083,0.2617120186323098,77,16,0.0021015300969268852,0.31354062267186894,0.7393859960315448,1.4474444244255151,0.01996094081550825,0.15874973482360008,0.1189562231302261,1.6019564768102597,0.19648502767086018,1.5813991608275157,-0.000215559150092301,0.4444059883734363,-0.0021595368161797003,0.348538306555344,-0.0775288045406341,0.020557315982743882,83,46,13,77,0.4691896579772668,1.3474143147615578,0.036354783510671444,0.34065222760125624,0.0319004971534013,0.2533544961756415,0.019647354239714292,0.1562475327961969,82,21,0.0010258507426930288,0.15067360390966575,0.20818554201083117,0.4478778255124194,0.01511880755424495,0.11233629612646653,0.0753697752952575,0.8678033701846647,0.15406453609466542,0.8024319781306851,-0.004315441590733819,0.3332440338403181,-0.0033636949956416997,0.2867016707438767,-0.0786947607994079,0.06537139205397959,90,43,15,70,-0.04190416784830969,1.0538452869289074,0.025028962907228683,0.19905280158666108
Good,0.06631694239217963,0.8542069745138438,0.15960545316338517,1.3182474499064778,0.060776412487029974,0.2814696932552878,0.0388226890750229,0.3122122182046929,78,14,0.004234438510846695,0.6214509890833124,0.41071203623826813,25.95669302331397,0.0311353802680968,0.13296228072617491,0.1591737270355224,4.492253408483434,0.2699987888336181,4.480498369894488,0.007309771329164494,0.42643048111380055,0.00547644495964045,0.26563090871984935,-0.1108250617980957,0.011755038588944944,72,47,18,88,0.2913042774103304,4.868089579491663,0.0510822871726289,0.6630294366469449,0.05572072416543955,0.4022537479776939,0.03552361686248327,0.3265512761915489,72,15,0.0033014374267388074,0.49687104667691423,0.8008337951223936,8.622447463332469,0.028274267911911,0.18209024722360026,0.1763461232185363,2.8144020644709995,0.2784679830074309,2.781173612783947,0.000900847045704728,0.5026097371359125,-0.0025517344474792003,0.37675839566740593,-0.1021218597888946,0.033228451687052525,86,44,15,74,0.5646130198605256,2.6716907460438364,0.045558304520188345,0.49422110316444734,0.04342379420995705,0.25632240855860683,0.025185914335888765,0.20655550271202638,81,18,0.001612186746600264,0.24275993668766283,0.1851398062729639,6.028142427132105,0.02129647880792615,0.12996715732685243,0.0753697752952575,1.6461913421498378,0.1715402007102965,1.5813837275775362,-0.0016223153565078981,0.3892072316567648,0.00046021491289135005,0.2913367525162752,-0.096170425415039,0.06480761457230162,79,44,15,81,-0.26808050476986933,2.2820080525233832,0.0318010293652345,0.3021219414636089
Good,0.05977979634977284,0.7881220872134362,0.14389173593372084,1.2496036881615984,0.061834335327148354,0.20621600506600196,0.039147691708058076,0.37154882254126975,70,9,0.004039271597985485,0.6078592710085452,0.5355362432572002,8.53415463533209,0.02981051802635185,0.10876081274574184,0.1591737270355224,3.1274218802488396,0.2637542486190795,3.0918207952450487,0.0017940662801265745,0.45982075391974125,-0.0059201121330261005,0.27531360548217637,-0.1045805215835571,0.03560108500379103,87,43,11,73,0.6718115206956603,3.0156010934119917,0.0503704622931046,0.6296222242529451,0.0364035656675695,0.33217390220807474,0.026915524320793298,0.25923938529607987,81,17,0.002340339511108535,0.3347473649057763,2.614353672086329,7.135577037511524,0.0183191709220408,0.1740863066173997,0.1763461232185363,2.174728829670847,0.2784679830074309,2.1198409846787927,0.008357973536476482,0.4403867170410376,0.00902902707457535,0.34131863277845703,-0.1021218597888946,0.05488784499205451,63,40,14,97,0.42666174514146005,2.2718100522096107,0.03743817004621018,0.3752424607631622,0.036844130605459074,0.3506600273575863,0.023106346614658786,0.23191150712477582,83,17,0.0013886439427450237,0.20276965336646388,0.6142502843075368,0.5689644624426617,0.018518835306167547,0.11984192116015671,0.0749271064996719,1.209969020541386,0.1710975319147109,1.1919124726809915,-0.0025594770908355705,0.3493962172008196,-0.00094331055879585,0.22900987316312021,-0.096170425415039,0.018056547860394463,81,43,16,79,-0.34043826590645415,1.1596428569071258,0.02944093827526438,0.28406326191928016
Good,0.05966722036800357,0.8049857828359379,0.14416749823838448,1.262701251308203,0.059141382575035026,0.39249424751905837,0.03888466808944936,0.37701271053489177,72,15,0.003892717742562114,0.5932526725220268,0.12599445005122156,14.153133034502751,0.02860683202743525,0.13545546988172685,0.1555357575416565,3.6607112125555576,0.28047645092010487,3.590326661173386,-0.0035038549453020014,0.4941491872833476,-0.010835587978362999,0.26823801349476506,-0.1249406933784484,0.07038455138217162,92,41,15,68,0.47744569589609365,3.3588347691878013,0.049354796517095255,0.5908208300569926,0.041349659673869554,0.3645329937474976,0.02818365775456182,0.2669235748524413,77,19,0.0021882949308580715,0.32966054702509145,-0.033913456839039124,2.8350609881181716,0.02003255486488335,0.1691445306606888,0.0882036983966827,1.7472061007411728,0.16609047353267659,1.727783120676291,0.004508210578933357,0.4456654844419067,0.00360368285328145,0.3144700120395675,-0.0778867751359939,0.019422980064881735,74,41,16,86,0.0005793307545797567,1.6513431737119892,0.03682165577141004,0.3619983743088525,0.03420270979404438,0.3511214626211147,0.021773545316536868,0.23700838728563453,77,15,0.0013648130856777534,0.19169775363708216,0.7901658852893805,0.7868536095279017,0.0178145617246628,0.0987054200989414,0.0745375156402587,1.2307663496432981,0.1616262793540953,1.2176539268844053,-0.007018610509112466,0.3228865795829484,-0.00882273167371745,0.19598184092703752,-0.0870887637138366,0.01311242275889282,94,42,18,66,0.07905001046576357,1.3476662769831145,0.02843944970356285,0.29570595253106835
Good,0.05675075603174016,0.805332532506703,0.13716372735798332,1.2788719405923703,0.05188742280006395,0.29683170218951305,0.03246764527633783,0.27940578443338276,69,16,0.0031083948937235518,0.4035714350391382,0.6452470213248187,8.922410175496324,0.026248276233673002,0.13557001831618065,0.1555357575416565,2.482883821321018,0.28047645092010487,2.434144042119707,0.014428202807903278,0.4686121331921624,0.00853961706161495,0.34038197227922407,-0.1249406933784484,0.04873977920131078,59,46,15,101,0.27618739692798516,2.707795876216471,0.0417789784618949,0.4289220251563556,0.04426451027393333,0.37856294193886986,0.029662094364175533,0.2944256947692966,73,18,0.0024546799488651084,0.37287879665346774,0.08172997078970434,0.8698307148867008,0.02209277451038355,0.18033272811736628,0.0882036983966827,1.6063185195615757,0.20437684655189509,1.5881413838959728,-0.005515519995242342,0.48051045618973204,-0.008889228105544999,0.32854125696370273,-0.1161731481552124,0.018177135665602875,101,37,18,59,0.22498244722553637,1.2972431517550171,0.03890002030327548,0.376813611943363,0.033218126744031795,0.38586839689562824,0.02214054237061641,0.25473894278478654,89,15,0.001409001651708483,0.21424566200358652,0.9081154891515375,2.140070988905933,0.01678432151675225,0.12028461424917149,0.0745375156402587,1.4463436597104786,0.1616262793540953,1.4326243863952197,-0.001777205197140578,0.32974935121047577,0.00039163231849665,0.213819883776051,-0.0870887637138366,0.013719273315258927,76,38,17,84,-0.1643343996812466,1.6146783493662307,0.029715084351091978,0.3248246101819515
Good,0.05134058480344707,0.7010087461009041,0.1228935916908083,1.1216051139721863,0.05161689221858962,0.3095892093515026,0.032493806136772,0.306349625589835,82,14,0.0029789590796595487,0.4162814156751882,-0.1185107975116062,7.7107250337147235,0.0260754525661469,0.13546021597489047,0.0780439376831054,2.4639345732391162,0.19639939069747908,2.402699649341374,-0.012493545934557907,0.43748157441635455,-0.0097131729125976,0.2836229222561248,-0.1183554530143737,0.06123492389774213,93,39,17,67,-0.26861768834746574,2.7179697207773317,0.041430529681672656,0.47422704237672475,0.04169125854969012,0.23359430587782254,0.02407161003720826,0.18209662302540097,75,21,0.0015246101481121786,0.22467260725579932,0.281779520089831,1.0838780066850635,0.021081119775772,0.12445399220760747,0.0720625072717666,1.1945982546859404,0.188235655426979,1.1831739808995017,-0.00622399776475503,0.40883894443242114,-0.0075219422578811,0.3598356511691177,-0.1161731481552124,0.01142427378643881,96,39,18,64,-0.16354348831306575,1.0618996841355213,0.030329730012993317,0.23984020674437173,0.031066317111253627,0.17875147201829233,0.018620634549297348,0.1854481589533217,87,15,0.0009321954675683225,0.14021854528045996,0.5122031019230451,2.269620229614347,0.0161254480481147,0.09238525716850915,0.0736186355352401,1.1591682993216255,0.15409712493419642,1.1424977634971114,-0.0038066517561674137,0.2752845951234106,-0.0016607567667961,0.19684769437957428,-0.0804784893989563,0.016670535824514072,86,36,17,74,0.005909247537999586,1.667678647336681,0.023910347637863632,0.25384431639924465
Good,0.06855880419364284,0.8621920123390607,0.16236349703744032,1.3297295641377056,0.0798213332891464,0.3651789866669281,0.04724342528730627,0.4280995361851887,83,13,0.005515814918991204,0.8531452267524859,-0.6579627889495518,21.562828784227918,0.04031023383140555,0.14013913666406164,0.1463419198989868,4.993553179138191,0.2646973729133605,4.961978318655178,0.0066057235002517645,0.5277784708261177,0.00752618908882135,0.27608428251080663,-0.1183554530143737,0.03157486048301319,72,41,15,88,0.016942623561627398,4.2817075176857795,0.058524832047571494,0.7580205224694981,0.05093049630522715,0.2882893683529682,0.031905544460023486,0.23945694968371162,67,19,0.002761065507485698,0.3761987303017102,0.6732170523059433,10.673906587905913,0.02505838871002185,0.14565020815660962,0.148799329996109,2.362139385979578,0.214015394449234,2.313186765152166,0.009724569960962982,0.4838753390378031,0.0012894719839095501,0.4186350688001383,-0.065216064453125,0.048952620827412224,77,44,15,83,0.8359807681119946,2.8211667187975054,0.040513666379691296,0.37691296949396874,0.0340267978608607,0.23399852798173998,0.02180493986234065,0.22747392690877055,80,16,0.0013892565924720956,0.19428157943468616,1.6310085595093406,1.6270167166925802,0.01770615577697745,0.11397567013874968,0.0699305534362793,1.2560288365170953,0.1931219696998596,1.2515744644428146,-0.006347456108778705,0.3180757542737849,-0.00583418458700175,0.22538970475583103,-0.1231914162635803,0.004454372074280671,100,38,16,60,-0.23695318374332616,1.577382494139311,0.028865250527969663,0.3051383194189955
Good,0.06445989801974572,0.8755886639964637,0.15299747381359316,1.3512798410935702,0.0643197447061538,0.4334586402375916,0.03926063902676102,0.3603191709623869,72,15,0.004295397854255392,0.561007037079822,-0.4568117881810516,8.486339451507204,0.032607227563858,0.22595676097150308,0.1463419198989868,3.0882563190798367,0.2486766576766967,3.0325103967124996,0.01817509308457374,0.5235305638114707,0.0127956867218017,0.3908154747011953,-0.1023347377777099,0.05574592236733728,64,45,17,96,0.2655605401222744,2.560420948271841,0.048673365441718686,0.5356517393186226,0.04740014672279347,0.2973780853940835,0.03204772351251446,0.284091644544747,66,18,0.0028333502771004425,0.39349118171183434,0.7358613972554457,2.788545562795658,0.02286636829376215,0.148917908046504,0.148799329996109,1.834187541768988,0.2271672487258911,1.810616202811492,0.007673900970257818,0.48769694523780827,0.0012308657169341499,0.356476568869051,-0.0783679187297821,0.02357133895749586,77,43,11,83,0.7671678228196104,1.7110440041055752,0.041505688534415705,0.3945159962758729,0.036793384701013475,0.23144082025165646,0.023374459350015926,0.21523567971366725,78,16,0.0015142539042504038,0.21241322347077563,1.2158018908910382,3.0872115190786955,0.018419347703456802,0.12018227068281565,0.0699305534362793,1.42925227672983,0.1931219696998596,1.4179077268377311,-0.004695865605026473,0.3400523320442912,-0.00515799969434735,0.24951063666244033,-0.1231914162635803,0.011344549892098743,93,40,17,67,-0.2243870259932395,1.8696569293504215,0.03049870662482594,0.31109103963633344
Good,0.06390503531461238,0.8579484418079663,0.15570467218756653,1.3659659030953102,0.06210960447788232,0.33523891277192763,0.03493007292039689,0.3190001671218039,78,15,0.003263380547970302,0.44972778439667155,0.20093207722037576,8.041885542450688,0.03048443794250485,0.12245993149303182,0.1134586930274963,2.643741314035059,0.2221550941467284,2.612106615395029,-0.009298808500170697,0.4622925328460522,-0.011029005050659148,0.29144942387150885,-0.1086964011192321,0.03163469864003042,99,41,16,61,0.39233433819917124,2.698672022572626,0.04433315840084946,0.4858121020224314,0.053952711634337826,0.5340816658840394,0.0323124876990914,0.2953032579083703,84,19,0.0026636540985588574,0.38123651121168317,-0.12849594056199054,-0.5289962377145505,0.027159484103322,0.20104590914295628,0.1042318046092987,1.3639705900211305,0.222501128911972,1.3408540360817796,-0.006134932488203047,0.5097083575028553,-0.0038222521543502,0.4016225953651783,-0.1182693243026733,0.023116553939350894,87,43,16,73,-0.18319552820236462,0.7784541671171546,0.040464552885406076,0.3484736740464403,0.042717050760984275,0.4011335592288989,0.026643667976604744,0.25434646812787975,73,19,0.0020210024019951403,0.27348137316772897,0.5157475831180838,2.757725932189503,0.02057127654552455,0.1634928791485733,0.0980657935142517,1.5969323495867245,0.206495389342308,1.5763849770567802,-0.010625192616134864,0.39396501274640244,-0.01588349044322965,0.2951571770085891,-0.1084295958280563,0.020547372529944354,105,38,17,55,0.4260909074462341,1.6425397638127384,0.0340215511885476,0.3439083335708163
Good,0.07051424013384425,0.9381214041955097,0.1702679821476338,1.4982821185956703,0.07632116973400113,0.3511754759194483,0.042850669608451394,0.313910184889644,79,17,0.0045128168679684265,0.6589446421444596,-0.5906502858862881,25.812413965438356,0.0392564535140991,0.17042482638658485,0.1236268877983093,4.197678531640074,0.2323232889175414,4.096410226342365,0.007839243486523617,0.5551122308909171,0.00697475671768185,0.42071295266183173,-0.1086964011192321,0.10126830529770897,69,46,17,91,0.0826572583749541,4.699783533644987,0.05269164414359485,0.592279539794993,0.05463628470897665,0.38112708941472506,0.03346319268108341,0.28892435152527385,84,20,0.00280777325457747,0.4163588569369419,-0.13843942980597745,4.482185106671154,0.028959169983863747,0.18775895682523136,0.1042318046092987,2.1793919167917855,0.222501128911972,2.1365545586715537,-0.0012109404662624037,0.5098949848593679,0.0010672658681869,0.39534829021464307,-0.1182693243026733,0.04283735812023175,79,43,16,81,-0.2049153440936094,1.8163120823630996,0.042004994100184864,0.3954313611136665,0.05250216275453558,0.41904116803853114,0.029489229627652047,0.2935784225984612,77,16,0.0021439372442728054,0.32364784567593624,0.00715552780723705,0.0962165086676019,0.02633252739906305,0.15738327331622126,0.0980657935142517,1.3475738482025537,0.206495389342308,1.316563640213948,-0.0028684410266578155,0.43327490284538533,-0.0042281672358512,0.3051916286600098,-0.1084295958280563,0.031010207988605716,88,40,14,72,0.22651608070131796,1.1588849819968943,0.03660749242824294,0.3686742522068205
Good,0.06406039978868652,0.8448420071510366,0.15441552862990623,1.3297439231785364,0.07085743546485898,0.31015371374540857,0.040290193944238085,0.31015304788805415,69,16,0.0038071466951438582,0.5788293068367714,-0.45836225786080087,13.837825617405173,0.03304654359817505,0.15885629987704364,0.1236268877983093,3.365384612948146,0.2106630206108093,3.3110614657075312,-0.0012379970401525415,0.5162694677754425,-0.01126703619956965,0.4062707602376543,-0.0870361328125,0.05432314724061512,92,46,14,68,0.5142404014895102,3.5247842074132176,0.04891717088960174,0.5588337350944667,0.05325838550925245,0.36314271225055134,0.029200642978503267,0.261499037377254,81,17,0.002079115918161289,0.3093980998138905,-0.5479106576124475,1.4124307605957913,0.02656405791640275,0.18410712272400828,0.0883890688419342,1.5136352414633893,0.1787051260471344,1.4549118633528417,0.004986535714124323,0.4399120208015468,0.00595068931579585,0.3247162854109369,-0.0903160572052002,0.05872337811054755,71,39,14,89,-0.05466546320204261,1.3675398108474317,0.03581337946707765,0.34040492618085005,0.04836275428533545,0.3236274701828583,0.02653629987034941,0.25960790549840274,78,16,0.0016496997297279412,0.2535363936869998,-0.5276501622783658,1.1663720369886335,0.024478122591972303,0.1336128662944681,0.0817679464817047,1.3858862626423674,0.1462596952915191,1.3520769247611388,-0.0004779910668730729,0.37356243460154703,-0.0021726414561271503,0.2517277815004503,-0.0644917488098144,0.03380933788122862,84,39,16,76,0.2708446907228171,1.418951686583613,0.032207407337696475,0.33762035060340295
Good,0.06318896578761538,0.7910692578186778,0.15229622066486603,1.2537330045492021,0.05895221233367912,0.27388435338157185,0.03910755987279113,0.2721309884498944,69,13,0.0036868197554104343,0.5458290545615406,-0.28950667817622877,33.669829219344884,0.032348334789276095,0.1293282517328792,0.1350497007369995,4.450156600513532,0.2220858335494995,4.434926188249903,0.0015778072178363883,0.40395537984534324,-0.00847014784812925,0.2686428530611525,-0.0870361328125,0.01523041226362887,90,48,16,70,0.5026766158437111,5.609236042117116,0.04812742908628311,0.6185863768751662,0.05570209771394717,0.3772641571592689,0.03159433630127747,0.2749292655820276,78,18,0.0026180231731834204,0.3766638619805663,0.04920005239413694,2.862949946163499,0.0280459634959697,0.19584000680291247,0.1337751746177673,1.8887185155137198,0.2240912318229675,1.858934014970425,0.008835009907488709,0.47768972551006444,0.00737032294273375,0.41114891940204756,-0.0903160572052002,0.029784500543294755,67,43,16,93,0.10012858297245399,1.673000375870521,0.03959806974743187,0.38532633977277697,0.03806251287460315,0.2791182002344067,0.0238904238515533,0.2257552918258241,82,17,0.0015476162363518334,0.22954387712225047,1.192024038080934,2.2138852591403655,0.019107837229967096,0.12313968284757881,0.0721799731254577,1.444281794317227,0.20490014553070057,1.411242836803064,-0.00392724135890603,0.3720878991937944,-0.0035247020423412,0.25748030034479674,-0.1327201724052429,0.03303895751416299,89,40,19,71,-0.47398601299853266,1.6061929599395133,0.030948720793776165,0.30181860843195063
Good,0.05834328168295788,0.7861170889577135,0.13882740110158898,1.2197746387428632,0.047746479511260924,0.28532533927811776,0.0328616547817364,0.2782686930737942,77,16,0.00321568095848828,0.3996517411909277,0.08677185519515707,19.47199352145457,0.02307906746864305,0.13207259633321616,0.1350497007369995,3.192011001834969,0.21892815828323361,3.152313573365591,0.0156566884368658,0.4077358731654407,0.0123056769371032,0.2771925288408665,-0.0838784575462341,0.039697428469377856,62,50,18,98,0.33750580881302356,3.995796267244793,0.04213985348299624,0.4831182038848707,0.0503495708107947,0.37202815425141994,0.03154437257559034,0.25666303029232873,81,19,0.0025309801567286504,0.38419569832711986,0.4001918704025753,8.688472756656074,0.0248384252190589,0.19174826462525163,0.1337751746177673,2.311289550334821,0.22946947813034052,2.24581694336581,0.0006863589398562936,0.4884144452882335,0.0019643828272819,0.4120349750500907,-0.0956943035125732,0.06547260696901143,78,40,17,82,0.23178316673798918,2.5045361547726013,0.03989157013593883,0.381637298964484,0.032264724373817326,0.31332101484704067,0.021274428031174415,0.21787851500690855,83,14,0.0012845698621388468,0.18659596822350133,2.6230751887448873,1.9123684870559199,0.0178718529641628,0.10548036193857205,0.0606554150581359,1.2040889875811955,0.1933755874633788,1.1703936775437975,-0.0004269693978130859,0.323624320289189,0.00074211135506625,0.22624405145939058,-0.1327201724052429,0.03369531003739797,78,45,16,82,-1.0460882656010697,1.6240270423863534,0.028420452569349625,0.2861175764277017
Good,0.05131276215277818,0.6881724892634115,0.12187116997782117,1.0853159239217072,0.04673217236995686,0.24729651994958227,0.02915251156780866,0.28012238521448946,91,13,0.0024998473629168983,0.33985103467051997,-0.10839049193237793,7.1945998801454945,0.022729575634002602,0.11299845438603066,0.0954111814498901,2.301412802655628,0.18825244903564448,2.2784545484910397,-0.012755497917532905,0.38603343548156793,-0.00967621803283685,0.24354498666258134,-0.0928412675857544,0.022958254164588614,101,42,16,59,-0.03263354195016648,2.6407075714636354,0.037530055037842965,0.4368400409312523,0.04084558412432662,0.3187834056074784,0.02446543269597892,0.19906490868600568,87,18,0.0014994957344637244,0.22263340282908736,-0.04151460300946974,5.984509350891834,0.0203833731357007,0.15732081131556636,0.0551502630114555,1.6082514130766514,0.1508445665240287,1.5758334530498834,-0.004431038760230871,0.38353740378691986,-0.0027741494122892002,0.3280018175908742,-0.0956943035125732,0.032417960026767896,85,38,13,75,-0.370025655653744,1.9924368538138915,0.030386205568489047,0.27483169890949,0.03254676237702363,0.24755414422967642,0.020864478312432728,0.20113774292636805,80,16,0.0011639347391528068,0.1679920144178947,0.10679227363979749,1.041329946055619,0.016141265630722,0.11217665164440213,0.0568697452545166,1.0794708150969836,0.13258424401283259,1.0424598904083244,-0.004814278334379188,0.3157450846532194,-0.005043596029281601,0.23490305943862577,-0.075714498758316,0.03701092468865922,92,42,16,68,-0.2670997423804363,1.3950088376859187,0.026621633725760707,0.26133705427134896
Good,0.05622273021193012,0.6851622890911325,0.13406265752855664,1.0454599258242752,0.0545658171176909,0.23703942109279952,0.0374025698471814,0.317077642073995,78,11,0.003811279539924998,0.5729605728476058,0.17863368033973082,26.55288609540373,0.0275328159332275,0.11452834350564958,0.1570158004760742,4.379145024499249,0.24985706806182859,4.348043353175785,0.005609481409192085,0.3973410082981051,0.004800260066986049,0.2273204073199438,-0.0928412675857544,0.031101671323464135,73,44,16,87,0.32149639062451857,4.889422804507096,0.048635038545916866,0.6442675655131578,0.046452540904283475,0.26259863876696016,0.02684038219653298,0.2587502139523047,72,15,0.0018855383032415573,0.27737467431134566,0.1382693836178377,3.797610418857036,0.0225042402744293,0.11044369010992884,0.1030510663986206,1.7696791838043213,0.1894872486591339,1.731937180354929,0.0032721636438509455,0.38280207753815854,0.0001206994056702,0.24870255018705723,-0.0864361822605133,0.03774200344939232,80,46,15,80,0.2712346536271572,1.992514408952557,0.03427971341497275,0.3617143123292405,0.03054333105683315,0.2566866678948716,0.018551766966702382,0.18537234764409333,77,17,0.0009589661971934445,0.1315252228586881,0.518788140891234,4.831577132076103,0.014497846364974951,0.09809326824867849,0.0568697452545166,1.3209925826173048,0.13258424401283259,1.3087673411175582,-0.006434922385960803,0.2653168399880117,-0.00893919169902795,0.17267530367932926,-0.075714498758316,0.012225241499746464,98,45,18,62,-0.04653350858379047,1.970187794700495,0.023695036173276753,0.24724926142956202
Good,0.05409678571897838,0.732140510736101,0.1303987461701033,1.1546544003272035,0.05160070955753318,0.2929677380863776,0.034057227224111516,0.2878666171419336,73,15,0.003247367563111817,0.456249494252019,0.36682596658552447,13.314322995763245,0.02705654501914975,0.14674536511280056,0.1570158004760742,3.002250595327893,0.2240126729011535,2.9822370475539652,0.010505902767181389,0.4593149394316907,0.0056984424591064,0.3286535865870236,-0.0669968724250793,0.02001354777392773,66,44,17,94,0.6037738885232613,3.409344912595296,0.04394657401366495,0.4952567825551521,0.0385491549968719,0.281716163096417,0.025914766635105436,0.26080058469191236,85,14,0.0018829257006758332,0.27274904608322026,0.34849115630869276,2.765413156646342,0.021055198274552798,0.09531996739935956,0.1030510663986206,1.5357576485991686,0.1894872486591339,1.4920701700655052,0.004424136574380092,0.38838848532384146,0.00709721539169545,0.23347151492854284,-0.0864361822605133,0.04368747853366342,68,45,16,92,0.05067253374533845,1.8211342243452744,0.03412526799111307,0.3491467178008013,0.03616382181644427,0.22272655092509985,0.020427553961053446,0.1672415660010629,81,17,0.0010100277147391755,0.14190402519257886,-0.4363553071231805,1.4839212345130335,0.01811844110488885,0.08847748386435472,0.0485435724258422,1.0056153737180233,0.1222416162490843,0.9753160869158961,-0.005380738526582708,0.3069509755716711,-0.00443903356790535,0.21536829090611664,-0.0736980438232421,0.030299286802127224,92,44,17,68,-0.09502722824450072,1.4536863339622577,0.0246191616249417,0.21836923727525867
Good,0.06063637843239902,0.7979476287161915,0.14514080830849685,1.2730846999541838,0.06478747725486747,0.46416151660215954,0.04010819714982059,0.34958924210240516,69,18,0.004282773373807304,0.6324662358800903,0.3370818821512236,19.709493067659317,0.031224697828292798,0.2035474309448788,0.1450708508491516,3.9670810975081547,0.2445183396339416,3.948465818153882,-0.0051512259989976794,0.5279549854652967,-0.0126712620258331,0.3724784771057703,-0.09944748878479,0.018615279354272467,96,41,17,64,0.7742863244218757,3.9562410831156436,0.05164170933198155,0.5947518551483709,0.0344553291797637,0.35247594234164636,0.02389553964603688,0.23883316374466868,96,18,0.0015691158790334281,0.2364491158212893,0.6973238862187117,1.6643583044942236,0.01667933166027075,0.1614813719513011,0.0673467814922332,1.362964028196733,0.1724736392498015,1.3533223588691463,-0.0012144230713602212,0.3758910520146174,0.005064040422439501,0.28246574363380006,-0.1051268577575683,0.009641669327586755,68,40,18,92,-0.7001987933113136,1.4257265250625393,0.031390782623412404,0.3084720940970731,0.0445415861904621,0.23304685538119993,0.025700757039594423,0.23731427793301133,79,14,0.0016427184867114728,0.24382625924679308,-0.3557956132506068,2.6474722382350784,0.0223225131630897,0.08809318623921814,0.0719722658395767,1.4299444260237684,0.1527303606271743,1.3743129380434438,-0.0056151604745536985,0.36923866247426973,-0.0066269785165786,0.24574823758348288,-0.0807580947875976,0.05563148798032461,92,38,16,68,0.023523709726189224,1.8312559484674271,0.031645346446800726,0.3278552567536555
Good,0.06585701441733098,0.8528400356662863,0.15748654817230978,1.3310524925710208,0.0682971626520156,0.32684890380721565,0.04261369427666063,0.34347678618794886,76,14,0.004687393469955937,0.6830368495167306,-0.3110191479364546,22.458843918949803,0.036256670951843206,0.15247432490008503,0.1450708508491516,4.262254905801341,0.2445183396339416,4.240761897531894,0.007771548256278035,0.5413233116096542,0.0051904022693633495,0.39474953971797055,-0.09944748878479,0.021493008269446667,74,47,14,86,0.35016387249060255,4.3204325371455505,0.053733317319061884,0.6245045410761141,0.042559718713164225,0.39827332232897156,0.029937999939866088,0.31314826529760587,74,17,0.002609130748831338,0.3806130799722155,1.2805920239046191,4.178123886483035,0.0226186732761561,0.15437906498169165,0.1370912492275238,2.1565447600166765,0.2422181069850921,2.1428113072625816,-0.008073943591443807,0.42778816257296987,-0.0099013075232505,0.2634890004796147,-0.1051268577575683,0.013733452754094945,97,44,13,63,0.531572053773962,2.0739265810807996,0.03969085762515908,0.4445338771507272,0.042259026318788404,0.32098289974740585,0.024568998492904892,0.23228975040343466,81,17,0.001534659468635996,0.22326863633132887,-0.2446181960019116,2.1409587746162986,0.0208835080265998,0.13422409933568136,0.0719722658395767,1.4131032106546781,0.1527303606271743,1.373667232841483,-0.0012544323224574316,0.36194101838839665,-0.00091215968132015,0.2624968976174794,-0.0807580947875976,0.03943597781319522,83,43,15,77,-0.06762538094750424,1.5469867029652444,0.03104208654476128,0.30375538767122995
Good,0.05633575103642032,0.7473081498266546,0.13668657749891258,1.1774165981959077,0.05448521673679342,0.2628007328231672,0.03255977822467681,0.31826736129132227,78,13,0.0028161418821910146,0.40450439387021697,0.10365320950295365,5.781566932985925,0.0277465581893921,0.12084086558631799,0.1099990606307983,2.2156935607654145,0.1904371976852416,2.161560554485165,-0.010169041901826846,0.43285158670868235,-0.0109529793262481,0.2700120801065774,-0.0804381370544433,0.05413300628024943,97,43,14,63,0.589143617794591,2.3979905635158234,0.040830119147552024,0.46598701457657926,0.04702252894639955,0.401435812738056,0.029095338283223048,0.2889949741470895,74,16,0.002310592897853282,0.3365933476991183,1.2035303086985598,1.6262769447505017,0.0237034671008587,0.16292610804867097,0.1370912492275238,1.7244688967054072,0.21601656079292292,1.6882072140870916,-0.0028852690244093406,0.4432918288829613,-0.0088908523321151,0.31569390145031806,-0.0789253115653991,0.03626168261831563,97,44,16,63,0.688605371433126,1.4800276933237995,0.03801086615663269,0.3742802454641678,0.0374176055192946,0.21762678275293063,0.021590744260465682,0.1691100298970654,79,16,0.0011868952554710554,0.15901315429953244,-0.18003700557524915,8.705066500875141,0.01878569275140755,0.08924117132766822,0.079245239496231,1.4480415720938598,0.1437671482563018,1.404451934842618,-0.005465684551745646,0.3012731826042642,-0.0055896639823913,0.22353468384903505,-0.0645219087600708,0.04358963725124175,94,46,16,66,0.26090390596391183,2.7445855092871194,0.026765900150530052,0.2612424616003878
Good,0.06673338151834021,0.8207667478946512,0.16074308961629846,1.2767449165633997,0.07625757157802573,0.2993080683046851,0.04405703461728986,0.310532942998859,71,13,0.0046355744319861655,0.6497282374747312,-0.43207794717102965,30.129882073259687,0.03557115793228145,0.1598653387706392,0.1443843245506286,4.70120409891179,0.27284270524978627,4.697371412089545,0.004193603247404104,0.4528411046789622,-0.0047821998596191,0.31619753269389,-0.1284583806991577,0.0038326868222447147,85,46,16,75,0.46612232823101535,5.228324286519914,0.05383083413521283,0.666830691696077,0.05468927789479485,0.3651843548791781,0.03241669900540724,0.2763286232601772,74,18,0.002684849933497268,0.39985503903588054,0.23569825411960998,5.735218244801661,0.02791433595120905,0.19250977387885415,0.1222511529922485,2.1946265298600443,0.231907308101654,2.1602893318421597,0.0004992611473426265,0.48120912457861315,-0.0024111364036798,0.4087276204122885,-0.1096561551094055,0.03433719801788472,86,45,15,74,0.4477837582737919,2.1812731093079556,0.04108934210300657,0.41023507585062163,0.042503423988819074,0.22062325916335676,0.02282790274941359,0.20084206050798922,71,16,0.0013706338024049,0.18773833765345252,-0.21375652374946652,0.8576394588779199,0.0203866884112358,0.1046285510188696,0.079245239496231,1.1037830324926368,0.1449448615312575,1.070935760347895,-0.007637215685099348,0.3426946873058246,-0.010173849761486,0.2564644576162508,-0.0656996220350265,0.032847272144741764,105,46,15,55,0.41356305917186065,1.3483617294903296,0.02834325206628406,0.26513899929247603
Good,0.06523745380431525,0.8388392365353836,0.1571851286664603,1.299362231462455,0.0544972717761992,0.308512789501375,0.03513956101611254,0.2521943250712817,67,19,0.003741009063736764,0.40022788748071236,0.3111288292928647,15.691641292337241,0.028282523155212298,0.15391632823078819,0.1443843245506286,2.901638625701863,0.27284270524978627,2.850796822657571,0.01896200925111769,0.4426439486961477,0.01081782579421995,0.36762917134208895,-0.1284583806991577,0.050841803044292165,60,50,13,100,0.44863500508311926,3.5821735012119493,0.04462081044226204,0.4519891836796479,0.061954312026500674,0.47083585531659333,0.03477155875880267,0.34656164436069986,80,17,0.003024087414683921,0.4577923165132651,0.12785158327404655,5.393485372570632,0.030200675129890348,0.1513062524125084,0.1222511529922485,2.5081787834765987,0.2457306385040282,2.4945808115096164,-0.00019113186281174318,0.4846853477049817,-0.00014042854309085002,0.29863861306738393,-0.1234794855117797,0.013597971966982094,80,44,17,80,0.12832019432903272,2.129863162504098,0.043610835913741826,0.4720936668007379,0.05250937491655343,0.311794413414198,0.027472703641978978,0.2289692169824042,75,16,0.0016773114520009563,0.2502215007813866,-0.8038424574809708,5.301371540323233,0.0274270474910735,0.15604265144082569,0.0735568404197692,1.6404738960730052,0.1470332443714141,1.59700081731805,-0.0032170382328331423,0.37203293506132584,-0.0067932456731796004,0.30398841390568265,-0.0734764039516449,0.04347307875495519,88,43,14,72,0.08382382313487856,2.1518126975903713,0.032318701052873294,0.33438450324595165
Good,0.05760742263416836,0.7551366664906,0.13893572096712864,1.187409338650892,0.04862447082996355,0.2345147640926501,0.02852566302288321,0.239053425632601,83,14,0.002282803783293264,0.289771447871588,-0.4203015451700596,12.80104739320269,0.02435484528541565,0.10005508983472583,0.0745875835418701,2.3731039915025582,0.1695677042007446,2.3171253381165178,-0.012740598246455185,0.3490248931567079,-0.0113432705402374,0.21162931288779513,-0.0949801206588745,0.05597865338604031,98,46,14,62,-0.1325850715354289,3.4393140725883944,0.035670462679989044,0.40982078013265333,0.047293819487094726,0.3671115251092669,0.030664260706180314,0.28343638762879064,87,19,0.0024333649857096146,0.36990096579955883,-0.05827300634523436,3.2468281093972644,0.0234668105840682,0.1587340172158356,0.0868671536445617,1.9694726602719879,0.2103466391563414,1.9006330802224076,0.00023709566448814733,0.4699237288008264,0.00475831329822535,0.33196701186725397,-0.1234794855117797,0.0688395800495803,73,45,15,87,-0.3068565499570437,1.7898153167721427,0.039119837194223225,0.38609928115639663,0.0465432181954383,0.33347253448451164,0.02532586301094848,0.2205045202282777,75,21,0.0015579874354493914,0.22221373672110828,-0.6264819387934795,2.111172096871287,0.02362637966871255,0.1565670279320819,0.0735568404197692,1.28089980655054,0.1470332443714141,1.2513122383236,-0.0063023143447935494,0.36846071669335756,-0.00741603970527645,0.2954532205881433,-0.0734764039516449,0.029587568226939875,93,41,18,67,0.18466309741780487,1.4991960962019384,0.03065774517844872,0.2940245516533025
Good,0.06578303417465323,0.8570591969603579,0.15882871822454014,1.3327104398311063,0.06497944891452781,0.28224447840632216,0.04141939218621697,0.2969373317404264,83,14,0.0044350533419541035,0.6595888076400069,-0.06559694972974794,29.41628180040695,0.032679438591003446,0.1364406899239246,0.1572528481483459,4.714521733115879,0.2522329688072204,4.689613536391594,0.0070203613489866245,0.45341753929345446,0.008033603429794249,0.3066342595943109,-0.0949801206588745,0.024908196724284605,70,44,15,90,0.29612028131106694,5.21747255950667,0.05234258571658293,0.6737962174879552,0.046814307570457375,0.30183686363397005,0.032827481782442144,0.2879372196662859,78,15,0.0030717890404417547,0.4424323414507345,0.6869185589506865,5.92773016378916,0.02418692409992215,0.15540976284703256,0.1412166059017181,2.352672575081953,0.21997946500778193,2.251464940713943,0.007202133914688591,0.514289337594493,0.0066207814961671,0.41189263760223654,-0.0787628591060638,0.10120763436800954,69,47,17,91,0.5811445788681942,2.22925415456099,0.043356035667261705,0.42182794915386074,0.03892765939235675,0.228672165890664,0.023894223634852052,0.18902441056490368,75,18,0.001394934546816778,0.20202664120534194,-0.3669252748505869,3.3403675151245515,0.0200644880533218,0.11995360664298463,0.0731962323188781,1.373584617023104,0.1550971269607543,1.325274670149385,-0.0033707802183926077,0.36500356294315883,-0.00545008480548855,0.3004135167807772,-0.0819008946418762,0.04830994687371919,88,41,16,72,0.24734541260411805,1.6929155802820657,0.029425901951172707,0.26229571144824576
Good,0.06537701640665894,0.8855391410201751,0.15830964438617207,1.3634563454388284,0.06457664072513572,0.26789870924248627,0.04043210111558433,0.3733207048871271,80,11,0.004382259658172417,0.6517687439739541,0.10506195937732254,10.177499194469068,0.032994419336318956,0.1351737651431949,0.1572528481483459,3.2773360044626534,0.2626368403434753,3.238412229826753,0.004710091277956963,0.47935134810813224,0.005120575428009,0.2598279111762979,-0.1053839921951294,0.03892377463590034,72,42,17,88,0.35699041237409107,3.2166661804340246,0.052285883964010176,0.6496083658950755,0.04977414477616543,0.40642759408700335,0.03419860113412139,0.3496174074362689,78,17,0.0037050414348893724,0.5033337580031514,1.2070578365364781,0.6336680541939885,0.025839924812316846,0.14853412097188468,0.1412166059017181,1.7448864558969714,0.2716883122920989,1.6644319045572677,0.013961432874202711,0.552157781955653,0.01218839734792705,0.34844121221495317,-0.1304717063903808,0.08045455133970375,57,42,14,103,0.3239120073078879,1.3469068017907049,0.04619596528876733,0.4454834922070231,0.037444807589053976,0.2822477615168386,0.022175475440453698,0.18864751199809782,79,17,0.0012392928331442486,0.17261579819057501,-0.06231518834993599,1.6793013671236166,0.0188296064734459,0.11113565697232748,0.0731962323188781,1.0656278957197158,0.1550971269607543,1.0387949696147034,-0.004301857389509672,0.33194721537504324,-0.0046462714672088,0.24810327522647752,-0.0819008946418762,0.02683292610501231,92,47,17,68,0.29661225075943726,1.4329039266720545,0.02758273169966263,0.24985364595164447
Good,0.06808739477182761,0.8586353788968977,0.1602892818301914,1.274907082418874,0.08217649161815635,0.3112074938561312,0.045303094931878105,0.360330285446229,77,12,0.005230983094257156,0.7867091037616184,0.10218194436831673,25.454597264811554,0.041087627410888644,0.1744525125618235,0.17215496301651,5.002730442236633,0.2775389552116394,4.970250269292439,0.0026000585407018662,0.49166891443142974,-0.00028923153877254994,0.3540413975658153,-0.1053839921951294,0.0324801729441937,80,50,14,80,0.5760897223880481,4.7794100271518385,0.05729854843120079,0.7382213640524351,0.05891159176826467,0.455409170870596,0.03674477336462583,0.3792352036281544,78,14,0.0037552098798314727,0.5689239017143414,0.5632116099298661,3.605274866679342,0.029819410294294253,0.23865794696473286,0.1386071145534515,2.601075976042834,0.2690788209438323,2.581380539183497,0.005000271834433072,0.5411771116607114,0.0033248029649257,0.41190913952712915,-0.1304717063903808,0.019695436859336675,70,41,17,90,0.3389852739563353,1.8780415168870668,0.04833846555074123,0.5254057817810073,0.03019436448812475,0.19063020790934299,0.017464214996434708,0.12544888386274433,79,20,0.0007733942882870409,0.09372890055996175,-0.33625787943590746,8.021693430678736,0.01545447111129755,0.09107726536918008,0.0562099367380142,1.1081443101360193,0.116211712360382,1.0969829676001144,-0.006144727393984788,0.24206105632673292,-0.0064848586916923,0.20849908248735055,-0.0600017756223678,0.011161342535905023,95,52,14,65,-0.007178072755894659,2.4013811483653864,0.021175843729788934,0.1874442465640063
Good,0.05730665502928471,0.7858392341887085,0.13391919970512367,1.2221775005673874,0.053212612867355326,0.3240006917079806,0.03547728270292279,0.32809993503142926,64,15,0.0040496105119610295,0.5050176809653896,0.9696304962785556,14.891615412257512,0.025394231081008852,0.14799618415240395,0.17215496301651,3.3232064671828936,0.24876326322555542,3.2919398136526814,0.017064801603555665,0.479330803330623,0.009968608617782551,0.3254218001059217,-0.0766083002090454,0.03126665353021229,59,55,17,101,0.7735338570158115,3.432879213606394,0.047475108247389076,0.5246519436195859,0.04934825748205177,0.42406638356705323,0.031177807031199295,0.29629500686697036,78,21,0.002639122621412784,0.3925775480407891,0.9461826228925774,2.864359222984014,0.024954080581665,0.19231646552557233,0.1384037733078003,1.9768314425139821,0.2257080674171447,1.941348874365735,-0.003681414201855657,0.4911297359626034,-0.0058825463056564,0.35840471844129257,-0.0873042941093444,0.0354825681482471,90,39,15,70,0.6669462880610836,1.5242010837959803,0.04057323624916655,0.38906185946979244,0.025901000946760126,0.13818794405682772,0.016049896972253876,0.1136144482010569,90,15,0.0006657211726181143,0.0893450477847515,0.2636122820665334,4.082873553184515,0.0128003135323525,0.04830603686695026,0.0562099367380142,0.9005650218519001,0.116211712360382,0.8568816053783154,-0.001962605491280562,0.25171696127416093,0.00088272243738165,0.21121561524178567,-0.0600017756223678,0.043683416473584806,77,50,17,83,-0.38440404710545883,1.812098397881752,0.02036704484690009,0.16119435223249634
Good,0.06346752468444468,0.8897649798911881,0.1534163563698528,1.4370946489635688,0.05133110284805285,0.25780405226477876,0.03468739558942612,0.3409794437003402,94,12,0.003408362143967269,0.4698917802061296,0.5206150191434427,5.636126244934937,0.0251918733119964,0.11491548683159586,0.0754383206367492,2.597349886552188,0.218405783176422,2.5294467362564705,-0.01225866489112377,0.45695539785477335,-0.0060462057590483995,0.2643981354804259,-0.1429674625396728,0.06790315029571765,90,41,15,70,-0.7635464996227702,2.396635958525455,0.0446363528983618,0.5109633495442854,0.05622491985559448,0.47874082085644243,0.034448133176192594,0.3122026210345086,80,18,0.0032019588004422585,0.485789957844697,0.8288369080958784,3.9435204280390437,0.02769741229712955,0.18846952899653888,0.1398074626922607,2.1166095261279536,0.2911501824855804,1.9985581426148342,-0.0014924967195838706,0.5445655044929743,-0.0017310678958891998,0.40562933406644763,-0.1513427197933197,0.11805138351311936,82,37,17,78,-0.13794184151005762,1.957956339146467,0.04485051850460334,0.4350153665803192,0.03670382499694817,0.36169602354747143,0.027585827710572598,0.2817445047231113,95,16,0.002360495515069339,0.34279211163120044,0.8923507677771161,4.1358931992395,0.018766298890113747,0.16863880881676396,0.099299132823944,2.024184079290021,0.2162426710128783,2.0074856541450767,-0.006383886747062205,0.4355737466158211,-0.0010324791073798999,0.3343750622278294,-0.1169435381889343,0.01669842514494443,82,41,13,78,-0.3154392791097293,1.9196514829575642,0.03799444761711679,0.39123857541180285
Good,0.07848922544104486,0.9793060526295058,0.1856622741371391,1.5328724250142738,0.07743573188781727,0.3083486535140349,0.04739187080413099,0.44790370813351676,78,12,0.005955413306393773,0.9062640616997664,0.1320624937404289,18.6596981475771,0.039695858955383245,0.09752279235258508,0.1602143049240112,4.993870524869331,0.30318176746368397,4.980896521194475,0.006135858595371246,0.5382738383401475,0.0039613544940948,0.28056809294525753,-0.1429674625396728,0.012974003674856748,77,39,18,83,-0.0475827794996697,4.017092538890271,0.060890536330658045,0.7851912739316014,0.06247155740857115,0.46851734829830316,0.03854766438365909,0.3495513924629515,78,19,0.003911184297545806,0.5833527228668389,0.6260379305190931,10.47406432381173,0.03080181777477255,0.23843670664696592,0.1516534090042114,3.2363489879868577,0.30299612879753113,3.207956360063408,0.001027022162452341,0.5414566120962608,-0.00394381955265995,0.4270401341418842,-0.1513427197933197,0.028392627923449976,82,46,16,78,0.1864089572556724,2.814632834822762,0.04958631796932425,0.5386812230661824,0.046553939580917296,0.49022279474571806,0.029929696735925937,0.3132533047409325,84,15,0.0025672126870637624,0.37413267706828696,0.4376928318212405,2.0234975809772155,0.0229621231555938,0.13187268735187507,0.099299132823944,1.690430726315559,0.2162426710128783,1.6722615334540933,-0.006344073731452222,0.4531419745778653,-0.00361682474613185,0.27369134343271834,-0.1169435381889343,0.0181691928614655,88,43,13,72,-0.17101496428298485,1.600427776123698,0.03967491367665545,0.4108467207413979
Good,0.06050863620797409,0.7454978818756587,0.14135959575884022,1.1398230995460592,0.05492207407951345,0.2806926611613159,0.03728485995437946,0.3682735038390109,63,12,0.003928310081024294,0.5716653945238249,0.7757502309910476,8.15029747389997,0.0239871740341186,0.11131200172525155,0.1602143049240112,3.1690824515986638,0.2441468834877013,3.124555677622694,0.010991115495562562,0.4583861306193589,-0.0013208389282225999,0.2555258124760672,-0.0839325785636901,0.044526773975969894,83,47,14,77,0.8913436280635916,2.8494821413483535,0.04846721442134277,0.601288241843824,0.05652679875493037,0.3709355716837086,0.03137971811811435,0.3177305317312079,80,19,0.002567334788269551,0.3730476830160157,0.6345774059456275,2.9473147717704347,0.028360135853290502,0.18912956576182,0.1516534090042114,2.024356674597582,0.2328925132751464,2.004290183011561,0.005329036043258381,0.429557577280981,0.0053795669227838,0.27047481823029007,-0.081239104270935,0.020066491586020783,71,43,17,89,0.3890839033823503,1.7767721072837803,0.03982585510204936,0.4341980778590684,0.0372232645750045,0.19340495395908697,0.019930234178900684,0.18584358744448198,80,13,0.0010530251218878975,0.14068306810956682,-0.3181786692946318,6.8463712884469725,0.01731103658676145,0.0690210821021953,0.0572070479393005,1.3835236196705534,0.115596055984497,1.3527209200426624,-0.007403461448848236,0.2518793916457194,-0.00749166309833525,0.1592860443984525,-0.0583890080451965,0.030802699627891044,100,48,19,60,0.258691502340682,2.581838206948908,0.024639886052079778,0.27792056450314934
Good,0.05941663567654434,0.7365903584703433,0.1421096729021517,1.1650552828020504,0.055317729711532475,0.2026714693865164,0.03339464155957098,0.2770739444963556,68,12,0.0028186386533024734,0.4225741864869055,-0.5538930342112312,19.203540149742675,0.027120232582092254,0.11445003178369334,0.0991061329841613,3.2605243553286396,0.1830387115478514,3.243151007021305,-0.004316058382391917,0.42039140247760565,-0.008413791656494099,0.3082598814205889,-0.0839325785636901,0.01737334830733475,98,46,16,62,0.3298587434933299,4.015601935941379,0.04188058253310274,0.4958278483605144,0.0585787072777747,0.2908519270070892,0.03292526079239901,0.3008702556565672,86,14,0.0027011289680188956,0.41183837454816413,-0.331268455846939,4.199514514347941,0.02943149209022515,0.1430147712449243,0.1066603362560272,2.113852105676971,0.2110176086425781,2.0579929707708056,0.002387051034020252,0.4564968963516494,0.0061456486582756,0.31885467994857986,-0.1043572723865509,0.05585913490616533,70,41,15,90,-0.298147188697861,2.1785145381251083,0.04114716759547192,0.451053165568623,0.033617231994867276,0.2743559087994679,0.018603949779644583,0.17709985900135927,81,17,0.0011273363663376712,0.12761072070975105,0.6526332301905642,-0.48644416688357683,0.017214030027389502,0.10419510341175985,0.0762362629175186,0.7682349497783013,0.1365694403648376,0.7573952072420466,-0.012251330167055107,0.2881669839727956,-0.01177039742469785,0.21257934511878662,-0.060333177447319,0.010839742536254747,116,44,16,44,0.4591730811697728,0.9158277724324361,0.02362154731295057,0.21111728981249642
Good,0.06290597454479378,0.7911823273430305,0.14796636715531325,1.2261664357278774,0.05838964879512778,0.3273563513399047,0.035524310208857025,0.2917069011646168,71,17,0.0034588108992200917,0.4623382831075177,0.07244185924758373,22.96949084426603,0.029981374740600603,0.16311097536440722,0.158401072025299,3.647804496328857,0.2393230795860289,3.606754696506443,0.012769785523414606,0.41195446793434465,0.0084789097309112,0.27084531106143384,-0.0809220075607299,0.041049799822413795,67,50,16,93,0.3626327262779471,4.411107506719947,0.04484707084324086,0.54095452623714,0.05577357113361345,0.39285473787244374,0.036635604325565466,0.34833865159598754,77,17,0.0033805410967414373,0.5077237745688326,-0.25606537220335346,4.765275323739238,0.027903184294700553,0.18664320042168928,0.1213636994361877,2.5467214669560114,0.2277776598930358,2.5117829785651513,-0.004408901883289218,0.508175641682988,-0.0059474408626556,0.3142839538747475,-0.1064139604568481,0.03493848839086005,89,43,18,71,0.18385270092908057,2.0994449441502394,0.04589733985683717,0.49948102243119896,0.027010751888155826,0.2032954095984737,0.018644543698755994,0.15498200558557357,78,20,0.001001831358383315,0.13413343798959992,0.43745287280911027,0.8932366665183586,0.014117091894149749,0.10143121437900968,0.0762362629175186,0.8984517509149192,0.14014889299869532,0.8677132325793488,-0.005215026112273322,0.306036326110545,-0.00560919195413585,0.24128922568275582,-0.0639126300811767,0.03073851833557044,105,48,17,55,0.24027346668880503,1.1851786401176874,0.02455025602372754,0.20118450509509947
Good,0.053183381703610054,0.7316599400607608,0.12594624574761815,1.152169914125763,0.040891095995902876,0.40735404686494864,0.029938219361938495,0.2992565949517467,67,17,0.0028196369129212277,0.40728351105369776,2.223546540520074,7.969204660175764,0.020824760198593,0.1646493515955821,0.158401072025299,2.502398851041921,0.2537290453910826,2.4283370287319177,-0.006742819771170599,0.43995554118287244,-0.0115955173969268,0.29303364686039923,-0.0953279733657836,0.07406182231000294,103,48,15,57,1.0643604686224446,2.6741275955162527,0.041564467797081436,0.4623014523405519,0.04008689150214187,0.30444291181992905,0.028758809689315924,0.2839410698808501,80,16,0.0023042787193027782,0.3433943621925175,0.6134148668907118,0.9698719001091227,0.02031038701534265,0.14851199840279306,0.1213636994361877,1.5302137755663745,0.2277776598930358,1.5070365910659198,0.003660693505662488,0.45229732406704604,0.0035605272278189503,0.3132961284164472,-0.1064139604568481,0.02317718450045469,73,44,17,87,0.13333472836146254,1.3547242719798656,0.03789125151011914,0.37258756398235693,0.026482474058866445,0.21171666625652094,0.017339903634274345,0.16440458249402817,82,18,0.000890935348608054,0.11826642530055842,0.31213665962258386,2.4152025098990224,0.01332082599401465,0.10318969099519754,0.0598801374435424,1.0422705005089394,0.1237927675247191,1.023286427707908,-0.006583661073818787,0.2599170488758444,-0.00582399219274515,0.1919430390969946,-0.0639126300811767,0.01898407280103164,106,50,14,54,-0.003637486477820946,1.6317432823454683,0.022731464902176014,0.22518781717541997
Good,0.06196757204173255,0.7270759955388365,0.14882447797339388,1.1439915214020597,0.07131212949752798,0.2533229503423702,0.042797023318707904,0.28011228125937804,62,14,0.004291456203999069,0.620831017278279,-0.5304412096808626,36.03659228070236,0.03171581029891965,0.10689566643494183,0.1473380327224731,4.845848159064253,0.24266600608825667,4.829270171950443,0.004584674537181865,0.4213694600925585,-0.00737607479095455,0.2776815285191173,-0.0953279733657836,0.01657798711380963,92,46,16,68,0.498811979528442,5.866093788914825,0.051748213708544495,0.6657918558976107,0.04094549268484113,0.3714831314330033,0.028272576572089713,0.268911390433723,77,21,0.002294965087691931,0.32205639217591736,0.4612971836532571,9.99136626713496,0.02067333459854125,0.19654546961350855,0.1195650398731231,2.35779959767487,0.1954706609249114,2.321706896030126,0.008373149597900911,0.41010019379287505,0.00688520073890685,0.2967772060373196,-0.0759056210517883,0.036092701644744,66,45,17,94,0.41410524468641907,2.6663424605272588,0.03705163550646962,0.3922680502245418,0.03152926266193382,0.3405081357520218,0.0207911179726943,0.19920139366310735,74,14,0.0012291052463060002,0.16254527695937646,0.07840872805053323,1.9326793977357113,0.01607812941074365,0.09475926968686607,0.0600901991128921,1.2259935896190535,0.1356713771820067,1.1997376845973946,-0.008400796167552457,0.31252186751662614,-0.0108781531453132,0.21933633705480846,-0.0755811780691146,0.026255905021658803,102,44,15,58,0.2214319830412277,1.46512983364984,0.026495375700809187,0.2547064178290308
Good,0.06484152295325504,0.8640671792974629,0.15591303538531043,1.341336063872245,0.069483995437622,0.41759459904125684,0.04002763327211138,0.3331848233426914,72,15,0.004301589976048591,0.5241676117347438,-0.5307483005204925,10.16857934312403,0.03603449463844295,0.19161743398710507,0.1473380327224731,3.055753358076508,0.2424126863479613,3.0085839497332296,0.019250060990452757,0.5069985336732463,0.012701928615570051,0.37085867295050057,-0.0950746536254882,0.047169408343278395,66,46,16,94,0.28360921194913297,2.8778883846688847,0.04829603561364205,0.5168366265928935,0.0516081973910331,0.3817329371221404,0.03339665172679812,0.317817478916343,90,18,0.0030800778574140886,0.45936794682249127,0.3567467682699741,5.903189080029062,0.026298791170120198,0.1813902374513181,0.1195650398731231,2.4989421737465496,0.2530766129493712,2.4392128756285207,0.0047212461708113435,0.5053692271765344,0.00725498795509335,0.35320869704261426,-0.1335115730762481,0.059729298118028684,64,40,15,96,-0.11342790060317484,2.1932809379519576,0.043757576830089226,0.4516302592226121,0.0374406091868876,0.28104769235511273,0.02228811639361079,0.19221342484746567,78,16,0.0012691087978181157,0.18648085105340054,-0.07654822960843344,10.43039719794732,0.018705129623413,0.08499949372520879,0.0697284936904907,1.7293709158944615,0.1471671164035796,1.669841537849239,-0.002489315345883363,0.3289683030224642,-0.0032987818121909497,0.23452733047392077,-0.0774386227130889,0.0595293780452224,89,45,14,71,0.04976215958026756,2.7972998859554137,0.02814153460737232,0.2797511513111621
Good,0.0576847701410927,0.8014376026766478,0.13955935442820167,1.2873105484781187,0.0512772351503372,0.30962419318168954,0.03270107896998521,0.2937346730549419,73,13,0.0031779990948795907,0.43375196295615254,0.9083480440930845,6.43240108080035,0.025509089231491,0.16588775510629947,0.1355080604553222,2.393269747881197,0.2305827140808104,2.369050918739557,-0.009884168207645403,0.46721111909959234,-0.0130003690719604,0.35237967735895087,-0.0950746536254882,0.024218829141640048,106,44,15,54,0.7616717526862505,2.5258080352551726,0.04359392552621435,0.4641828660623517,0.04325931519269932,0.4481968566249147,0.027363603764242676,0.2573958409135316,87,22,0.0020898839231694544,0.3105328620574443,1.1789966733433603,0.6608769563304424,0.0217439979314803,0.2326224019072309,0.0901590585708618,1.4345928857180503,0.22367063164710993,1.3783948439148341,0.0024787799105979434,0.46230019277719947,0.00468222796916955,0.39526451937686363,-0.1335115730762481,0.05619804180321613,69,44,16,91,-0.5026062377135824,0.9331979195376978,0.036169177637239536,0.3111452937384856,0.03569528087973585,0.3664127100153288,0.024534066690830476,0.2794887156420598,85,15,0.0018499596462106843,0.2687910485092377,1.4301703168062936,2.7979267809291093,0.018270820379257147,0.123037741265027,0.0797775983810424,1.703375973233842,0.203615367412567,1.6785957761592591,-0.005086681526154272,0.357799236601327,-0.0037943646311759498,0.1961593945204575,-0.1238377690315246,0.02478019707458301,90,47,15,70,-0.5631447005645656,1.7998913207072498,0.03372624456205853,0.3751942893978338
Good,0.0661356723065799,0.8322905274867094,0.15761730296537257,1.3027837555761352,0.06398642063140861,0.3417592449244289,0.04106885393615808,0.3522351803173388,73,13,0.004405862138643103,0.636124928352527,-0.28593574527268606,23.278880052172614,0.032153159379959016,0.1656570361134484,0.1366592645645141,4.376032718129373,0.2287369966506957,4.348598762491483,0.005466752126812935,0.45873842266190423,0.000655502080917316,0.28813428230056254,-0.0920777320861816,0.027433955637889893,80,46,17,80,0.4735181299575261,4.449479967136207,0.05235369270606114,0.6524446244135934,0.047971680760383495,0.314869171952216,0.031853349488956115,0.27196197141068834,69,16,0.00267991566040818,0.3887321924633508,0.5198610819971945,12.750331059586085,0.02302052080631255,0.14559701378539158,0.1389308273792266,2.699137111056158,0.2322727441787718,2.68805813599545,0.006182919803541155,0.4520462914682898,-0.00092157721519465,0.3331034407562683,-0.0933419167995452,0.011078975060707983,81,46,16,79,0.58319492452387,3.0683819119252833,0.040583403249714,0.42940230883533553,0.03507820144295683,0.38351307112039823,0.026083886962151116,0.3043131823973165,83,15,0.0020877617631638386,0.30589616618163257,1.0789165437068569,1.6608720139619146,0.01788391917943945,0.13522644526845726,0.0797775983810424,1.7242559397238741,0.203615367412567,1.6664616262155802,-0.003918902669101945,0.3919990414459412,-0.0035078898072242503,0.23009471986743313,-0.1238377690315246,0.05779431350829382,91,45,15,69,-0.5451046669794083,1.5554829063145306,0.036022261514602597,0.3901703700783747
Good,0.05961263585535346,0.8025961453345228,0.1423999593220649,1.2614283240105792,0.047640189528465125,0.30290469730520675,0.03331086952239272,0.3161027522335905,72,14,0.0032417568467826233,0.46704726737282537,0.40499597823898625,8.54175672338979,0.02395004034042355,0.1520970671708673,0.1366592645645141,2.80992845799709,0.2105836868286132,2.7775337137683884,0.009017093107104295,0.42916044060010294,0.00466078519821165,0.29036831299607346,-0.0739244222640991,0.03239474422870157,71,41,16,89,0.6550815319540303,2.904145776018948,0.044238235104593175,0.531853911893812,0.05329220741987215,0.4719225123160463,0.0323231313549331,0.314245928220656,74,15,0.0028914996477089196,0.4041682992991833,0.19869284324774084,3.6782908956684617,0.0252699255943297,0.19070785407243973,0.1389308273792266,2.1675577447274175,0.2322727441787718,2.152675343024767,0.011599164840299627,0.47989992625086686,0.00782410800456995,0.3638224204174162,-0.0933419167995452,0.014882401702650157,66,41,15,94,0.28903692943969844,1.7538787695822935,0.04102641155533291,0.4169704546890533,0.036327004432678174,0.27291198945919126,0.022777626292081504,0.21906790735605347,79,17,0.0014052110527959882,0.20864325159188696,0.6430236589570817,1.7369392601216394,0.01795279979705805,0.14327653405869303,0.0647496134042739,1.3607564730537158,0.1647940278053282,1.3448635162309952,-0.0016793235205113818,0.35236795715960945,-0.002466470003128,0.2744480673823435,-0.1000444144010543,0.01589295682272053,87,41,17,73,-0.308912815492263,1.448559693675416,0.029680678432479884,0.2906545619099253
Good,0.05537230606983422,0.6756111042900369,0.13405347453430272,1.055923725892954,0.054252311587333624,0.1626640213136743,0.03128829706925895,0.2397729000811406,79,11,0.0024470317048475064,0.3539372111532213,-0.4029064514548093,24.99679548184884,0.0281571745872497,0.08926983843510647,0.1100192666053772,3.3463323863231333,0.1868380904197692,3.331638240720164,-0.004643204435706129,0.32798805238250617,-0.0058012008666992,0.22580393437262195,-0.076818823814392,0.014694145602969371,91,45,13,69,0.270451662860542,4.757796592639228,0.038952775382964086,0.49634770942107886,0.046809962019324206,0.29387850329312465,0.02804135108599435,0.23353267869116848,80,16,0.0019579325341359264,0.2887473481097707,-0.4391060424545947,4.570992450659334,0.02429412305355065,0.16085159456818465,0.096552550792694,1.772762839431077,0.1678047776222228,1.7482834196660457,0.004018051351886239,0.41224372446725616,0.0041433274745941,0.3486049540892368,-0.0712522268295288,0.02447941976503139,71,41,12,89,0.09809707987373509,2.067178055807639,0.03485911406832851,0.3446773269989422,0.037921596318483325,0.26071571520403386,0.02344066973426375,0.24047201321876124,81,18,0.0014770388852396177,0.20699882529351746,0.2340288769888117,3.626056250236096,0.0188275724649429,0.13041121868167332,0.0712046027183532,1.6204966315160516,0.16224071383476252,1.5891038701084095,-0.007445691246539346,0.3156919490431916,-0.006515584886074,0.20296455349508782,-0.0910361111164093,0.03139276140764204,91,42,15,69,-0.23270251431294578,1.88142313364135,0.0295494210929635,0.3276238980947947
Good,0.062231723736123755,0.7992280470743062,0.14921983163803793,1.2486345894772741,0.06835958361625655,0.29421920987438116,0.03886610473506148,0.3090472307112281,78,15,0.003876918118876945,0.5255801045529499,-0.28643786358115353,19.985769843543274,0.03427559137344355,0.15114387161217407,0.1352570056915283,3.7083714139045933,0.2578266859054565,3.639065181424923,0.012035049125552175,0.4593066197102239,0.010309725999832101,0.3080204771036357,-0.1225696802139282,0.06930623247967019,67,50,15,93,0.10546387893861722,4.105463039711535,0.0478806841672155,0.560907776415444,0.04788804799318305,0.35487863266734126,0.030681656254164365,0.260726687737585,79,18,0.0022812021136960625,0.3432379131267881,-0.3307803903286852,10.606190100866192,0.024470128118991852,0.17270390521958923,0.096552550792694,2.402177602505096,0.1699302792549132,2.3853393165665766,-0.0014393571997061334,0.4361267494958232,-0.00273012369871135,0.3360802545385513,-0.0733777284622192,0.016838285938519645,85,41,16,75,0.32967092128186426,2.7770537744456023,0.03785014572605322,0.3911922436615986,0.03388987854123107,0.326912105383294,0.022335839981678828,0.21229989465748397,75,21,0.0013730693142815088,0.1978826965835089,0.365320472494004,1.5903016567759636,0.0172023475170135,0.14936106318479467,0.0712046027183532,1.2707150686997748,0.16224071383476252,1.2683141742920228,-0.0055463736876845285,0.35320122027122686,-0.0073451921343803,0.2703106581147099,-0.0910361111164093,0.0024008944077519847,95,41,16,65,0.07745332257405811,1.324900837246553,0.02885498002152784,0.27042853877212225
Good,0.057256533934112584,0.7855786779108918,0.1360567935556171,1.2463609621693494,0.05892470479011527,0.3443649979291197,0.036306515247561,0.3398447670846252,79,15,0.003605086217342007,0.5320444692314866,0.3091730242438686,4.680231078617206,0.030044049024581798,0.16500124581656575,0.1352570056915283,2.366857835451757,0.2578266859054565,2.355105178165037,-0.004297591373324389,0.48641405884812966,-0.00439402461051935,0.3428032096799358,-0.1225696802139282,0.01175265728672023,90,44,17,70,0.5287345421490758,2.3337023935169605,0.047421138446360214,0.5435492917724895,0.043260171078145476,0.3109332168390285,0.02749172838288355,0.22955046305940666,78,21,0.0019657761814495444,0.2942711799193711,-0.11631890475747486,4.119500973690051,0.0222138166427612,0.16251991875058924,0.0934340953826904,1.715562794635588,0.1701763868331908,1.6170995302815687,0.0050696582999080406,0.45069002676514963,0.0039823502302169,0.34656185427279806,-0.0767422914505004,0.09846326435401936,72,42,19,88,0.12017688382294398,1.6650249733588753,0.03479186889939361,0.30191005232320417,0.033373530954122474,0.2325571663005873,0.019499921072274405,0.1777130925612697,72,19,0.0010286763605075954,0.146783735596142,0.09319952570850765,0.7732835642123259,0.016949348151683752,0.1269220206152352,0.0608703941106796,0.9665203920422452,0.12848876416683191,0.9335745653568797,-0.006021838448941698,0.30925687655607037,-0.00814411044120785,0.23937288296403608,-0.0676183700561523,0.03294582668536548,100,35,15,60,0.30260389797121934,1.140349961475726,0.02470780564692835,0.22615021534132018
Good,0.06463738808262234,0.8448037633164835,0.1547164943069217,1.2958711712462567,0.0642867684364318,0.3060368531445564,0.04054917902685697,0.3351246309431468,70,13,0.004299958870300842,0.6458770691724915,0.31491760765393506,26.857531223715355,0.03253689408302306,0.12801844848216787,0.1759067773818969,4.557589923756725,0.258199632167816,4.501356553141392,0.001977272704243668,0.4569994706300631,-0.00364014506340025,0.2883580954573225,-0.0822928547859191,0.05623337061533261,87,48,16,73,0.6822061653071845,4.889461004678386,0.051965781548202965,0.6610813512846462,0.05733826011419288,0.30211208065293754,0.03548592249630015,0.28231299275711963,76,18,0.003269097556011937,0.48658426829722035,-0.30718583295448276,11.38302439664264,0.02886673808097835,0.15380944731206497,0.1161798536777496,2.8215564093293892,0.21184867620468129,2.7381084695606592,0.008152970066294072,0.5340995313488308,0.0056735128164291,0.41805992984291707,-0.0956688225269317,0.08344793976872987,71,41,17,89,0.09704147570481601,2.929665475896892,0.0445998567457504,0.44868915622085137,0.03385664522647845,0.29018774830797767,0.01927844202611592,0.17803984737894488,78,17,0.0010568336598165311,0.1439766101507246,0.645919017965737,1.1627353090335886,0.018062375485897002,0.08508238479950105,0.0790388435125351,0.98123155481042,0.14665721356868738,0.9555353496094803,-0.007201138697564588,0.3047721692673629,-0.00829725712537765,0.21678029493219797,-0.0676183700561523,0.025696205200939688,103,36,16,57,0.28350306744842896,1.2661333076981138,0.02474859022921009,0.2260321547718167
Good,0.06311686968627497,0.9050108882094654,0.150522441267967,1.4009013033478472,0.04477980732917775,0.37913102935530857,0.03423898881301281,0.29592799543218634,75,17,0.004023152011156833,0.48594697977134854,1.3426360563502682,10.440318531950105,0.02240115404129025,0.1452877627810809,0.1759067773818969,2.7399142097282545,0.3250925540924071,2.6345051955248797,0.018428896367549887,0.5361998438269853,0.0167652070522308,0.39475026995303425,-0.1491857767105102,0.10540901420337473,53,53,14,107,0.1988406925908884,2.8649756760534544,0.04678166372659865,0.4454623522266109,0.0545420497655867,0.39208793512854034,0.036794722415506784,0.32109669596538254,71,17,0.003441690714301865,0.5285850184769559,-0.31192304290563566,8.817649944634564,0.02910362184047685,0.15478091957043394,0.1161798536777496,2.826469061134613,0.21184867620468129,2.8213537260998724,-0.0018519431352615322,0.5507500874902622,-0.00713512301445,0.3851633069997427,-0.0956688225269317,0.005115335034740556,89,39,15,71,0.35369316210528784,2.605261908351711,0.046487999431380114,0.4746149593158906,0.0324920266866683,0.26402093876956295,0.020320945081766646,0.17076749346830553,85,19,0.0010893068666787782,0.15766123200271034,0.9046415312064902,7.271239108602911,0.01546438783407205,0.12886422027676342,0.0790388435125351,1.4459889438381341,0.1711232215166092,1.4164759004306602,-0.00048563238233327935,0.3139513720305997,0.00265458226203915,0.2752710910980693,-0.0920843780040741,0.029513043407473908,75,39,16,85,-0.33782358993487077,2.2175267679573287,0.026169855487082994,0.24309621141189003
Good,0.047337227895583034,0.6774528332801961,0.11175394240766741,1.0762691202416028,0.0452208667993545,0.33109864059877203,0.027986455373465984,0.23845440282973115,87,18,0.002349716986820947,0.28438391074087005,0.9147027437334048,4.649184180645104,0.0228939950466155,0.16034894514125778,0.0918616652488708,1.8059043565616602,0.241047441959381,1.7752341527175377,-0.014394500851631154,0.419529559897129,-0.01187932491302485,0.34163738261033794,-0.1491857767105102,0.03067020384412249,102,45,12,58,-0.039383423801070815,1.8973052582656296,0.03562730155154204,0.3292094456624708,0.03620910830795755,0.29928583492076444,0.02415986794221676,0.19847747222185105,90,21,0.0015325312106892407,0.22440939880528224,0.14193166065264462,4.5167601103943555,0.01622454449534405,0.16218736415646717,0.0736457258462905,1.5056637098618397,0.1681648939847945,1.4681375879745757,-0.0007902804529294469,0.3941553893513248,0.0032635293900966002,0.3089469816384985,-0.094519168138504,0.03752612188726404,71,41,15,89,-0.46182930950612405,1.6954034574286714,0.031035908818863724,0.26277543235734147,0.02717867121100415,0.1938839749810184,0.016279327766969758,0.13487490430532564,84,17,0.0007362916985527668,0.10211222069695093,1.7988259125441255,1.7654673944749257,0.0135659128427504,0.0862483106205809,0.0529501438140869,0.7929838446797961,0.145034521818161,0.7461571956279649,-0.002949947305023665,0.26258417099314924,-0.0017768815159797,0.21762193129582305,-0.0920843780040741,0.04682664905183123,86,44,13,74,-0.7008801294573509,1.4862492754323244,0.021314774690782107,0.18210374471929866
Good,0.06380858830437981,0.8150737546581847,0.15160060632973887,1.274894393472009,0.07389515638351431,0.24214272287962874,0.042849921365268495,0.31064409846091073,65,13,0.0044151917616794675,0.6116100931266295,-0.5150561182808433,31.402940258499385,0.03335183858871455,0.07598031519006954,0.136984646320343,4.6597117556004095,0.2294738888740539,4.61486890033332,0.006926375254988673,0.4215920995962668,-0.00489813089370725,0.2439489014724867,-0.0924892425537109,0.04484285526708935,84,49,13,76,0.5706476180823822,5.384649440543176,0.05223575176921302,0.6586882378520517,0.05049185454845423,0.39943948850945765,0.03213628735189557,0.2653471460436071,71,19,0.003335553654066449,0.4307535792561545,1.1643249979978076,8.596188853653274,0.02428691089153275,0.2024153864871068,0.1763968169689178,2.395838307705198,0.2553736865520476,2.3822379314014737,0.014348820247687386,0.5263069319751795,0.0105586349964141,0.4408381508621661,-0.0789768695831298,0.013600376303724397,57,43,15,103,0.6970387870493806,2.3749619810016664,0.04348159320001001,0.3921155347739086,0.0251998901367187,0.25653763712682853,0.018689268778543884,0.17860630356561033,78,19,0.0011734927128464615,0.16029524719750823,3.8115528951151756,0.1620473408073968,0.01262417435646055,0.13091849919779208,0.1178499460220336,0.9013093280646953,0.2281749099493025,0.8872290213420183,-0.0036377963609993355,0.32699536190056244,-0.00424152612686155,0.28712142421484377,-0.1103249639272689,0.014080306722677025,98,44,12,62,0.4010743452967779,0.968386431751314,0.02692079008933245,0.23101792244981437
Good,0.062120796596795945,0.857151078295584,0.1474003408849237,1.3288538508940344,0.054882213473319924,0.22049671029426887,0.034070927952416216,0.2665469129663003,65,14,0.0036727734817665293,0.3751479329420597,-0.023770270202117416,14.86254745405596,0.0269334316253661,0.09365759550963826,0.136984646320343,2.860909706311602,0.2294738888740539,2.833103942003145,0.02132482491433619,0.4083217442224202,0.01265126466751095,0.2573126946991259,-0.0924892425537109,0.027805764308456667,55,55,16,105,0.611201402036021,3.574756633680575,0.043038496951578784,0.45653180189031767,0.0507569685578346,0.44634038699964684,0.03535112817189653,0.3180231251468236,63,18,0.003665255665691054,0.523073172258652,0.9982113461022637,3.9418638983047662,0.0247055143117903,0.24875933960669977,0.1763968169689178,2.3212285246495505,0.29670622944831837,2.302962395784058,0.007802757900208233,0.5720033674325415,0.00069528818130485,0.4753405697450581,-0.1203094124794006,0.018266128865492528,78,39,16,82,0.8011495021661412,1.718086956237644,0.04737009921437806,0.44258933550695156,0.032037656754255156,0.2665489396536536,0.02194200237747277,0.20808177948056575,78,18,0.001383595577270339,0.1960237829524276,1.9989875918772517,1.6409773565340737,0.0159377828240395,0.09824730984083713,0.1178499460220336,1.197562594306472,0.2281749099493025,1.171564814203255,-0.00026145372539758654,0.348528739239073,-0.00100169330835335,0.24131064861713275,-0.1103249639272689,0.02599778010321689,83,41,16,77,0.09594936460666978,1.525884995760929,0.02949774753568365,0.27304120728719655
Good,0.050999118066802226,0.7386428827146535,0.12264068815857149,1.169734653079932,0.042452469468116705,0.32853160821853555,0.025927055627107586,0.2258344977173702,80,19,0.002018503147708866,0.24448638579468263,0.3195099545483804,5.3105324719895215,0.0213506519794463,0.17232490510171658,0.1017132997512817,1.7675444709593746,0.1892645359039306,1.7269316904123635,-0.013803626596927628,0.3737404803627735,-0.013649642467498752,0.324420199444972,-0.0875512361526489,0.04061278054701109,104,44,16,56,0.11002015808411116,2.0181405311107024,0.03282926076467995,0.3237351373158093,0.038512669503688646,0.5613237731890333,0.02730484717554641,0.2887328540727592,73,18,0.0023389458880896026,0.34970161065977323,2.6640731227209633,-0.5793184943586978,0.0200409293174744,0.21329205062106676,0.1612580418586731,1.350757421218948,0.2815674543380737,1.2981385476244782,0.0029998207231983513,0.4823188453235041,0.00069528818130485,0.38005446636482487,-0.1203094124794006,0.052618873594469734,78,40,16,82,0.7259606114815642,0.7408499062163494,0.038235842195012956,0.34215514332766517,0.0356416106224059,0.2870755550823148,0.020400792080908982,0.17181824552379404,80,20,0.0010975782732963585,0.14733549288354733,-0.28402844665935945,2.4207218388415903,0.01784192025661465,0.1427278140949914,0.0521584749221801,1.1442226750671132,0.1318696439266204,1.1014899329451744,-0.007335907313972702,0.31367532739365434,-0.00739502906799315,0.27028780130107877,-0.0797111690044403,0.04273274212193888,101,43,17,59,0.0030096181605611407,1.3660964918997052,0.025221950800935398,0.22123128591596428
Good,0.06588799988598695,0.8937598137106769,0.15647469047456958,1.3831710814596871,0.06976616382598864,0.3437687279721859,0.04139892529696222,0.29578489767878335,72,16,0.0042787105095569745,0.5862432914372809,-0.38387362387370194,28.551829952709408,0.033147066831588745,0.1631749798078685,0.1359604597091674,4.172571415954754,0.2235116958618163,4.125570306124818,0.005488913133740425,0.4952352235415507,-0.0007551312446594,0.35054593649303634,-0.0875512361526489,0.04700110982993631,83,46,14,77,0.45949740918306636,4.986288402258702,0.051581927517040244,0.5839395215268712,0.04579349234700193,0.49949968867905775,0.03412466525594933,0.32147846189353174,77,20,0.003626308414811026,0.5093505123970379,2.0977954011996927,1.8861932823792866,0.0239069908857344,0.24422487714473368,0.2072352170944214,2.0046681113030194,0.31132224202156056,1.9660538726041206,0.012331579881720237,0.5758920306337381,0.0074885785579680494,0.49065782989727075,-0.1040870249271392,0.03861423869889872,65,44,17,95,0.6152458709683294,1.3440488286030394,0.046126704328446434,0.4215434514372006,0.0370136499404906,0.2527577634634793,0.021840998595580415,0.18266431806814862,82,17,0.0011586746379449008,0.15738810897301497,-0.45344390132775647,1.6160961346366465,0.02037516981363295,0.13890642309691292,0.0611304640769958,1.026962997081385,0.1408416330814361,0.9840527476251268,-0.005101795122027396,0.31204382728439845,-0.00351872295141215,0.25531168848516755,-0.0797111690044403,0.04291024945625804,88,49,16,72,-0.05179136847007171,1.454838275232238,0.026505361228153234,0.24498318070169528
Good,0.0622961981053894,0.9108886947155633,0.14735688610002376,1.4428574487938373,0.05167232453823082,0.3141186599007831,0.03463319918140766,0.2683827108009482,67,16,0.0036248704315537546,0.4018747920744055,0.07652871191099742,10.912133146208552,0.02315783500671375,0.1318505597068769,0.1359604597091674,2.580505373970664,0.2175193428993224,2.5480031182636624,0.01764021962881087,0.4733553929691246,0.008718669414520201,0.3411354341025018,-0.081558883190155,0.03250225570700118,64,49,16,96,0.5960175832543314,2.9629834011699256,0.044347021156471045,0.4216745949443139,0.0455794259905814,0.3962716628386562,0.03279795880298476,0.26762378071063636,79,23,0.0034088567615329344,0.4761992800607835,2.138996039170033,1.794616545589009,0.02269515767693515,0.20051268080067397,0.2072352170944214,1.7883155184272141,0.31132224202156056,1.7587622426521226,0.012403608940076069,0.5909764231310137,0.01177307590842245,0.5411722128999242,-0.1040870249271392,0.02955327577509168,61,44,16,99,0.3479955963544509,1.2077332081786176,0.04459952856698411,0.35629502854243755,0.03984818235039695,0.24096633471162104,0.023295588474720665,0.20675317969923954,77,17,0.001413906469884166,0.21276311574692724,0.08124185545128881,0.20968833105127027,0.0193306878209114,0.09267374190596413,0.0829055905342102,1.1126758108285997,0.1605109572410583,1.0722614854278985,-0.0005679711699485751,0.37852563269369893,-0.00208584964275355,0.29246807132483077,-0.0776053667068481,0.0404143254007013,83,44,17,77,0.20381578576616285,1.0968053027116909,0.029814840801230653,0.263593363233527
Good,0.05669079100417986,0.8086285866241104,0.1339590686559675,1.258487453532263,0.0477573573589324,0.3237186358836375,0.030640831203199888,0.2728865647360651,79,15,0.0027755974894064245,0.3664366885231628,1.1702087302235586,8.056980363806861,0.024596393108367896,0.13989095698097925,0.1280124187469482,2.372488850531343,0.2110066413879394,2.3265257225440896,-0.012129427120089515,0.4387802626289777,-0.012537300586700401,0.3150021325580846,-0.0829942226409912,0.045963127987253015,105,42,13,55,0.7467971309802918,2.6204307901614294,0.03997012001741102,0.41702346414849156,0.040358074009418377,0.36720770156620924,0.02664988787990291,0.2315393890435793,81,23,0.0020607106261028123,0.2995199852243029,1.1712629951385143,0.6149191289282503,0.018559619784355053,0.19396675205484054,0.1264953911304474,1.3421780814057256,0.2183504998683929,1.3014785476520294,0.0031855090288445283,0.4605890447951319,0.0033226311206817002,0.4249493487226025,-0.0918551087379455,0.040699533753696074,72,42,16,88,0.09969457096031759,0.8436990955118259,0.035858515454598866,0.2955972209595531,0.027361292392015325,0.2523033889598545,0.022085046335123447,0.20514033221775838,68,15,0.0015828510317409292,0.21948099036434557,0.9093462844704798,5.5838459839736,0.01391647756099695,0.12608159078297798,0.0829055905342102,1.6198155134306773,0.18091633915901179,1.5643886671805676,-0.008892842661589365,0.3591181461081533,-0.012510135769844,0.28559303061350527,-0.0980107486248016,0.05542684625010977,110,41,15,50,0.508629995900905,2.233213901715054,0.030264232482964778,0.3008573540736351
Good,0.06430824395044117,0.8525826758232742,0.15002118514850712,1.291641435333114,0.0710536688566207,0.36299972174347683,0.03956946022808547,0.2954195198119582,80,16,0.0035847179620769804,0.521034236259321,-0.7233779766621571,28.26054090797345,0.035728126764297555,0.16576813333897694,0.1280124187469482,4.07121079344264,0.2110066413879394,4.041299584241304,0.0037401180714368874,0.4302907111238389,0.0036238729953765,0.29784426930945634,-0.0829942226409912,0.029911209201336702,78,45,15,82,0.15549785695333143,4.9725996851847585,0.047333530797105956,0.5795551226413773,0.0483916103839873,0.4587066881002412,0.032411046524066435,0.3007937816863951,80,21,0.0030963731739876233,0.4522217616312583,1.1935604064144156,4.541946759972977,0.02487400174140925,0.23022115815827002,0.1648687422275543,2.2194729499418155,0.2661845982074737,2.1613063210480754,0.00014167575864121283,0.5306657022996325,0.00013594329357149998,0.4380979892543059,-0.1013158559799194,0.058166628893740184,80,39,16,80,0.5844176921603921,1.8531317022298044,0.04412917757767747,0.4130565022295329,0.03272713348269453,0.305120442806584,0.0213128866103943,0.20895861369342483,77,20,0.0012283486769383057,0.17678563910349493,0.5827991756662887,0.26925935137893076,0.016434609889984048,0.11654962158053789,0.0667721778154373,1.0314521838419024,0.1647829264402389,0.9871164065051208,-0.004077979829162353,0.3306850219096427,-0.004956305027008,0.21575517257460125,-0.0980107486248016,0.044335777336781575,90,47,16,70,0.14251585781677562,1.1757797769211258,0.027492032073337083,0.25967875421010866
Good,0.056274116960924124,0.8388444429118725,0.1329402707889674,1.316813430862029,0.046162754297256324,0.19886804396792596,0.028479970800690313,0.20195822887512974,67,18,0.0021788404905052124,0.28344770466907543,-0.16884389796040056,13.267905914491184,0.023106515407562103,0.11522070135167334,0.1114322543144226,2.180374362237742,0.1790268421173095,2.1165571274998385,0.01029253117740154,0.41017275659687463,0.0041857957839965005,0.331248790243279,-0.0675945878028869,0.0638172347379038,72,46,17,88,0.3850961966818807,3.258885391019042,0.03554908532861439,0.3394201149236688,0.047948339954018475,0.4655189634193867,0.032952363941003524,0.29612810497546316,74,17,0.0029621667057169944,0.4431721770128091,1.2298112515303847,0.19188679868692704,0.0249117165803909,0.1974484105572465,0.1648687422275543,1.5553617565860183,0.2661845982074737,1.472431913624793,-0.0014530204469338018,0.5520409336437454,-0.00589674711227415,0.42025365431821804,-0.1013158559799194,0.08292984296122538,89,36,16,71,0.6827716490209386,1.0308133581545746,0.04313784163917983,0.3720523949587626,0.031757678836584,0.331942282782441,0.021315489436965398,0.2049981537017858,74,21,0.0013250709518523958,0.18767671166896974,0.2704063478458387,0.7887985860669593,0.0156747624278068,0.14511657079536044,0.0758180022239685,1.1447436411964715,0.1451615691184997,1.1097566439309712,0.006933115515857931,0.35459974062140914,0.0060682073235511,0.2642553331265475,-0.0693435668945312,0.034986997265500294,68,39,17,92,0.19423385792240422,1.0679433687141102,0.02801798621149348,0.24886891252263532
Good,0.054509522305137226,0.7390990849192365,0.1291591545939443,1.1596149136782614,0.04438950121402735,0.23174229253098694,0.02646362963132558,0.22406775412879112,89,16,0.00229958042446405,0.2559477779042167,1.151017033109814,10.135336714485174,0.02224993705749505,0.10428666929590136,0.1108453273773193,2.099273662189327,0.2120149135589599,2.079890079648492,-0.01658516749739645,0.3373725302117554,-0.01296105980873105,0.2349534335329591,-0.1011695861816406,0.01938358254083524,117,40,16,43,0.3470717192034188,3.0442512347988417,0.03419764947416815,0.37699808190856204,0.04274634225293985,0.33219965859745515,0.028136345237144235,0.25107229738067754,81,21,0.0022366512586817996,0.31691878378030935,1.2525805113163608,1.5787363551281173,0.02256387472152695,0.16612623309113694,0.0813724398612976,1.4819666040358863,0.24442973732948298,1.4301873701848855,-0.008264264510944478,0.45460097525486903,-0.0077571123838424,0.34302170806581467,-0.1630572974681854,0.05177923385100073,95,40,15,65,-0.5657619416055253,1.4457173948104713,0.03657828986335427,0.3320492991675051,0.03612980991601935,0.24758213931104736,0.022922515040263488,0.19938160486917528,76,16,0.0014568304878202834,0.21294848259107943,1.0853943054267425,2.251317222891446,0.01856529712677,0.11863815314304343,0.0870048850774765,1.242607736607877,0.2007291764020919,1.226365678432564,0.0015756545588374187,0.3676414082116372,-0.00026612728834145,0.3048753902119389,-0.1137242913246154,0.016242058175312855,81,35,16,79,0.02424256687700005,1.5879466479391844,0.030228253144199854,0.27890549933488906
Good,0.06676788113972756,0.8804887026638833,0.1594290519878266,1.3743719705156179,0.06720422208309168,0.21975382815772887,0.03919846427626904,0.25846030684530863,82,12,0.00374525739218693,0.52745037394355,-0.4998981974032679,33.75572281594506,0.03387230634689335,0.1122675453984517,0.1229939460754394,4.358564657446956,0.22416353225708,4.344396945694237,0.005812267586588852,0.4024882365644307,0.0073359906673430494,0.28068224233730227,-0.1011695861816406,0.014167711752718597,72,47,16,88,0.06372090989345028,5.625136382678288,0.048182080393678134,0.6045275786685044,0.05059845745563495,0.37431628367332775,0.03488828253670359,0.310745564294868,79,16,0.0037169672631959414,0.5519498197047789,1.4573515852018675,4.72425296213934,0.02575558423995975,0.14972490040376427,0.1473035812377929,2.3596338580796536,0.3103608787059783,2.309739043295019,0.0047145487507805174,0.5909314159512751,0.0039536505937575505,0.4640660800707227,-0.1630572974681854,0.04989481478463445,70,43,17,90,0.12472881865233056,2.036561682704843,0.04811806830790805,0.4502775603409522,0.04123523086309425,0.3642091737893031,0.02489339401945467,0.2143240509548674,80,16,0.0015522653964068075,0.2187304682543388,0.5475278374962906,1.1216250006483692,0.020748853683471652,0.15230178995432092,0.0870048850774765,1.2853231698604557,0.2007291764020919,1.2416896678103158,-0.002153730671852822,0.38095231799991214,-0.0020160004496574,0.29972663552432327,-0.1137242913246154,0.043633502050139925,84,43,17,76,-0.2705108224752885,1.2499917462148022,0.031170495918353636,0.27130388803854755
Good,0.06220007257659035,0.8512407419013478,0.15027420335449257,1.3632455485943225,0.04632087051868423,0.2420157973917914,0.029490685462951628,0.22630972900361493,80,15,0.0026422867311815374,0.30787357399931475,-0.01841403636235084,15.352971436801035,0.022853821516036953,0.1097423062469508,0.1229939460754394,2.4641169683392508,0.1859490871429442,2.4068721023969397,0.01562907993793486,0.40632931636656755,0.01677361130714415,0.3030321862056963,-0.0629551410675048,0.05724486594231104,54,49,13,106,0.24177213527161015,3.5132197933984686,0.03762992342388768,0.3778492565301572,0.05330550670623775,0.2839184478248944,0.0323945994340465,0.2944294472716056,76,16,0.003131093401201851,0.4536047064213243,1.34661561284537,2.3550371837415165,0.026628121733665452,0.144269098953052,0.1473035812377929,1.8981050754639857,0.2730491757392882,1.857801847593373,0.009023335581878195,0.5335070767032881,0.00744825601577755,0.4017088377525494,-0.1257455945014953,0.04030322787061258,64,41,18,96,0.5171999005192364,1.6711349618219027,0.043443163658475364,0.41106557327126797,0.04930592328310007,0.4232006145798006,0.029191701865056485,0.2706252437169346,89,17,0.0021035126336434633,0.31068451169619754,-0.2535039473003904,3.2164729643637964,0.022504709661006924,0.157784726300357,0.0634687542915344,1.8010775110677857,0.1720179915428161,1.7555777271112027,-0.005456079263240099,0.4234091555244668,-6.835907697677612e-05,0.30695336747648594,-0.1085492372512817,0.045499783956582864,82,36,16,78,-0.539086839842292,1.7746437330548401,0.03595841896469671,0.36250406716926
Good,0.060190482520326175,0.8535529685733938,0.1438816205598412,1.344063639259604,0.05259226262569415,0.2840133104871978,0.032942548003047675,0.27723555610763306,73,17,0.0034018465824360035,0.45386465929459235,2.438331590173185,5.050725001954524,0.026612102985382,0.12919120215290492,0.1624627709388733,2.1971562670027174,0.311137855052948,2.149632946288629,-0.01056677550077437,0.5456294580736941,-0.014158278703689551,0.40129836851260947,-0.1486750841140747,0.047523320714088,105,40,13,55,0.8801401940277942,2.0852021131541822,0.045024073164427386,0.3951621866737747,0.04267188534140575,0.22527564310040035,0.02655663894023742,0.19224353433846514,84,20,0.0018188141728597178,0.24999105441407152,0.7497787189844631,8.581899736754893,0.02201867103576655,0.11341468128903259,0.131437599658966,1.7831041164204413,0.21725261211395253,1.6754712343001457,-0.00465330709703266,0.40543430800865216,-0.0035523567348718,0.33938818280979954,-0.0858150124549865,0.10763288212029559,87,42,16,73,0.19306061077478362,2.590458454435134,0.03349804223845533,0.2925988316853246,0.043951906263828125,0.3310264510095461,0.02698336273431775,0.26269548440519463,88,16,0.002149818943157805,0.2809190070366295,0.3756007326218702,2.7278280039509397,0.0231663659214974,0.16115917551706652,0.0631104707717895,1.6813103831618175,0.18917000293731678,1.6520141136117459,-0.013272936642169941,0.3929998731772574,-0.0090029761195182,0.28961872801148636,-0.1260595321655273,0.029296269550071603,100,35,13,60,-0.5080128140602285,1.7228729710332744,0.03427548024138657,0.35562635830220596
Good,0.06780597948306402,0.9452829448510071,0.161387564698234,1.4671896270732294,0.06893809139728535,0.4548810841440495,0.043325113365426625,0.33906880298777287,70,17,0.004708788913826285,0.6628934105286969,0.016631551725379445,22.52819578605456,0.03449052572250365,0.17728347324675323,0.1624627709388733,4.0480507145313585,0.311137855052948,4.034452789303311,0.005030008032917976,0.5681091759683696,-0.00208216905593865,0.412402860497607,-0.1486750841140747,0.013597925228048069,82,47,18,78,0.3808240035712509,4.252215239769849,0.054185259573515616,0.5832198339470606,0.05809068121016022,0.3739004104589723,0.03431486565008522,0.27890972735863445,76,19,0.0030829826644692077,0.44508328529933094,0.21019190535442211,9.736705784696616,0.0290474854409694,0.185437230271268,0.131437599658966,2.564674300304638,0.2551884055137633,2.5465277553201475,-0.0017440500261727686,0.5179868225457249,-0.0040333531796932,0.40978983534526514,-0.1237508058547973,0.01814654498449085,86,43,13,74,0.08216784244115528,2.692017363194535,0.04399911325349407,0.42044373817232034,0.03485231101512892,0.38951708874331253,0.022800728399306497,0.2267906799272741,80,20,0.0015968116257492893,0.2196640880839438,2.3925772108176897,0.00018057487207956413,0.01770139485597605,0.1557556366449121,0.1179306656122207,1.0909114991800801,0.243990197777748,1.0759120629589798,-0.006217395421117536,0.3810936285591348,-0.0057263076305389005,0.28915795593409244,-0.1260595321655273,0.01499943622110026,95,44,17,65,0.0953822493287769,0.9149573103464302,0.031070643958497957,0.272821799634076
Good,0.06393183982187488,0.89189979276639,0.15392513540573396,1.4281343770413848,0.06088101863861077,0.3033906541339568,0.03560961345210668,0.33162484337357434,75,16,0.0032932859360346304,0.46754707061273587,-0.1796233500008677,6.602916245170251,0.0301194190979003,0.1582920256173597,0.1094046831130981,2.6209548955930364,0.2089371681213378,2.6135210438085372,0.005600596964359284,0.4707398486673168,0.0019548833370208497,0.31419435825517683,-0.0995324850082397,0.007433851784499067,77,46,13,83,0.13428589351063447,2.424999165095848,0.04516287253109381,0.49593453750410205,0.053277949802577426,0.4464324563643888,0.0332029697448888,0.29794999062755084,90,19,0.003163273431272566,0.4502939360910087,0.5035598215649459,2.4871238094837906,0.02406619675457485,0.22680917786079074,0.1195892393589019,1.985056307729649,0.24334004521369917,1.9368509126133342,0.01160553980735129,0.5369562235396523,0.01549269258975975,0.4598942387901184,-0.1237508058547973,0.048205395116314886,54,40,17,106,-0.5085999776490112,1.5173984198505348,0.043057455723824946,0.40245738916442275,0.040457434952258946,0.4095953633480335,0.024523674719966908,0.22960545158025564,75,21,0.0017281518922258343,0.25534998874811454,1.7405529941873752,-0.3650516098694112,0.02031914889812465,0.16559657697207905,0.1179306656122207,1.096127563990513,0.24790619313716877,1.082313866315167,-0.0037687178701162278,0.42043830483441574,-0.005037762224674201,0.3488574870976735,-0.1299755275249481,0.013813697675346046,90,39,16,70,0.15458423511869623,0.7342571639947589,0.03275050258590387,0.28032413484407204
LegMomentum,0.31920758852621106,3.415686283773368,0.7552200808003543,5.265990185289268,0.26448650658130646,1.507414732039794,0.24335454672109327,3.0464454590413084,95,10,0.1919032515837338,30.556157582486435,0.6521987389901769,7.107987346320023,0.10149443149566649,0.35898818187070547,0.9714291095733644,23.330056933006784,1.6942451000213623,23.225215344218448,-0.0017352823168039475,2.6080985221337496,0.0453805327415466,0.6303921475027543,-0.722815990447998,0.1048415887883373,66,33,17,94,0.13151933140624172,2.788616408643052,0.3474058703843011,4.87380546199068,0.2298221439123153,1.0995162059573582,0.1466721211140975,1.4429040023117217,87,12,0.057005763454219885,8.949256709082595,-0.4017139963526648,8.861187386941857,0.1175199896097183,0.4724248911400454,0.3938833177089691,11.870767898420175,0.8160046637058258,11.855835765996918,0.015327716991305343,1.6224817960836264,0.02265927195549005,0.8443899503674088,-0.4221213459968567,0.0149321324232555,66,31,16,94,-0.37147284281613313,3.093623293712754,0.18872271963488338,2.513326387570831,0.13609546609222878,0.6149162383590916,0.08118896018975644,0.9314824431284717,91,12,0.01776410618969793,2.6977382567769443,-0.048621567121522435,3.038337353924044,0.0661758780479431,0.19410356185077743,0.1879028081893921,5.450787071210434,0.4942338466644287,5.327601684284081,-0.018686841684393586,1.035409867071892,-0.0017208643257618,0.4424248490727292,-0.3063310384750366,0.1231853869263527,80,40,16,80,-0.5686093038150614,1.9780262547251506,0.1040240335869395,1.275015554394185
LegMomentum,0.30020697497712845,3.668137678977049,0.7013783080503342,5.672884007259588,0.2140305191278457,1.8114072290869392,0.22882622395176436,2.9705115527413857,93,11,0.19046308418039462,29.82382407731305,1.3803223643404117,7.023407772084051,0.10220536589622484,0.7157810350521054,0.9714291095733644,23.183126588542095,1.790826141834259,22.891038750027416,-0.04485483057796956,3.041559759719519,-0.01042973995208735,1.286092256834042,-0.8193970322608948,0.2920878385146779,89,31,17,71,0.27523874286977307,2.6427158926202954,0.3431668597369273,4.53571805840795,0.17170125246047963,1.006323621525199,0.1355312789790332,1.5530059072123914,80,11,0.05091159408073783,7.982859319244857,-0.19065249349501023,6.960005526864274,0.08619125187396989,0.3037616838046836,0.3938833177089691,11.671731122641173,0.8160046637058258,11.636555343254459,-0.01708805905655026,1.5293895413081233,-0.0161322802305221,0.5394940428007446,-0.4221213459968567,0.03517577938671327,90,28,16,70,-0.04189233773820007,2.6666454296263606,0.17811802895731454,2.3756739991383884,0.0879778042435645,1.0561141918719779,0.07587057223281587,0.973933927022765,95,14,0.019447505938453548,2.9892025839394343,1.5950437171261385,3.9654461408359865,0.044028028845787,0.20939431772087935,0.2529905438423157,6.2705087400937005,0.6182186305522919,6.187249158854714,-0.0178859697887674,1.1019347062319458,-2.388656139374999e-05,0.4556489095023104,-0.3652280867099762,0.08325958123898682,80,40,15,80,-0.8000936289281009,2.065086789499234,0.10912935395940106,1.332269675081194
LegMomentum,0.2398850200029628,3.2017728080466252,0.5686019691079853,4.981308649506896,0.17255064845085138,1.5483252296676864,0.17299358680378643,2.4436048710248213,93,11,0.11842399730199343,18.678713411370765,3.0346983813190445,3.5135236311753166,0.08271428942680355,0.5675880683306177,0.9184888005256652,13.946844205267501,1.73788583278656,13.792861591075884,-0.0231354158371687,2.4439663230557658,0.01285007596015925,0.9812565211231603,-0.8193970322608948,0.15398261419161813,77,31,17,83,-0.09255558017849863,2.177974981203497,0.27192257656467583,3.564511470473906,0.15776585787534705,0.8130266191552515,0.1036348080076277,1.1322390833061384,68,11,0.029490341358127416,4.565604088046587,0.31872363935239445,8.478722019942195,0.06407600641250605,0.2683323738105745,0.357073962688446,9.250312959278107,0.7063334584236144,9.110778666723533,-0.021177905425429334,1.2807682348321476,-0.0482061058282852,0.6095162298289476,-0.3492594957351684,0.13953429255457372,101,27,17,59,0.07835832700020084,2.797128291518294,0.13452159694973936,1.7103323702402213,0.0988640747964381,1.0459204804720559,0.07856337415869344,1.0144049766711196,94,13,0.021275805569115187,3.308570773136217,2.341440490264329,1.7625625383630918,0.049026072025299045,0.3120323447884002,0.2529905438423157,5.380545675167161,0.671806275844574,5.208942336825186,-0.010953103424981242,1.2565740916189831,0.006335474550724,0.6968500192248172,-0.4188157320022583,0.17160333834197494,73,39,21,87,-1.2148528863509496,1.6794685954262867,0.1151533099219079,1.3151396600392469
LegMomentum,0.24219607659585077,3.183581262815413,0.5673977224528788,4.956434349076736,0.1489544659852981,1.4688669884397383,0.1638666832167655,2.314604581695472,93,11,0.11402884898033719,17.721164804982553,2.389458512690302,3.524807372383287,0.06685143709182739,0.5454540514131414,0.8658044338226318,13.067746924679314,1.5656960010528564,12.93956214417753,0.03865730687975882,2.466993995756376,0.058228462934494005,1.1009765968432865,-0.6998915672302246,0.1281847805017828,46,36,15,114,-0.09586387662599159,2.1848229570228166,0.2649763596670558,3.4110270344699045,0.16319968551397313,1.3493876440907593,0.10094024455291215,1.0635563090446454,77,14,0.026422098114751193,4.16007808150897,0.40436087390406605,11.46994262195658,0.07599881291389465,0.47900885461522724,0.357073962688446,9.416391097014799,0.6990351676940917,9.320798669123237,-0.0050879170186817636,1.2702406918236588,-0.01927499473094935,0.7415479304414558,-0.3419612050056457,0.09559242789156129,87,33,17,73,-0.027388413917957113,3.0240220856266475,0.1288084704513082,1.5957965617033778,0.08899825438857067,0.4250621847582028,0.07913453973829741,1.0968345731775242,98,12,0.024012142916525557,3.780224516542084,4.721135200046338,2.149741726011629,0.044796332716941806,0.22421671183732217,0.3179422616958618,5.6065402289251685,0.8221091032028198,5.534620502186374,-0.007153770327568065,1.219199661496701,0.019838944077491698,0.6352060182371361,-0.504166841506958,0.0719197267387951,68,38,17,92,-1.8087932279681258,1.8919225463241094,0.12268039119118228,1.5145219384176691
LegMomentum,0.3072330547774841,3.6556004908564557,0.7110087982565163,5.688389688811298,0.17674985527992237,2.2198699250164537,0.22512648412957778,2.8604041590849416,95,12,0.1862113539983909,29.536562536783975,1.0406045948598486,6.393543103674897,0.088051974773407,0.6449217687459212,0.957975685596466,21.574044423546283,1.706919252872467,21.43685838200802,0.02099045068025587,2.8132706551594326,0.05761426687240595,0.9910769496760119,-0.748943567276001,0.13718604153826294,57,38,14,103,-0.05671208708959517,2.6902778427765974,0.3415709136265956,4.649953844674461,0.17873793840408314,0.6635676856866283,0.12055080069112589,1.25566658328046,90,10,0.03891679598622042,6.056791044786837,0.43053435465208656,8.14989627095798,0.090935543179512,0.30105423695133926,0.3148121833801269,10.385911770332628,0.8128383457660674,10.226444771160129,-0.016490933066233997,1.3860190169785225,0.012511171400547,0.7039332164635823,-0.4980261623859405,0.1594669991724991,76,34,18,84,-0.6908936148225754,2.902048334748117,0.15557091971872852,2.033652460318805,0.09506338834762565,0.8434315375515439,0.09897181909298522,1.2588772660248535,103,12,0.035870291979476186,5.504247379111498,2.215591545829466,3.831477287394466,0.047423839569091755,0.355994009923997,0.373534083366394,8.167973829847174,0.877700924873352,7.950946939051039,-0.023491405136883265,1.4891000166733428,-0.0010723695158958,0.8096145946897808,-0.504166841506958,0.21702689079613494,82,38,15,78,-1.1541587388868704,2.1728705928221426,0.14833952681929896,1.8129612570198375
LegMomentum,0.3260498980853118,3.6003575560969217,0.7640441242605445,5.618077677965705,0.21376235783100123,1.2329170254660133,0.24356922241393475,3.156837031063267,87,10,0.2051637357164218,32.63528581142088,0.8108089599171451,9.237146971788873,0.10379090905189514,0.47649375844687036,0.957975685596466,26.508258245506806,1.810873031616211,26.352852915828894,-0.02108451239764691,2.684129647790815,0.00481116771697995,0.781702721236156,-0.8528973460197449,0.15540532967791076,79,29,15,81,0.01029446414491755,3.0049681199681104,0.35858951941065126,5.042889434170775,0.18866369500756258,0.7285511888400805,0.13561311134486456,1.4514950206259187,86,10,0.05134484461617064,8.060924342437007,0.21323098446550226,7.128723138730734,0.09417612850666049,0.2990668184925153,0.3148121833801269,11.144395634404852,0.8128383457660674,11.001794457451222,-0.014931315975263718,1.5323326745437138,0.00521604716777805,0.6764864025301227,-0.4980261623859405,0.1426011769536288,80,30,14,80,-0.6841369199722922,2.8263049738442585,0.179075427524262,2.390163366166153,0.11355065554380409,0.9076663174843205,0.10241740830242632,1.2328188567321743,96,10,0.03563542216811752,5.421264849307103,1.3125617774611618,5.584714914901012,0.056955240666866254,0.33410756808528397,0.373534083366394,8.706347098315389,0.8487698435783386,8.512462238737744,-0.028815314639359713,1.401615355631177,-0.00723437964916225,0.6571399440413398,-0.4752357602119446,0.19388485957764598,90,38,18,70,-0.7628797964175484,2.451400208688122,0.14688999519747803,1.8592308205723123
LegMomentum,0.26349797176459433,3.2544406990620307,0.6314545404911038,5.108860071723461,0.17488004267215723,1.597190320461003,0.20107764955610036,2.755442177141914,100,12,0.15014793009870972,23.286838484461036,1.5309927040946718,5.433343089736125,0.08394372463226316,0.4131982369840348,0.8300593495368958,19.187880300997964,1.6829566955566406,19.017604537802367,-0.049820583313703544,2.5221942112283684,0.00647598505020135,0.809194107684285,-0.8528973460197449,0.17027576319559876,79,33,17,81,-0.4362299956708484,2.4709064313894293,0.3032077823630362,4.114046043168105,0.14876201748847953,0.6334396571613705,0.10970630430849267,1.2275909011272952,78,11,0.034899128158497314,5.541310453179267,1.1943310291529539,5.581254454583945,0.0764298290014267,0.298414427933435,0.311527281999588,8.983552908817423,0.7825603187084198,8.89688494541398,-0.0046422186307609106,1.3073136535211185,-0.010985523462295501,0.6171280458579929,-0.4710330367088318,0.08666796340344302,84,33,16,76,-0.7258626183390717,2.570618935461839,0.14807920676778402,1.9576111627431356,0.10613772645592681,0.8851201292733518,0.09333859513630158,1.1479019960127708,101,13,0.030247924086306353,4.486999463947976,1.894533188377041,5.6865362722688175,0.055351436138153,0.3001180217588978,0.3413833379745483,7.641137453967961,0.8149275481700897,7.570463671996817,-0.03472502278164029,1.2793522069739742,-0.00620884448289865,0.6071393639868015,-0.4735442101955414,0.0706737819711441,88,33,14,72,-1.1432617905482816,2.429812559164911,0.1334557627100052,1.6882705335516572
LegMomentum,0.21977239672329082,2.8579173185156828,0.5205028305947779,4.376741987614391,0.16764332354068748,1.6667821503685336,0.15658318235538898,2.470687622719873,87,13,0.10765255933393718,17.051160785977373,3.866237308024684,4.151296777846458,0.08152294158935545,0.32440962805568757,0.9695366621017456,15.517002795607851,1.716905653476715,15.478152189735997,0.01746129319071769,2.209749115564069,0.0334147810935974,0.6234587453256919,-0.7473689913749695,0.03885060587185398,64,42,16,96,0.19982469166250896,2.225737833341563,0.25961355475038633,3.488290359508678,0.14796601235866547,0.6869597568515529,0.09538906438276167,0.939831190833504,77,12,0.02351195912988541,3.6729154764928853,0.5831719369833333,11.049632837072226,0.07601015269756314,0.20009361775533352,0.3065617084503174,8.862405283522577,0.7233029305934906,8.82250498060256,-0.005969773232936859,1.0889749929303343,-0.010985523462295501,0.5182660270196174,-0.4167412221431732,0.03990030292001811,85,43,20,75,-0.334756425066232,3.225628014798371,0.12145589054115632,1.5770380278437375,0.07980439811944953,0.6006915630939393,0.07099746543331999,0.8966725072070817,89,9,0.01941478009266805,3.015803278312475,4.598400886443023,3.6281818335564484,0.040413379669189405,0.30573091428411725,0.2182051092386245,5.715282842698062,0.6917493194341658,5.637624047550262,-0.012266390305012465,1.0780178791199875,-0.0026891380548477,0.6588700741973956,-0.4735442101955414,0.07765879514779972,82,37,17,78,-1.6692163209666506,2.185969045116769,0.10981412873459631,1.361499442016088
LegMomentum,0.2774284392022115,3.4948739906719504,0.648896384090185,5.442893744106754,0.17965778708457936,2.502104515126763,0.19812192365527154,2.8875371603752775,76,13,0.15671838900028093,24.154072884894255,1.8195676884290846,3.740712840404246,0.09192529320716859,0.5241164674691412,0.9695366621017456,17.324335553138354,1.652911126613617,17.29808092953,0.05535658597946167,2.720003639466737,0.044316202402114854,0.9311600010130143,-0.6833744645118713,0.02625462360835747,58,34,14,102,0.5116361138625846,2.166641322891085,0.30900064767817825,4.0933669620719275,0.18738826364278793,1.6430005982666334,0.1238370351470075,1.367529477276136,83,14,0.04176622041321642,6.4981569703018724,0.04703908595799877,7.49368508360571,0.0915548503398895,0.45036263814145666,0.4232189953327179,10.677499835666174,0.8744801878929138,10.57908724547229,-0.004972542263567447,1.533005442970398,0.00146059691905975,0.7037147762610956,-0.4512611925601959,0.09841259019388293,79,39,16,81,-0.1353396633919763,2.6451144014015933,0.16199747364035932,2.036676528593828,0.10697779059410081,0.7000563561119695,0.07779425331274974,0.8928586034198186,89,13,0.020162005196341603,3.160743814582584,2.985187331778449,5.19077730247502,0.049888141453266054,0.21645145805175592,0.2182051092386245,6.229416529216337,0.6355029493570327,6.121960188840043,0.000854474399238822,1.1898846616696188,0.01497860997915265,0.6399898345990201,-0.4172978401184082,0.10745634037629428,71,40,18,89,-1.4265881522345278,2.381609378087222,0.11260449233624716,1.3209535595568687
LegMomentum,0.3132322788947975,3.549915118424068,0.7378821180760858,5.526799802992116,0.24112902581691736,1.705840049999921,0.235394429238513,3.149332063620202,89,12,0.200045048809667,31.89705496746223,1.3835961300430935,8.313701892791732,0.11759257316589355,0.4339181294538932,1.1337813138961792,25.122075443648686,1.8880617022514343,25.00953249819971,-0.008591107279062274,2.8147486151268093,0.0037942230701446004,0.7667727613217046,-0.7542803883552551,0.11254294544897529,74,26,17,86,0.4698791539488011,2.864172503376115,0.3545986813098411,4.896350191837175,0.18352864682674402,1.1568544093169895,0.12390595118980849,1.2911396884534108,84,13,0.042330590814420976,6.625199587576922,-0.026500936137602515,7.151992196210852,0.09341098368167886,0.4326729549326554,0.4232189953327179,9.267494772594189,0.8744801878929138,9.153557820694607,0.008344223070889705,1.48288041764122,0.0194687992334365,0.7177162772851504,-0.4512611925601959,0.1139369518995822,69,33,17,91,-0.23315654663708107,2.7893172502866057,0.16295075677159052,2.1038691153570177,0.14279972016811363,0.49642622029772526,0.10583737579639996,1.2189765074007475,103,10,0.03367996151685732,5.1737002876009885,0.9488866808229828,6.946584903487121,0.067680224776268,0.21301536704181678,0.2186673283576965,9.317054638950069,0.6430279612541198,9.30325061783744,-0.026525582745671274,1.229170770224088,0.00492401421070095,0.5196864459691898,-0.4243606328964233,0.01380402111262863,76,35,16,84,-1.1439331645096127,2.723690780516893,0.14308855298559112,1.9138546196688278
LegMomentum,0.25788378750386165,3.189706119346498,0.6098646084964274,4.9809104980565495,0.19632640480995175,1.4853818751036685,0.20398331290576605,2.8052418366320975,97,12,0.1580298201464599,24.213803721940558,2.8516087424893444,6.532163118269471,0.0867905914783478,0.41125041086833236,1.1337813138961792,20.366783279989384,1.910815417766571,20.229403299977616,-0.06210492141544819,2.55836136528806,-0.00644618272781365,0.7503890156412456,-0.7770341038703918,0.13737998001176802,83,31,15,77,0.2784051053015756,2.595484647599942,0.30904456754988274,4.2034022941590985,0.14256019145250312,0.9900672283426961,0.09489351877011354,1.062197023534854,78,14,0.024352301636055698,3.8314988030802,0.4101321308672006,5.590905066271635,0.07360736280679694,0.2511618569311608,0.3699882626533508,7.328844573219887,0.7050289213657379,7.274770000060013,0.003747870400547985,1.1848550660974402,-0.0036831349134444497,0.5239530333782758,-0.3350406587123871,0.054074573159874365,81,36,17,79,-0.1264729757988333,2.427932219021458,0.12370035611565607,1.5580812801081436,0.08625812083482734,0.5475061814738409,0.09583403543452731,1.2106711580959073,111,12,0.031802906346635115,4.687910146258045,1.2966885222056677,5.637588906005291,0.04409357905387875,0.2392087906055607,0.2638826370239258,8.650812566227739,0.6882432699203491,8.588031892212754,-0.03728890204802156,1.2376940666710496,-0.0045085102319717,0.5217911195677696,-0.4243606328964233,0.06278067401498488,84,32,16,76,-1.142550298729077,2.4380003107608017,0.13639142432585424,1.7765200656298048
LegMomentum,0.218043626316721,3.134864381736039,0.5139332458376882,4.92183321145179,0.15789732336997978,2.0325697704240313,0.1565452279988676,2.4599058337696293,90,14,0.11616871685400643,18.490202809286174,5.19241573292345,4.018025205177887,0.08350744843482974,0.41355660312924325,1.1122111082077026,15.422995522455246,1.8892452120780945,15.371280578705647,0.00809645764529705,2.3870940484256824,0.024477332830429,0.6817953161200313,-0.7770341038703918,0.05171494374959814,66,39,18,94,0.4866859531667522,2.2159514300065655,0.2701779435198789,3.576588432187419,0.14668660610914222,0.9493915520696485,0.09639305529184634,1.052457076919855,72,13,0.02767537239511818,4.3392259202550685,1.7383756853452255,4.513956788078629,0.07084371149539939,0.4113611912596947,0.3741367161273956,7.259804527348254,0.8801544606685638,7.140544030349371,-0.009282526466995466,1.363258662853412,-0.02123340964317315,0.828603253932096,-0.5060177445411682,0.11926049699888262,92,41,14,68,-0.35659058722240483,2.2768118443876295,0.13160238360456625,1.5750402339020408,0.06152233481407157,0.5445039942492605,0.0664892626565415,0.9594178571435623,93,10,0.019911983241439172,3.1258084077969657,3.8701885063808383,1.9081307449842786,0.0303670316934585,0.24940188061117394,0.3551328182220459,5.168781062391759,0.7560314834117889,5.124364303144013,-0.006331061292439705,1.171480500172696,0.0022139698266982503,0.6568243134157835,-0.400898665189743,0.04441675924774633,75,40,14,85,-0.9033790749918595,1.814767299915029,0.11172701317504738,1.3241759118455887
LegMomentum,0.28548675478615265,3.8079346078954255,0.6693372073769568,6.044462836016298,0.17061142623424522,2.626267105429063,0.19564955842215567,3.0730081154551625,69,14,0.16971062432992748,25.961271455363036,2.847706521328881,3.8421442009365876,0.0864043235778808,0.3888408618928558,1.1122111082077026,18.200770750293206,1.8911596536636353,18.128989672431867,0.06512760929763316,2.789257159868711,0.04059138894081115,0.775749412267537,-0.7789485454559326,0.0717810778613387,56,39,17,104,0.7262230681320339,2.14427436233341,0.32010616904396666,4.263955434978675,0.1885337010025977,0.9062465702615403,0.1309810227830894,1.3979665625363418,78,11,0.04736027136624046,7.490934453728139,0.25029582323866695,6.577293494003989,0.09772731363773345,0.3556217437495635,0.3741367161273956,10.179221208159172,0.8801544606685638,10.11005947608438,-0.008765972685068837,1.6945185091726822,-0.0167416483163833,0.8965234619915077,-0.5060177445411682,0.06916173207479111,87,35,17,73,-0.35832531386176397,2.597168916426585,0.17236301410316238,2.149311860991636,0.09222344309091557,0.7811717705946621,0.08656814848305652,1.1586480116139544,82,11,0.032191131325900034,5.0473295791120645,4.705000754478977,2.63009835356241,0.0487926304340362,0.40465768397977403,0.5844069719314575,7.236262269353986,1.0961703062057495,7.110998104703461,0.0049995276145637,1.5606871669749056,0.00819841027259825,0.9954887920912425,-0.511763334274292,0.12526416465052465,74,39,16,86,-0.43436334551815226,1.8731379824923726,0.14220000726169602,1.6160399580307125
LegMomentum,0.3234038692857063,4.038978242627426,0.7728620809316633,6.3509518705293235,0.2500786483287811,1.9996203773964873,0.23918412625789642,3.405989946158385,84,12,0.21554765371218734,34.3472209285086,1.9038346484258248,7.51668817506882,0.1052737832069397,0.40938427767359253,1.2782257795333862,25.676289218938628,2.065635919570923,25.58149201063113,-0.001275345683097845,3.007691711197985,0.0059628188610076505,0.7418969186470151,-0.7874101400375366,0.09479720830749729,77,28,15,83,0.6337526030572267,2.6889714556097664,0.3681887088802751,5.030011083377404,0.18127685785293562,1.2806301014757095,0.13072975593386213,1.4032985804205362,87,14,0.045680591066812284,7.189565085757653,-0.030831312239237185,6.277948334999442,0.0918576419353485,0.34460744846295344,0.3476945459842682,10.128914657582783,0.8067943453788757,10.03762281085347,0.015124774537980556,1.6237036172197827,0.027173668146133402,0.7760165429617596,-0.4590997993946075,0.09129184672931272,71,33,14,89,-0.5126673835694828,2.5675697889320412,0.1688186421847863,2.13381153084921,0.133047092705965,1.6260104937833497,0.11169049341231582,1.4082998432787799,92,15,0.04323620942706692,6.6858171997814075,2.199976414535519,3.7137460207952335,0.06773488968610761,0.5390687496351996,0.5844069719314575,9.150184930436726,1.0961703062057495,9.024305534804574,-0.025750596821308126,1.7195565421115548,-0.01560246944427485,0.9031956796694887,-0.511763334274292,0.12587939563215264,86,30,15,74,-0.42288546811470845,2.0011633123462778,0.16286595995160172,1.9310469953532359
LegMomentum,0.2537263651290754,3.4226493638905806,0.6053576298430561,5.302003360248749,0.15408538281917566,1.90163652987408,0.19596596296876667,2.877925092529005,94,11,0.16221735409335872,25.091869969658323,3.6663802454158603,5.005675873333798,0.0818757712841033,0.42837662824743594,1.2782257795333862,18.734493116020243,2.065635919570923,18.569316115499483,-0.05377729088068008,2.6552633659030365,-0.013509988784790001,0.7371165821919998,-0.7874101400375366,0.1651770005207585,87,34,14,73,0.4565360779460507,2.3961600605482487,0.3148226603431582,4.247522386915883,0.1504953205585479,1.3087773415626147,0.09703700139652935,1.0667603557126633,80,17,0.025682441855328593,3.9625528629869184,0.29783498991980606,4.895413200384115,0.0750128328800201,0.35379852329155553,0.2611556053161621,6.838469343724601,0.598065972328186,6.7381294856687495,0.019686331436969337,1.2889664887834917,0.0208489671349525,0.6123632749657444,-0.3369103670120239,0.10033985805585086,72,34,16,88,-0.420067199416161,2.25880350251361,0.12554875577685404,1.516943721362159,0.0986622720956801,1.2219918978865536,0.08863449991331432,1.1220236110513242,99,14,0.028427202866407094,4.185166131858398,2.0228618471781354,3.514057098296381,0.0493647158145904,0.36165260877311817,0.2640477418899536,6.8657762025139535,0.7037465870380402,6.713031086279623,-0.03531630849465727,1.357773505562221,-0.01194979995489115,0.6301540131779754,-0.4396988451480865,0.15274511623433049,93,33,17,67,-1.1269515194073978,1.97254296318527,0.1289327654569114,1.5302343740263042
LegMomentum,0.2116580887839526,2.8459714162547054,0.4983607916906474,4.4176142535386465,0.17459546029567713,0.9981463610502082,0.15672401951160278,2.2806615268508468,93,11,0.10564274450635278,16.77531303597696,3.7496552602934914,4.701361443071646,0.08195391297340394,0.402756599535698,0.9954503178596495,14.705095544201228,1.776181161403656,14.544286150688604,0.014363372698426247,2.130590171809514,0.030780017375946,0.7842347108716768,-0.7807308435440063,0.16080939351262308,60,39,16,100,-0.2257720757583373,2.427288289261934,0.25736039648064696,3.4979849278928667,0.149713635444641,0.6368818802777083,0.08772748134768331,0.7730973534419947,73,13,0.019758961402444576,3.081182020094063,0.6285780197877466,10.60705817768397,0.07537071406841275,0.32782400060370104,0.2226682007312774,7.3760087542238075,0.6202389895915984,7.211068755168262,-0.010895294672809537,1.1935819166475488,-0.016996294260025,0.8330136798917595,-0.397570788860321,0.16493999905554527,90,33,15,70,-0.42763747114426814,3.098556471808181,0.1109394687036451,1.2870680744801446,0.07544960081577295,1.0245502052854616,0.0625379678152967,0.8563649744370863,81,15,0.016430527265018428,2.565184817435701,5.071757141932773,3.5790698485548695,0.03670479357242585,0.3847488780195971,0.2411260604858398,5.641342514035292,0.6620094478130341,5.579241401566953,-0.009093070868402721,1.093442165081583,-0.00779800117015835,0.6393597483748834,-0.4208833873271942,0.06210111246833972,89,38,14,71,-1.2711367954516817,1.927950984886542,0.10124456026853258,1.170285883473521
LegMomentum,0.2916138671840158,3.5640978274686237,0.6730664298683404,5.461706967204227,0.17358723282814012,1.3643972058754912,0.20809689898043873,3.0458630651481498,84,12,0.17885252357937106,27.40587472692494,1.813219406715044,4.740969506373881,0.08183225989341734,0.5367526772190916,1.002638816833496,17.73507101357097,1.7436060905456543,17.672421616316328,0.06574952825903892,2.731287679707577,0.0877868831157684,0.831145904898102,-0.7409672737121582,0.0626493972546422,45,33,18,115,-0.009688281699401426,2.3785585892755776,0.32883989225447213,4.46608803513797,0.1827350184321402,0.9521815958358311,0.11436961227736897,1.0162136962591208,85,14,0.03425545443520784,5.174664080705231,0.28094061466740294,12.278084316783294,0.0929477512836456,0.4565593533825363,0.3552941083908081,10.187565969931327,0.7931846082210541,10.05583138421273,-0.029030231339856976,1.455302187461462,-0.0198246985673904,0.9096347535328739,-0.4378904998302459,0.1317345857185966,89,36,18,71,-0.5557796619820422,3.3189075925827822,0.14386193482706064,1.748359123256751,0.09731543809175483,0.9512573140785985,0.08074375290307212,0.9116592494552274,79,17,0.02169043394474982,3.416898535242183,1.5311816448961082,5.117394009725672,0.0483489558100699,0.33368240797380366,0.3602572679519653,6.187895278746552,0.6846789121627807,6.11487022500817,0.001517423894256352,1.2751171000351889,-0.00171767175197595,0.7217466929299144,-0.3244216442108154,0.07302505373838182,81,39,17,79,-0.33804559691835506,2.311645645624644,0.11678812139215272,1.3382731098098146
LegMomentum,0.3474405181676039,3.7317655459891497,0.8044677256792782,5.724803881089853,0.26484438776969904,1.881897627490285,0.271568745560944,3.3093633923861883,90,12,0.24143375477826845,38.43782722298798,0.6514523222726254,8.263035861664974,0.1195922195911407,0.5393904273983771,1.0104553699493408,25.94577603369285,1.8103059530258179,25.845157081544727,-0.0027531340718269432,2.906057528713971,0.0287794768810272,0.9159161756387637,-0.799850583076477,0.10061895214812441,70,32,17,90,0.13327612110333542,2.9890679452275353,0.3896633179717847,5.4765552003785025,0.20414071530103678,0.9071279861904413,0.12671560642716936,1.179613061706928,89,11,0.042495016031059894,6.683402420283391,0.031183147807552825,11.081793172038939,0.0998180434107781,0.40891734469296204,0.3552941083908081,10.954388645923233,0.7931846082210541,10.869410906220379,-0.0042517758440226315,1.5031980880837303,0.0191561356186866,0.9068410974134888,-0.4378904998302459,0.08497773970285442,73,40,16,87,-0.49709664602445053,3.3433899439923414,0.1634265397154195,2.103282655342551,0.12857730500400058,0.8781229110010977,0.10564588665496558,1.2324108089780086,91,10,0.03604436953473569,5.411152289428661,0.8704457677120296,7.132778521967547,0.0644045621156692,0.30278382150485766,0.3602572679519653,9.19318210214062,0.8311091661453247,9.10843411051693,-0.033815859630703916,1.3155482642921512,-0.01232307404279705,0.6245749839212404,-0.4708518981933594,0.08474799162368916,94,37,16,66,-0.5454468963288107,2.7260287339039095,0.1466925715143945,1.9184590310315646
LegMomentum,0.3198642342343782,3.7269657896477355,0.7483454708755015,5.7435566195793335,0.20651392638683305,2.386342307011211,0.24895338422618804,3.2440505744498087,86,12,0.2263345011447767,35.831082099724405,1.3886017994446984,8.061084968745586,0.09948122501373285,0.4082951998856885,1.1051461696624756,26.52848466150528,1.9049967527389526,26.41003215236218,-0.0276546735316515,3.0097038667733007,-0.00759252905845635,0.7338105527828814,-0.799850583076477,0.11845250914310078,83,30,18,77,0.4978480161481725,2.829577018287645,0.3762700518869553,5.174240498281295,0.1548087373375892,0.99542148816758,0.1132228072825819,1.1505014569986114,84,13,0.036856476180129036,5.682929206313303,0.14368996132302447,9.505917012377532,0.0804433152079581,0.3993916518246857,0.3036088645458221,10.259517917729436,0.7590092718601226,10.194385125727031,-0.02082624677568673,1.4505417544089212,-0.0146504342555999,0.8143256971819928,-0.4554004073143005,0.06513279200240524,92,41,18,68,-0.26110400424513575,3.0178089580752245,0.15081018952885664,1.8917869396498093,0.11958852410316452,0.9299222907690622,0.10822224482893941,1.3058186550829163,96,13,0.0382861656606522,5.7534586752411085,0.8378951615674102,7.0268381551448496,0.05349740386009215,0.2635535931836502,0.2878800928592682,9.258241277529681,0.7587319910526276,9.223959517626897,-0.03479651110246777,1.283310998397111,-0.00675295293331145,0.48007520937616427,-0.4708518981933594,0.03428175990278358,86,34,15,74,-0.7464846066143462,2.730421200784717,0.15119833732739762,2.0264677536625446
LegMomentum,0.260982537565981,3.610923102172294,0.61138454740867,5.487276626989313,0.1639134883880614,1.7514931830805507,0.20824714685324577,2.8650924369935478,107,11,0.16959606676791975,26.608249661675814,2.6635682171862696,5.577216647578782,0.0850243866443634,0.6257194868530219,1.1051461696624756,20.272095873629944,1.9851297736167908,20.088681365442984,-0.037041210755705836,2.970839402986187,0.017859607934951748,1.222255473026769,-0.8799836039543152,0.18341450818696012,72,30,22,88,-0.004170472891701649,2.44970475646033,0.3244742091262833,4.216913907508722,0.13535878248512734,0.8985858959485035,0.09158122328808527,0.9782639031323186,80,14,0.024201653826137214,3.7902968465530726,1.2637581057137908,6.726362243337833,0.067265048623085,0.32260375511032746,0.3555435538291931,7.895383391960093,0.8109439611434937,7.763734089221038,-0.006881146377418182,1.2023689910993827,-0.00711767375469205,0.6225865148377915,-0.4554004073143005,0.13164930273905434,88,37,19,72,-0.4201748024349837,2.5810327266126607,0.12318083435776453,1.5312105197508687,0.0857937484979628,0.850053788266335,0.09760601845337075,1.2445743824844564,110,12,0.03343906995492608,5.0877831325735166,1.9092987656006573,5.74041484798404,0.03718495368957525,0.28819983571566843,0.2878800928592682,8.410235220603143,0.7618566453456879,8.357031593173831,-0.028855433035641913,1.3140682329037439,0.00979779660701745,0.5173229202475057,-0.4739765524864197,0.05320362742931141,71,36,19,89,-1.2923346738568255,2.456984502419545,0.142102036884403,1.8333051605902244
LegMomentum,0.245554467207173,3.099666018774121,0.562047141101211,4.847467614628745,0.17761327326297752,1.3974929243625185,0.1697572739049792,2.4207496507200106,91,10,0.12162299333331723,19.077916205539942,3.2231957233217425,5.20591332117818,0.0886481404304504,0.3710233352295012,0.8042950630187988,16.67347759503745,1.684278666973114,16.481142389291367,0.02778639495372772,2.379375155869903,0.0496882200241088,0.8524930237460693,-0.8799836039543152,0.19233520574608487,57,36,15,103,-0.8291711896683159,2.453779656971239,0.27516451264684333,3.6628527233795545,0.1525653414428233,0.914523948841171,0.10372949064345445,1.0776771852234441,83,13,0.030634275212680463,4.829090311320581,0.69024897165718,11.915041101673982,0.07675334066152564,0.4331168572083457,0.3887206017971039,10.333514780071745,0.8064188361167908,10.27337407270721,0.0021223910502158076,1.2745270928828143,0.005621224641799901,0.7577698014452983,-0.4176982343196869,0.06014070736453529,77,34,15,83,-0.11975747039518388,3.2477305602708344,0.13878871309356827,1.7901594903327085,0.08184499293565738,0.883390606913649,0.07313033853890372,1.0473139155656197,102,14,0.02232799914871256,3.4800510389813843,4.99705848799703,2.2862930761669373,0.03820627927780145,0.2588325040411187,0.3400387763977051,5.358275684446765,0.8140153288841248,5.24796105030454,-0.013277829345315698,1.1935653658760288,0.0053692609071730995,0.5516144780662133,-0.4739765524864197,0.11031463414222509,74,38,14,86,-1.675047213533937,1.8735200921976847,0.11775125136622316,1.4336850269018664
LegMomentum,0.32294726959881237,4.308998104369234,0.7176903998851774,6.626516823152105,0.18879792094230646,3.1167921014403337,0.22352540247142313,3.289202712316798,84,16,0.2147887199339683,33.33248353312718,2.5743447094205134,3.374137134816629,0.09362381696701044,0.9093564408372634,1.4248604774475098,20.244652349354265,2.239349067211151,20.199803549454593,0.05550107806921004,3.4191152971086116,0.05861601233482355,1.391385901821506,-0.8144885897636414,0.04484879989967024,47,36,15,113,0.4486908671502695,2.053497560758399,0.3633008425265675,4.652110716460333,0.19243349879980073,1.007922996661863,0.1258127874694764,1.2674989865519795,85,12,0.04509917461256895,6.987669349438181,0.8351407816843306,5.800801433199476,0.09438646584749215,0.4683259659162511,0.4285967946052551,9.354962382549813,1.0100155472755432,9.226627198136987,-0.02296596318483353,1.7326544807428406,-0.0041084587574005,1.0647889501558883,-0.5814187526702881,0.12833518441282593,83,34,18,77,-0.32993145852640476,2.5376558188709373,0.16683377383920925,1.9963911940799424,0.0851467102766036,1.1389825199116037,0.08744502694811669,1.1881912465403306,99,14,0.030409785132049044,4.741275535934697,3.208882469119845,1.5445852088706387,0.0431749522686004,0.3651883679343697,0.3443785011768341,5.885457626471621,0.8703136742115021,5.760739397042998,-0.01572009660303593,1.4747470453006528,0.00208419561386105,0.7885359350952232,-0.525935173034668,0.1247182294286236,79,36,20,81,-1.178826884147489,1.6992492752430077,0.13739350554652002,1.6019977179483404
LegMomentum,0.3569493441472373,4.443045867455442,0.8037824429571627,6.831765920853699,0.2957559376955032,3.472849080129789,0.2777762851584703,3.683269223056243,98,13,0.2780050284703345,44.37489878319413,1.704656700972711,6.991020886327782,0.11562031507492065,0.7790675614288425,1.4248604774475098,25.36826812596014,2.250296115875244,25.23101154137031,0.0032337825745343994,3.531447960171988,0.045693993568420396,1.3224389580153417,-0.8254356384277344,0.1372565845898289,62,31,17,98,0.6179470608123554,2.734206499270458,0.41813324041066346,5.648342596531413,0.16287836432456962,1.346114792377659,0.12326301690773105,1.2275403297493437,90,15,0.04328817708926852,6.825130879129872,1.3777313319272553,9.019550280709543,0.08213675767183305,0.6534073474020252,0.4285967946052551,10.550609857328412,1.0100155472755432,10.366861583133371,-0.002975003840401777,1.717283130137617,0.02480556070804595,1.1575735904883817,-0.5814187526702881,0.183748274195041,70,36,17,90,-0.888286810657542,2.882766035707837,0.16497382306687491,1.9687736106710243,0.09699128568172444,1.2020540485187083,0.10840163714601656,1.30251448593836,110,13,0.04351091006086753,6.464366004422677,2.6091076865681293,6.5965940464949355,0.0495735704898834,0.3681492103685632,0.3443785011768341,9.40885878970529,0.9594427049160004,9.277794054249114,-0.04227851093746722,1.5830348305440924,-0.0072904676198959,0.8031670122959889,-0.6150642037391663,0.1310647354561759,88,35,15,72,-1.4389232284812892,2.6153015428296453,0.15989570909540438,1.9895644572888092
LegMomentum,0.333127931079444,3.9249439697910757,0.7645249056071041,5.95114802457339,0.2689502090215682,1.268642717906483,0.266785313533619,3.681478939986982,91,11,0.2525066079898986,40.24541556713794,1.2648430165053162,8.907054883039963,0.11868956685066226,0.40759547746203706,1.206346035003662,29.402870471223846,2.0580866932868958,29.222694007849135,-0.019114171713590627,3.084235386638951,0.0121232867240905,0.7006327236174019,-0.8517406582832336,0.1801764633747101,76,30,15,84,0.4165573916251366,2.8747635464688654,0.39804715555594494,5.543726873407638,0.1645368263125419,1.3515160467782663,0.12057009830721652,1.3229562851693626,83,13,0.040338123350181956,6.350503847811902,0.4076355330669066,8.022270601512462,0.08649116754531866,0.33922074656770856,0.3416264951229095,10.642909481785164,0.86390420794487,10.57246185011724,-0.007200796809047465,1.446740582271296,0.006959781050682,0.6416782815412205,-0.5222777128219604,0.07044763166792521,78,38,15,82,-0.5922388307169429,2.8172005179833386,0.15911540250678638,2.0633578301935938,0.10344379767775527,0.9434795485321854,0.09706449784571301,1.1997463515956055,108,12,0.03528481952262989,5.26036586689746,3.467540705194276,4.719596259582283,0.05182275921106335,0.3881765640439979,0.2430861592292785,8.10727484037311,0.8581503629684448,7.9605720195398275,-0.036355666583403945,1.4201720556631423,-0.00735870003700255,0.7532688802507604,-0.6150642037391663,0.14670282083328226,87,39,16,73,-1.6704046826571646,2.3343746208927536,0.14443567115957115,1.8009656296584298
LegMomentum,0.2557059336379389,3.658035390563687,0.5918732079118488,5.511984223035979,0.14231145381927482,2.9939041107664206,0.2094922973401844,2.990748331937646,109,13,0.18094684630326272,28.201057104533117,2.576113423464272,6.7782639611786735,0.06653341650962824,0.48422480364276804,1.0776444673538208,22.145544763244793,2.021717846393585,22.024593043021905,-0.04606526643037796,3.0902916184137785,0.01239904761314385,1.206166030995134,-0.9440733790397644,0.12095172022288905,70,38,19,90,-0.2185987495655648,2.5515558790352992,0.33416716363379656,4.318698278149871,0.1275965869426726,0.5961792338957672,0.09466639590100381,1.032903959434072,70,10,0.026554770552137306,4.164910460554562,0.9493845738171358,6.428311143932701,0.0632376819849014,0.2909277670980831,0.3416264951229095,7.410835949764861,0.7400366961956023,7.373902819065452,-0.011735934345051642,1.1789187017976652,-0.0267904549837112,0.5693945563939984,-0.3984102010726928,0.03693313069940916,95,35,13,65,-0.1458840387012738,2.685088205798402,0.12869543566064698,1.6658514805066722,0.07333811372518532,0.814431477142235,0.08125316591816951,0.9894707650041492,111,14,0.025245681653078025,3.6910535178918953,2.626378456091767,4.5823222945277555,0.0370487943291663,0.28356856777050343,0.2430861592292785,6.623059036598717,0.6560985445976256,6.568635760880403,-0.03292395481839776,1.242773902824535,-0.00115171074867245,0.6583159109730966,-0.4130123853683471,0.05442327571831508,82,41,15,78,-1.5509137640214885,2.2855622432447467,0.12160173878386873,1.4651165634003898
LegMomentum,0.2317819695588661,3.0206710438431243,0.535430590584874,4.588700250575906,0.12130638957023608,0.8942349934892077,0.15833407139405606,2.5490945903940516,98,10,0.12206339972499841,19.356410888977813,3.983312695565229,3.989571799915267,0.061300486326217596,0.3470007283514963,0.7496198415756226,14.827257605618163,1.693693220615387,14.764504826180502,0.019255057722330094,2.1565209517383708,0.047710567712783744,0.612842765639083,-0.9440733790397644,0.0627527794376603,49,38,12,111,-1.0628519946333972,2.327873405636058,0.2763988869999776,3.8348178931588457,0.16040414571762074,1.0723846203793141,0.09848086618119847,1.0021565754557653,74,14,0.02758971722357584,4.100571289375303,0.8589124530925081,11.329238613299493,0.0763437300920486,0.32409050920253496,0.3564212322235107,9.267203573816458,0.7658058106899261,9.193085756092179,-0.02610758217051625,1.2019665138486346,-0.03116379678249355,0.6564991924624795,-0.4093845784664154,0.07411781772427815,96,34,14,64,-0.38814111342027574,3.2102455494155735,0.1290973692026241,1.6296772039155063,0.0696550626307725,0.5039867899233634,0.07048895287676711,0.8927625347547182,98,12,0.01953742948726542,2.924573519905599,3.441937179583893,1.3989934180815098,0.03488858044147485,0.19145580787925398,0.3080614805221557,4.5138221460774295,0.704177975654602,4.423248840972754,-0.011098453914746646,1.2302127849889002,0.0079001188278198,0.7155421087457217,-0.3961164951324463,0.09057330510467558,72,43,15,88,-1.1028910307558693,1.6781410350237635,0.11028935185374938,1.187918357276902
LegMomentum,0.31146632874734365,3.9608387865754424,0.7179876910895107,6.1481324367065096,0.1874084323644637,2.8815624927806684,0.21809657514095301,2.9321332437516814,90,14,0.1887732626124253,29.256656588716783,1.7763161364177495,4.865547966254981,0.09407469630241386,0.589855008740594,1.15785014629364,18.868028497141978,2.0091956853866577,18.656860608060843,0.049560439586639395,3.1436485068852704,0.0736973881721496,1.193457213058057,-0.8513455390930176,0.21116788908113604,49,31,14,111,0.07376491977074578,2.3835262733671088,0.34095987622182516,4.401605463223026,0.21155806630849833,1.0680635127829379,0.12689257403835655,1.2090041174839847,86,13,0.04082019350231313,6.25107215002512,-0.058524028215049206,14.49066492103212,0.104759320616722,0.33611725346389454,0.3564212322235107,12.242046413456261,0.7658058106899261,12.172652490989371,-0.01872129365801812,1.453229600937287,-0.00014077126979829995,0.6752856800379117,-0.4093845784664154,0.06939392246688976,80,35,12,80,-0.5218584513453214,3.550991804916103,0.15912380877309437,2.0345013828908485,0.09817775338888163,0.8849469270109933,0.0927401246700901,1.1334762919217791,94,12,0.029958742616992832,4.569810231107146,1.7322312715679384,0.829605099531113,0.0469352155923843,0.4546562941180131,0.3638758361339569,5.97569340692125,0.7982166707515717,5.935287122871016,-0.010686190379783512,1.5512543288839515,0.005230650305747949,0.9944032929786922,-0.4343408346176147,0.04040628405023367,72,36,14,88,-0.5550670018129655,1.4027497678061738,0.1368468619238401,1.470856974088897
LegMomentum,0.3360888461015722,3.821983373345409,0.7738222341984509,5.8733010403502295,0.24992968142032615,1.58338906495585,0.25616979214828456,3.4086468806395747,95,10,0.22831841572653422,36.304045945683114,1.186634224543674,9.22129242809771,0.13078454136848444,0.4574312570389246,1.15785014629364,27.95528966067271,2.000614821910858,27.877890839065284,-0.01674667336046697,2.9573865608197334,0.017228633165359452,0.7229724556585332,-0.842764675617218,0.07739882160742811,74,29,15,86,0.2361586648057252,2.9218872031712055,0.37856871630720124,5.249562903286897,0.19419120252132407,1.081202548224717,0.12450629816565192,1.1880488560890894,81,13,0.03909263144468956,6.149381655343686,-0.013003278574724497,11.269930980482126,0.1017343699932098,0.42839030394453,0.3091307282447815,11.303165019396472,0.7375341653823853,11.189982517777128,-0.004629346868023275,1.3651615124998782,-0.0016283243894576502,0.7155118183063979,-0.4284034371376037,0.11318250161934364,82,34,18,78,-0.5903571024938584,3.332648432808293,0.15673223988502685,2.070197019641544,0.12585706263780583,1.5683122040889983,0.11093627556459977,1.4175365331726337,106,15,0.04253490550013776,6.366167754929899,2.2671806007639876,6.466368083062452,0.053571559488773304,0.3418666104832564,0.3638758361339569,10.413165251022107,0.95637246966362,10.321480900511053,-0.03914914214983582,1.5507529670306177,-0.0015251711010933,0.6620502218042084,-0.5924966335296631,0.09168435051105323,80,29,17,80,-1.1095235478011476,2.406092661001896,0.15877411067423908,1.9903097724162528
LegMomentum,0.2903219940529141,3.451573015859023,0.6801821391284464,5.347666606961615,0.20417284965515128,1.2693474758799463,0.21933045411482452,2.8650320874380975,101,12,0.17134039735962625,26.248655968942703,1.4398628956207968,6.913626160516397,0.11303180456161491,0.36912947266562424,0.8535535931587219,21.30259845728397,1.69631826877594,21.209833091134794,-0.06185476928949356,2.5287661327564903,-0.0035762190818786,0.7116124235918415,-0.842764675617218,0.09276536614917678,82,34,18,78,-0.31251758938735197,2.736980788930742,0.3223525721094369,4.455782514302789,0.1781184524297713,1.0036401340280474,0.10896326652029527,1.0428909701910085,79,14,0.03355333488248152,5.098188996589489,0.5242724934295633,12.220545367893878,0.07826953753829,0.4741291203008223,0.2897356450557709,10.144656891743207,0.7775740027427673,10.038577151997707,-0.024162266962230193,1.3889596033257559,-0.0273084789514541,0.8641744409175234,-0.4878383576869964,0.10607973974549925,95,33,16,65,-0.5958573313555197,3.33931220191911,0.14323141904996275,1.7801629748196226,0.11343435198068605,1.2375075461571277,0.10924693803652188,1.296701926258436,109,14,0.04192398454518252,6.202337852702718,2.6188372080328444,7.836265680410323,0.0538769885897636,0.3910213292740554,0.2407335042953491,10.499062036471432,0.8332301378250122,10.406993228788618,-0.04265137379989028,1.42994087087937,-0.0050854459404945,0.6768162586889481,-0.5924966335296631,0.09206880768281457,84,31,17,76,-1.6297749018737462,2.785642374217295,0.15664196455722934,2.0390210784814036
LegMomentum,0.24795701790152824,3.2525661785460893,0.5767935086041687,5.064771114362508,0.20299622416496266,1.7354189045758366,0.17297631477937098,2.4652280785897784,92,12,0.12220962993813518,19.312419200664404,3.033742627437416,4.998298944832182,0.10296359658241265,0.5295929127611134,0.8949469327926636,16.746186251922875,1.721397876739502,16.5808827824154,-0.0017466653138399125,2.423614912157644,0.01791220903396605,0.9900632221596287,-0.8264509439468384,0.16530346950747415,69,38,18,91,-0.14989246632538983,2.398436459307805,0.2772333537823774,3.6658573292248438,0.1747857928276061,1.0694676471953504,0.10923417169076854,1.082997864088056,77,16,0.034279592538871986,5.133086064903396,1.361260674204071,8.729787088101872,0.08896811306476585,0.4510603794312099,0.4689750671386719,8.863202178336138,0.9568134248256683,8.811296067072233,-0.029848697176203122,1.4438589606414618,-0.032392993569374,0.8839163563031672,-0.4878383576869964,0.051906111263905465,95,36,18,65,-0.1323847323190003,2.893708408809499,0.1437461095604481,1.745954571768336,0.09084507450461378,1.0070789154840445,0.07666574261151252,1.053789404110792,92,14,0.023289404887281612,3.630857471940116,5.145610316512636,3.87444086054328,0.04621999710798255,0.33575303442241083,0.178492784500122,6.817208227868623,0.6827698945999144,6.725754512615854,-0.014262087084352965,1.197297241563403,-0.0034603998064993997,0.5702074217702989,-0.5042771100997925,0.09145371525276853,81,40,13,79,-1.9913360572473513,2.101273789582332,0.12017794323125576,1.4823416567326113
LegMomentum,0.28005691220017465,3.6104638665586664,0.631709606796503,5.559585505289073,0.14175733923912037,1.9060660281256538,0.1928760481532663,2.9971674675397533,78,11,0.17076775372489356,26.478291130436002,2.140922033435678,5.0393020491057925,0.07220861315727226,0.4164642785679522,1.0144619941711426,19.55830562918523,1.8115394115447998,19.34500002840957,0.05430207215249537,2.752321863456399,0.0489071905612945,0.7596162951005738,-0.7970774173736572,0.21330560077566182,50,36,15,110,0.24483185011115113,2.366962133712536,0.3231622542221878,4.347759824366555,0.18393815681338302,1.3010708118670786,0.11696895078639495,1.159861089585383,75,16,0.0377748117959904,5.6415945568703,0.7323223758865525,10.11946792976166,0.09597583115100855,0.3917609108685541,0.4689750671386719,10.272701811647995,0.9053321480751038,10.135203597245035,-0.03151276903226972,1.5200565693253156,-0.04488098621368405,0.7671325786519775,-0.4363570809364319,0.1374982144029597,96,39,18,64,0.31840057472132033,2.9996697835999915,0.15085901706343655,1.8251089235772344,0.08215783908963198,1.1160399142488584,0.06982237952062856,0.9908274601565261,97,15,0.020970251754233057,3.313496143058643,8.174225489600518,1.3034565706509094,0.04250677675008765,0.42094648369023246,0.2377808094024658,5.008624452837007,0.759590744972229,4.845105380268824,0.0004649532958865096,1.287207072507358,0.01443023234605785,0.7369553156517268,-0.5218099355697632,0.16351907256818365,63,41,17,97,-2.2824438219017145,1.5221128892465279,0.11484171733337496,1.2870874467361104
LegMomentum,0.334263834253568,3.962756595628756,0.7563791726529596,6.032750605983102,0.21681202948093412,1.5544726534563593,0.2588511646073311,3.4381010994848906,102,10,0.23464951665409037,37.33669326344207,0.9531495759868718,8.69208052842754,0.107296884059906,0.3992931507860069,1.0144619941711426,27.823182775572462,1.8576791286468506,27.75571738733367,-0.0009806577116251158,3.078558402729193,0.0519817173480987,0.9069805076965145,-0.843217134475708,0.06746538823878957,59,31,13,101,0.09814698767579928,2.87326471040474,0.3841579683192239,5.27817879807302,0.1686626616865396,0.8954031335958366,0.11614074894576329,1.074163593313442,87,14,0.03498756337113318,5.399322027319925,-0.12639581730857907,13.290813126941671,0.0833140909671783,0.2569970811455991,0.3795733749866485,11.00858301536935,0.7458394765853882,10.787475513938151,-0.012343601603060968,1.3801188681763825,0.0050201043486594495,0.7227506594968045,-0.3662661015987396,0.2211075014311981,79,43,18,81,-0.16700592053359345,3.5038187194977946,0.14782230572331304,1.8693833039330017,0.11938011646270745,1.5973431699914964,0.1031230299384333,1.291386709611843,105,13,0.03596831951847443,5.584334993334831,2.0047646148090923,4.1254754612366,0.04932346940040585,0.5473236997548934,0.3238426446914673,8.598424028589397,0.8456525802612305,8.461441764592326,-0.019239682145416746,1.5740733350775264,0.00926253944635385,0.9049539263829102,-0.5218099355697632,0.13698226399707059,67,37,14,93,-1.0321908624292175,2.0320396101370193,0.14916129239744244,1.7625629433108887
LegMomentum,0.2988405981616798,3.6310074152821055,0.6937139468640088,5.592023628389928,0.21640869975090024,1.7750288952704478,0.22349795028567315,2.9211808441288305,96,10,0.18275819645457209,28.365621678058844,1.5872949858334158,7.709637146958386,0.10095751285552976,0.5694295007247506,0.978912115097046,23.236567330469885,1.822129249572754,22.97904777096275,-0.05303757078945637,2.8416153332219314,-0.0153725147247314,0.9993776061971902,-0.843217134475708,0.2575195595071339,90,29,17,70,0.1177880436191054,2.748024642265173,0.3348306830072933,4.504535933484919,0.17914401739835734,0.800797361366792,0.12074805907905098,1.2092515520673779,80,12,0.0376564385327892,5.854525204206936,-0.0365549874664044,9.164250477043339,0.09173605963587755,0.29485171901497337,0.3044421076774597,10.230655951825739,0.7422074973583221,10.20088090257252,-0.012107829563319688,1.3664543454276967,-0.010479778051376301,0.6233609575437382,-0.4377653896808624,0.02977504925321977,84,40,15,76,-0.3069168148269608,3.055403532271518,0.15341373187661786,1.9968294183702076,0.11660854518413538,1.1122770987959112,0.09406063916103445,1.0622451409446863,99,16,0.028256448054436528,4.29280973074672,0.8279987184209214,6.496022086662592,0.05525128543376915,0.4391746860809535,0.3238426446914673,8.275592043316605,0.716732919216156,8.212981033523972,-0.02499538310803473,1.3839539497402997,-0.0044655948877334005,0.7932876166427467,-0.3928902745246887,0.0626110097926335,84,37,14,76,-0.42267349369947443,2.3960097070005486,0.1309299523983122,1.5419082968013837
LegMomentum,0.22393683479132281,3.0774912904975493,0.5305537932366131,4.8090576039663215,0.1662786453962325,1.5489022310685747,0.1584574705176055,2.275384122180822,83,11,0.10214624111507475,16.214304760644747,3.2048090849158273,4.6047588007658184,0.08526611328125,0.5212668432957556,0.8594707250595093,13.956192517166349,1.5994000434875488,13.852925478668666,-0.0023096755146980287,2.2279356312751886,0.00128778815269465,0.8564458784187687,-0.7399293184280396,0.10326703849768241,79,38,16,81,0.04772918201159578,2.3488975259617675,0.2534512789243049,3.354192538233185,0.15032184869050969,0.866407412657124,0.10643105808645484,1.025895154390276,67,13,0.031028938111052905,4.868865308976026,0.489976847649654,8.268581898240125,0.06540329754352565,0.40930834398319227,0.3162753283977508,8.297604483767826,0.7540407180786133,8.187049755253579,-0.010703632235527031,1.3731005728444543,-0.040713474154472296,0.8338336187447146,-0.4377653896808624,0.11055472851424637,97,42,15,63,0.06488666646543442,2.9393889529412847,0.139283046782012,1.7272695579527408,0.08053973317146293,0.8112741582342993,0.06605288211256262,0.7058699383765543,96,18,0.01516672644650338,2.345114120806085,3.2094164285511946,0.6542884592473466,0.041250936686992645,0.4143978668771514,0.1858991980552673,3.8079792104094614,0.5557505786418914,3.763310585973426,-0.011913061467930676,1.20802139984668,0.00091890245676035,1.002231706178322,-0.3698513805866241,0.04466862443603549,79,37,15,81,-1.440403429166665,1.2042434738900176,0.09693300803035179,0.9411686449933149
LegMomentum,0.25940143319235015,3.3090335301435276,0.602563687264919,5.107889792583024,0.16380323469638808,1.8598360670433458,0.16942548876628277,2.383754086931697,97,13,0.12075933556670088,18.533162144691868,2.1398847379003083,5.875001733888366,0.06752187013626094,0.4884968531044679,0.8594707250595093,16.147267709635674,1.6022942066192627,15.903915143547664,0.04949770718812942,2.51547451880465,0.0783237516880035,1.0355577663611908,-0.7428234815597534,0.24335256608800915,50,41,15,110,-0.14537390585687313,2.4756922089011044,0.2710790211088634,3.49364424203959,0.23040898516774175,0.6799081100761558,0.1237022958800662,1.1081133572530366,69,9,0.035947194085061224,5.673997243528057,-0.7641150104221168,10.553118810722708,0.1038030982017517,0.3352988371974692,0.3271092772483825,10.034839928377878,0.6388994455337524,9.933736403730217,-0.010786058474332087,1.3885799639280294,-0.03934513032436365,0.8809882687922185,-0.3117901682853699,0.10110352464766055,93,42,14,67,0.2259691962772155,3.244950530730452,0.1499707552061684,1.9354180239177505,0.07815056294202795,0.7384263446396734,0.06769283709814769,0.7003758930965839,97,17,0.016088114358370983,2.478960990307111,2.143932259478788,2.1989073997427706,0.04054120182991025,0.3485340329632655,0.224479541182518,4.143206828554047,0.5880984514951706,3.9812836915653707,-0.013275016658008098,1.203835309850344,-0.0023074597120285,0.9090824817181815,-0.3636189103126526,0.16192313698867603,83,38,17,77,-1.1270910557881157,1.7631553940546338,0.0997044457880306,1.0147618129712197
LegMomentum,0.32569730186825774,3.334340920423929,0.7547163146827368,5.250400454996195,0.24075804650783525,1.2570543818460904,0.23535980116575955,2.83990903609338,95,12,0.1707969870660203,27.18347508740304,0.2990229513320499,10.860355561829548,0.11719503998756406,0.40309158808473866,0.8142176866531372,25.170610325537936,1.5570411682128906,25.056303453528407,-0.012111571431159984,2.512699467579499,0.0326211750507354,0.7778184523359689,-0.7428234815597534,0.11430687200952688,70,34,16,90,-0.12433169397480096,3.1550339450500333,0.32752385558703484,4.568349425452124,0.2334901392459869,1.0671517285930865,0.13807671838541863,1.3138570791986084,78,11,0.04499043212901876,6.872240676622287,-0.7569492495971102,12.403443344604813,0.1174583882093429,0.5168720788722152,0.3530037105083465,12.705828845199823,0.7507834136486053,12.62499102322558,-0.03209197680116631,1.4464882581770235,-0.03891906142234795,0.7813889831513117,-0.3977797031402588,0.08083782197424463,91,36,18,69,0.0044372618828355205,3.2954066576044188,0.16510450315373104,2.1863010761508326,0.1252007260918616,1.257986286984619,0.09815679099876432,1.125696878507723,92,14,0.030757614719419936,4.5326447975208675,1.5854046989510184,9.162689620661562,0.0615950226783752,0.3718383884113588,0.2397857904434204,9.398708978438494,0.7544764280319214,9.347326894496822,-0.03453565826639532,1.291212729239673,-0.01402048766613005,0.6064814769067828,-0.514690637588501,0.05138208394167154,96,40,15,64,-0.8847813842102891,2.8028182845673104,0.13470040367397304,1.6927535217421061
LegMomentum,0.3016002531691783,3.473227747614367,0.7052097208146004,5.45115813329857,0.23708705604076383,0.8516881440787984,0.21806840049102902,2.753351501622029,95,10,0.15946224413962307,24.281382770797823,0.9912175409197355,7.443646635743976,0.1015848815441131,0.27218366704726515,0.8142176866531372,20.8733521513579,1.7156435251235962,20.77242125309191,-0.06495239585638046,2.4836084140609476,-0.0109021067619323,0.8306316820970605,-0.901425838470459,0.10093089826598799,85,33,16,75,-0.3494951350586469,2.7865217469246923,0.3099118785034141,4.255945490299832,0.16946512088179577,0.9854795003302147,0.11328540610978961,1.0318440118456167,82,13,0.03682639640337869,5.338553355829394,0.05212983828809126,15.685809148078807,0.08434192091226564,0.4300348171989155,0.3530037105083465,11.086082061444435,0.7507834136486053,10.943547267889135,-0.038919471023837096,1.504820744840244,-0.03130808472633355,0.9829457697917359,-0.3977797031402588,0.14253479355529924,96,40,13,64,-0.2175089388761913,3.6208106114188148,0.14709522018438675,1.7533019938755126,0.1595547646284102,0.9819724421919775,0.11239681029459456,1.2063359385042651,92,13,0.037263493048993394,5.601818574481269,0.9806749516206037,10.031308462143805,0.0799946635961532,0.3319537862502716,0.2643976211547851,10.613654547360019,0.7790882587432861,10.459130810198737,-0.03388085183687507,1.4627289743973788,-0.0137474238872528,0.6939234917307773,-0.514690637588501,0.1545237371612822,88,41,14,72,-0.9364345909048081,2.936782002376884,0.14926830693763754,1.8607102197654692
LegMomentum,0.2298181489784629,3.076007048919727,0.5349594215303657,4.765274346010079,0.1562233865261077,1.1137848288167806,0.16240657125134014,2.2956216240177265,99,11,0.10604554552261643,16.86510216149224,3.2959400045720075,5.578195245476024,0.0749683380126952,0.38232054710338503,0.6904191970825195,16.094744470775492,1.5918450355529785,16.01423008648629,0.006233524158596992,2.188801015138733,0.04989844560623165,0.75707993892585,-0.901425838470459,0.08051438428920285,60,38,15,100,-1.022746424466216,2.5170787593963677,0.2581786405639923,3.474802480374948,0.1375334970653056,0.9324752329332656,0.09091472631320355,0.792375700067975,72,16,0.024938392423560645,3.725049178405035,0.7901536367463584,14.558658735019819,0.0712253153324127,0.41962653802142846,0.3513904213905334,8.65628199658211,0.7287516295909882,8.546335150822546,-0.020904462225735183,1.3621870190668903,-0.0278573706746101,0.9825012415752945,-0.3773612082004547,0.10994684575956225,100,44,18,60,-0.0142118265949497,3.5117543324888367,0.1234697476711016,1.3672950316192531,0.09192531555891026,0.7495546563023621,0.0770759689598344,0.930359587173929,92,12,0.020247466471972043,3.1414815093737753,2.675379570889331,3.270044806179846,0.04692688584327695,0.3438358222418647,0.2643976211547851,5.992333373955642,0.7176254391670226,5.922365083535217,-0.012805480184033515,1.2142863118044551,-0.00022907555103305,0.7594644992322586,-0.4532278180122375,0.06996829042042452,80,39,16,80,-1.2715940039720075,1.9530697728942445,0.11211263977456551,1.291119770717693
LegMomentum,0.2683651989339624,3.1752148388083423,0.6061440270766614,4.883248019060462,0.16490845382213584,0.8558376604927085,0.1807489977777004,2.768923018510219,88,11,0.1415949923191198,21.785513171567366,2.192824019288855,4.6536973043698,0.081462413072586,0.3154727918218302,0.8517904281616211,17.138866349247138,1.6875662207603455,17.03226600483834,0.054303987324237815,2.3909127183625447,0.06497824192047115,0.7525752799351444,-0.8357757925987244,0.10660034440879727,49,35,14,111,-0.3640506383374796,2.3546992699846783,0.29340413181082126,4.008621900945459,0.1891454905271529,0.6291651345531045,0.11165514299442289,1.0393848533030856,73,12,0.0336962082518268,5.243636439807338,0.4017251018288541,15.272201736896424,0.09572203457355491,0.3467955169312218,0.3513904213905334,11.350696514424135,0.8169095218181609,11.341296822338679,-0.016680354275740678,1.3260740858599167,-0.02678860723972315,0.7655538754420912,-0.4655191004276275,0.009399692085455047,94,39,15,66,-0.21661828747892745,3.710007312568953,0.1446118933098838,1.8668593837292953,0.07709293812513346,0.9048809933550142,0.07073026791913431,1.005184155101751,94,14,0.019925161346502088,3.120245509713747,4.571655029052428,1.835924633048105,0.039003841578960446,0.2663888580455972,0.2306923568248748,5.179461191837797,0.6808489561080932,5.147949249305404,-0.011450630147010095,1.1662612148380007,0.00101824104785915,0.6188104329118151,-0.4501565992832184,0.031511942532392895,79,38,14,81,-1.6963804560133153,1.7126901946096724,0.11135352015594158,1.326680175655888
LegMomentum,0.3269896931047981,3.351511488234592,0.7476383323594926,5.266137785443144,0.2101428508758544,0.9722297973594578,0.2339511999487876,3.0338657939247615,89,8,0.18368539998170078,29.25129261798897,0.5683895150688612,9.955884883407952,0.10865342617034905,0.27990252183640163,0.8517904281616211,25.793435469546203,1.6875662207603455,25.761006986791013,-0.014696943759918212,2.4885692134865995,0.011061936616897548,0.5704789278132247,-0.8357757925987244,0.03242848275518857,75,31,13,85,-0.290676195325023,3.0546987607087064,0.33957039056150623,4.8019075259396296,0.20046166330575937,0.6801767541196144,0.12815816417511083,1.1799368458213066,78,10,0.04307097870124532,6.528267743959239,-0.27870620753953057,14.79682899601588,0.11027510464191434,0.35336584719452196,0.3308978676795959,12.699044459997031,0.7964169681072234,12.586560174658489,-0.03349728558678179,1.3931878786099423,-0.034306533634662545,0.7550136656852984,-0.4655191004276275,0.11248428533854235,94,34,14,66,-0.2640682651832077,3.7204504432844874,0.16111964708197377,2.141797207686472,0.09486373141407956,1.2101376557780765,0.10996882188832387,1.3559637966111446,113,14,0.039864095144121946,6.102193449050868,1.211240935292504,8.089986370205908,0.0470746979117393,0.3161497002482244,0.253682017326355,10.784761548001521,0.7437315285205841,10.734909075008668,-0.029454794339835656,1.3843806933466019,0.00215061008930205,0.5622782600123346,-0.4900495111942291,0.04985247299285361,76,38,15,84,-1.1491391367582173,2.757443269212825,0.1555593665897702,2.045894314215681
LegMomentum,0.2714726926279512,3.089453602626124,0.6284941755607723,4.832845024311023,0.1590201556682586,0.5165792068766945,0.19447538172826168,2.6188008256340494,110,10,0.1346727070230972,20.36978630971524,0.9022863740670561,7.269542560728853,0.08562809228897086,0.27377322090520917,0.6445921063423157,18.549512858454374,1.4405133724212646,18.541976384522737,-0.06621992364525794,2.143278781492076,-0.0197754800319671,0.6128437878602848,-0.795921266078949,0.007536473931638369,95,37,17,65,-0.6799367760092988,2.7459077313291336,0.28334988678573036,3.9719192306139717,0.14861948974430547,0.6121793687516399,0.09773384074098426,0.8872005899068757,84,12,0.02854764135802406,4.032185729987643,0.16109488449885268,14.897913257191266,0.07224492728710159,0.2728865803932544,0.2975756227970123,9.669243208435768,0.6840305030345916,9.624980168667015,-0.04267259498592465,1.2527290527759782,-0.0373540818691253,0.7920992980809409,-0.3864548802375793,0.04426303976875245,100,37,17,60,-0.30260613309495377,3.6318439442156443,0.12697278660919006,1.569348798170325,0.10707277059555047,1.14759810646165,0.11018639420741234,1.2978420488380948,109,14,0.041635045210865716,6.137985079504963,1.7214133694796692,8.45483196616977,0.046758949756622245,0.2828221625820547,0.2870090305805206,10.698088694720047,0.8479134738445282,10.666782051957496,-0.04281845996156335,1.4368371900429693,-0.0003679394721985,0.6640100847268797,-0.5609044432640076,0.03130664276255077,80,36,15,80,-1.1918176559840905,2.849983236147583,0.15601477995881044,2.018287385090237
LegMomentum,0.2219418251578409,2.820105021919639,0.5136350732669233,4.386142028148254,0.15907129645347584,0.8071960991710314,0.15127535854466254,2.1813668137781757,87,11,0.09392472659041787,14.885395763056373,3.295104638277733,5.888625355889909,0.07851037383079525,0.3820361869580342,0.7020694017410278,14.873709036120298,1.4979906678199768,14.798896742872893,0.00932156816124916,1.9959479307799477,0.02268376946449275,0.6620893974885066,-0.795921266078949,0.07481229324740497,67,45,16,93,-0.7937854187803759,2.5731518386996415,0.24286769436685182,3.3017552333072198,0.1467434391379355,0.728255576708098,0.0903366118634585,0.768241654765313,84,14,0.023402862222716578,3.2694131128026624,0.06798251239585085,16.613537336558196,0.0773966163396835,0.35796682205879715,0.2901891767978668,8.754584097060956,0.6180321872234344,8.718388462798092,-0.0364522453630343,1.1779651633447086,-0.030905470252037,0.8396719256008793,-0.3278430104255676,0.036195634262863735,102,40,14,58,0.050198357666423866,3.743426773196117,0.11567911678460559,1.3717912329319417,0.0804808735847472,1.0425463988930088,0.07727821824140843,1.0780970860014958,97,15,0.02440171100385305,3.8084537420356184,5.5731840025892865,3.069787763026379,0.04281668365001675,0.37841017458398407,0.2964118719100952,6.006442186256624,0.8573163151741028,5.955362312706464,-0.01208142414689065,1.2122289340235977,0.004718616604804949,0.5587512236565777,-0.5609044432640076,0.05107987355015961,73,41,16,87,-1.5933208743095717,2.0040254302056115,0.1232887231291193,1.5293641664272215
LegMomentum,0.2699076311418493,3.448406313180829,0.6198033518437294,5.390883095839869,0.1755311638116836,1.2943232790098107,0.1806918879738077,2.79002030366171,85,11,0.13843063054423216,21.25013711376043,2.686986240613998,4.0197787583365745,0.08398777246475206,0.37931993204740333,0.8866583108901978,16.121509149687753,1.7671979665756226,16.02293360405175,0.05455960966646671,2.468209016003048,0.06347239017486565,0.6907589938126775,-0.8805396556854248,0.09857554563600417,55,39,16,105,-0.2630536547306255,2.194080664743452,0.2899445066543889,3.8933380751074895,0.1949312798678874,0.6969715845509659,0.11039313854773351,1.0642205352326746,87,11,0.03300104756159183,5.067625894354393,0.3642030718665903,11.210625607850298,0.09297117590904236,0.3182161637748239,0.3536620140075683,10.141411111423695,0.7929690778255463,10.040291381437921,-0.011894953943556174,1.429864365221172,0.0008098334074020001,0.894128961340839,-0.4393070638179779,0.10111972998577444,80,38,17,80,-0.2572633956394206,3.1531863232049453,0.14357226759305536,1.7387103816981846,0.0927119739353656,1.4247761940049781,0.08672520434600298,1.2705453427822995,91,14,0.03089112471736748,4.840562532584736,3.2643444402593893,0.9409271474674004,0.04681216925382615,0.2640621576912451,0.3829375505447387,5.770372845905436,0.865941971540451,5.627964647442995,-0.0017151209525764072,1.4928097146156498,0.00556238740682595,0.7519561832171628,-0.4830044209957123,0.1424081984624416,72,38,16,88,-0.7897377271902742,1.5337662085856505,0.13937510604346323,1.6161935801548892
LegMomentum,0.3214515741568935,3.655910545477186,0.7427816288266329,5.676755046948308,0.20363873243331904,1.766433405554796,0.2296770984213799,3.006578651748699,94,10,0.1955956930213053,31.181102513254885,1.0894201989450343,10.365778172163356,0.09786781668663025,0.5834527391134572,0.8866583108901978,25.520712498565295,1.7671979665756226,25.41251194197727,-0.014564662054181105,2.6765445799254155,0.012252718210220299,0.9396120849543114,-0.8805396556854248,0.10820055658802218,73,29,13,87,0.03679712642787255,3.1740939099585446,0.3504321554953186,4.900735824845771,0.17113811150193203,0.7734315753093538,0.1276574603509652,1.3832475549074223,87,11,0.04576187932070198,7.235043477841374,0.04454162965217279,7.631719482692132,0.089361347258091,0.34576643741115487,0.3536620140075683,10.993629589934255,0.7929690778255463,10.886867414472365,-0.004295977292349557,1.5213198928737048,0.00718998908996575,0.7172093486269207,-0.4393070638179779,0.10676217546188965,76,33,15,84,-0.44778756015605026,2.8230059557213063,0.16959506090631354,2.2182491432181624,0.11492818593978871,0.9029854517087648,0.11317126326262947,1.4650396118229028,104,12,0.043563921678768845,6.666241717746143,1.0901730054350622,4.799475254362205,0.0564311146736145,0.24567953389034372,0.3829375505447387,8.686121087766137,0.865941971540451,8.556881734937512,-0.02984612137079239,1.478890574149187,-0.00168482214212415,0.5804021405219758,-0.4830044209957123,0.1292393528286247,83,33,15,77,-0.6139910098881353,2.371658880077054,0.1627952685429626,2.1163941947186564
LegMomentum,0.24152327087796924,3.3016825602318973,0.5745196501165627,5.1594239849986225,0.135188341140747,2.097117082647687,0.1761402371153235,2.540886506501907,104,13,0.1288068983431714,20.193006517045852,2.4252805482647677,5.664794121014474,0.06797090172767635,0.5487783537771365,0.8426291942596436,17.9258335160525,1.5852084755897522,17.824088513746638,-0.031516164168715485,2.629574704924313,0.00766450166702265,1.0767435171096027,-0.7425792813301086,0.1017450023058623,74,37,18,86,-0.16836077976163832,2.391106870513645,0.2828623557713645,3.6439461286177193,0.14885757490992538,0.9919922975827751,0.1041203614644473,1.1690568394381489,77,13,0.03163718478251382,4.981677394998791,0.829755916881,6.328989686541398,0.0776823684573173,0.25253871441037434,0.325897753238678,8.607725423902286,0.725048303604126,8.591116453288633,0.004383662948384884,1.2851997022053792,-0.0029001832008361504,0.5466200831260895,-0.399150550365448,0.016608970613652893,82,33,17,78,-0.5047268256643025,2.639375021844641,0.1409902944631514,1.8248120781192776,0.08953720703721038,1.1341410794787554,0.08812569862231609,1.1680544364990593,104,14,0.028392288768932253,4.190493677819832,1.747252974729224,4.558942730898511,0.04421262443065635,0.23708909422636412,0.268622875213623,7.813564658473111,0.6924017667770386,7.713981968775374,-0.03394097331911325,1.2446495778689295,-0.010546356439590399,0.4713478027409346,-0.4237788915634155,0.09958268969773668,92,35,19,68,-1.1474111693598419,2.191701685578687,0.1292190020908978,1.6252203254114588
LegMomentum,0.20960743230346113,2.6407818221614163,0.5010481343418358,4.14552106704605,0.14066043496131886,1.2760425893859404,0.14349521882832045,2.121149377777029,90,11,0.08966443889895913,14.185326466500163,3.2560710074536026,5.248149366351695,0.06868389248847954,0.2999062536294431,0.7296044826507568,14.44884743924037,1.4721837639808655,14.360233416278358,0.02007151544094084,1.9179220709644553,0.04560321569442745,0.5864063394910524,-0.7425792813301086,0.08861402296201101,57,40,15,103,-0.5386444707241493,2.493749632915607,0.23661641825628082,3.2414350828309955,0.15468568354845041,0.5785595647994141,0.0901599903433816,0.8107255727956129,83,10,0.021245166972591014,3.271604567341401,0.5929835759468016,11.795003969232113,0.0776703953742981,0.3079639774038134,0.2434570789337158,8.128799655640515,0.6034261882305145,8.04959696144764,-0.0029864269774407177,1.158928145432924,0.00042687356472010003,0.7006159268004357,-0.3599691092967987,0.07920269419287478,79,34,19,81,-0.5886183896603183,3.2666994591680436,0.11555416649995649,1.3887008753020944,0.09615340083837498,0.538565343963836,0.07672482926398512,0.9598064000356265,96,11,0.020848632576548353,3.2419865714861795,2.7021041527946172,4.576154585357112,0.04851706326007835,0.2645251596074228,0.3198224306106567,6.13924842093743,0.718425840139389,6.073613724926208,-0.011713446676731114,1.068670850648671,0.00166753679513925,0.5668717097150442,-0.3986034095287323,0.06563469601122202,76,37,14,84,-1.0495194711052789,2.366132820312739,0.1139046960221282,1.449113240730353
LegMomentum,0.2783358083819966,3.4630563113051447,0.6432594120502471,5.377912390145268,0.1805276572704314,1.481008476825115,0.1967809057282284,2.583283553119799,79,12,0.14109745619621608,22.086432178513306,1.3290125831534016,6.4344864447035715,0.08976888656616205,0.6199282173647771,0.9061077237129213,18.99611317355742,1.603662371635437,18.862697503052804,0.033553856983780855,2.6545960200426686,0.03018060326576225,1.2220916012158785,-0.6975546479225159,0.13341567050461506,67,34,12,93,0.05602123278373937,2.584902605134322,0.29598580418814463,3.8780861451090707,0.16596540063619603,0.6957098879978386,0.1143962673307396,1.130156432281545,94,10,0.03770248846991792,5.819969576513715,0.43457699258787263,9.552148231724404,0.08328178524971,0.3211569612340808,0.3806802928447723,10.157902473967077,0.8064532279968261,10.121131432148085,-0.005718386825174102,1.4254543261298434,0.006553024053573549,0.8102543661473729,-0.4257729351520538,0.0367710418189927,71,34,14,89,-0.6121571081970167,3.112184060575795,0.15388096468175505,1.9462912270858719,0.11175113543868058,0.8018703177486927,0.09121404784265902,1.0820499672101627,98,13,0.026893863746538106,4.203617559686035,1.5000837064174872,4.372207980472746,0.057126827538013396,0.25266628324486917,0.3198224306106567,7.195607145732036,0.729487121105194,7.164256466034255,-0.008952384628355512,1.2978620439727562,0.00671731680631635,0.6363147676062744,-0.4096646904945373,0.031350679697781464,68,37,16,92,-0.8953449211791309,2.2520195494503032,0.12974486682126474,1.5871898671869396
LegMomentum,0.29645574420204107,3.4854661074854265,0.6903556945919989,5.483469493801251,0.19342716038227076,1.3575261664100677,0.2045792303327471,2.535513548722007,98,11,0.15196925401965966,23.31325357143716,1.2612355657937702,8.049733006945718,0.0991357564926147,0.5737115268850264,0.9061077237129213,20.522736606704058,1.611134111881256,20.466014776925952,-0.05571194626390934,2.6946489346794267,-0.0261976718902587,1.166688866495936,-0.705026388168335,0.0567218297781057,99,34,16,61,0.07846879097544264,2.8277812618054163,0.3040638178724069,4.006509789114235,0.18758139759302128,0.9282526584400237,0.12439846584806213,1.2090719923892295,93,12,0.04339373465549686,6.543465043675169,0.22858072969471266,9.258469970632214,0.0884903073310851,0.40517740198603047,0.3806802928447723,10.737453627976196,0.8064532279968261,10.613080189420467,-0.028108420409262185,1.4950875038925866,-0.0007757693529128499,0.8682762257609021,-0.4257729351520538,0.12437343855572862,81,38,18,79,-0.5498512855923832,3.087427602698424,0.1627777768640014,2.075615185765272,0.12891945242881764,0.5426742186610987,0.10766982362023551,1.271178506010162,97,11,0.036715585283731034,5.499687549169887,0.6081550319795599,8.312650457042542,0.0641506165266037,0.2724940243131545,0.331961452960968,10.248843792348653,0.7449215650558472,10.166996574560335,-0.036004224698990575,1.293733055229238,-0.014039844274520801,0.5431431596379395,-0.4129601120948791,0.08184721778831829,89,36,16,71,-0.5355124520514621,2.8424242212350297,0.14760455961376612,1.9560016183472622
LegMomentum,0.23215438956671983,3.004207254353402,0.5448182968795298,4.73981750694183,0.12978202104568476,2.344371553959187,0.15305690791457888,2.4215161317829907,84,14,0.11166444270400114,17.733497373808355,4.150740210014161,4.143892987237892,0.06564030051231384,0.32342745132684936,0.9838467836380004,14.378947803448822,1.6888731718063354,14.30652258378323,-0.0005056463181972559,2.238858469461851,0.0095865428447723,0.5728404208093599,-0.705026388168335,0.07242521966559132,76,40,13,84,0.3596333232118365,2.2774015758675694,0.2650074564263454,3.566652510061401,0.15094049274921403,0.5641090082918478,0.1050345099647529,1.1166242414869385,78,11,0.03296530616283597,4.8819109631091955,0.882246825825137,7.7288225763059355,0.07212710380554199,0.3218083824319756,0.3763018548488617,8.4572890249319,0.7949565947055817,8.372513425746202,-0.03302977187559008,1.3334870664312726,-0.03583712875843045,0.7320922304736699,-0.4186547398567199,0.08477559918569783,94,38,15,66,-0.2761410350261317,2.7989438163173257,0.14012519297859868,1.761738688560172,0.09830083698034278,0.7423035495515037,0.08025778708979484,1.082793165379631,90,13,0.022692503309374626,3.5489525170959966,2.4043896400469924,3.191378767910421,0.0492705106735229,0.19538972664241766,0.331961452960968,6.443542850107074,0.7449215650558472,6.392641791224117,-0.012732281535863876,1.167471971048707,5.693733692168428e-05,0.5094475072361344,-0.4129601120948791,0.05090105888295792,80,40,16,80,-0.7066658472511438,2.005603653697989,0.11878082379273663,1.4784998187053136
LegMomentum,0.26761562973080466,3.562258028876504,0.6174368131160735,5.59265094152099,0.14352186024188984,1.7373394063415706,0.1784873008355498,2.6588539748040403,82,12,0.14755657879456804,22.662026713008427,2.4356842041757023,4.16884855171912,0.07899126410484308,0.6809803856513342,0.9838467836380004,16.39920061490587,1.6543463468551636,16.114640720901544,0.05442291647195815,2.8773755485535473,0.056663841009139945,1.2914759490610623,-0.6704995632171631,0.2845598940043262,52,39,15,108,0.5749606180045663,2.207639070291497,0.29970385031918123,3.792457866027597,0.19467440247535697,0.8286932259809995,0.11694738013437014,1.2203681733371463,81,12,0.03845887291403659,6.021083478865526,0.9099200361574615,7.798224551428847,0.09133071452379216,0.3753877079563731,0.4117479622364044,9.38423734190695,0.8624508082866669,9.311474529139781,0.0009481715038418758,1.4985784534281636,0.0016792491078376002,0.7837565536198672,-0.4507028460502624,0.07276281276716796,78,37,14,82,-0.21781562331225046,2.842589173598701,0.15552191389869832,1.943024986403,0.10094984993338572,0.8524889758596776,0.08036471925675863,1.0057495641236986,88,15,0.022040618023270172,3.4475266608027706,2.5116439677334075,2.853347620685682,0.0503743737936019,0.29870029748558014,0.2829141616821289,6.165054661123049,0.6893749833106995,6.121387752653024,-0.00950539149343968,1.2166969395392793,0.0025190040469169,0.6262291772921245,-0.4064608216285705,0.043666908470025044,75,41,15,85,-1.0765544696658214,1.9434785055196937,0.11735034380883004,1.4025602368948442
LegMomentum,0.33620201597304183,3.5689523292630234,0.7814262147247789,5.653796083308448,0.21994811296463002,1.6892344695530712,0.23976246602367604,2.992235969379773,93,10,0.19942465567696277,31.831493547694993,0.7433872092638221,11.63610766563799,0.0993957817554473,0.32781891776001537,0.8817554712295532,27.33497507697039,1.6068371534347534,27.239708079181895,-0.004681156203150755,2.649125232502679,0.0204144716262817,0.6799549264783704,-0.7250816822052002,0.09526699778849552,71,30,16,89,0.3295544289252129,3.3085570156617834,0.35412181619338856,4.981328040815283,0.2180392146110534,0.8867802721377377,0.13130607816972764,1.238287520013895,89,10,0.046709860192677886,7.381912624786343,0.22742062032880028,9.97884638101454,0.10875613987445826,0.3653561431702892,0.4117479622364044,11.623260730511689,0.8624508082866669,11.52920249283903,0.005155661236494775,1.4660269395056427,0.01574702560901635,0.6971862584543969,-0.4507028460502624,0.0940582376726582,69,35,15,91,-0.3765184697392535,3.275687731543704,0.17131994204859888,2.2875046748433245,0.15350571274757374,1.5195778152626018,0.11945230791578065,1.3922884293707836,97,14,0.04515544566371076,6.808043990787229,1.2456495779175007,8.31451650943514,0.06997433304786674,0.3608174154039553,0.2935273349285126,11.31347680036233,0.8789683878421783,11.291243495727674,-0.038152383454144,1.5386439113001256,-0.0132842734456062,0.6651717664080474,-0.5854410529136658,0.022233304634657607,89,28,13,71,-0.8946384535246282,2.7517374329220483,0.16411853110837146,2.107277605111932
LegMomentum,0.2618557853716402,3.2010892001621354,0.6111656625568864,5.05775140656886,0.1452985405921935,1.879242430571988,0.19529073836281893,2.633871702940756,108,12,0.14645682272602006,22.702346056006924,1.838566916771863,6.981664309154011,0.07424917817115781,0.3243069203845911,0.8810665011405945,19.490159390819056,1.6061481833457947,19.437598901828192,-0.04983055703341961,2.44354014598496,-0.0056046545505523,0.7307424990920842,-0.7250816822052002,0.05256048899086473,83,33,19,77,0.09344089716930824,2.7057964754298065,0.2993534833007266,4.090410445293568,0.1218973360955714,0.5682727464301227,0.0889918034477159,0.9002777576836956,87,11,0.024419531804986745,3.8093121916335138,1.0898149795003143,7.991143589398412,0.06278668344020835,0.2481578818934808,0.3503870964050293,7.093554029018456,0.7156876027584076,6.970731316938878,0.0010684829205274548,1.1548689562634329,0.00508408248424525,0.68553209949955,-0.3653005063533783,0.12282271207957897,72,39,15,88,-0.14211274165487767,2.996754783398397,0.12392355412829692,1.5734007390021536,0.12494936957955355,1.1711040289992107,0.11149507741909473,1.2912719009012492,107,14,0.042312176956102746,6.156949998341932,1.744811315092523,5.789297732212031,0.055346757173538194,0.37081515592034864,0.2935273349285126,8.891450251043219,0.8789683878421783,8.872419672457186,-0.0460382092744112,1.4593423043204674,-0.0070029348134994,0.6575220074280218,-0.5854410529136658,0.019030578586032475,89,32,17,71,-1.199486668178052,2.548624148241811,0.15645633589239907,2.0068059291228337
LegMomentum,0.22522876171050504,3.1891406544071597,0.518646295815706,4.984341093520924,0.12978537380695337,2.551602012162603,0.15562201687600458,2.6155088244261187,89,14,0.12077451489835721,19.158452123513186,5.008159873778098,3.5319847786190355,0.06700181961059565,0.509755082826411,1.1496117115020752,15.064235050267785,1.8300647735595703,14.91149512037999,0.01718986816704273,2.439275077829503,0.02984020113945005,0.8061713255369601,-0.6804530620574951,0.15273992988779433,65,40,13,95,0.8370442132416326,2.10246746408274,0.2750662909124819,3.634334769692117,0.10398156195878971,0.9642071317561509,0.08509475980652491,0.9567385980831312,79,16,0.026435516064025562,3.9816802060597722,3.078230579842349,7.391469311294976,0.052734643220901496,0.512391954387542,0.4090023636817932,7.9177529651044125,0.8989868760108948,7.849636107806029,-0.01863776836544275,1.2682515040126776,-0.01995366811752315,0.8103780823783193,-0.4899845123291015,0.06811685729838331,95,42,17,65,-0.3100155957253146,2.711081092333745,0.12757962073954984,1.540525341767981,0.0900113396346568,0.7714915888380733,0.08011975444387641,1.0011632443117242,95,12,0.023929311172101165,3.7210843839661187,2.5942011170308232,3.1675608288413253,0.04492211341857905,0.33377566058232644,0.2848105728626251,5.955987326735868,0.6958863437175751,5.854832042570526,-0.011999637261033059,1.276814511678743,0.0006566494703292001,0.7746685153737698,-0.4110757708549499,0.10115528416534231,79,41,13,81,-1.166185297855515,2.0570313700678757,0.1220859711035371,1.4459699466906955
LegMomentum,0.2927885418385687,3.65857390621966,0.6700085858255622,5.645381370874002,0.17065934836864466,2.3740960132646256,0.2036655894340947,3.0754925470559162,77,13,0.17525766630219944,27.017636128110272,2.260314218839781,4.0777180147310155,0.09088355302810655,0.4493660615496955,1.1496117115020752,18.87527613551704,1.8467943668365479,18.788796809278526,0.0590865682810545,2.8873854254235116,0.05342778563499445,0.8414080350378405,-0.6971826553344727,0.08647932623851351,63,36,16,97,0.7609948800905625,2.1852671452834174,0.32666767124113477,4.322110772893512,0.16373772919177998,0.7067208789488121,0.11850381703115995,1.2361570715281256,80,10,0.0425685622233313,6.6652489012338245,0.6875258623032634,10.575360320506615,0.08643600344657895,0.3143462821689407,0.4090023636817932,11.009164718044568,0.8989868760108948,10.919992153179933,-0.009480352653190494,1.4202525192508397,-0.0093410909175872,0.7222982965927569,-0.4899845123291015,0.08917256486463458,85,38,17,75,-0.5058163965751127,3.2793957856782607,0.16334698739946574,2.155952616083078,0.11347106099128718,0.6013767282147824,0.09024009072105396,1.1567979291117438,83,12,0.027443530757245434,4.340642360129773,2.3187035654518597,3.7321036933867715,0.0542523711919784,0.2641257572533372,0.2848105728626251,7.569167350100117,0.7661185562610626,7.476675253319759,-0.0069398310966789665,1.3377434261996493,-0.0029983371496199998,0.6178425785734006,-0.4813079833984375,0.0924920967803578,83,38,16,77,-0.8715737088231056,2.0677651440546603,0.13119305652599114,1.5972115970620164
LegMomentum,0.2915348328453701,3.391089502166242,0.6668004184961317,5.301265892256456,0.2057511210441588,1.280051862855939,0.20975689227227118,2.644624648022239,97,11,0.16753917258722456,26.012900940908906,1.5988929908311205,7.4408375155035635,0.10933694243431086,0.5110512814223882,0.9497933387756348,20.28474782036982,1.7165158987045288,19.920873449951927,-0.04429199285805224,2.776753911031873,-0.0263058245182037,1.1588024716214504,-0.766722559928894,0.3638743704178918,95,32,15,65,0.2311764247673659,2.8599476379767044,0.32155315256220773,4.278146638262661,0.10904025286436068,1.092366076671388,0.10215489579830317,1.1499999779513244,94,13,0.033493009937536525,5.188132221621036,0.7162238995898962,9.941992792774572,0.0558789670467376,0.3177277241317735,0.2633538842201233,9.345524972754367,0.7083179652690887,9.25568971196723,-0.02032684292644262,1.233997428103065,-0.0039428956806659005,0.5177779567401231,-0.4449640810489654,0.08983526078713742,83,41,15,77,-0.808587558344855,3.149630943622324,0.14369762336625821,1.9145188870982852,0.14422236755490295,0.946289375610106,0.1081865885306615,1.195676314671166,99,13,0.03758539778201157,5.400207976488587,1.1504565616409632,6.983474822071344,0.06821158528327945,0.32356512118719016,0.280725359916687,8.860282659467687,0.7620333433151245,8.805337260393935,-0.046982293855398885,1.2905145531215183,-0.0128605514764785,0.5504063786377661,-0.4813079833984375,0.05494539907375239,91,34,17,69,-0.9668554169653367,2.7558773985545297,0.14634683599373025,1.932557933069577
LegMomentum,0.2755222781630068,3.628222008684411,0.6240377349406478,5.518353574830371,0.1922514587640761,1.658015432449314,0.20264438575133678,2.799275946513136,92,12,0.15931617066775838,24.743544558048683,2.1755884400966714,4.068363558727741,0.097978800535202,0.4216320167018728,0.9556704163551332,17.728823273120874,1.8289791941642761,17.582639638335234,-0.045095225051045414,2.927495326639274,-0.02243697643280025,1.164481344669871,-0.8733087778091431,0.14618363478563964,90,32,19,70,-0.0027924042449893123,2.230517263452194,0.3132929624921601,4.021606105843024,0.11790778487920761,0.7230184117644118,0.08856873978220389,0.8347723144535698,83,12,0.024983924846319186,3.740774873277154,0.9872044431538614,11.737675255751558,0.0592587739229202,0.32977057708413143,0.2990106344223022,8.382237793358025,0.6788484454154968,8.223031366012519,-0.026141374139115204,1.1975491623904204,-0.0218473970890045,0.7301353910346664,-0.3798378109931946,0.15920642734550583,95,41,14,65,-0.44599064873570454,3.4179392121455083,0.12257850914914063,1.518766235118215,0.11054473742842662,0.737768027733168,0.10321555371396243,1.2584842106967518,107,12,0.03813102373961609,5.371129061089299,1.8387817477026243,5.902509664547109,0.051878275349736144,0.3220587571753272,0.2039656490087509,8.589618539637666,0.7091658562421799,8.476320614104798,-0.05105302706360817,1.3933090858006774,-0.0110717266798019,0.6480307012277524,-0.505200207233429,0.11329792553286795,86,34,17,74,-1.4769133795754374,2.495305731801827,0.1461470897380295,1.8519770118753045
LegMomentum,0.2948732311160563,4.039259051385701,0.6763294538483022,6.193141628585464,0.23574872314929957,2.9770700030779795,0.21094753137789662,3.0514224910858867,78,13,0.18092672480372765,28.002554838811953,2.575913937244077,2.8351583081202714,0.1218277812004089,0.6970916931623373,1.1786322593688965,17.856553973760445,2.0519410371780396,17.808960845305435,0.05331207476556301,3.301105145457748,0.04756110906600945,1.3838820909150034,-0.8733087778091431,0.04759312845500974,59,34,16,101,0.46928278934672824,1.92813461759442,0.3330620667585549,4.135850536158715,0.15393292158842076,1.41723839496963,0.10868774474511153,1.153160081984325,75,16,0.03623793596226398,5.548334413508653,1.4752829300572863,11.481601229038715,0.07909025251865384,0.46654956429299865,0.3621168732643127,10.578465051498158,0.9437773823738098,10.364412852401095,-0.021782522439025332,1.5230786600187332,-0.0302987545728683,0.8572096103825173,-0.5816605091094971,0.21405219909706277,98,41,19,62,-0.36867729347971306,3.1169169231960794,0.14937768330407128,1.7968210286236617,0.12241278216242785,0.8322298213247535,0.09477413839893412,1.2346440810050252,93,11,0.03279197007587595,5.18884266440086,3.021662239217057,3.1256882249840574,0.0592907816171645,0.3366319710331614,0.3542797565460205,7.093189357898218,0.8594799637794495,7.028567711754387,-0.007725462503731251,1.3689578231089834,0.0048186182975768505,0.6613429007900833,-0.505200207233429,0.06462164614383165,71,34,18,89,-1.2955253941190576,2.1129263178031854,0.14340091497835655,1.8206584366513046
LegMomentum,0.3224237134872446,4.116370291505564,0.7435309046879409,6.388364635901811,0.2348059117794036,3.0166419042052595,0.21887493728660043,2.995468574364097,82,14,0.18696743257083182,28.850449315417674,1.844797383301911,4.312787628801579,0.10505619645118713,0.8700563114842264,1.1786322593688965,19.46343598245311,1.9516485333442688,19.4134185867239,0.05613155700266361,3.2073710035960867,0.06272909045219416,1.3600236994657657,-0.7730162739753723,0.05001739572921054,57,35,15,103,0.5076136009553763,2.219199859173543,0.33825879514553614,4.308505606438119,0.17977326363325116,1.3757100197450933,0.13279061580717094,1.2938797213289783,86,14,0.05216561318499485,7.905147501262445,1.3109222498731858,13.0909189435543,0.09169833548367025,0.6718650780800218,0.3621168732643127,13.239574413065622,1.048837959766388,13.141600115405812,-0.02853682825807482,1.7230752896311259,-0.016903830692172002,1.1664053432145969,-0.6867210865020752,0.09797429765980996,86,38,17,74,-0.7177479226334234,3.370012009942165,0.17885493977762756,2.2217468459581653,0.13431394100189195,1.094673507805246,0.10409184816060582,1.1720401246728358,86,13,0.033765222422919405,5.3443339516757815,1.7312226200854566,5.962426778239674,0.06937070190906515,0.4325738678284887,0.3542797565460205,8.199266387565283,0.8408789038658142,8.109400349533418,-0.00502243647351861,1.4579183426745979,0.010044485330581651,0.7834380595253507,-0.4865991473197937,0.08986603803186423,74,32,18,86,-0.9082828911834822,2.514743748646232,0.1456386124286153,1.7941036920336384
LegMomentum,0.330208433102399,3.7005221236907904,0.7525884626246986,5.75751587285547,0.274952471256256,1.8670880785733108,0.24031556856352837,3.108764015351197,75,12,0.19388424552639602,30.881119153105164,1.1490499683589102,9.767160555850134,0.1476672887802124,0.3621549536612359,1.071438550949097,25.92198977443171,1.8444548249244692,25.7888684062763,-0.014530627056956288,2.7245910056701392,-0.037200242280960055,0.7681833434658099,-0.7730162739753723,0.13312136815541017,91,32,15,69,0.6020812944858098,3.017074043326882,0.3488944109884072,4.8433173553801465,0.15943519026041023,1.2361755765136069,0.12157300697101162,1.2341461185713667,97,15,0.04530806909191634,6.734007179299678,1.6367526511303474,8.70042882930799,0.0795033760368823,0.570350349994313,0.4320726990699768,10.740897314597731,1.118793785572052,10.6173672030559,-0.03248373152455315,1.667858203155027,-0.0062507353723048505,1.053321765976804,-0.6867210865020752,0.1235301115418308,84,35,15,76,-0.7060753465838113,2.8637683490862584,0.16563155403413315,1.9880282174728212,0.1446963027119636,0.7838435375767707,0.11503635863191446,1.2418785612603265,105,12,0.042170648813247294,6.240217337216205,0.9887507526029395,10.824828651393647,0.06548807770013805,0.3084485896788061,0.2943618297576904,11.605419695535872,0.781251311302185,11.54640831425951,-0.042931076418608424,1.3650666640303037,-0.008442208170890749,0.7125066494756651,-0.4868894815444946,0.05901138127636169,90,32,14,70,-1.030653385140063,3.2019319443474514,0.1570597072247644,2.092082775601717
LegMomentum,0.2757556457068424,3.6170736809280606,0.6562622551620003,5.670248457795475,0.21061596274375904,1.543041952031225,0.19718503547832364,2.6714091309803805,92,10,0.15078716517401636,23.818899506306433,2.9780500784679678,4.909077749218367,0.10113343596458435,0.4669642285686517,1.1321041584014893,17.68820587215721,2.019977867603302,17.4296404558681,0.003586232289671898,2.790943669004921,0.03454494476318355,1.1731310364796972,-0.8878737092018127,0.2585654162891103,68,39,18,92,-0.0727896839033908,2.3922653491851964,0.3079314097794826,4.003689915908546,0.2216782793402671,0.8642867608205946,0.12869157664827066,1.231614696492035,79,11,0.044208590755520714,6.921348380881462,0.20409649859628898,9.03456299639206,0.0979174822568893,0.44326119841643113,0.5053409337997437,11.073492749191587,0.8429023027420044,10.817382003821018,0.011872019153088331,1.674982553385957,0.00888569653034205,1.0626956362132458,-0.3375613689422607,0.25611074537056905,75,37,16,85,0.3361903968643758,2.9319970911989715,0.16631991415630346,2.028738974519423,0.09952509403228751,0.720985621173923,0.08455749749206001,0.9617670360610127,97,12,0.022529355290423752,3.5215308049929246,1.7805835127431768,4.911778645870311,0.05062861740589135,0.28596601658036597,0.4048070907592773,6.843707517789425,0.7605824768543243,6.746104367411919,-0.006246124953031546,1.2043222354045973,0.019554704427719047,0.6656302780781718,-0.355775386095047,0.09760315037750514,68,34,16,92,-0.815204169965852,2.3536933357234022,0.11887029231288998,1.4391451484485498
LegMomentum,0.3040970047620667,3.801784762750828,0.7189964540302751,5.850732175968459,0.19486241042613978,1.57156218884113,0.21030523473396895,2.947956055291369,83,11,0.17970014070657384,27.572088070881726,1.8450065751061562,4.628996678215064,0.0836787223815918,0.624103576905659,1.1411964893341064,18.064245676516272,1.7601697444915771,18.034676401606824,0.060938598215579974,3.0119407325477594,0.07029789686202995,1.287546722580422,-0.6189732551574707,0.02956927490944767,56,39,17,104,0.7391848476844163,2.3447005922048754,0.33057841466228965,4.3011976349037235,0.23026206344366063,1.0847943228945107,0.13707571170059962,1.3037344946073943,78,14,0.05100356639455728,7.644394992971131,0.014408255873068931,12.45670666898203,0.11594030261039726,0.4507810720983177,0.5053409337997437,12.630324278604924,0.8429023027420044,12.571667083013295,0.03774838177487254,1.6849469775471488,0.033010914921760504,0.8693414148925123,-0.3375613689422607,0.05865719559162797,66,37,15,94,0.4364069418231032,3.3698666946438776,0.1750537417426141,2.192110552829364,0.10470183938741677,0.7614180679101603,0.08285544792888681,0.931390917987709,91,12,0.023490297636294004,3.5535060602541284,1.8006418338529162,6.06402166557338,0.0527793616056442,0.3593535199293185,0.4048070907592773,6.781617239655704,0.7503007650375366,6.681724117571878,0.02181077282875775,1.1538444658735512,0.03195926547050475,0.6824117043675094,-0.3454936742782593,0.09989312208382614,55,37,17,105,-0.5953369121301028,2.5933211797114435,0.11956199396674608,1.4906874282783455
LegMomentum,0.35380220078599256,4.297156348335715,0.8490873706340789,6.591736019807378,0.2720978707075118,2.3774681495647068,0.2650889957882464,3.415095965727689,92,12,0.2401876672475753,38.18749194601453,1.5291494220139414,6.778209755093352,0.1036338210105896,0.7112772768960867,1.2930811643600464,25.722139865931158,2.0360763669013977,25.574358002830856,-0.0019141923636198169,3.354140870828882,0.04432171583175655,1.1785307105578882,-0.7429952025413513,0.1477818631003036,68,37,16,92,0.6691190176385736,2.641810125934608,0.38866147064586737,5.190108954988306,0.22941634058952326,1.239681142628071,0.1425549282401334,1.2338944190974706,73,13,0.05205932377016829,8.08594665980615,-0.1650792881312988,9.10481739579115,0.10768611729145044,0.6380368564696688,0.4560815691947937,11.501838409486028,0.7716406285762787,11.292302788010717,0.015528431627899419,1.8058297684648899,-0.005482316017150849,1.2917599859504638,-0.315559059381485,0.20953562147531143,83,37,14,77,0.5880889349994598,3.0500093010908995,0.1802749686438189,2.196571307090255,0.16650159657001484,0.6617859442123278,0.12438308521523136,1.3837787034224918,85,10,0.04435959727823677,6.986531497691066,0.3780273228061284,6.8970232754953695,0.08386117219924924,0.23318901934510666,0.3992131948471069,10.29765836583296,0.8631286323070526,10.243358888081925,-0.0024723275564611006,1.4317653805136066,0.0112797319889068,0.5954794211754837,-0.4639154374599457,0.054299477751035004,77,34,16,83,-0.33656957398774634,2.7782539470580727,0.16701187663971243,2.2218414418796386
LegMomentum,0.35713820247106903,4.542771549395243,0.8572805362939833,7.0805811593346935,0.2860419899225234,2.4417453169598087,0.2619066416099667,3.415924390079974,84,13,0.24347254989144013,38.54921961112911,1.8474736649283319,7.336037597205939,0.12619563937187184,0.6430994026874423,1.2930811643600464,26.640544070924207,2.0360763669013977,26.425006563834412,-0.028192428499460225,3.389422031840716,-0.0163457095623016,1.1862341562581349,-0.7429952025413513,0.2155375070897954,86,38,17,74,0.7943484967497237,2.6877446380437564,0.39029165763577167,5.2020224818047325,0.20100162550806994,1.2822467872332624,0.1447046375693753,1.2958411218353847,67,15,0.05723871966600825,8.729119649914844,0.907789082100972,9.368979030181777,0.0964179635047913,0.6171187942562335,0.78438800573349,12.028337774831424,1.099947065114975,11.879008535339683,0.026178937032818806,2.0681293791503044,-0.005486011505126899,1.3978901134110626,-0.315559059381485,0.14932923949174157,84,36,17,76,0.854561966900277,2.9128707461151513,0.18790834925659633,2.1099669478478145,0.1732280477881431,1.0296699415847086,0.13170168558135625,1.498587673443091,84,11,0.05090102310227108,7.96978043006863,0.3242894602713178,7.966712826133843,0.08950085937976829,0.3898569121623555,0.4269358515739441,12.123155548709812,0.8908512890338898,12.006546765533688,-0.013705404475331306,1.6230297483436738,-0.005901619791984549,0.7554862431004038,-0.4639154374599457,0.11660878317612344,84,37,17,76,-0.15020409095575893,2.7651186772044154,0.17839339279607608,2.3098820026269955
LegMomentum,0.29075463295768944,3.934003057771176,0.6959747120738027,6.205166917601876,0.22081764042377466,1.9230418479949127,0.21013011857867242,2.7286729351453567,100,12,0.16264705559761772,24.83704846749733,2.620232201545778,5.0814638757156825,0.1052810847759246,0.587134761557357,1.1458712816238403,18.328825141835086,1.86859929561615,18.00898952232774,-0.057077237963676454,2.920922878727712,-0.01108077168464655,1.2783411684055617,-0.7227280139923096,0.31983561950734435,86,40,17,74,0.3765268523959508,2.401470016927357,0.314667197507732,4.037976969228818,0.21822288632392883,1.2423077184041866,0.12380249239504333,1.1197988894355346,70,15,0.0421033282026541,6.369236430987238,2.353530232888982,12.649010623630325,0.10569444298744195,0.5970950574067182,0.78438800573349,10.995324744952056,1.0686674416065216,10.85773257938252,0.023751488327980044,1.8049062114955452,0.00379046797752375,1.2916670500573704,-0.2842794358730316,0.13759216556953646,78,33,15,82,0.9676888078864164,3.139310214823247,0.16097328792465102,1.7639586159238647,0.13987714052200312,1.206741230151898,0.10987140755169089,1.2633518570285054,92,13,0.03572484375104375,5.429006825513161,0.8397903870360053,4.902389148033886,0.0654181540012359,0.4374265040769071,0.4269358515739441,8.875895665825194,0.8558494448661804,8.774833796664405,-0.023623802699148662,1.4793378273786195,0.0070819854736328,0.7927133171593148,-0.4289135932922363,0.1010618691607892,76,40,18,84,-0.41377186688584905,2.241140217001909,0.14800966580856742,1.8001573314574109
LegMomentum,0.26908354083608244,3.762197057940323,0.6472876104712484,5.857965516451316,0.1859666556119918,2.548119717834263,0.1918284996412694,2.687767712794627,90,13,0.14707156055477846,23.234973528067076,4.000686323365515,3.7895267197679665,0.08766844868659965,0.6912799848606153,1.288473129272461,16.73823821647349,2.0112011432647705,16.533748754426327,0.008892417699098576,2.961661284240764,0.03901165723800655,1.2653954644918937,-0.7227280139923096,0.20448946204716434,66,40,13,94,0.5673139958474609,2.125649477213459,0.30400372433038286,3.8030955766975443,0.2146762609481811,0.894307492631662,0.12251098959241058,1.2774038714942253,70,12,0.041583585813682294,6.362791305275403,1.8599772386467857,7.959172443571756,0.10794994235038752,0.40952974992636443,0.6176704168319702,10.506466938248463,0.9019498527050018,10.405149907939894,0.02388286013156176,1.6189971262582703,0.0008707344532012998,0.9304751435507519,-0.2842794358730316,0.1013170303085706,80,37,17,80,1.0339940445904798,2.6973271755451846,0.1599350501049194,1.9343318253192403,0.1265235170722007,0.9488131597089975,0.09005983470240606,1.035677795277763,91,14,0.024131872271065773,3.751908433414099,1.2752667432600688,2.748472032077699,0.060743346810340854,0.3698250217768432,0.3481385707855224,5.812740581153481,0.7323014140129089,5.7243417870352715,0.0022956648841500143,1.2773071059522825,0.01649789512157435,0.7226495246397382,-0.3841628432273865,0.08839879411820956,66,39,16,94,-0.4562904723217698,1.9510826357798197,0.12317457097754667,1.4561576118325599
LegMomentum,0.33706768798215536,4.450388283773343,0.8026955054700373,6.949812570744616,0.22231221199035633,3.2618959529273157,0.24370240649674085,3.435510563081268,91,14,0.22780649692056354,35.632622390539126,2.0385498498475707,4.0048380137914235,0.0985082685947418,0.7591908007827379,1.288473129272461,21.81263431740925,2.0436057448387146,21.427823304193797,0.04574041701853273,3.5596699413921176,0.0687247216701507,1.5696906878096537,-0.7551326155662537,0.38481101321544936,58,35,15,102,0.697903334223586,2.1587668849242583,0.37572487569386154,4.791802614767073,0.22584301978349677,1.157007604049041,0.1424580468609929,1.4006388016465454,74,12,0.05625265058210139,8.379756567013288,0.5644013010983087,8.038769539357842,0.11219464242458335,0.6199764593249987,0.6176704168319702,11.449186200964723,0.9793680310249329,11.369392617860479,0.043333737552165984,1.832475574374958,0.0163081735372543,1.0909798879744361,-0.3616976141929626,0.07979358310424449,75,39,16,85,0.8197413597448251,2.7943476056373373,0.18300109991372612,2.240935036169602,0.12740236520767204,1.352523944340722,0.10549102000542913,1.1973394951770497,91,17,0.03605821217996222,5.666772711441736,1.6684861029372389,6.347906761076963,0.0646259486675262,0.44243104583965376,0.3481385707855224,8.82795822902053,0.8016253113746642,8.814545387040273,0.008473675791174159,1.557667054977541,0.0229415893554687,0.8955750752336518,-0.4534867405891418,0.0134128419802576,61,36,17,99,-0.8876398569727443,2.5123992485587334,0.1503524728567871,1.8001239005355518
LegMomentum,0.373125451540217,4.27582998255865,0.8982409656047818,6.791704508410056,0.30272546410560597,2.247368819583084,0.2729481522738933,3.1529816654075544,92,11,0.2446333561007517,38.88232830545167,1.367730112269248,8.098906311328676,0.14051827788352966,0.7496415271812609,1.2163560390472412,24.525698807668164,1.9830654859542847,24.273451928093248,-0.017367038130760203,3.3407388515743124,0.0219785869121551,1.3820551230392932,-0.7667094469070435,0.2522468795749161,70,30,17,90,0.5196587566927896,2.9635484373389067,0.3918595994871421,5.265148832752368,0.25745086371898646,1.3022956691899308,0.1629755611531436,1.602929134448866,70,15,0.06693464488305788,10.463904218423771,0.08321980366339954,9.928770000923604,0.1225608885288238,0.46081293019536274,0.5564407110214233,13.380754647731575,0.918138325214386,13.32239402282971,0.022129046171903616,1.806885956754972,-0.02471074461936945,0.8799771089858014,-0.3616976141929626,0.05836062490186341,87,37,16,73,0.7995687459478619,3.137320800364857,0.20397177845839282,2.6831077797407694,0.17682862281799308,0.7614166096778577,0.13481789794750512,1.3375398108894752,102,11,0.05221212886678316,8.160949158483056,0.22526131877474986,9.27112244340335,0.07175630331039431,0.3212292521427882,0.3636291623115539,11.786723982142245,0.8311127126216888,11.475011733830412,-0.023053145036101348,1.6440797000807714,0.017793282866477897,0.8666001828892541,-0.4674835503101349,0.3117122483118341,70,37,18,90,-0.6758969244245701,3.150866460828937,0.17973042859852714,2.3362258234737014
LegMomentum,0.3692902324196351,4.0686378536774495,0.9026761591434476,6.495991736897797,0.32450041174888605,0.9319883568238351,0.25821214232593775,2.8418645986378652,88,9,0.20653068941925856,32.45485607035418,0.7699148341389455,8.32613694115207,0.14569923281669606,0.4939015471131342,1.1594247817993164,23.465482761470717,1.9261342287063599,23.188441203180073,-0.0355408888310194,2.9291536262036173,-0.0106419622898101,1.3362845896591962,-0.7667094469070435,0.27704155829064414,84,38,17,76,0.21853393499616877,3.044263572763201,0.3586396746170824,4.886196384147119,0.26781828701496113,1.088321266910141,0.16853483645711093,1.6127128198132152,79,12,0.07392578018623791,11.375541918029073,-0.008293018637411276,8.832470852140652,0.14012175798416135,0.5199165858147188,0.5616284608840942,13.84754255916794,0.9377235174179077,13.786533270312747,0.03504600413143635,1.9671491492559745,0.024892091751098598,1.078903282946046,-0.3760950565338135,0.06100928885519257,77,35,18,83,0.637418471764925,3.0306298759810306,0.2127398747301367,2.739683584396302,0.21353226900100697,0.9143391453633238,0.14111720472574232,1.3492928482593283,96,9,0.05290598487839878,8.24352459811799,-0.07117451492695936,10.50947020260019,0.08147458732128145,0.4727632509905977,0.3686954975128174,12.802171384340937,0.8361790478229523,12.643244879292496,-0.019189653918147094,1.5996889614382053,0.031400382518768255,0.9265832974792441,-0.4674835503101349,0.15892650504844177,72,41,17,88,-0.49221578426292456,3.2508611126849183,0.18139362038389284,2.3842231071715467
LegMomentum,0.3131106559262805,3.691398446606679,0.7608886444568632,5.844695369161879,0.27617591619491577,1.2040481964541168,0.22382260092999787,2.5270854747953737,93,9,0.1559076003147858,23.416284786384807,0.6340566744526099,6.860726674197501,0.12723109126091,0.5909494389288966,0.7236447930335999,19.0977152093745,1.5037890672683716,18.81716780128642,-0.06352133117616177,2.5821602829779664,-0.00891891121864315,1.2259028277029094,-0.7801442742347717,0.2805474080880797,85,44,16,75,-0.3901184640175136,2.791119930939532,0.3065856453249979,4.092521601579637,0.22822233289480198,1.5659871814968758,0.13930389935267154,1.3209132151121106,79,15,0.05043649614530397,7.785368217990965,0.45136145421951346,10.76622906432933,0.114900529384613,0.5881141166561474,0.5616284608840942,12.233601844502244,0.9522029459476471,12.146681431148064,0.023351600859314196,1.8484721258136514,0.0214581191539764,1.1244457642529282,-0.3905744850635528,0.0869204133541798,75,34,15,85,0.36293271377011577,3.0195664946433065,0.17655690287504316,2.0901002411561334,0.1843646466732024,0.775276624664611,0.12237699589924884,1.2586199988800872,102,11,0.040412967668126416,6.199516647377879,0.5725155256369647,10.176070585535507,0.0656943768262863,0.33638005395413745,0.3686954975128174,11.360832372960942,0.8373347520828247,11.174319767216446,-0.022647169139236225,1.4140629603702615,0.024600446224212598,0.6445041046904316,-0.4686392545700073,0.186512605744496,64,42,19,96,-0.7922724593527943,3.0889041871024765,0.15780000246329748,2.0493761469009955
LegMomentum,0.2647627689212011,3.5397290682763556,0.6339098984003065,5.515952655115807,0.1778716444969176,2.4780968240424435,0.17106832759454843,2.48517539819964,94,15,0.12804205572418703,20.241412943124384,4.2811083784587876,3.8135332648067175,0.08248648047447195,0.7081911934575444,1.1452656984329224,15.736776403158654,1.925409972667694,15.651366949227636,0.003995198756456375,2.590344302593021,0.031924694776535,1.0626781381304748,-0.7801442742347717,0.08540945393101795,63,45,16,97,0.2546242474930903,2.194933843962733,0.28374906659666527,3.6785227112454075,0.22479337453842152,1.3641207055066378,0.13396182509372007,1.370649277725815,82,15,0.0507354352957651,7.566070438094065,1.0727622237408436,8.84032947652412,0.10797096788883204,0.6148384239189147,0.6578117609024048,11.714239626113352,1.0483862459659576,11.576292149834343,0.04174906304106116,1.7155512493469158,0.045736610889434745,1.000128521547752,-0.3905744850635528,0.13794747627900955,67,37,14,93,0.5853868799669963,2.8331024852082765,0.17365233189443216,2.150105659952157,0.0845607444643973,0.8056709260009962,0.08157282424275761,0.9464259124726726,97,13,0.023755242998861944,3.6927249126927495,3.4649149402226795,6.0577960859575075,0.04472634196281425,0.36861292468450213,0.2832289338111877,7.413466464368016,0.7518681883811951,7.332926332505313,0.015397830959409452,1.2100571031758705,0.0381463170051574,0.7200646083434862,-0.4686392545700073,0.08054013186270334,48,44,15,112,-1.4282087574988152,2.543954702237416,0.1212510620627924,1.492811682613172
LegMomentum,0.3240785167366861,4.204181524053161,0.7719367673993108,6.615321607898817,0.16066479682922358,2.2755809389507453,0.208503217389807,2.999331175456608,90,13,0.18669791711408462,29.331359803860597,2.250157172565472,4.865943030606001,0.0788737833499908,0.6520569611580476,1.1452656984329224,19.810007566530466,2.026231527328491,19.71957992582764,0.034983910992741576,3.185110766108005,0.04602408409118645,1.160877237869719,-0.8809658288955688,0.09042764070282563,56,39,16,104,0.20292607739116905,2.3307762456025207,0.3408643459022605,4.3802316390213285,0.23599908500909797,1.042808131965053,0.15912158209714106,1.4596350199325039,73,10,0.07295858339120784,10.687500674918487,0.313471631151657,11.050086499504989,0.1324721872806548,0.49412109120432357,0.6578117609024048,14.490378680034054,1.0441298484802246,14.069644682379655,0.058956673089414824,2.0209791272078435,0.040692403912544195,1.2125509887374117,-0.3863180875778198,0.42073399765439895,62,37,17,98,0.6814462467416086,3.274579573912312,0.20588382953288806,2.5696583512811015,0.1054171919822692,0.8603061715610871,0.09796270772814748,1.1115998778881238,96,13,0.033991213524945024,5.259251638047622,2.97497931848358,9.3198801777819,0.05227141082286829,0.31513910523987754,0.2832289338111877,9.942477731028086,0.8171904683113098,9.860037914935852,0.02240505544468759,1.4092317145829683,0.04420740902423855,0.7952101272286427,-0.5339615345001221,0.08243981609223537,51,40,16,109,-1.4317056552988348,2.9771945720072863,0.14447483537441397,1.809231221447709
LegMomentum,0.3947261757730038,4.3023075045211066,0.9508219011873005,6.906409777646829,0.30072699487209315,1.5343167021336943,0.28116058045998216,3.3198661515781844,92,11,0.257881282401477,40.92646452640485,0.7107834653579999,8.61315582427839,0.11482799053192135,0.6572849730245482,0.9536779522895812,27.761939653793156,1.9450846910476685,27.638726283130296,-0.02548441104590894,3.142394993082569,0.03766298294067375,1.1427934258640007,-0.9914067387580872,0.12321337066286117,70,36,15,90,-0.10696520649115816,3.02558462338923,0.40191534675450785,5.5724158346137855,0.26615725457668293,1.2305925047354571,0.17737733050133098,1.6446404961328447,66,10,0.08292121121533405,13.010380070378625,0.2241032478789564,10.385497187661606,0.12751716375350955,0.5562119377535313,0.6520359516143799,14.808120285495253,1.0383540391921997,14.72401923498787,0.022210221411660312,1.9847822456852333,-0.023272275924682548,1.0736181720382827,-0.3863180875778198,0.08410105050738326,85,36,16,75,0.8842571881346801,3.2920864044267435,0.22727804283331504,3.011813325488701,0.19624206423759452,1.0614875541741386,0.14718603141373024,1.5984954452533962,109,9,0.06532971304334921,10.321051143022322,1.518697272727585,9.840250732778596,0.09642951190471645,0.5259093049847227,0.3562670350074768,14.450777347376444,1.0535826086997986,14.384226917492713,-0.01714736130088569,1.7792325388790267,0.01988148689270015,0.9173530179867594,-0.6973155736923218,0.06655042988373085,62,32,15,98,-1.1780070636193245,3.0842384866766506,0.20197026657689565,2.6749547128159787
LegMomentum,0.3915311605162178,4.275061423253468,0.9518952628225086,6.873630051900726,0.3103124797344208,1.30470937808574,0.2736000056331977,3.3106624532223656,83,12,0.2405253820165361,38.08569526450754,0.6706730946176687,7.307872700071272,0.14594715833663935,0.589714108416898,0.9536779522895812,22.803530584072526,1.9450846910476685,22.77886863973456,-0.028305170312523848,3.08867318066734,-0.00741338729858395,1.0840531476193682,-0.9914067387580872,0.024661944337962857,81,37,14,79,0.05917791013558045,2.856574433296802,0.3879015385591004,5.342826335146393,0.2614584546536206,1.1526750833440262,0.16772660358401476,1.6427377612382204,75,10,0.075021270123987,11.337752529202737,0.09603856819354695,10.83625966716882,0.13059053942561144,0.572720825147971,0.6513034105300903,15.018502357297553,0.9924033284187317,14.884869747460286,0.045420293742790815,1.9246550813411207,0.01976072788238525,0.935846957912681,-0.3410999178886413,0.1336326098372666,75,36,16,85,0.7121210515076528,3.2062222688654716,0.21238458232974824,2.762870852405255,0.21380196511745447,0.7243805174930832,0.15804398462176322,1.724722558232369,102,11,0.07422373527322187,11.742340794529948,0.9870268602497423,8.66714903487214,0.11006562411785126,0.339641163744141,0.3959523439407348,14.268896912962003,1.0932679176330566,14.121491293632348,-0.01645268201828004,1.8603017898922656,0.014167428016662549,0.8000437431162937,-0.6973155736923218,0.147405619329655,66,34,16,94,-0.9874817331232248,3.0314258407986854,0.21542794922745329,2.8777800550169887
LegMomentum,0.3096204584892761,3.836872157586192,0.7488632059097289,6.066748547483651,0.2590088993310928,1.6958160251405632,0.2113531788438558,2.566103733401293,92,12,0.14614709157410558,22.663454390969843,1.3407474948280793,5.696083699320175,0.12345889210700989,0.6601989724882784,0.8160132169723511,18.242991644175156,1.5854033827781677,17.955219510184005,-0.040840058028697966,2.83921945506741,-0.00741338729858395,1.4004800459246607,-0.7693901658058167,0.28777213399115137,82,37,19,78,-0.07788881720727443,2.480926481056049,0.30039642050648757,3.821293927053578,0.22564185410737986,0.9400435783469164,0.13125955575145778,1.2414356230087276,81,11,0.04476948249498926,6.753969663572734,0.38919803829612,13.082958201587335,0.11627314984798426,0.43104556539379313,0.5704821944236755,12.559336059968107,0.8416296243667603,12.519097088470593,0.03409364745020866,1.481793297838086,0.038839772343635545,0.8037015904438727,-0.2711474299430847,0.04023897149751478,71,38,17,89,0.5761338231716763,3.4167472479423573,0.16427787400378724,2.1350077953147766,0.15153300017118446,1.2245259190739386,0.12847053622826932,1.4728430413680733,100,12,0.053047932822015094,8.297512241183636,1.431372521563408,10.444223927206986,0.07476913928985596,0.43396678308937064,0.3959523439407348,13.117071307364084,0.9666347503662109,12.92989736976601,-0.01648290865123273,1.7457357945781553,0.0137272328138351,0.9127133041931319,-0.5706824064254761,0.1871739375980727,70,36,16,90,-1.0843754544349844,2.997802077018166,0.18190680241800108,2.291270123034866
LegMomentum,0.26621741826090517,3.2418473178351515,0.634141702800989,5.167137975533168,0.19233658909797663,1.5261161529976517,0.16689258635044094,2.165677547862537,96,12,0.10427259551355693,16.381822292504165,2.824469638416754,6.0184763216977295,0.0898730754852295,0.549524320341183,0.8794307708740234,15.861704998386397,1.64882093667984,15.708578297305893,0.009354296699166301,2.217965048336179,0.053819805383682195,0.941444682112293,-0.7693901658058167,0.1531267010805038,64,40,16,96,-0.3799399049733778,2.5957668135932295,0.25591443013521825,3.385624512089794,0.2331425249576567,1.00722269663346,0.12828577204025346,1.1878166594093649,81,13,0.04184242301278159,6.284246895289305,-0.1684655460766309,15.645163330923335,0.11727535724639884,0.3864366017051266,0.4863564074039459,12.375678930728165,0.7816889882087708,12.223355550071012,0.03129200907424092,1.528553512868884,0.03483028709888455,0.8368966144853844,-0.2953325808048248,0.15232338065715356,70,42,17,90,0.31230461105312596,3.6298674525310526,0.159156027399834,1.986899859979234,0.10916418582200996,1.1344388265891336,0.09401474285637956,1.2472089606382593,93,14,0.033771972373625905,5.307441121805487,4.357165532971249,4.8296666122951,0.0550274550914764,0.3411128165242393,0.3506544828414917,8.634531935642892,0.9213368892669678,8.615932962035787,0.013361568190157403,1.4206194143281061,0.03221014142036435,0.6541810800171773,-0.5706824064254761,0.018598973607105683,57,34,17,103,-1.4915065899171809,2.2838861169789255,0.1451226372868748,1.8136376709363855
LegMomentum,0.3260953168331362,4.048156766167313,0.7773286081850527,6.377815246127353,0.2171609252691268,1.662134561649976,0.22225786343216894,2.89596820545864,88,12,0.17886387149995372,28.133025772150585,1.5398259993931198,5.621345483058251,0.1029711365699768,0.6227497007637258,1.1293185949325562,20.36904228017733,1.8495631217956543,20.160858664207034,0.026106889545917507,2.9809550775281197,0.05391681194305415,1.2089550659660886,-0.7202445268630981,0.2081836159702945,64,38,16,96,0.35543353276573386,2.5080639469658026,0.33437575369609607,4.387132616859207,0.2308451756834983,0.6517653309139793,0.14781863334937953,1.3487209534134994,71,10,0.05947230963844872,8.977773335125237,-0.07153142013698632,9.491988458852992,0.11554785817861546,0.3429428795556113,0.5352831482887268,12.511161119699816,0.8335834443569183,12.135324245971368,0.03686995385214687,1.8735983290166263,0.0183104053139686,1.1743642648925394,-0.2983002960681915,0.37583687372844776,74,41,17,86,0.5554920472336543,3.1235627858990567,0.18983157056815747,2.338247770581925,0.13767261803150171,1.0163366898076447,0.10949153197929258,1.1399936955054697,88,13,0.0372883998665757,5.814781621633216,1.3627359046314673,9.371446515790197,0.06922060251235959,0.4992592991574626,0.3506544828414917,10.132544216382126,0.8104442656040192,9.983154771834624,0.012076073698699471,1.5232618395826074,0.02920611202716825,1.010351789863823,-0.4597897827625274,0.14938944454750208,64,36,15,96,-0.851033490290764,2.9629880367699,0.15265999829648452,1.8693461396179754
LegMomentum,0.3711300722393564,4.218740288579847,0.8892016784846781,6.620926130118897,0.35437563061714167,1.4577534574503717,0.2718422563187778,3.2167551976663633,91,11,0.2298884040469904,36.44100124386045,0.8358249956376689,10.021020359306135,0.15610828995704645,0.6138602890047293,1.1293185949325562,28.008778354540638,1.8741436004638672,27.89251306361094,-0.02675199061632157,3.104634881607264,-0.00050562620162965,1.1063581599614754,-0.744825005531311,0.11626529092969771,80,38,18,80,0.5120735379276165,3.0878453306873777,0.37929372767224234,5.177088322191143,0.2408375516533851,1.2036244835711092,0.15937331945751787,1.5267591675202106,75,11,0.07008622300409377,10.979126438389585,0.6548261341014943,8.191752696680714,0.12343770265579221,0.5774785342018389,0.6804660558700562,13.212398753646315,1.0684211254119873,12.896031365562278,0.021272206772118808,2.0392969255922737,-0.0024171769618988002,1.2048049162956482,-0.3879550695419311,0.31636738808403825,81,38,16,79,0.8421141961767489,2.9395327774081497,0.2088636703728365,2.611588498913925,0.1984975710511207,0.8661224237077941,0.12805454770568758,1.2196420176662501,86,11,0.042785871640386955,6.745394850120629,0.055119029878127,15.069537037810242,0.09320381283760076,0.44993722903152866,0.3112597465515136,12.913343920372892,0.7661866545677184,12.842416491966047,-0.012514653615653518,1.476994322919359,0.0125190764665603,0.9055746036291423,-0.4549269080162048,0.07092742840684532,77,41,13,83,-0.5942645673643984,3.6635709458910037,0.16355962725577283,2.136324558718692
LegMomentum,0.32383451613022124,3.8044268556891234,0.7792482541501521,6.0299898484784435,0.3365101367235183,1.2226586784766096,0.23451148481108244,2.606991800367556,95,8,0.17159916704370765,25.929803987178875,1.165826399087841,7.878356724112594,0.13695076107978815,0.4693821924978942,0.9833022356033324,21.43135039682272,1.7281272411346436,21.046167253810694,-0.07359272167086602,2.66777921105258,-0.01788374781608575,1.0770444499084584,-0.744825005531311,0.38518314301202455,85,38,15,75,0.2544983215066127,2.9219288091001796,0.3201156877663212,4.33736764273615,0.22500352934002868,1.2562216687413037,0.13683696764637715,1.3653645449188934,75,14,0.052876473849678224,8.10538970330989,1.490236615340133,9.161842639540339,0.11227329075336459,0.5349466065075323,0.6804660558700562,11.950269576874062,1.0684211254119873,11.757475389223918,0.02825532155111432,1.8803681838835073,0.00912086665630335,1.1797210719564615,-0.3879550695419311,0.1927941876501437,73,38,17,87,0.8563835200227717,2.865215794162871,0.18014510701787753,2.137663489969488,0.18075525760650618,0.9361647376577519,0.12333313740789886,1.2023060588962386,94,13,0.04148612092566386,6.406333792391672,0.2957299944541534,11.953799039847032,0.08010889589786524,0.36800892398841134,0.3112597465515136,11.830067879678365,0.7883759140968323,11.746036286132673,-0.026142930984497076,1.4818424535423569,0.0123604387044906,0.7367938812792207,-0.4771161675453186,0.08403159354569223,79,35,16,81,-0.687444839825782,3.3128647612312823,0.15938678950041638,2.0519446228568747
LegMomentum,0.25481083383087977,3.5220423851723432,0.6130124689638613,5.521571270940332,0.165600225329399,2.0829482904382863,0.1738095530495047,2.401364372378776,94,14,0.1183977491615051,18.753435239284414,3.405518837381652,4.607346193215238,0.08133906126022325,0.6475988974651641,1.0542488098144531,15.91911916643907,1.7470481991767883,15.715067485834961,0.0009445115923881531,2.4984339814601837,0.023338437080383252,1.0083062226435378,-0.6927993893623352,0.20405168060410936,66,36,18,94,0.47087776151056154,2.3005574641068107,0.2728792690375783,3.5371263590052067,0.1810002997517585,1.0266086731003454,0.11821717998944221,1.1048652874684333,72,13,0.038461227233094746,5.766862491539345,0.39920092933400575,5.983920132949704,0.09552828967571256,0.3900901119591099,0.4814281761646271,8.654015565308356,0.8551733791828156,8.446230566006376,0.02978078434243798,1.7103413361185305,0.0077946931123733,1.0651362507959037,-0.3737452030181885,0.2077849993019794,71,36,15,89,0.6053182970150497,2.4868921252806584,0.15263347607009797,1.6857031190288596,0.10102056711912147,0.641627813054424,0.09210922264028336,1.076498742408876,90,10,0.029246807898416372,4.60515908993262,2.4191496230188845,6.206388873849173,0.051978677511215196,0.27898690206198007,0.3310264050960541,8.363237286566372,0.8081425726413727,8.267083090431498,-0.0017612883821129881,1.3127959533616191,0.01526339352130885,0.7207161987049518,-0.4771161675453186,0.09615419613487426,71,37,16,89,-1.059369046104663,2.604182726209584,0.13561377937723135,1.6975646894212826
LegMomentum,0.31033933861672613,4.152334733781245,0.7452286221086977,6.515207020807461,0.18167814612388597,2.0211160229006233,0.20230284998659043,2.9694048952040037,77,11,0.18342968286864636,28.17262662057913,2.5500080495707733,4.76704644145897,0.0882404744625091,0.7433676764163578,1.1014831066131592,18.492931484257838,1.9886560440063477,18.367012901492192,0.06023091934621333,3.1366903171273264,0.0544926524162292,1.4394749647009253,-0.8871729373931885,0.12591858276564438,50,38,15,110,0.24744961424337208,2.318330234716748,0.3342364442302589,4.281798742937226,0.2514398097991942,1.2643678155958167,0.15139951555174774,1.5727421884687982,77,13,0.06359777491185135,9.636372218537915,0.6014839434868211,7.006884752544218,0.1306893974542618,0.5065777393617543,0.6789562702178955,12.020772361119798,1.068099021911621,11.782640962967042,0.034738160204142325,2.0133425805607783,0.0263297706842422,1.186616923746075,-0.3891427516937256,0.23813139815275705,69,34,16,91,0.6488107339301135,2.6023240566368067,0.19693722665050759,2.362800006737511,0.12166429311037054,0.7535001599692066,0.09543706852477041,1.133080147858549,87,11,0.03288342549088656,5.039610295143101,3.3451628464079803,6.630890613826869,0.06117288768291465,0.3129058237817931,0.3310264050960541,8.642570990035608,0.8674593269824982,8.553572160910596,0.023266404494643195,1.3651741231193555,0.03207328915596005,0.7483844213178261,-0.5364329218864441,0.08899882912501299,55,40,16,105,-1.3931559472775532,2.6610238303172573,0.1419037333487396,1.7821082763705463
LegMomentum,0.3713848454784297,4.220293438346792,0.8967624770104883,6.713902732075695,0.3249726146459579,1.9269779357203773,0.2703728984668851,3.145463879613826,102,10,0.23504021742918113,37.45074522746328,0.7095250403091358,7.807920730767053,0.11191064119338989,0.7049995252019089,1.1014831066131592,23.481668904572004,1.9886560440063477,23.4485913370651,-0.0018487855792045746,3.1854011316361617,0.0525553226470947,1.2623266712926218,-0.8871729373931885,0.03307756750690275,58,34,17,102,0.08022407867412597,2.922496395809303,0.3844744420816,5.225319593865464,0.25137709081172943,1.2616393590589907,0.16271345028071665,1.5400035007632535,71,12,0.07169699265585316,11.12253487685864,0.9205634468821322,10.366200537505087,0.12948666512966156,0.5851357688164309,0.6789562702178955,13.559695494458467,1.068099021911621,13.428772817197865,0.02041578618809581,1.9433111732651371,0.0007561594247817998,1.0602685271457317,-0.3891427516937256,0.13092267726060147,80,37,18,80,0.9850438207591183,3.2298204354147666,0.21135993583150295,2.7103646545661557,0.18538668751716603,0.9163158564610097,0.13271188494283703,1.4299609994017777,102,10,0.05195104374273129,8.171931618352824,0.6102604378064256,7.8053460641758985,0.09372723102569565,0.4162113874538238,0.2925590872764587,11.31914682050615,0.8289920091629028,11.218471425250309,-0.01693586464971305,1.5851904271743968,0.0088443756103515,0.816644165771885,-0.5364329218864441,0.10067539525584177,70,35,15,90,-0.9787810547828326,2.9033893560019104,0.1799582867886977,2.378886909448929
LegMomentum,0.3617865783088817,3.876201802306869,0.8728849449008702,6.095082440351529,0.40492343902587885,1.72691822057721,0.26684686826542026,3.1220136931553095,92,10,0.21650255782315408,34.379466574566194,0.3464961561015105,9.332295723090725,0.150660365819931,0.4245222066178733,0.9384796619415284,26.353677848047212,1.6918355822563171,26.2659381845707,-0.02429268918931485,2.875351555916205,0.00574892759323115,0.862069646579396,-0.7533559203147888,0.0877396634765104,77,32,19,83,0.2586366447179463,3.0633756789191677,0.3682000603191717,5.109972603102337,0.21089661866426457,0.7737920372689623,0.1415862237161491,1.4135989864511433,70,11,0.055316536255437365,8.421360970549506,0.8737701528962702,9.623719648988379,0.10521063208580009,0.42094834439942697,0.631309986114502,12.634502786189305,0.9454493522644043,12.576488373492753,0.031561122508719563,1.6681601349537083,0.0063427239656448,0.8005806690327935,-0.3141393661499023,0.05801441269655295,77,39,16,83,0.9968683132843461,3.0959585140939008,0.18381486640800207,2.3745742217712906,0.19321122765541066,1.0663801889786446,0.14351200640201564,1.4655034536946459,96,12,0.05887722301135362,9.213833164892442,-0.10828937481591527,13.749908809886506,0.10153090953826899,0.3500651899080248,0.3018126785755157,15.030414769021512,0.7936090528964996,14.872412419611083,-0.02209432851523161,1.5515707494816158,0.001383900642395,0.7117776185340803,-0.4917963743209839,0.15800234941042857,78,34,14,82,-0.6335863648006297,3.5971572572070984,0.1911503870516471,2.608919579873151
LegMomentum,0.3168345554849378,3.4705608147495615,0.7611902326345442,5.487271448672056,0.27058106660842884,1.3102408420175042,0.22511169650591908,2.566447437958891,97,10,0.1614323722051234,24.65257658893372,1.0018738344932379,7.141845964115774,0.12882366776466364,0.35385766740150415,0.9144575595855712,19.854830413428907,1.6018513441085815,19.79236294565813,-0.06363653615117074,2.454546260013451,-0.0181964039802551,0.8342658484220922,-0.6873937845230103,0.06246746777077642,90,33,15,70,0.09878056799444529,2.8676018942351242,0.3121773788554586,4.315991108237795,0.18262067250907404,0.7467652968647528,0.11342589893378315,1.0386850970883272,78,11,0.034529295635669116,5.10006767860882,0.12019603677783852,9.522014887571885,0.09458330273628225,0.3840449882507015,0.4392112195491791,9.597540554380048,0.6963405907154083,9.549174363313073,0.03271099962294101,1.441109113367649,0.0302238911390304,0.9363916894650379,-0.2571293711662292,0.04836619106697605,71,35,17,89,0.6088257296306664,3.016860925384139,0.14366558049802713,1.7387559351379733,0.1787863597273826,1.0523900590144564,0.14574222430353984,1.4736415029559586,101,12,0.05912809434006456,9.050004286870106,-0.08895059475419487,12.156752125308335,0.08834381401538845,0.40967638129183753,0.3018126785755157,14.526853606874065,0.7845445573329926,14.374335408826193,-0.035441145859658726,1.5916160752909574,0.001205638051033,0.7473968835945992,-0.4827318787574768,0.15251819804787145,79,35,16,81,-0.7434835680500653,3.372117815097573,0.18953497317260973,2.5527950477360135
LegMomentum,0.25738893246066885,3.285423212543284,0.6219873938709495,5.220207569593622,0.208850011229515,1.331413068561603,0.1734029995277524,2.1967125868190553,88,10,0.10733358871580745,16.950525415015473,2.569806679405551,5.479531407781934,0.1024381518363953,0.49850075128839705,0.940132975578308,15.74346576833745,1.6275267601013184,15.661398192198407,0.011723281815648079,2.335957304881683,0.034032613039016654,1.0489610102031337,-0.6873937845230103,0.08206757613904295,66,39,16,94,-0.003222428412361909,2.5122388284676203,0.2595517327977992,3.3902549881661375,0.16704707592725745,1.0423940802207947,0.10419211156317032,0.9796562463766274,74,17,0.03193327743388561,4.641849696966745,1.7539977077703188,7.318684640933373,0.0829073935747146,0.4879048167462621,0.5474758148193359,7.975078549672755,0.8174676299095154,7.920344069541868,0.03376086386851966,1.4210013822622805,0.026634022593498202,0.9679719054606399,-0.2699918150901794,0.0547344801308866,71,37,19,89,0.8833059564684627,2.7312025306336487,0.13761125618370632,1.619445821438752,0.11890406906604753,0.5577512480587561,0.10774697028100486,1.3905456263195657,90,10,0.04200933177940852,6.670172443820212,1.981562848575411,6.286656140193076,0.05987587571144104,0.1873042438631384,0.4042250514030456,10.529021283402114,0.8869569301605225,10.495566846609652,0.003633931279182423,1.4632488824496592,0.0176611244678497,0.6426476157094694,-0.4827318787574768,0.03345443679246307,68,38,15,92,-0.8666041876610862,2.595483029155143,0.16250438416716081,2.1281623885009417
LegMomentum,0.32286507555446214,4.466621923233709,0.7691611852124332,7.01183301972298,0.22541485726833332,2.244195673762389,0.22103396556340157,3.023976650227283,85,13,0.1903909990428798,29.53535079868496,1.9309155984709685,4.66724884090097,0.10130509734153745,0.6707712227261847,1.1689083576202393,20.411681839224347,2.015395224094391,20.281247634572246,0.05326720848679541,3.1622339258922967,0.0671563148498535,1.4503451733930897,-0.8464868664741516,0.13043420465210245,58,40,15,102,0.3496946618861807,2.313184541950145,0.3418881775360806,4.419912600563585,0.18218650668859476,1.2809349246543447,0.13660160434053975,1.4241941087017176,63,15,0.06356595826097983,9.365602227191383,5.306799282845169,4.773304220923508,0.08544394373893735,0.575004664954839,0.9645450115203856,10.776487975518446,1.4040411114692686,10.430141733506371,0.04357233240734786,2.1727919744328306,0.01006178557872765,1.4035303588090207,-0.439496099948883,0.3463462420120747,75,38,14,85,1.4732861107446928,2.2813692283670255,0.1951104850986162,2.1551281314649633,0.12994819134473795,0.9477650900127603,0.11342206205939873,1.2583256430646097,79,10,0.045421951953156264,6.909934207613784,1.5978120026778075,7.806460656791057,0.0644629746675491,0.46969178654298815,0.5032071471214294,10.732053297944052,1.0011107325553894,10.60934648203904,0.02853611093014477,1.6768071193978527,0.026955872774124097,1.1218993403982367,-0.4979035854339599,0.1227068159050121,59,38,16,101,-0.3072644016126636,2.7475645013565364,0.16657681203616231,2.024414011992226
LegMomentum,0.3766871836044973,4.6099611450630205,0.8892565935477612,7.2611242499082795,0.3186851888895034,1.4685639451720212,0.27764518645126374,3.2359572991691676,93,11,0.2407029839212159,38.309863091279084,0.7617037062043948,10.828666757357668,0.14477056264877314,0.6646600202124071,1.1689083576202393,29.315020877508637,2.015395224094391,29.147911075250537,-0.016746835783123977,3.2721441586728877,0.0274390578269958,1.4241090789302344,-0.8464868664741516,0.16710980225810132,74,31,18,86,0.2681836558152664,3.1574006063354583,0.38872008449859097,5.253849607301487,0.2085356339812278,1.0892658588394901,0.1462601509439992,1.3916607742854625,70,13,0.06526819509820336,9.90948415340384,4.562200436186841,8.665791948526806,0.10905593261122701,0.45989369748911324,0.9645450115203856,12.451049255531297,1.4040411114692686,12.238748607409308,0.030278933630324904,2.2045942248489805,0.0089969485998153,1.5878393476834267,-0.439496099948883,0.21230064812198882,76,38,16,84,1.3090554499402596,2.859949877820527,0.20031624836890086,2.247053283116882,0.18193797767162317,1.1969347658373954,0.13779379222542046,1.401842857575587,100,11,0.056643723944604624,8.90910209731686,0.599646856717861,10.743310200194745,0.09468072652816764,0.6255479341464639,0.5032071471214294,13.537580516013515,1.0011107325553894,13.418208838132774,-0.015476591140031823,1.78438586638641,0.0105519592761993,1.1509728776781933,-0.4979035854339599,0.11937167788074093,72,37,16,88,-0.48179518346142014,3.144395375566763,0.18810622609020428,2.392711678651918
LegMomentum,0.3209953028765572,3.6210640162052994,0.7654081625491379,5.731712728668851,0.2911515086889266,1.7512727895745739,0.2350885216705501,2.5804024442227256,92,12,0.16698498062711142,25.924732163503112,0.5820543572183361,8.576532479299027,0.12655821442604065,0.6391831441836093,0.8146637678146362,22.009039166200708,1.5774182081222534,21.785474079113822,-0.04785370863974094,2.703463100928077,-0.008369356393814,1.137041221138245,-0.7627544403076172,0.22356508708688577,81,34,17,79,0.06100792316508169,2.9779664973150335,0.3204958979301533,4.314628538521417,0.19662329554557798,1.0739480929186471,0.11800263368000738,1.0942244392600466,79,14,0.038429406622259174,5.598904598150568,-0.1736126204012125,13.645904000992193,0.1012261435389518,0.46246107657936564,0.4238616824150085,11.243404806235956,0.733307659626007,11.095563960987475,0.041654353914782394,1.457705827418306,0.0373258143663406,0.8421263533786432,-0.3094459772109985,0.14784084524848062,59,39,15,101,0.27934450673085426,3.449026964609179,0.14974458401429458,1.8638664970596148,0.13215218484401695,0.77753885674629,0.12773381302831693,1.3656579490589855,107,10,0.05096253315403374,8.0123504187925,0.6475261131939578,9.223783578635368,0.0669074058532714,0.3164330761521379,0.3580683767795563,12.25635367597479,0.8443653285503387,12.217191039641538,-0.019614529795944694,1.5705438003224685,0.010951623320579449,0.8075457257880576,-0.4862969517707824,0.0391626363332519,71,36,16,89,-0.8175147950599235,3.0801255083422516,0.1779459417373293,2.3549400395893647
LegMomentum,0.22903002552142943,2.900543603293911,0.5474622686207292,4.620604683087871,0.17770136892795557,1.0496669747460288,0.16411295592784877,1.9225041568991952,91,10,0.09252710711126866,14.671252261104948,1.4617610504099776,7.453154606815396,0.08533272147178644,0.43739469672304604,0.672007143497467,15.784150336055978,1.270084023475647,15.578417169825064,-0.00867288112640382,2.1641985446678427,0.0256302952766418,1.027400242416805,-0.5980768799781799,0.2057331662309146,72,39,17,88,-0.05780157185730581,2.8163417350241122,0.24107562544752612,3.1603001313740022,0.11460473388433443,0.9112394140209739,0.08248424606164914,0.8308520857361479,78,14,0.020837419431635418,3.022049426533633,0.7556227220842904,8.122571229381892,0.05921974778175345,0.42447464354289266,0.3581223785877228,7.076559243119025,0.5481358468532562,6.986208420389565,0.03165200045332311,1.127000649142972,0.02743314206600185,0.6765222419449799,-0.1900134682655334,0.09035082272945932,62,41,16,98,0.560488911609172,2.762596945027312,0.10998702273170055,1.3236007567861812,0.1046873778104781,1.033748591347709,0.09455869161523875,1.1109616847845165,106,14,0.0321925156752916,5.06657531031544,2.289933531278093,7.090757593162257,0.0490308254957199,0.4079679151996375,0.3580683767795563,8.652528900973131,0.8000311553478241,8.606226879699289,-0.005043475702404985,1.3294054892770548,0.016825109720230047,0.7298303326051133,-0.4419627785682678,0.04630202127384239,61,35,18,99,-1.0956025080152818,2.7326498945123756,0.1422015069488091,1.8163855194851874
LegMomentum,0.24659115704114748,3.171137417230986,0.5837523113563655,5.001961611806468,0.1443614810705184,1.2230840623613755,0.16583687356207516,2.2861853151692797,93,10,0.11319870571887453,17.518957289933347,1.8379917098192537,4.271990514760626,0.07274952530860901,0.4822838212676994,0.7612453103065491,13.868322761107324,1.4769243597984314,13.70489099355112,0.039546006545424436,2.3521130400590273,0.0564624071121215,1.0801862899943702,-0.7156790494918823,0.16343176755620414,51,38,18,109,-0.33404789017066167,2.3446767407512175,0.2638568402401009,3.4621556199451278,0.15023339539766306,0.8172885389303428,0.09799494000384582,1.052686904477213,72,12,0.03199829031546831,4.711191237597963,3.7957570809574124,7.5899190311513465,0.07772475481033314,0.3644059157161256,0.6185619235038757,8.890774750391342,0.8085753917694092,8.76093802480599,0.03334702549036592,1.4180360069349005,0.0147771835327148,0.8563670511856518,-0.1900134682655334,0.1298367255853521,73,42,16,87,1.585746302453389,2.6758637426040828,0.13786113636139602,1.6432787714304857,0.09827785938978192,0.5332269872586375,0.08983729402883905,1.0387109571330226,107,9,0.0284727673790656,4.44669562153513,2.8009940843994796,5.866411703430083,0.04771836102008815,0.29207235993491826,0.2700012326240539,7.930121959878621,0.7385172247886658,7.802340976319426,0.0030033244751393523,1.2318125648125402,0.025542259216308552,0.7252277312904696,-0.4685159921646118,0.1277809835591947,48,39,18,112,-1.5597173561585167,2.640523152837366,0.13378461862313953,1.7115295576486789
LegMomentum,0.34838748449174906,3.9803495578897543,0.8261517180874942,6.310008412360977,0.25993803143501276,1.322709249059542,0.2472476025018841,2.993245620837806,99,10,0.18684800800350415,29.691001625868136,0.4031039788322297,8.270210198187085,0.096034437417984,0.5281869532684369,0.9811222553253174,24.303526589550398,1.6968013048171997,24.276220552680172,0.0010325230658054213,2.815588600731702,0.05585440993309015,1.0547054468508215,-0.7156790494918823,0.0273060368702249,61,38,15,99,0.083337176876353,2.846950325661055,0.3428022719200066,4.665132630193683,0.22445683926343907,1.0772868422234172,0.15337893657444507,1.428135493069301,66,11,0.06125851105403706,9.324128976642845,0.49550979959976704,12.554210817994834,0.11471988260745995,0.6065236047996536,0.6185619235038757,14.354161024739087,0.9381668269634247,14.226425489252193,0.0321973599260673,1.8669794626587426,-0.0228761732578277,1.2555847816447647,-0.3196049034595489,0.12773553548689415,88,37,17,72,1.0156695834546348,3.3017999699391463,0.19360830436621693,2.4163022705475647,0.1513004675507545,0.9077467901075029,0.12371824958012438,1.233132328902219,99,11,0.04437952611173013,6.78379753759838,0.26370920071280546,11.042177544077102,0.07847981154918665,0.3649032474454259,0.3775084614753723,11.660820574303767,0.8460244536399841,11.43575965086767,-0.02063674544915558,1.6274403489705325,0.007740780711174,0.9526945181714238,-0.4685159921646118,0.22506092343609696,73,38,13,87,-0.5857503576998765,3.182391926471005,0.16578026999342355,2.0335278331365547
LegMomentum,0.3428878198992595,3.883503245125433,0.8160467386990784,6.146132317135977,0.31469275057315815,1.6548979736365441,0.24036526817362752,2.7491853526130203,95,9,0.17602563028051743,27.502507552091632,0.6464264974892613,9.83685917824488,0.1327601671218872,0.6000003514023019,0.9811222553253174,24.459072703054378,1.656817376613617,24.38660615698491,-0.04365989901125431,2.746588455580966,-0.00275838375091545,1.1102556130461727,-0.6756951212882996,0.07246654606946788,82,40,17,78,0.2745977017630248,3.024592098020377,0.32983293982691964,4.467522737240517,0.24187345057725895,0.9153758627530226,0.15200681137794161,1.405372968053274,75,12,0.06032987518938524,8.910369638530005,-0.04419889120592657,15.104539610928054,0.11717136204242705,0.4906578288382435,0.5654804110527039,14.419991537395843,0.8850853145122528,14.321902302922913,0.04672102122567594,1.8852543509603523,0.019070759415626498,1.0946565659345637,-0.3196049034595489,0.09808923447293004,75,37,15,85,0.6830042069906981,3.545596344463853,0.18906807045188304,2.314343464292858,0.17432642728090275,0.807487231830844,0.12357808297500013,1.3170966083365452,88,11,0.044409300867287234,6.741848039557226,0.22495878141336956,11.253631892249889,0.0895197838544845,0.4173056589254203,0.3775084614753723,12.15482915827332,0.8718064427375793,12.137380669842651,-0.03344009835273028,1.514289510594659,-0.011072203516960099,0.7696897762066659,-0.494297981262207,0.01744848843066836,92,37,15,68,-0.3861167648435789,3.1289061331199903,0.16372264586495244,2.1092120134448824
LegMomentum,0.2326819343987407,2.918612758580624,0.5552961780875918,4.653253176109888,0.15086291730403886,0.7400108476042744,0.15263419900089498,1.9949650344186949,98,8,0.08996226565661387,14.246562910400591,2.0771691009306377,5.730818160574879,0.07457962632179266,0.33636869821677484,0.632346510887146,13.737978813333534,1.3080416321754456,13.566849008148132,-0.0032943919301033076,1.957718919203258,0.02286610007286065,0.8054860294804815,-0.6756951212882996,0.17112980518540075,68,45,17,92,-0.6032723269186738,2.656771159638612,0.2378426370886908,3.2270574125345552,0.15996838733553875,1.0572181088214736,0.10207191768276966,0.9823632762588567,85,15,0.03307369703402219,4.526631099929281,1.4623116305410528,10.286412574178529,0.07838068902492515,0.4507873236179776,0.5654804110527039,9.097392055574806,0.7758348882198334,8.912417414335325,0.049036629172042,1.4403568184763855,0.06207227706909175,0.8754821203283468,-0.2103544771671295,0.18497464123948093,57,39,17,103,0.7613322238898207,2.982768167480299,0.13557784886403365,1.565887395503861,0.10410917550325385,0.932951737521803,0.08602895972784605,0.9946948086432372,98,13,0.0254516770847935,3.9279908945047324,3.2203684860521253,6.459662963650695,0.052300930023193345,0.2986996485110822,0.306454986333847,7.604112558203869,0.800752967596054,7.554220673065274,-0.005051442049443735,1.255177438430244,0.0149275958538055,0.6998858421861798,-0.494297981262207,0.049891885138595056,70,41,18,90,-1.399924324583338,2.5728755260818597,0.1264186162201235,1.533792845387024
LegMomentum,0.23838568152257444,3.116706787577076,0.5718632268905638,5.001239593670841,0.1444356888532638,0.8192672752429021,0.15395951194688676,1.9725093409864178,93,9,0.08870453067461909,13.788568862209697,1.5675518514408395,4.944705249626357,0.0718462467193603,0.37937383577371936,0.6381675601005554,12.612068501605762,1.3032353520393372,12.370495475532433,0.026095385849475843,2.084661567483371,0.04894164204597465,0.9685834928445234,-0.6650677919387817,0.2415730260733293,53,43,17,107,-0.428150835372278,2.49010471316569,0.23474190298144434,3.0729066063366566,0.16388675570487968,1.0416827205000108,0.11154910297133025,1.1131736488440789,74,15,0.03860648881684027,5.807645105370013,2.9634866962713478,7.2943698894237485,0.08101397752761841,0.4050844112790116,0.6199826598167419,8.605211839758514,1.0266836881637573,8.397701289543033,0.016838357970118522,1.6911264346948105,0.00885182619094845,1.0523567606005262,-0.4067010283470154,0.20751055021548118,76,41,12,84,0.9898052022618853,2.658223376995271,0.15490480001623821,1.7168973432463668,0.10011016577482218,0.7928129220005192,0.08538601513952013,0.9393780688046001,91,12,0.023838783090435602,3.741273399640443,1.7977925127921406,5.871076295330685,0.05090811848640435,0.36572167099426356,0.2479161322116851,6.941383268699733,0.6618215143680571,6.720788566567813,-0.00017434656620026744,1.2254515914926607,0.0184295326471328,0.7513634599882044,-0.413905382156372,0.22059470213191953,69,43,17,91,-1.0888643149678388,2.578897935453267,0.12244555831877726,1.4965098718513512
LegMomentum,0.3270043718131753,3.396399977198684,0.7788417863845825,5.329183150163444,0.2894652187824248,0.946998925788054,0.23749547385610636,2.5960173672330673,94,9,0.16419863172491264,25.889430813285486,0.2117058986745426,11.978420697726667,0.15687608718872065,0.40728084018228694,0.8009371757507324,24.31768808691743,1.5852092504501343,24.197749166623378,-0.025449785217642795,2.302372141326044,0.015169143676757799,0.7303713737071936,-0.7842720746994019,0.1199389202940492,73,37,14,87,-0.06526581772252991,3.4480569279094624,0.32034015452594594,4.537456703499354,0.19181454926729197,0.9935496473088807,0.1365194498666096,1.2550150407788139,71,12,0.05571143885801543,8.220480744006114,1.0124585062659106,10.885403541780843,0.0926649719476699,0.442673638534859,0.6199826598167419,12.405019660240859,1.0266836881637573,12.071549634027336,0.04046824583783746,1.7011486613709321,0.0121817737817764,1.0261599924753084,-0.4067010283470154,0.33347002621352195,77,41,13,83,0.8700021171577765,3.3270792867152017,0.18273111941479522,2.3079371689718933,0.16349246352910987,0.8473833826058711,0.1201604669273365,1.1521405274713121,99,10,0.0394799275573321,6.183857765984256,0.18899620824374574,12.654847077535143,0.07866152375936505,0.42964262676230824,0.294528990983963,11.597347563802227,0.7120033204555511,11.511591993543778,-0.01677146879956127,1.3256623474664682,0.016728848218917798,0.7193194191129502,-0.4174743294715881,0.08575557025844849,75,39,14,85,-0.7229242064031558,3.518501141340808,0.15667511570731257,2.1039194629295936
LegMomentum,0.2876053897661814,3.3479936197675353,0.6829819419234989,5.383663553355135,0.23726858198642722,1.5785971709054933,0.21202856234740466,2.5557677059839343,97,13,0.146295797145582,22.096941207554313,1.01595433261906,8.128638155399358,0.10767567157745364,0.3719456456726,0.8009371757507324,20.19041681120963,1.5852092504501343,20.08786738078324,-0.06661016307771206,2.4306628230479634,-0.0024521648883819,0.8962491564266979,-0.7842720746994019,0.10254943042638975,81,35,18,79,-0.33091387941211864,2.8586241754624706,0.2958802399080575,4.023533204561237,0.19081379473209376,0.8531257719591135,0.11080497060436753,0.9975444610674868,72,12,0.034180536290900634,5.1217779125546725,1.1229967962261318,15.699997383737418,0.09560588002204895,0.42560630921491766,0.5395292639732361,10.93053902180857,0.7579723596572876,10.708752665790051,0.03035365040414035,1.4513160697684708,0.01416204124689095,0.9778435895816784,-0.2184430956840515,0.22178635601851937,73,42,13,87,0.9698087606347393,3.6462780396028527,0.1434226409113763,1.7365078687372746,0.15452910959720606,0.6805040589948064,0.11418095725821327,1.2088588795902118,94,10,0.03771650522904292,5.754758159710307,0.8770218212844205,9.390306598510678,0.07366558909416196,0.4002184256066434,0.294528990983963,10.436246306982348,0.7869400084018707,10.201573033337505,-0.029969121795147664,1.5016846605387015,0.0014943182468413999,0.8283489660329448,-0.4924110174179077,0.23467327364484347,79,36,14,81,-0.891336278257813,2.9206578658720113,0.15105388269992084,1.8707488714450886
LegMomentum,0.2549256247074032,3.2239495006053187,0.6112071853131054,5.087448483441989,0.16392210125923146,0.9687955503695482,0.16455996689852323,2.073430673321251,101,8,0.10167433690102566,16.096865975006363,2.446057673135881,6.879026487230648,0.08083280920982365,0.462129146906143,0.7900245785713196,16.21171401008542,1.5567587614059448,16.0208130934814,0.007348633185029013,2.1602585829252354,0.04650467634201045,1.0239539097219974,-0.7667341828346252,0.19090091660401784,58,42,14,102,-0.517047503313005,2.77205471839521,0.25276823730373676,3.3808503116677926,0.20377118885517106,0.9819314365379355,0.11728624289331488,1.1275309852306896,73,15,0.04054110342372924,5.882397365675572,1.595985196997452,13.77557911361787,0.1027394086122512,0.5377004062834906,0.5708031058311462,11.517289276788336,0.8444926142692566,11.468500067445852,0.041114781843498344,1.5096089254329739,0.02769327163696285,0.9753572516945352,-0.2736895084381103,0.04878920934248351,64,41,14,96,0.8911710913348582,3.440393925697114,0.15426111769168896,1.8982829762521378,0.1378976330161094,0.7273053834954222,0.09682991509325797,1.0370313380744793,95,11,0.028659883478493697,4.528387495734296,2.313581839160082,5.618049396169834,0.06470811367034905,0.3541955977942684,0.3748429119586944,7.791798747262728,0.8672539293766022,7.748199915140224,-0.0021431349217891802,1.4175809750837787,0.0243156105279922,0.8721266089988249,-0.4924110174179077,0.04359883212250485,66,36,17,94,-0.8803747503461054,2.46919604342905,0.13424031449039842,1.5870890569891845
LegMomentum,0.29947601339766294,3.573192703202561,0.7022434788942334,5.645199225429411,0.24773401021957392,1.1232789408843413,0.19621038130018856,2.4165460049978926,87,10,0.12499831804203136,19.279233677859438,1.1088187184182603,5.862427757301511,0.13072112202644345,0.4395549583907175,0.7900245785713196,16.646383613676353,1.5029483437538147,16.47610526121204,0.042833163216710074,2.5213954580984046,0.061431050300598096,1.0856118671603672,-0.7129237651824951,0.17027835246431103,60,40,15,100,-0.20393926055774358,2.528286580841187,0.27707232923515474,3.594690337392106,0.2427845001220703,0.8046687405362533,0.15170192082761785,1.2071334988139093,61,10,0.06191910851725639,8.81342311587686,0.2221643746531643,17.644806072636978,0.11140330135822285,0.41416582073759417,0.5708031058311462,14.824441738216121,0.847558856010437,14.566678462219459,0.05603177482262254,1.8178145218919426,0.0073020607233047,1.2583756185104655,-0.2767557501792907,0.25776327599666266,77,43,14,83,0.8829442564079631,4.037645032024837,0.18916535120527758,2.3471202525383372,0.11102523654699323,0.6530842185555293,0.08961062411428425,0.953320748934958,93,11,0.025626483816622407,4.021137039379026,1.792055956147455,6.831127002074622,0.05541156232357031,0.30500487692236755,0.3748429119586944,7.676448608869408,0.8014230430126189,7.462159826240995,0.005588368233293284,1.305989245439064,0.01921094954013815,0.7821658316925879,-0.4265801310539245,0.21428878262841267,63,39,15,97,-0.6245150193911064,2.6838989469348595,0.12683004039082277,1.5216862785004435
LegMomentum,0.3458033885214834,3.5266458985510765,0.8070713237673043,5.579827819790264,0.3178303539752959,1.0119366236787837,0.2428413635771721,2.6080012661787055,86,9,0.15985920284048885,25.080402268705253,-0.1355346028909632,12.023106813907013,0.16173163056373585,0.3902347040445339,0.7153594493865967,24.603103192395814,1.4282832145690918,24.556462516641485,-0.030741247907280927,2.369306608513829,-0.0074937939643859,0.7993608720971769,-0.7129237651824951,0.04664067575432827,81,32,14,79,-0.1817864645024968,3.3656019880470223,0.3155779004823754,4.412118364635966,0.2396168634295463,1.0397687345473932,0.1544744405249366,1.349247093218013,58,11,0.06310328176048147,9.027195869075925,0.20553760693640033,16.681904658721592,0.1034647673368454,0.5164725833464189,0.5992525815963745,15.107410409955998,0.8760083317756653,14.823924479229946,0.056036123516969384,1.7770943027109893,-0.0047404915094375,1.0420155668545301,-0.2767557501792907,0.2834859307260516,82,41,17,78,0.9760681956799326,3.8305271975410458,0.19112248096062712,2.4226290901308163,0.18121681734919545,0.9608558402961147,0.12088943647686387,1.245433233469281,100,12,0.04200339460898281,6.41258987040818,0.2183106221170763,12.437484367255124,0.07733762264251705,0.3981686589821255,0.3410929441452026,12.097102096571609,0.7780964374542236,12.027659106879632,-0.030907051730901004,1.4334269085654452,-0.0011901557445526,0.7215286705443611,-0.437003493309021,0.06944298969197713,81,36,16,79,-0.6200305537748433,3.3329083666502965,0.15954928903512938,2.087552913870374
LegMomentum,0.2668643101043048,3.1663089284488892,0.636332895979285,5.064991009368138,0.23145644366741167,0.9465185858189675,0.17835711035877466,2.0338601165906787,98,11,0.0988378014073043,15.290582209113504,0.9931267684775515,7.3987717544832385,0.10281181335449216,0.4361880744870497,0.6343861818313599,16.287703358967992,1.2941978573799133,16.220346228246274,-0.030867882072925575,2.1398073577480576,0.01751056313514705,0.9508597718422069,-0.6598116755485535,0.06735713072171895,75,36,16,85,-0.36211849515578914,2.8006102727007596,0.24739304858656214,3.272889653019297,0.1886429041624068,0.7886649334025697,0.1161432860881905,1.182271948261574,67,9,0.04166192800849023,5.827956143560247,1.7036221897566017,10.018261054871292,0.09545768797397611,0.39443574635671663,0.5992525815963745,10.916473984585815,0.8578620851039886,10.852405968961648,0.05217928912024944,1.453880088138091,0.02626113593578335,0.7900295525432356,-0.2586095035076141,0.06406801562416777,64,37,13,96,1.0413036278558558,2.992644947082962,0.15317528674740666,1.9272230885073538,0.14401694387197483,0.8238361713635868,0.10655980884097511,1.1715847626355655,86,12,0.03381473435307435,5.195716157882003,0.9088797862940616,6.511772329422241,0.0719909071922301,0.37387120331225654,0.3410929441452026,9.109749142707377,0.7780964374542236,9.06496071775494,-0.021547450497746472,1.47130356348199,-0.00328695774078365,0.7936995098850312,-0.437003493309021,0.04478842495243865,81,38,15,79,-0.728423767480789,2.4961183481292903,0.14422175918218325,1.7409715626532216
LegMomentum,0.24381118670108118,3.0742518951845694,0.5756158685684202,4.912005344054813,0.13860200345516202,1.2757920970089782,0.1485411842446774,2.0296048555251636,102,10,0.08714473029300937,13.79245520440117,2.668614296201013,5.3911265262251575,0.058968931436538696,0.35505909603723096,0.780704140663147,13.370936573855198,1.424789309501648,13.241039912662737,0.012997507676482185,2.0146659851578863,0.0520485639572143,0.8014295245836053,-0.644085168838501,0.1298966611924612,54,35,14,106,-0.1021848842087867,2.530070834503632,0.2337477460473566,3.1198679735926285,0.1815946176648139,0.9521148400227161,0.11440961451735347,0.9993793375257176,70,14,0.03880810014643562,5.418472553061173,1.0685732026671335,15.851928788753966,0.08839045464992515,0.4582369569322615,0.5791087746620178,11.002293324671063,0.8246367275714874,10.69988710776921,0.049405264668166624,1.5613172729966098,0.0268178135156631,1.1196600404048487,-0.2455279529094696,0.3024062169018522,65,40,14,95,0.7605850635510877,3.641745918361246,0.14815997614202595,1.7264880324240897,0.1193412169814109,0.5741681244028676,0.09177567169070239,1.0952214536764147,96,11,0.02754605076081914,4.32883505239077,3.591785541999845,4.66737061295269,0.057367131114006,0.2753530415741361,0.2476668059825897,7.096735203068191,0.7556487023830414,7.025910185729956,-0.004987840168178094,1.3360220859003165,0.024860769510269103,0.7074817069753307,-0.5079818964004517,0.07082501733823503,66,40,14,94,-1.5749646896608225,2.2973223430313094,0.13152765948089373,1.5949545568376977
LegMomentum,0.3311441335436204,3.887413946498627,0.7796775604784487,6.16937462575263,0.2082654833793639,1.1281952986984254,0.22607570355758072,2.884112917778736,97,9,0.17451125846546334,27.694408577214052,0.8608017468122031,8.44996162039091,0.1042326986789703,0.5135467236526499,0.7852716445922852,23.564731032403515,1.6715639233589172,23.39760492808476,0.0014112070202827287,2.7445677370998136,0.040223628282546955,1.0074716681718279,-0.8862922787666321,0.16712610431875508,63,32,19,97,-0.24613496040681976,2.8706717166102065,0.33129066458081863,4.490184463213606,0.2339371591806411,1.117098652852191,0.14925671856035477,1.3571569683376066,65,11,0.06091145912604757,8.929568860992863,0.3435222777438893,12.234491374770762,0.10271683335304249,0.5617672930382118,0.5791087746620178,13.949602084352513,0.8246367275714874,13.925963800025896,0.0495013571344316,1.7060855316963228,0.01298065483570095,1.0956251445198302,-0.2455279529094696,0.023638284326617503,78,41,17,82,0.8547226262382422,3.407875982039059,0.18932326378297562,2.453332635320644,0.12068985402584073,1.1006570821899198,0.11945155610796061,1.3455085148077577,101,12,0.04679386198923561,7.335019986581283,1.9584864550155139,7.441976900599025,0.0645937621593475,0.5544812203221292,0.3188157975673675,11.135179434038381,0.8765829503536224,11.070035640613733,-0.014635282382369058,1.718721356956493,0.028200730681419352,1.0414650235006322,-0.5577671527862549,0.06514379342464689,64,37,17,96,-1.359017509454089,2.6568379536315256,0.170922682149909,2.0930878824652623
LegMomentum,0.3524872985094232,3.9494287112861213,0.8365867896378039,6.263638041783928,0.26659248769283295,1.4787033177644884,0.2574450522661209,3.2922800421494816,96,10,0.22144849238062772,34.75700040206816,0.6071292599068006,8.595347381705773,0.12909555435180659,0.48358786193918524,0.8624181151390076,27.07700817938501,1.7487103939056396,27.01935242301897,-0.04355328343808652,2.8677646428608385,-0.022403031587600652,0.7956441057247265,-0.8862922787666321,0.05765575636604171,85,32,15,75,-0.07560335908322784,2.8660644884598234,0.3706304935604794,5.151012168033134,0.21695431880652888,0.9896808949017629,0.1458677334117237,1.3474610379720438,71,11,0.060119913094686867,8.78132151044374,0.6691064039442436,12.165635502111924,0.111924946308136,0.52058277684771,0.59639573097229,13.737276153880213,0.837274819612503,13.574180118325735,0.05134874777868389,1.8050491158195106,0.018980979919433552,1.1687993307089672,-0.240879088640213,0.16309603555447816,75,39,17,85,0.9743476759880172,3.330695643275121,0.18750463785825436,2.350131740971757,0.1416114941239357,0.7835049654251313,0.1253851863206364,1.391711491456587,95,9,0.04957745553826436,7.732231919433023,1.0954232769128351,11.01049395435118,0.0723843574523926,0.28255758309649903,0.3679472506046295,12.942327721558847,0.9257144033908844,12.823925131617997,-0.023506001941859735,1.590824283103579,0.0101149827241897,0.6948630824214028,-0.5577671527862549,0.11840258994084955,74,35,16,86,-0.8441117636117589,3.1699374061871644,0.17499937849772695,2.280681919891725
LegMomentum,0.26652642042799624,3.4797810353278673,0.6396757900714871,5.455622131433373,0.19687077403068537,1.9281517873010263,0.1868414653278887,2.5542392789111044,92,12,0.13174863225327077,20.86742144690093,2.736051820374132,4.524931788638072,0.0907071232795715,0.5198584312012988,0.8624181151390076,16.62231663869239,1.7193917036056519,16.503646162034304,-0.01258005313575269,2.52427908095708,0.03541126847267145,1.0115197619056828,-0.8569735884666443,0.11867047665808525,70,37,13,90,-0.2705993384282415,2.3403597674904004,0.2875787230194197,3.807287297846514,0.1919312775135039,0.632291598836743,0.11517276565544303,1.1418814227670848,76,9,0.038815898263635774,5.543794006087112,1.7241104242745724,9.068492348237976,0.09586523473262779,0.28560376773673785,0.59639573097229,10.08907182829093,0.7961904406547546,9.94435677397866,0.04315697532147168,1.513600042156968,0.034613087773323004,0.9252161635635765,-0.1997947096824646,0.14471505431226908,68,40,17,92,0.9878153006134242,2.8814566707424194,0.1501275328566831,1.8035545232871497,0.11864701658487312,1.1214099078001716,0.09751633905805643,1.0824311241999787,92,15,0.03003558783620732,4.66965672198674,1.406495474091404,6.944836254208061,0.05734848976135255,0.540969433446869,0.3679472506046295,8.74547541310979,0.7881343066692352,8.699919711551697,-0.0032675487920641967,1.417743008319324,0.0136128664016723,0.9604297409482481,-0.4201870560646057,0.04555570155809377,70,37,16,90,-0.6326181052377211,2.497143888329766,0.13740292132978213,1.6308468610965325
LegMomentum,0.27782902808921855,3.56862414329205,0.6671249167621134,5.687722146872087,0.15759752690792073,1.5524506621419778,0.1784214702248573,2.524350425244664,104,10,0.12924666807022916,20.369845166502675,2.7324738284897867,4.015581155339752,0.06917610764503475,0.37760233332913284,0.8681813478469849,15.209169811966825,1.7371440529823303,15.156449332379882,0.023727475106716134,2.362198571294164,0.0664094388484954,0.7852998286430417,-0.8689627051353455,0.0527204795869429,46,39,16,114,-0.6500331995733564,2.312882020629239,0.28411384815051954,3.8457591027362183,0.22270448505878443,1.0334538189195506,0.13020970908692103,1.329977976732848,70,12,0.05000773754894332,7.540185558238801,2.624450847368542,7.472237754629509,0.10927261412143703,0.4583731672947521,0.7108404636383057,10.988144417641982,0.9394511282444,10.920617249973626,0.03124370900914073,1.7487945056883418,0.0011260062456130817,1.108934125209636,-0.2286106646060943,0.0675271676683565,79,40,17,81,1.3426533771151472,2.742416848565157,0.17455399875381725,2.1170506217644083,0.10957293957471842,1.5979929997834703,0.10152299113571639,1.3622487873996705,96,15,0.03794589972686394,5.91386217224269,3.7202384520791503,3.100514864237989,0.0569657236337661,0.3185061089986143,0.3970992267131805,8.082086031219845,0.9860078394412994,8.047551271790349,0.0010936936363577753,1.5767290698895808,0.0231707543134689,0.7162462064450867,-0.5889086127281189,0.03453475942949669,63,34,18,97,-1.340820973207368,1.9513279686244605,0.15448023191120808,1.851428532892325
LegMomentum,0.3648991820055486,4.197536778325944,0.8638516990467904,6.686771599399714,0.25631095468997944,0.9726087238659362,0.26072063761297615,3.014741268546445,101,9,0.20994174492029752,33.41439845514686,0.22513876508342534,8.846707165503192,0.10025373101234433,0.48630466569232594,0.8681813478469849,25.91666442191317,1.7371440529823303,25.885806336634637,-0.0077845219522714795,2.878896529482611,0.051396906375884996,1.2060943487681066,-0.8689627051353455,0.030858085278530862,61,34,13,99,-0.29661396482365754,3.025607714744876,0.36328756292607284,5.0126193978477795,0.23903651535511006,1.0621085896528313,0.15576259752619076,1.459173881650094,62,11,0.06850153750172763,10.364503195310697,1.1040252133054365,11.834377923561897,0.1174435913562775,0.5805690256422038,0.7108404636383057,14.532902606038812,1.0339115262031555,14.282008735602002,0.03927058945409954,2.007627597280143,-0.007671669125556901,1.4107426530768654,-0.3230710625648498,0.2508938704368094,84,38,18,76,1.166900283345041,3.3097925119070744,0.2037911910564552,2.516730940317192,0.12866484373807907,1.2969508238840506,0.13391788215376432,1.466772515599348,100,13,0.05787696153232814,9.109201980134412,1.0223974050368545,12.243554604467315,0.06553147733211516,0.5082507978741824,0.3970992267131805,14.072239613268778,0.9860078394412994,14.029829641188938,-0.012815505452454096,1.8002474726369593,0.01719932258129115,0.9706217585290029,-0.5889086127281189,0.04240997207983969,69,36,14,91,-0.9138907146690715,3.3147181202188074,0.19035581057344272,2.4224597039783036
LegMomentum,0.34363279572379624,4.117355266985275,0.8166905694827435,6.575917810056898,0.27598486840724934,1.166541092342025,0.24387132853269575,2.7194456790287167,96,10,0.18288534361396475,28.384277285338925,0.3561063494671859,9.244822537905408,0.13181933760643005,0.5523709372924115,0.6956302523612976,24.151900529392464,1.6360104084014893,23.974663563481165,-0.0519427914172411,2.786395536935264,-0.01451817154884335,1.2318386881746828,-0.9403801560401917,0.17723696591129925,86,35,15,74,-0.438760271327316,3.029635515038028,0.3351226733859879,4.540955537889154,0.21508453786373136,1.1320511546147962,0.14476843719894533,1.2240311239853214,63,13,0.06090721465661922,8.770495094045812,0.47829758250242804,15.746657371954665,0.10510043427348136,0.6956454677529567,0.6032217741012573,13.912141859521206,0.9262928366661072,13.749895072697457,0.055049748392775655,1.9854454584558854,0.0194067060947418,1.5954264110004046,-0.3230710625648498,0.16224678682374966,69,39,16,91,0.8550164580903179,3.6657570292161505,0.18776818134153084,2.197385133640144,0.15295312553644175,1.1331792147237323,0.13078500088304276,1.4050614255397766,100,13,0.05385426469041382,8.388737350846691,1.3449327746280764,12.277573514880205,0.07189995050430295,0.36016138728198144,0.3507224321365356,13.499840066444007,1.0231989622116089,13.176204392171183,-0.02146927490830422,1.804076814665749,0.0124111771583557,0.9204195803131113,-0.6724765300750732,0.3236356742728245,77,42,17,83,-0.9935007855306219,3.238585577682677,0.18277521174683997,2.265842933133755
LegMomentum,0.2659167897171559,3.6422576162251854,0.6360608290880916,5.785048974587819,0.2035105526447295,1.8199604223923664,0.1829056410491466,2.2365263245569595,96,13,0.11435837101799944,17.994888025808326,2.4790015321955607,5.196711860033634,0.10657149553298945,0.6381212176016338,0.5079842209815979,14.978703148359209,1.4483643770217896,14.96072149197464,-0.014183961972594264,2.4522015757191102,0.02136355638504025,1.0913432129678244,-0.9403801560401917,0.01798165638456938,72,40,15,88,-1.2045656540163812,2.4690990972238125,0.2678078671260441,3.4614441289509545,0.176308661699295,1.0457216682846084,0.1127713137568207,1.0138206587241922,75,15,0.041375881632983696,5.988628504227978,1.5327266136424544,16.38809222389066,0.08545289933681485,0.5396531404126361,0.6032217741012573,11.441438596068327,0.9219354689121246,11.338248188297692,0.04370774296112358,1.6979283403428778,0.0381645411252975,1.2647305612905806,-0.3187136948108673,0.10319040777063472,60,43,19,100,0.8960937053569756,3.6407139558655652,0.15524234404476234,1.7622905138734808,0.11974599957466114,1.366298962334529,0.10039767855778332,1.1706133528563485,97,15,0.03597683046748878,5.666709712171162,4.321700193663355,5.739015591557417,0.063227817416191,0.5299636276808194,0.3033269643783569,8.985329653338416,0.9758034944534302,8.937572065165211,-0.0035770907998085174,1.634919058525831,0.0158227980136871,1.0584092703621923,-0.6724765300750732,0.04775758817320421,64,38,17,96,-1.530563726879337,2.341002415922799,0.15037972385600798,1.7302454693598164
LegMomentum,0.25785718437742544,3.233106424267802,0.6177281218394635,5.077211770872817,0.16899500787258137,1.2157926070325211,0.16764478854835033,2.2218893076983552,99,10,0.11128037261478084,17.22260794437924,2.418379212859575,4.955705047786011,0.07804349064826954,0.6362830548129335,0.7777962684631348,14.373175575526902,1.5332255363464355,14.33316515992623,0.04060985445976256,2.287284284049908,0.07467120885848995,1.0803785330796998,-0.7554292678833008,0.040010415600672616,48,39,17,112,-0.627644939284292,2.4675294026106576,0.26139648692378314,3.462793460245289,0.15858379006385803,0.9117335358556478,0.09892981391603821,0.9124827408559985,85,15,0.028002037077539354,4.128174095565021,0.21903595412896903,15.731672495813765,0.07449525594711305,0.37117950352444784,0.4048841595649719,9.718658210885222,0.6611100435256958,9.594122382826681,0.03076397378463297,1.3321410760342487,0.03877307474613185,0.8516859944198472,-0.2562258839607239,0.12453582805854131,62,44,16,98,0.38137585914595507,3.5929162936988126,0.12906963101658633,1.534136320249063,0.12557811290025703,0.8967164313105973,0.10111522710882123,1.2078785848172493,92,11,0.036053448494905,5.701211046369627,2.748830935197816,6.317388584996634,0.06201675534248349,0.45123510602073846,0.2784462869167328,9.499094532516743,0.803096741437912,9.481005911360786,0.008570530824363216,1.4577864107886607,0.0205825865268707,0.7998764869987913,-0.5246504545211792,0.01808862115595732,58,37,17,102,-1.377990451449711,2.5587998905884866,0.15033698435886458,1.8910499271276637
LegMomentum,0.32084750555890407,3.710255378032223,0.7644189422763883,5.86347298326614,0.23367975652217862,1.374974794771349,0.23036832977086305,2.753915532654479,100,10,0.16803495005655258,26.645063547231743,0.7168522143387333,8.458565080950432,0.1115425825119018,0.5898920249184243,0.7777962684631348,22.7497618559277,1.577678918838501,22.58530692330387,0.008957650512456875,2.7231069588274597,0.0728089809417724,1.0496085974170306,-0.7998826503753662,0.16445493262383076,59,33,14,101,-0.5264628745923152,2.907011196305618,0.3249640201198741,4.385174117183628,0.15319561958312977,1.0516970972087114,0.10792719130055044,0.9841711815141551,72,14,0.035514681693397915,4.897876282380512,0.31009570594791747,20.208199483724076,0.0756586641073227,0.38252523006647376,0.4939195811748504,11.520847410644457,0.7173539996147156,11.48121487701031,0.0501355955726467,1.347403159300302,0.039450451731681796,0.8186711358558211,-0.2234344184398651,0.03963253363414788,63,39,15,97,0.7098518062686017,4.144291607974765,0.14073695742361014,1.755671099234728,0.15399178117513646,1.0083754015908124,0.13635720894206313,1.4752373463788562,98,11,0.05855763546888218,9.247017480661022,1.1868812574266627,10.562713537694401,0.07809312641620629,0.4480932113821461,0.3204274773597717,13.814791482365425,0.9203657507896423,13.679433560352356,-0.012353405542671687,1.792962865138379,0.0125752687454223,0.9574270670303894,-0.5999382734298706,0.13535792201306868,71,37,13,89,-1.1354354372149666,3.1259921939628796,0.19150753283914973,2.4560744379793937
LegMomentum,0.33152386600962463,3.6242253991841653,0.7814019521605222,5.800254296166642,0.265296146273613,1.2976053705895052,0.23188676564022895,2.790471801699328,90,10,0.16910455962635013,26.484895144977845,0.40901762641547945,10.949594110938374,0.12011188268661495,0.5279718400302775,0.6770009994506836,24.761220719432032,1.4768836498260498,24.680645610859322,-0.04064167961478234,2.6156052851649867,-0.0032102167606354,0.9802735316483969,-0.7998826503753662,0.0805751085727098,80,33,19,80,-0.2820413372257596,3.139539959509206,0.3235628756286636,4.432099292343847,0.15397989004850376,1.0219106192493381,0.11701545560994417,1.0181727481051153,68,15,0.04584106735716248,5.913804179759876,0.6163043394517289,22.972816644032406,0.07732370495796195,0.41075452624479186,0.500560462474823,12.914435157555012,0.7239948809146881,12.741694050810501,0.070108221139526,1.50856524373828,0.04258440434932705,0.9400386933985805,-0.2234344184398651,0.17274110674450982,62,38,17,98,1.0334640765411778,4.453090205131683,0.15454702950537003,1.907363385709377,0.18868687003850926,0.8899069812077869,0.14260606095194817,1.5713278289669381,96,11,0.061907192531121015,9.670244475034023,0.895807240915309,14.02512321177931,0.0874959379434585,0.3463665968767022,0.3204274773597717,15.614546127190494,0.9203657507896423,15.44510138559244,-0.02777602057904005,1.676083767263375,0.00830228626728055,0.7093778161142219,-0.5999382734298706,0.16944474159805326,79,35,16,81,-1.008666129686957,3.486198789393079,0.1953432405998315,2.6193487129724127
LegMomentum,0.2614513979830756,3.4066624984525022,0.6189325538743287,5.510928042930733,0.1602694988250732,1.0365522919362482,0.17539839276578276,2.1280938683145676,103,11,0.11139071985685572,17.36329481092771,1.8029156097830077,6.84732374564757,0.06780934333801264,0.4216372195099972,0.6770009994506836,16.79927527384237,1.4669668078422546,16.553404963612866,-0.03207841701805593,2.478970584372282,0.02004334330558775,1.248477107509287,-0.789965808391571,0.24587031022950243,70,34,16,90,-0.4892187774247338,2.700855555615633,0.26271954594401986,3.3493282390271415,0.1532258372753858,0.8118537117273006,0.10531670997697798,0.9130753219815969,73,13,0.03778062679319044,5.0434871290904,1.4070989577206188,16.68653019285639,0.07326459139585491,0.4201035526250849,0.500560462474823,10.824830373867812,0.7438008487224579,10.779202855209641,0.05741343487170525,1.4607038249785669,0.03221695870161055,1.1119325136358844,-0.2432403862476349,0.04562751865817011,57,41,20,103,1.0755768841640163,3.820041687002924,0.1429837981479249,1.705822811661101,0.13537202775478357,0.9085212418639581,0.11331292879767714,1.2165426294950292,100,12,0.04226315222352337,6.584886001938629,2.0801459366099966,12.104127732128473,0.06361944973468775,0.4662177049243302,0.3175217509269714,11.928306843790464,0.895401656627655,11.727483219820957,-0.019327856041491037,1.5712536335798832,0.01745711266994475,0.9965509746879568,-0.5778799057006836,0.2008236239695065,70,36,18,90,-1.3572569640084164,3.270884433940155,0.1618786069613273,2.0288045792783103
LegMomentum,0.2603723324963896,3.405050020963286,0.6288789609074591,5.408635877032051,0.12106969952583305,1.0022702304503124,0.1621419535204768,2.210294601746364,104,8,0.10506580739736929,16.530417318937186,2.147029359217682,4.663797970113699,0.06173780560493465,0.2901369977981804,0.7320291996002197,13.388315103922988,1.4853670001029968,13.229525833494444,0.02119573540985582,2.023796420312237,0.0536623299121856,0.659673169881485,-0.7533378005027771,0.1587892704285443,44,35,13,116,-0.7164189540393708,2.494870521391635,0.2561777496586447,3.5262820885556736,0.1738974750041961,1.2112951594070707,0.1178642167011276,1.1294527071806646,70,16,0.04454754006063966,6.507832155601453,2.8669797681082825,12.61742873487176,0.08755514025688164,0.5486784816748378,0.7316750288009644,11.39886237999397,0.9749154150485992,11.280771956284141,0.04056717175990343,1.7376276439708767,0.02467247843742365,1.201525838954189,-0.2432403862476349,0.11809042370982864,67,38,16,93,1.25118057038239,3.237418772461705,0.1623615566646499,1.86774792906047,0.1123135834932326,0.7840058613897352,0.10224151351954784,1.0504191742541318,97,9,0.037178073102478996,5.84331084526647,2.537461496442453,6.537176308471642,0.05621771514415745,0.39619768448816284,0.3697868287563324,9.059053957850084,0.8949895203113556,8.766179759979723,0.007167004421353327,1.647211812748937,0.031273975968360845,1.1571500971402613,-0.5252026915550232,0.29287419787036173,56,36,15,104,-1.1790150691799437,2.653740571091346,0.15274405685599965,1.769181756973215
LegMomentum,0.3385701005758915,4.154865781874127,0.8065299774520097,6.675336752208748,0.22571021318435658,1.3871689843400847,0.22805538736283779,2.711635009435921,100,11,0.15986704930915352,25.249140707836276,0.18829688109823683,7.327185053184648,0.10447204113006585,0.5572798254122224,0.7320291996002197,21.640776422630342,1.4853670001029968,21.620027424345704,0.012194971740245805,2.77417186248642,0.0531815290451049,1.1784686881039024,-0.7533378005027771,0.02074899828463893,57,36,16,103,-0.36811132331529467,2.6984949665755713,0.3168527439774084,4.189643324344556,0.20665454864501945,1.1845303013769621,0.14142306691413972,1.2375693089501687,62,14,0.06182585842202091,8.758889859492076,1.857209364337698,17.525887543060957,0.093096300959587,0.5273817849235827,0.7316750288009644,14.34080695076505,0.982844740152359,14.01287209885911,0.05600969322258607,1.9453879725103291,0.019611582159995998,1.30064920205565,-0.2511697113513946,0.3279348519059398,75,41,14,85,1.2451517589481462,3.9087827758579228,0.18901685600219847,2.2303263204975696,0.17881049215793596,0.9104501406827092,0.1369847504398785,1.3606517172302102,101,12,0.05531059278644813,8.68401025739616,0.8764164693474883,9.472257614787006,0.08113509416580195,0.4492049046817372,0.3697868287563324,12.531836322150976,0.9346584379673004,12.421605224046822,-0.008382964693009866,1.9557769172119996,0.025503665208816452,1.2684985807916094,-0.564871609210968,0.11023109810415505,64,37,16,96,-0.8895470505302071,2.944919561882855,0.18632181909583403,2.204301909334765
LegMomentum,0.3417336829799117,3.857580385520913,0.8138524054177103,6.123660063503342,0.30338425934314717,1.179753725708072,0.23309043194167317,2.600723584867812,90,11,0.1617513672918015,25.21307759139558,0.03108394261244385,10.883821625281335,0.1542697548866271,0.4754490047704333,0.7529495358467102,23.630782777382947,1.454742670059204,23.579223304245,-0.0405591931194067,2.715631512396458,-0.01867553591728205,1.2238304124563553,-0.7017931342124939,0.05155947313794633,90,36,15,70,0.06630827958136634,3.163866948936831,0.3163463692207058,4.223555738980475,0.19621025398373593,0.9195954763795154,0.12732774380114276,1.1200503751676387,67,13,0.05009508672048397,6.7299382733427695,1.8631408859646381,20.978563472149634,0.09090535342693325,0.41490877737767545,0.7225703597068787,13.466788261119206,0.9737400710582733,13.374855663030544,0.06300786373903974,1.6277086565358518,0.0278914272785186,1.081194296449457,-0.2511697113513946,0.09193259808866151,68,43,18,92,1.1764625205506742,4.21465275188099,0.1658655614050773,2.0200254460726534,0.227303847670555,0.8985258798118289,0.15221938979811964,1.554939514227415,94,11,0.06255206426817604,9.699736542810642,0.21197160662613168,13.324192585778981,0.11448843777179715,0.45445088535634026,0.4516578614711761,15.207096116440843,1.0165294706821442,14.94670451011548,-0.028343496844172488,1.7803198945710332,0.006506383419036799,0.9506237795324491,-0.564871609210968,0.2603916063253633,75,33,15,85,-0.5309244407736482,3.3913180576036264,0.19629700601465858,2.5554251340638463
LegMomentum,0.2667875443364664,3.320193870356802,0.642768691703677,5.299607632106599,0.22206240892410276,1.4529629645987356,0.1735725297965109,2.0222425233329226,92,11,0.09722615150615478,15.258152779569162,1.6123607459215714,5.972059820301704,0.10721904039382929,0.5307190728879527,0.7529495358467102,14.165474288932426,1.4131450653076172,14.017618237113973,-0.01776065640151502,2.216390006123216,0.0087228417396545,0.9787678125600735,-0.660195529460907,0.14785605181845263,77,36,19,83,-0.05694138552950365,2.610585952024693,0.24663961186091377,3.216483813160932,0.1889715045690536,1.1688332959947831,0.11172529147763269,0.9622835515724374,71,15,0.03631888883714919,4.972710498831724,0.8293691433642354,15.776372268060438,0.09445190429687492,0.4993441379288546,0.5910114645957947,10.533913806422172,0.8375572562217712,10.44510014070097,0.05115311020053923,1.4463770895841248,0.037464812397956807,1.024645354142562,-0.2465457916259765,0.08881366572120297,63,44,17,97,0.7094088740892368,3.720758802611564,0.14215826007730267,1.6972636252385427,0.14924456179141987,0.9588498291748782,0.11529841821640725,1.2478100192455548,92,12,0.041065149277016336,6.435326755351341,1.176323682920004,9.287386269012298,0.0717929601669311,0.4497213018370832,0.4516578614711761,10.959858940026118,0.9576855599880219,10.92331288059765,-0.00832956954836846,1.6368405363992582,0.008098751306533751,0.9706049964012775,-0.5060276985168457,0.0365460594284696,74,33,18,86,-0.5546033049203647,2.8377854738064308,0.1604908714479969,1.9380608385062452
LegMomentum,0.25372368217362573,3.0496352434586784,0.6155032535269854,4.958188043913106,0.13827046751976005,0.6294706537070842,0.15496370829641817,1.877357535616637,107,7,0.08293954237560847,12.823969119769131,2.0416902722212544,5.882473574762754,0.06865492463111875,0.3092015464510597,0.5891258716583252,12.681014215204936,1.2784730195999146,12.565081581053333,0.02809855341911314,1.8637107185325568,0.0793961882591247,0.8544754930115368,-0.6893471479415894,0.11593263415160378,43,41,15,117,-1.1021187357950875,2.671896068117906,0.22664672930557425,3.0578671451513375,0.18438653647899625,0.8248485348583016,0.11376307138561967,1.0424083763766445,71,13,0.03764473123134351,5.220698772783766,1.0873459967892476,13.391965423857581,0.092013731598854,0.42754159074430326,0.5706040263175964,10.382443575213358,0.817149817943573,10.212609786964657,0.042916257749311626,1.555956614840114,0.0287999808788299,1.026631077134207,-0.2465457916259765,0.16983378824869985,70,48,13,90,0.919787561361653,3.292495495532308,0.14772455020226744,1.6732297467828674,0.1269927099347114,1.0244712872642927,0.10428013284690674,1.1834372846706231,95,14,0.035496191260434844,5.567602930767691,2.921317479204647,5.753674143748974,0.06473439931869511,0.39931385387207713,0.2758544981479645,8.694360184808652,0.8296906650066376,8.642991178030357,0.00023820772767065837,1.538520710540435,0.0217322707176208,0.8292276702182713,-0.5538361668586731,0.05136900677829431,65,37,16,95,-1.47358621116268,2.46519686340511,0.14941416094759294,1.7890100486039326
LegMomentum,0.33771971110031607,4.046351218174555,0.8181491584330796,6.534930138393781,0.23615534603595723,1.2803911955264904,0.2267342407722026,2.538547454318675,105,11,0.15456921390968886,24.410621427408227,0.3784183253314324,11.00011585565286,0.1063321530818939,0.5169973677479047,0.8470950126647949,23.297445037106847,1.562857747077942,23.24071462272014,0.006181856244802458,2.636049973434914,0.0664354562759399,1.1874046020393052,-0.715762734413147,0.05673041438670647,55,38,15,105,-0.4633133442203917,3.202355904223945,0.3117288667846497,4.178739279371472,0.1968556195497512,1.1148294321621277,0.1361659634002717,1.1125188689212009,67,16,0.05712282286195042,7.880344322236633,1.5332181513146086,17.215122899802697,0.09915341436862946,0.5922973688838864,0.7451355457305908,13.33786170176092,1.0364466905593872,13.022781554725512,0.053790453867986796,1.9155275361537354,0.01687744259834285,1.496118971321443,-0.2913111448287964,0.31508014703540804,73,47,17,87,1.1295123213900147,3.817741943704182,0.18169945843027874,2.0520961430872164,0.19129262864589686,1.240697897983284,0.15144927598303184,1.4607459563317713,99,13,0.06505578874417753,10.091480951761492,0.5297477428961863,13.675062127248111,0.08772686123847956,0.5595666900389491,0.5476480722427368,14.942951116397257,1.10148423910141,14.822502307990954,-0.016357497312128558,1.9833526288051315,0.0308113098144531,1.27335658450804,-0.5538361668586731,0.120448808406304,70,37,14,90,-0.7450263689165643,3.474783234240032,0.20160937446207292,2.4814901373113027
LegMomentum,0.33244219736986147,3.915797223544944,0.7911743344925344,6.307105339611773,0.26342752575874323,1.0881136935671434,0.21961857656016948,2.4596739375143444,91,10,0.14756839603999453,22.901368840691315,0.5087605467650951,9.67599807323507,0.12450036406517023,0.5334575007645149,0.8470950126647949,21.940890463367197,1.562857747077942,21.64192850884807,-0.04191237539052964,2.543159498318195,-0.0042020678520201995,1.0968587299560462,-0.715762734413147,0.2989619545191246,83,35,15,77,-0.02604136036919558,3.055777390767306,0.3017326907517592,4.053851083452038,0.16699863597750655,1.7775402355781358,0.12613765182904899,1.2314496341187802,64,19,0.05537394258460762,7.419676073987174,2.1466211634182812,16.463997371263847,0.0823505669832229,0.6758318520863105,0.7451355457305908,12.886671738779365,1.0364466905593872,12.6048433825354,0.0651552812778391,1.8616564846924453,0.03603162616491315,1.123718793832412,-0.2913111448287964,0.28182835624396424,61,41,14,99,1.1995357162783904,3.5814141023565393,0.1747983663178999,1.9884444188837012,0.19741860032081598,0.9336631016011648,0.15412743700668213,1.5359647494803257,98,10,0.069713323990836,10.490095012194097,0.2954925854677941,13.657857947990191,0.09062248468399041,0.30943516660692805,0.5476480722427368,15.722970158876443,1.0870802402496338,15.44823464173736,-0.04374757632613182,1.9022893566011345,-0.0092274099588394,1.0459998366327938,-0.539432168006897,0.27473551713908373,87,34,14,73,-0.4745768245666175,3.470417265833091,0.20474122844770665,2.6213336712361017
LegMomentum,0.36598642317096863,4.370817549286972,0.8621871643327175,6.799821693191441,0.33067721128463734,2.1988233359819978,0.2788843046873807,3.3012828029725307,90,11,0.2477351032916684,39.4677597869701,1.1199696691115077,7.918391328774646,0.12728264927864064,0.6574670950001448,1.323108792304993,24.719335078023736,2.099705398082733,24.602128379244416,-0.0065843850374221885,3.258858124741747,0.0415936112403869,1.0726484315627685,-0.7765966057777405,0.11720669877932008,70,33,16,90,0.3905082786084637,2.9204111948650717,0.3946702601795076,5.370996509938803,0.20539128035306922,1.173885434804848,0.14098367143116772,1.2411052402623526,73,13,0.054681395683665306,8.241403503255865,0.644138247021945,12.001828198248107,0.10390454158186904,0.542588342341123,0.555199384689331,11.892051516562164,1.0057085454463959,11.586141870400755,0.020014829712454232,1.862159781583733,-0.0018461495637893,1.2118645596614626,-0.4505091607570648,0.3059096461614089,81,39,15,79,0.6108662660672947,3.405404909902074,0.18435753858079573,2.1848946086957812,0.1551910340785979,1.2440622150916296,0.12130709601799021,1.2856850832523514,86,15,0.04594938622526767,7.09267853920693,0.7967213339917496,5.916406744728503,0.07435034215450284,0.49380122788229264,0.4954955577850342,9.360668586756058,0.8929572701454163,9.276652802653127,-0.0031352917663753006,1.6788037868659609,0.00797745585441585,0.9778477245676162,-0.3974617123603821,0.08401578410293173,75,39,17,85,0.19437884465426905,2.5571555471396916,0.16996791805701442,2.0674371536787857
LegMomentum,0.368407972320869,4.919039627345136,0.8677813117951153,7.68039901306126,0.3365359306335448,2.809891178715477,0.2741500391345471,3.398058925386681,82,13,0.26727299114246394,42.250196562241975,1.6669937772930332,7.296957937342299,0.1521846055984496,0.746054887602176,1.323108792304993,25.625652562207474,2.1491464376449585,25.37959320894846,-0.03418726734817028,3.6386467760610937,-0.0302425324916839,1.4893573846126174,-0.8260376453399658,0.24605935325901232,89,32,17,71,0.7287231591831459,2.7891840883465537,0.4085585647683691,5.386134625248629,0.2083660103380679,1.5977115737914742,0.14489187193801625,1.276633502890447,76,16,0.06398980144225166,9.732938811944832,2.139583622490165,9.628772420617961,0.11490503698587415,0.7502310670709564,0.8922677040100098,11.653563710321729,1.2931503057479858,11.457444284051068,0.02946877493523061,2.2557605075847027,0.022774338722229,1.8130090378523167,-0.4008826017379761,0.19611942627066006,72,40,18,88,1.0569957734723066,2.937399022812751,0.19842199412788025,2.155106341776674,0.14525455981492988,1.0227694967813084,0.12059102652361613,1.3350314243885324,86,12,0.048139247630427914,7.4970234015293045,2.654187845734687,6.669894894370749,0.0719143748283386,0.3927848814703516,0.7812758684158325,9.727490492866515,1.166189581155777,9.514043500357765,-0.008230197895318264,1.785991729415463,-0.0027389526367187,0.9833220345678919,-0.3849137127399444,0.21344699250875096,81,36,18,79,0.6860737236254361,2.644219429100339,0.17380475885422036,2.0753932022604458
LegMomentum,0.31420074681713117,4.474602337101594,0.7371871743351219,7.014313544450131,0.25094585120677937,2.0229944099134967,0.2336250839196145,2.7507796383608247,99,11,0.1982317680817311,30.016379080296147,2.446925348695978,6.083754824594594,0.12113890051841725,0.7522647883948475,1.1921813488006592,19.980956659188564,2.018218994140625,19.521926247233218,-0.07387595325708389,3.246205149320271,-0.0240137577056884,1.5294182965078433,-0.8260376453399658,0.4590304119553458,89,36,17,71,0.3656480298985905,2.6305806494944957,0.3452275867059754,4.413448901802615,0.18565582856535906,1.3494892675018688,0.11751154844823755,0.9938185517859265,79,19,0.04587632930358421,7.021910095385311,5.079476642107869,8.60758796174062,0.08918486535549165,0.5872473552239669,0.8922677040100098,9.310365001702944,1.2931503057479858,8.949601992412862,0.022813582560047507,2.113073277690364,0.02080212533473965,1.7254143602143317,-0.4008826017379761,0.36076300929008276,71,38,14,89,1.3477719455146486,2.7144274857611363,0.16831311421909267,1.599009511696604,0.14791048318147648,1.1567170015407453,0.11431077941320833,1.2991197132319139,92,14,0.040848944521661344,6.309645832953234,3.7304492959014546,4.3484820104995245,0.0732577890157699,0.4222452180352909,0.7812758684158325,8.967017699712045,1.174574226140976,8.630696528578857,-0.01854660976678133,1.655035117439495,0.00957143306732175,0.9146362147308535,-0.3932983577251434,0.3363211711331872,77,33,16,83,0.3901639781136135,2.2198773919699755,0.15920119335919178,1.889577887517546
LegMomentum,0.262970049881587,3.783999442179217,0.6186540720611808,5.897780435497912,0.196336731314659,1.2382905613407276,0.18069184082560238,2.3985032319919406,91,11,0.13747845270976888,21.782726920627148,4.784943812221392,5.313043808303439,0.1018753051757812,0.6551196630344462,1.2737566232681274,17.267479737967147,2.0464081168174744,17.132859847931357,0.0026146583259105682,2.95620475038682,0.02528291940689085,1.66820856750661,-0.7726514935493469,0.13461989003578956,69,43,17,91,0.5650721432870444,2.4104924756910204,0.2940366579729365,3.6115897322948447,0.18937669694423667,0.8620622689227979,0.1131410661869449,0.9723070209269582,79,14,0.03565308799706707,5.402768327589594,0.8305822128578737,10.024372015561042,0.0907136052846908,0.44002296631627585,0.5169524550437927,9.4373746001782,0.8430501222610474,9.429778044684587,0.027586335455998777,1.5787363322367272,0.02472692728042595,1.1624153423258168,-0.3260976672172546,0.007596555493613553,69,39,18,91,0.5739174124328825,3.1192481432936683,0.14716498795492974,1.7059777023353266,0.11164726316928858,0.9544882971276641,0.08987136697396632,1.062375123802102,88,12,0.026320686913164883,4.113266844461071,2.963274918749449,3.006862982173776,0.059103116393089204,0.41877435955448006,0.5317360758781433,6.345598799914754,0.9250344336032867,6.177227954921953,0.009085203520953645,1.3628393528743643,0.0213648229837417,0.7711292394328395,-0.3932983577251434,0.16837084499280053,68,38,14,92,-0.2637528667377551,1.951525720417912,0.12833873574270602,1.5019772776969882
LegMomentum,0.324490546564044,4.649382769903632,0.7580831545591352,7.204870307361407,0.210782766342163,2.843333464554828,0.22188827785663304,3.204634283126239,82,13,0.2163924613136648,33.809244991413195,3.6644227750760647,3.6005649263861415,0.10049790143966675,0.9792149522820632,1.4891231060028076,18.789117569740565,2.3088513612747192,18.385433748681887,0.049294747784733764,3.6749463543735637,0.0536295175552368,1.8534539969264534,-0.8197282552719116,0.4036838210586769,62,42,17,98,0.8956961965998449,2.100224682954911,0.36558259342551896,4.505997590311123,0.20509532839059824,1.4974656265745072,0.13875854596495624,1.354495580879973,76,16,0.060178607633393694,8.695579151063727,2.409315450207459,7.70209806228633,0.10408502817153929,0.6987602825449826,0.8212254643440247,10.93852418611798,1.169432133436203,10.745960424030345,0.048306380212306974,1.9687248162047117,0.038537800312042195,1.324238674528632,-0.3482066690921783,0.1925637620876352,67,43,16,93,1.0826581181899637,2.744866515717626,0.18841443254592416,2.195381914183373,0.12301486730575548,1.494048804994594,0.09833328119013456,1.2187045889180488,83,17,0.03723947836052042,5.527955951867116,2.7813221977445597,5.3445653740658265,0.061233654618263154,0.5253536391572321,0.5606904029846191,8.317130619834437,0.9656370282173157,8.17489711928002,0.03503258265554904,1.5611991367831317,0.03643484413623805,0.8751244304275224,-0.4049466252326965,0.14223350055441603,57,41,14,103,0.2662855046483613,2.289402642038456,0.1489498404543573,1.7580139951589466
LegMomentum,0.37894482439429555,4.667986349560873,0.8935639226436614,7.196463180455211,0.32553210854530323,1.647707684051127,0.28451420865952964,3.315869431925341,88,11,0.264401305165882,42.09004781125898,1.6294768980381642,7.150344040237689,0.15141764283180237,0.9542460598436595,1.4891231060028076,25.21707853059648,2.326525092124939,25.113537757653535,-0.01032360419631005,3.6071177822130864,0.0153746306896209,1.764881407763347,-0.8374019861221313,0.1035407729429449,76,33,18,84,0.3795613878445165,2.801965871044953,0.40765534699937583,5.392471522085315,0.22651869431138022,1.20120905311836,0.1506425773585215,1.3804823337198346,68,13,0.06326314560720735,9.560227006446093,2.026175345341053,8.278449732991978,0.11955989897251125,0.49965239747146284,0.8212254643440247,12.093935857817792,1.169432133436203,11.900871657107837,0.02696451349183917,2.007418582901328,-0.02684139460325235,1.3185562585583979,-0.3482066690921783,0.19306420070995522,85,46,17,75,1.1055751151940956,2.934044591836557,0.19762713387061753,2.3517010097945095,0.1597529277205466,1.1872036317682868,0.12691607181681314,1.3330077465933992,78,14,0.047413116360732636,7.456150937316234,0.696713962372542,7.086363069834363,0.08042015135288236,0.5640073873465759,0.5606904029846191,10.112842417975937,0.9656370282173157,9.95953907385673,0.0032851154915988444,1.5819268153407966,-0.0023426860570907497,0.887727466749763,-0.4049466252326965,0.15330334411920768,80,38,16,80,0.0858663231688511,2.788232716470457,0.17265199153294344,2.225681578353462
LegMomentum,0.3581776403237861,4.444562597784112,0.8463421073555945,6.9000762636761195,0.27574168145656575,2.414727011453306,0.26955518897622815,3.3301686920644387,77,11,0.2548778911735311,40.39740064272237,1.5427398653996738,7.125853726557976,0.1578634083271026,0.6903661298397952,1.3814325332641602,23.121014608239538,2.27651047706604,23.072702384294455,-0.026039811968803405,3.4372026483767315,-0.03188598155975335,1.3636848691032963,-0.8950779438018799,0.048312223945080904,91,31,16,69,0.34172117046470213,2.790262282527281,0.3995224950820227,5.346310746366541,0.19372693821787818,0.9995071004458397,0.13706786572933194,1.2193172446372553,64,13,0.050419503861537616,7.783769250392038,0.19023185912171758,9.043810538921566,0.09511041641235346,0.49135361788562587,0.5430994033813477,11.330413870760417,0.8600172996520996,11.136838647219278,0.01684109708294273,1.8629949352053432,-0.0256896093487739,1.30195184063977,-0.3169178962707519,0.19357522354113813,87,40,18,73,0.7041759125540773,2.9567358446977257,0.17727090411724317,2.076780951807695,0.1425598859786987,0.9756816949192744,0.1208786735567264,1.3066738290136959,74,12,0.045472441069093525,7.123522461619943,0.6291630414984075,7.435631765425633,0.06601431965827939,0.44131326516112834,0.5042292475700378,10.19005009630794,0.9949234426021576,10.142771548723541,-0.009959100093692535,1.5998786800940454,-0.0166116505861282,0.9202519499569015,-0.4906941950321197,0.04727854758439981,95,37,16,65,-0.2192581738915611,2.8094465970441536,0.1688170964948104,2.136331123819638
LegMomentum,0.3254551678469645,4.528356831142683,0.7696967193484305,7.143005092164044,0.2613660097122192,2.0200294708575997,0.23984230048954486,2.923216896618668,95,11,0.21613188101092567,32.69926490611811,2.6854388924979276,6.137680502725434,0.13198068737983698,1.101668508483274,1.3814325332641602,21.454298490287204,2.27651047706604,21.228525133032328,-0.07912362217903138,3.356574039234724,-0.04117763042449945,1.974060825652453,-0.8950779438018799,0.22577335725487652,99,34,17,61,0.37874419450798225,2.5936472730544864,0.3600445507655242,4.6295437815462535,0.16379975154995913,1.562525955564211,0.12947863116860386,1.3416348939701392,64,17,0.05253963046711954,7.9883893161238495,2.2080702033012463,5.188797360963662,0.07799874991178504,0.7356282904893264,0.6773806214332581,9.848265468345199,1.0338284075260162,9.606390842053413,0.026473460253328085,2.0504920550157917,-0.010368242859840351,1.3218002194102778,-0.3564477860927582,0.24187462629178522,84,36,17,76,1.265591867647569,2.191308847755983,0.17982919903151756,1.945217635238012,0.13518981635570515,1.1274039693595035,0.11281652451260009,1.2072622604599121,86,13,0.04112791352480713,6.364936568192204,1.2243664554659341,5.133602788095217,0.0681400597095488,0.48320844776897953,0.5042292475700378,8.56707258514456,0.9949234426021576,8.427504028357674,-0.01828296864405274,1.735938997913528,-0.00852912664413445,1.0714452590504804,-0.4906941950321197,0.13956855678688534,90,34,18,70,-0.32652651480908373,2.3528398919033253,0.15978186076491727,1.8306972343113375
LegMomentum,0.27165813105313996,4.166724448402477,0.6439791689813136,6.49739267504937,0.20096550881862627,1.9442613246880618,0.1936171343922615,2.7504918476630684,84,12,0.1587965020574171,25.158510571788657,4.423802172746518,3.600484579005003,0.1008597612380981,0.6686946830520559,1.277047634124756,16.979550278939357,2.066024363040924,16.62785561915911,0.0003187239170074463,3.08081884162791,0.00621396303176875,1.5219206707611512,-0.7889767289161682,0.351694659780248,76,40,16,84,0.6962775696355515,2.1414307553586074,0.3160251756565529,3.958164452983115,0.16889859735965723,1.183532084156914,0.12626574670895932,1.4058091332478355,73,13,0.05243262868389102,8.033148660783008,3.2452391579647832,3.3703845533268835,0.0844328552484512,0.5568062804735299,0.6969475746154785,8.929133785093539,1.0533953607082367,8.677649325761404,0.024344499409198757,2.0031507602983822,0.00674556195735925,1.3612969696642812,-0.3564477860927582,0.25148445933213487,79,35,16,81,1.3359801817118455,2.005621310853352,0.1799447526002766,2.0051273506436,0.09509576857089992,1.2329790450285727,0.08334783530328418,0.9593742397147852,76,15,0.024456658557947143,3.8301920366361792,2.4108863479763967,2.2958019770539604,0.04921151697635645,0.6412593373457447,0.3967898786067962,5.627680918607257,0.7971501350402831,5.500974287639856,0.0037931726314127485,1.4134230731230781,-0.000704750418663,1.1195808168339592,-0.4003602564334869,0.1267066309674008,82,38,16,78,-0.1651116917205435,1.7266473611125932,0.12396397707674815,1.353671767083695
LegMomentum,0.2963655390717427,4.394193971582333,0.6988356117904184,6.871221938750419,0.19928282499313346,2.1841008430729993,0.2093718295544386,2.890396204546572,79,12,0.18453432768147685,28.059570603094688,2.846569348250842,4.132470539961139,0.10134997963905334,0.8078166915100964,1.277047634124756,18.030524683475956,2.087307929992676,17.850364723112367,0.06538234353065489,3.339480007167148,0.0600996017456054,1.6516365629325156,-0.8102602958679199,0.1801599603635876,56,42,17,104,0.6626977679131443,2.1752172962154424,0.3343016435584775,4.1118662289556065,0.21506248414516446,0.9976620749505671,0.1316305162128992,1.1306959364076932,79,14,0.04845392000345832,7.308869237151935,1.7622073103122693,7.54316184454329,0.1096764802932739,0.541091676873771,0.6969475746154785,10.275293828516679,1.0219071805477142,9.998596512956647,0.024300603009760374,1.994044077562972,0.0194764137268066,1.5977912157798213,-0.3249596059322357,0.27669731556003174,74,37,16,86,0.8331441836390595,2.599155077908997,0.1728581217636194,1.8255567517576585,0.09406970441341392,1.1418416480017641,0.08452859104727391,1.0288511127848325,85,16,0.02896934524061217,4.399800619476932,4.305320988963693,2.789786495333222,0.04671949148178105,0.45448569953115736,0.5834402441978455,6.067869691541601,1.0544339716434479,5.980313364128436,0.017444660793989892,1.5376978540202995,0.0229000896215438,0.9928943455478825,-0.4709937274456024,0.0875563274131652,65,40,15,95,-0.21788438641143706,1.8578976750614566,0.1338412636644087,1.426634476387802
LegMomentum,0.35923856347188027,4.1401548001911666,0.857499578297138,6.470282129111371,0.285378023982048,1.0441813178932473,0.267050898517482,3.072598817805078,93,9,0.22623140293777727,35.92765996896256,0.5609201191295927,8.313334060378107,0.12469550967216494,0.5101633876033748,0.9822692275047302,25.754608320105497,1.8815195560455322,25.548005432327177,-0.004016188904643071,2.9717084812729566,0.04199743270874021,1.2413014599920447,-0.899250328540802,0.2066028877783187,70,35,14,90,-0.09846306984352678,3.002784431763381,0.3771838676299596,5.205440295622737,0.2562118582427501,1.0090541910344935,0.1476314484491013,1.1996969212253883,78,12,0.05570859911317754,8.544566044028295,0.33856166074199123,12.369600010161763,0.1273532211780548,0.5555591813797307,0.6291972398757935,12.840477143428547,0.9347211122512817,12.551794970102996,0.029256762471050024,1.8602086382111571,0.0266831964254379,1.3689197087608413,-0.3055238723754883,0.2886821733255503,73,39,14,87,0.6251851534787296,3.4836411076535136,0.18486620365356543,2.254814818638747,0.1482868343591689,0.8288328614181135,0.12150429703062397,1.3039004978062079,98,11,0.047236821435453366,7.409502959032583,1.5691330545347943,6.371509310848179,0.07133799791336051,0.4557187393193466,0.5834402441978455,10.164407088812773,1.1083709597587585,9.992196497127173,-0.0034730716608464807,1.6383650096272566,0.02155970036983485,0.9813053924341997,-0.5249307155609131,0.17221059168560057,65,34,18,95,-0.38232371585878144,2.7039227604937155,0.17232688309395447,2.1737670193150094
LegMomentum,0.3504670050400553,4.41853489475692,0.8321049313247203,6.932055238344181,0.27895334362983704,2.179907634297534,0.2569252614118159,3.059135525387076,79,11,0.226409813496847,35.725243094082046,1.0974415360017318,7.660726067269286,0.14123439788818354,0.758967695320452,1.0144671201705933,25.12785784061566,1.9137174487113953,24.99149257607219,-0.03502908200025558,3.2278050526529882,-0.0382571220397949,1.4676361433970762,-0.899250328540802,0.1363652645434716,93,32,16,67,0.41216842397311754,2.8499593053193673,0.3757144598235499,5.030558382143068,0.23475242778658859,0.9800911492675699,0.1397301828372292,1.1676358823576722,75,13,0.054180101444002045,8.136845609584054,0.21012322522148885,7.89383778569918,0.11812187731266016,0.4673507811516625,0.6291972398757935,10.156068891447724,0.9762057662010193,9.887051834870439,0.03843251150101423,2.1093246617534622,0.01727674901485435,1.58854124867164,-0.3470085263252258,0.2690170565772847,68,37,15,92,0.48299248962007646,2.8027764961698094,0.18052475699060339,1.920311193765921,0.14136862754821766,1.1162637177626542,0.11996306822402399,1.3074897534864676,82,12,0.04483987897182052,7.053425762911197,1.0728396419092547,7.340764718536471,0.07178187370300285,0.5750644193578813,0.4454151391983032,10.685767601402624,0.9703458547592163,10.575982603434657,-0.0059281657449901095,1.594925523937731,-0.0033815652132034,0.9572944840712692,-0.5249307155609131,0.10978499796796716,81,35,18,79,-0.15208046926970673,2.738260031855562,0.16782674866685673,2.1235909059899347
LegMomentum,0.2901542971559704,3.7581173268752694,0.685900720208883,5.83582327026956,0.24698546528816215,1.598002529495155,0.2149782618507743,2.589369966061613,91,11,0.16377136721626756,24.70494241110689,2.115470447271421,5.972003241260806,0.12340164184570306,0.6553286404309088,1.0144671201705933,18.624315138762526,1.742961585521698,18.516301985439856,-0.0711904913187027,2.8216266659780356,-0.0451387763023376,1.2799134330347077,-0.7284944653511047,0.10801315332266842,96,36,19,64,0.42604265507490735,2.614912654858298,0.31289119366832435,4.09186575646716,0.1743586249649524,1.360971626985907,0.11057335590012367,1.1296054116428849,76,15,0.035195925985162496,5.424732975323349,0.8416821046193079,8.759668653853259,0.08835975825786589,0.5182912978508505,0.4862651228904724,9.462978563382123,0.8332736492156982,9.221801367960209,0.01744189579039812,1.6134811061368342,0.01313906908035275,1.034570706475154,-0.3470085263252258,0.24117719542191443,73,34,17,87,0.48147141774292446,2.7393847484496603,0.1477486698620362,1.6797058359911734,0.13037244230508793,0.9490143157909435,0.1007594515685923,1.1112863053636826,90,13,0.03185896183917643,4.929971202579285,1.2911902778187088,8.12260903272881,0.06548075377941126,0.3560066103603705,0.4454151391983032,9.181928400597753,0.8237602412700653,9.00157189027962,-0.014469727966934447,1.400715498154691,-1.3723969459549954e-05,0.7772918552151453,-0.3783451020717621,0.18035651031813393,80,40,17,80,-0.2468085261128608,2.788673389047989,0.14080622528422038,1.7227789457178018
LegMomentum,0.268673128584647,3.8408097599054485,0.643748893290758,5.917455591390335,0.22935457527637476,2.470289515661437,0.18906495111994442,2.579321920114755,86,15,0.13944179792011707,21.986904968398314,4.339111479007319,4.461284055864041,0.1069039404392242,0.8076070931220242,1.219687581062317,16.934894152684205,1.9481820464134216,16.76057147460483,0.008472796902060509,2.9641446889710585,0.02945345640182495,1.435572880389626,-0.7284944653511047,0.17432267807937482,72,45,17,88,0.7285170518797246,2.182730454792095,0.2960185875733317,3.633283808243305,0.1981046944856643,1.3009195515996743,0.12076549523510036,1.2456873426493278,76,13,0.041490262175846414,6.3402895254599185,1.0350076452329056,7.421268621837736,0.1009007021784782,0.4591750994377723,0.532464861869812,10.071310006357345,0.8654805123806,9.892092801078608,0.025286002643406393,1.6535250000657238,0.02046316862106315,0.9872106671907908,-0.3330156505107879,0.1792172052787377,73,37,18,87,0.7299641008688385,2.6506927385745445,0.1595340130299197,1.8989851499202322,0.11270127445459352,0.9460112246079833,0.09003373343381096,0.9500373311996774,91,13,0.024105539257605633,3.7340428967117436,1.1435917456517606,6.1444537494150016,0.05573412775993346,0.4656450071156039,0.3341817855834961,7.301063810259653,0.7125268876552582,7.233571620203891,0.005528338532894842,1.2997859023535532,0.023695111274719148,0.8600962476162863,-0.3783451020717621,0.06749219005576224,66,42,16,94,-0.7364007536823916,2.430992803013667,0.12300390957255204,1.4298949278722208
LegMomentum,0.34869357481827495,4.743981700234063,0.8199085141718385,7.446898786043433,0.23125657439231867,3.1826652515511906,0.23774890340864657,3.299977479990677,88,13,0.21704349035450116,33.58063414028923,1.850693634408631,3.1739780718468573,0.10970470309257505,0.7674707181610002,1.219687581062317,18.23096962530995,2.0716736912727356,17.98340249604445,0.0574505217373371,3.573825514268474,0.08982950448989865,1.570698142510051,-0.8519861102104187,0.24756712926549887,60,42,18,100,0.38097137381918855,2.0443901202760895,0.36494385752238206,4.561623103003241,0.23595797270536417,1.8850702557283436,0.15555560135981064,1.6221934595513883,70,14,0.07520969386796232,10.888121602262261,2.5816382920816743,6.587050975128253,0.117844846099615,0.7681035728832977,0.8920690417289734,11.701173258056498,1.2380769848823547,11.540040237126352,0.053544119279831645,2.227578083092659,0.0270692259073257,1.3672680694722408,-0.3460079431533813,0.1611330209301458,72,40,17,88,1.220254844725218,2.497672315268119,0.21075267559920802,2.434341283794755,0.14522808045148838,1.1148105118891571,0.10562703466974195,1.0457176468024871,94,14,0.03554585340334565,5.352637471739343,2.2822352902921086,8.043582456556,0.06584612280130385,0.40580961427815904,0.4511477351188659,9.073775267546196,0.9507980942726134,8.955733149372673,0.021108418330550185,1.6454951886823013,0.04645654559135435,1.1162697755747222,-0.4996503591537475,0.118042118173523,57,41,18,103,-0.9235062184834729,2.7025210985816885,0.1480118745964602,1.6263403874228612
LegMomentum,0.3846157981504218,4.65230377293386,0.896581636071205,7.372191186452929,0.34133049845695496,2.061692307834589,0.28213135885074736,3.0190269300710133,92,9,0.23632398165879767,37.62038855688831,0.3504357643688656,8.491970798816821,0.1312704682350159,0.7720112263008105,1.0465059280395508,23.208904874502373,1.8984920382499695,22.95206566681712,-0.0047885295003652715,3.23462043713605,0.05676946043968195,1.4157134907549964,-0.8519861102104187,0.25683920768525337,68,33,15,92,0.05631057445196883,3.0540296746109825,0.38549754963790345,5.211297265033928,0.21308649331331242,1.7039195736150585,0.15445343997562302,1.535772671763024,65,19,0.07828109738069605,11.7089048146556,3.6304771847733024,9.289388264725284,0.10641191899776456,0.928709151496983,0.8920690417289734,13.452885859327367,1.2380769848823547,13.274310684110583,0.035108369402587415,2.3854495301778793,0.00751002132892605,1.603732973708173,-0.3460079431533813,0.17857517521678415,79,39,19,81,1.598782564323334,2.872065303892435,0.2190731494062401,2.453270338472655,0.1638839542865752,0.9519513911893392,0.12983997858944346,1.3031520177416989,97,12,0.04844666816069635,7.448885031769766,0.6748199686632006,6.542044847693811,0.0787927284836768,0.46274572962042515,0.4511477351188659,9.888351869008119,0.9507980942726134,9.768671767446966,-0.015474191214889294,1.7521212191389994,0.02042646706104275,1.046731438472635,-0.4996503591537475,0.11968010156115269,69,39,18,91,-0.739071960628641,2.654045714660604,0.17386387216572088,2.092595580902491
LegMomentum,0.3697106328064649,4.253431455778553,0.8688347109407185,6.720728588767937,0.3461431711912155,1.599530863619727,0.26803502675611524,2.775322822964757,85,10,0.20587479470903144,32.39377455722834,0.14787534498382104,9.916494893760458,0.16723811626434315,0.7872508686433164,0.9153488874435424,25.036642393446552,1.7136987447738647,24.94172844619673,-0.030573507025837904,2.856255651943259,-0.008189171552658,1.3384904104517303,-0.7983498573303223,0.09491394724982198,81,33,17,79,0.04568010959662883,3.2306381292337387,0.3585252916686264,4.922964371998901,0.20385769009590143,1.332375793839873,0.14213513509894254,1.3696120156716085,67,14,0.0677053206535655,9.937217094091228,2.8162113205179384,9.240568475637968,0.1026436984539031,0.667622294248397,0.7680772542953491,12.297882163255595,1.158826857805252,12.07826175432669,0.05078529776073992,2.1685268791727426,0.0248622596263885,1.5970145042235067,-0.3907496035099029,0.219620408928906,68,40,16,92,1.2723479968774902,2.956361593568168,0.19996648509082415,2.287948484646573,0.17704419791698445,1.0762173425064159,0.13443638137541708,1.2903215111657373,90,13,0.05419375611728019,8.420594756073072,0.3956515500952551,9.075683021834523,0.0872945338487625,0.4574699856183095,0.5299358367919922,10.92259124638826,0.9862465560436249,10.90202283972132,-0.0223066296428442,1.6959460576519358,-0.00798274576663965,0.9584964451749822,-0.4563107192516327,0.020568406666939737,82,37,16,78,-0.18528082721177314,3.1577726633408396,0.18325776422352033,2.3546468367056512
LegMomentum,0.3287830329625084,4.0660959227952596,0.7826325647532937,6.362730848048027,0.31523846089839924,1.540154393215698,0.23579583254642783,2.538827574674548,99,9,0.17282530425984582,25.721678312710072,0.6206203586592105,7.103791929100538,0.13576796650886525,0.6881142140962443,0.8231443166732788,20.153473944957756,1.6599090695381165,20.00570290966523,-0.08050415441393852,2.6510705000682537,-0.02504786849021905,1.2544262598013147,-0.8367647528648376,0.14777103529252367,88,37,20,72,-0.29201347562506025,2.8619946733499084,0.31964586738742923,4.32359844532051,0.1957959644496441,1.4377549309619895,0.13042834483494514,1.2437831913728246,75,19,0.05472983394583677,7.944035531903345,2.348855965426493,13.121548962850593,0.10494054853916165,0.7608136347388808,0.7505877017974854,12.434135127453535,1.1413373053073883,12.321952884355781,0.05111904791556297,1.9844396165373888,0.04065094888210295,1.439020417615977,-0.3907496035099029,0.11218224309775333,62,37,17,98,0.9558092744109362,3.2306015230460736,0.1783022355478553,2.001508166413589,0.1654364690184592,0.9216479598839017,0.12408146055240646,1.3551095084102311,89,12,0.046962988109050904,7.321238178613527,0.9146514104002144,5.66328656022365,0.07902851700782774,0.515763282368546,0.5299358367919922,9.62368885126142,0.9862465560436249,9.553964206096053,-0.01834693574346602,1.7272207314423844,0.00683210790157315,1.019249702817709,-0.4563107192516327,0.06972464516536789,78,35,17,82,-0.283606047013565,2.469386438672251,0.17087347194141975,2.0827738051668407
LegMomentum,0.29468656256293135,4.2005955207646055,0.7015462881326673,6.575500933439389,0.21468769013881672,1.8700966860777433,0.20657698051072657,2.9165677306848723,90,11,0.16176720427350286,25.45168756764946,2.8207800330372548,3.881753439138776,0.1021799445152282,0.6543990659782969,1.0742912292480469,18.458517946607245,1.9110559821128845,18.25321716277168,-0.024589117243885995,3.0531015223630686,0.0126314461231231,1.4153625827218066,-0.8367647528648376,0.20530078383556544,75,40,19,85,0.2396271032176995,2.1148715508602733,0.3180125039812244,4.016249327643115,0.2229241058230399,1.0983361152389968,0.13574955781805326,1.1708604309561434,82,16,0.0494844759630811,7.558763333120778,0.7379638572870046,5.481298120338046,0.112897828221321,0.5433193176115133,0.5707372426986694,9.349644859456301,1.043606162071228,9.13210715162734,0.027317990781739354,2.058383675109162,0.02952863276004785,1.4671793606692403,-0.4728689193725586,0.21753770782896226,70,37,17,90,0.27488542774162505,2.4049388757967245,0.17427376672242478,1.8225860690691338,0.12794790230691427,0.8439344420084984,0.09743239434028507,1.047560585096554,95,12,0.029840968190906533,4.654972615582235,1.7915537936031676,5.014799269119411,0.0662086009979248,0.4420280917932653,0.3222738802433014,7.701738588647951,0.7571293413639069,7.555726421404437,-0.006043739942833785,1.4640157359671584,0.0174383521080017,0.943993191263969,-0.4348554611206054,0.1460121672435144,70,37,18,90,-1.0406123948674755,2.341696035851276,0.13686178430018886,1.5848124622247186
LegMomentum,0.3223072762476559,4.391041153027782,0.7522506696730851,6.798347773802137,0.23053646087646476,1.6857244320756024,0.2239699018187821,3.3032601049839196,75,11,0.20231214984077575,31.360145145665633,2.303147399247262,3.434720055824374,0.1093087494373321,0.6474098306505341,1.2007449865341189,19.838699701333997,2.0016139149665833,19.612201163390193,0.05723852664232254,3.1754967357443133,0.0328609645366668,1.219661370518106,-0.8008689284324646,0.22649853794380598,67,38,17,93,0.6217020171208675,2.098390746454164,0.35205609146899963,4.612631095908585,0.22026646882295603,1.0964976908097093,0.14278802522749173,1.321043257721287,81,16,0.06206917870256108,9.234790766306066,1.298005361593619,7.214031793539128,0.11744567006826395,0.6249277411786651,0.6517139673233032,10.428987556029957,1.1245828866958618,10.240269572903554,0.040507241850718856,2.081900378607285,0.0414549112319946,1.5548425463121247,-0.4728689193725586,0.18871798312640403,63,39,16,97,0.4005555657023889,2.7405692390015224,0.1933547592900775,2.2137031372478346,0.126926377415657,1.200770026448624,0.09372287671081718,1.0824731220259487,84,16,0.030528580474983212,4.680436838479326,2.051193888858905,2.8272885164453916,0.06385228037834165,0.5145048028842585,0.4380154013633728,6.601278856534243,0.8353059887886047,6.434605354620863,0.018749874271452416,1.5409506594505387,0.02243912220001215,1.005773909504996,-0.3972905874252319,0.16667350191338007,64,38,18,96,-0.23395138069283658,1.8849166074451162,0.13728290584831643,1.5185216177645533
LegMomentum,0.37532579769430086,4.737970553398048,0.8788010078668592,7.396593830044962,0.26668184995651234,1.9309829492471293,0.2701212835498154,3.4567571761864198,84,11,0.24932142092783915,39.45474864849229,1.299190800699093,4.655544816340734,0.13478517532348624,0.8315090622695785,1.2007449865341189,21.31358550223591,2.077249050140381,21.113124304869892,0.020868910476565354,3.478818971019552,0.0386115908622741,1.4652918998377216,-0.8765040636062622,0.20046119736601709,73,35,17,87,0.2642900659601338,2.3881104894936587,0.3954335274376806,5.229968184928733,0.2142392098903656,0.836522792022288,0.15184476449387146,1.5917007523149151,78,10,0.07431799494342237,11.025291665922293,1.2995881070938626,6.683009580441647,0.11451868340373035,0.3978241571157436,0.705829381942749,12.97820338456455,1.131004959344864,12.780533391871767,0.04945171969011426,2.1337521817825595,0.0414549112319946,1.2735991564000844,-0.4251755774021148,0.19766999269278207,63,37,19,97,0.7674396509525182,2.663771452977614,0.21042819300631685,2.544089875114569,0.15998223423957816,1.2255302323463455,0.11895317157614042,1.260594145595534,89,15,0.044583218592742,6.967138917708184,1.0700715848504476,5.560895325397842,0.0793479830026627,0.6110850682405615,0.4626661241054535,9.682918708188298,0.9401475191116333,9.586210197457968,0.010451036039739842,1.78402267724285,0.02243912220001215,1.194824573362141,-0.4774813950061798,0.09670851073033135,68,38,17,92,-0.31346179775788247,2.384407696493759,0.16712225771138547,1.9453539536011022
LegMomentum,0.3891463024949019,4.561033984917845,0.9196485488116739,7.10199414225669,0.3577250540256499,2.0906707693146243,0.29378534662537276,3.3250818331872214,85,10,0.2681546160221838,42.65230824282139,1.1529920306343158,8.268365708053988,0.1644493043422698,0.8257405084292978,1.301596760749817,25.534164710676425,2.178100824356079,25.20491761583021,-0.008601468056440366,3.4714358593003545,0.026726037263870198,1.4766495210919812,-0.8765040636062622,0.32924709484621484,75,32,18,85,0.46116033757315184,2.99385239036775,0.4105803835206496,5.531856950209847,0.19234670884907235,1.0416002399679964,0.14514018055051564,1.5143774864591704,70,11,0.06479184921144125,9.758245171749907,1.0217770425036523,7.071340205904081,0.10027675330638885,0.5865374980834158,0.705829381942749,11.756870073966976,1.0742433965206146,11.69352409183395,0.0425234355032444,1.9596049340498625,0.028021365404129,1.061181164701312,-0.3684140145778656,0.06334598213302611,67,38,18,93,0.7195166774127429,2.6983699820739413,0.19730680560300007,2.432733786133892,0.167120799422264,1.2498309902592974,0.1361506182001903,1.4538799256600041,90,13,0.055351479792327574,8.70974164922228,0.585914789196015,8.935075268488417,0.08346720039844505,0.45040188476388987,0.4893161654472351,12.16362671428038,0.9667975604534149,12.106098978360475,-0.013985819555819035,1.6709533489064734,0.0089085698127746,0.9016163528676316,-0.4774813950061798,0.05752773591990414,77,35,14,83,-0.2947973777294267,3.04614846113694,0.18605219182956556,2.432623389470825
LegMomentum,0.37304766563953795,4.434100345842445,0.8893667661584912,6.965362410496191,0.33783774077892303,2.452482325086663,0.27224440530873834,3.260312382844085,86,12,0.24039552991349308,38.15504709024528,1.7929226721040612,6.935675275479538,0.161474883556366,0.8106067851556387,1.301596760749817,24.815292676605125,2.039763629436493,24.74430027477803,-0.024680484458804136,3.3238978008682034,-0.0036714673042297,1.2809739493766363,-0.738166868686676,0.07099240182709302,80,31,17,80,0.8281508315879856,2.7221043506705467,0.38804535802155254,5.206414361115412,0.1749834083020686,1.0572694572494874,0.1282706789966323,1.314088807566993,78,12,0.05369910846926706,7.548460232841489,0.45135692153733187,6.041709699399641,0.087397389113903,0.5232187398955346,0.5695391893386841,10.083267695423437,0.9733753800392151,9.954344136665886,0.05975920684868469,1.8806654712458066,0.0569762717932462,1.260229316484418,-0.403836190700531,0.1289235587575508,50,34,16,110,0.24349604344336737,2.480301611655613,0.1737221956110026,2.002887320371587,0.18818724900484077,1.024427190056569,0.14868603944312778,1.6707122063460733,97,12,0.06791256981169082,10.645482167095507,0.5005551416949401,7.645824311244178,0.07832944393157955,0.40557442441036423,0.4982972741127014,12.379498681453628,1.0253407955169678,12.348346195078419,-0.02507971487939358,1.76079913838218,0.0019561648368835003,0.802627855188607,-0.5270435214042664,0.031152486375208573,78,29,17,82,-0.23905682008162937,2.8955463918634026,0.20513254260133404,2.7468288190872174
LegMomentum,0.33566589972777927,4.052888143924192,0.7960590744391083,6.370536313969963,0.29574161767959584,2.185324680813406,0.23426389603409917,2.606132380698787,95,13,0.1792710841145595,27.115348027787558,2.178352014778847,6.529787477152272,0.13803726434707636,0.9288557020171919,1.1833271980285645,20.05229280152461,1.9214940667152405,19.8589224665783,-0.07519282214343548,2.8379778899534434,-0.0330266952514648,1.3802774717296113,-0.738166868686676,0.19337033494631337,90,36,18,70,0.46874523131686124,2.7378205917081853,0.32719961721265206,4.365916802221838,0.18294157460331908,1.3229187298512257,0.11734558328054842,1.1771427632335287,76,16,0.04585088319534972,6.350767868038348,1.6929805854830002,7.571925492639274,0.0921993106603622,0.4491885386422473,0.6008219718933105,9.762868245382462,1.0046581625938416,9.669495060096445,0.0586619233712554,1.8229568578898694,0.050707310438156045,1.1860263286415054,-0.403836190700531,0.09337318528601739,58,35,16,102,0.6469489430169049,2.5297048538093785,0.1592927157832825,1.7399988972153522,0.181567683815956,0.7945058352345126,0.14843392205657438,1.6071568542783001,105,11,0.06757698651394808,10.224942187224318,0.48660547330251136,8.719175748635317,0.07863974571228025,0.36284365862551915,0.4982972741127014,13.32745757394058,1.0253407955169678,13.253270061546331,-0.04344534520059824,1.709601566126652,-0.0042232275009155005,0.7354831486170802,-0.5270435214042664,0.07418751239424833,83,32,17,77,-0.4424367756244826,3.0261036442085665,0.20149908263690774,2.70225917933895
LegMomentum,0.27697900102567086,3.6565506883009005,0.6539112185314295,5.836465053598669,0.20627175271511067,1.0917889467157171,0.18695900816936045,2.5682794547684216,83,9,0.13203976502616238,20.972429972445866,2.9634591453184473,4.657609181842628,0.10481551289558405,0.5481069393268704,1.1523771286010742,17.131330918646082,1.8138941526412964,17.063729440385735,0.004220573976635933,2.5415708458627018,0.0109729468822479,1.0454675424268869,-0.6615170240402222,0.06760147826034764,77,38,15,83,0.4627529458423459,2.355192813405663,0.2881422428198739,3.8095731529800836,0.1606659069657324,1.051533668313882,0.10876222371356556,1.1987159859147185,72,14,0.03889465649254056,5.6986645551892865,3.525190543862143,6.6464173856613495,0.07546918094158164,0.4833411115839117,0.6763437986373901,9.514139128860435,0.9847139716148376,9.359358245453185,0.0407202350674197,1.571283666335885,0.0196868777275085,0.9477561077016194,-0.3083701729774475,0.1547808834072504,71,37,15,89,1.183895477498177,2.483967850171846,0.15097510399585062,1.7971455686992486,0.11070644855499258,1.0009648373614857,0.11332871291320767,1.445233247175753,93,12,0.04654121153135012,7.355019514777857,1.943566649973011,3.844085199551224,0.060015738010406446,0.3061675576500288,0.5583526492118835,8.739707341054936,1.0409276485443115,8.587875528767672,-0.004125375673174864,1.7236105414000826,0.013062164187431249,0.8400547097583289,-0.482574999332428,0.151831812287264,70,39,17,90,-0.3752722743779789,2.2121455729355404,0.17103823099099016,2.093844840563018
LegMomentum,0.3333457384988335,4.452900097850809,0.7926948484964667,7.101002465508162,0.21023458242416376,1.3942403064203428,0.22614631131291385,3.080418117795801,80,11,0.20101487364817403,30.805312907982458,1.520895440603705,5.290527618610607,0.10152256488800045,0.5486222875617954,1.1523771286010742,20.599679937636353,2.026763617992401,20.235644167627253,0.06531356871128083,3.203428438237909,0.0649928748607635,1.3190432163676125,-0.8743864893913269,0.36403577000909787,58,37,19,102,0.3854359529744393,2.44012064961823,0.34947354299739236,4.532478256877919,0.17369876801967613,1.438780455866722,0.1297318764720694,1.302164938410988,74,17,0.059692536897656495,8.526977800687504,2.830491647198939,7.592788302340352,0.08665674924850461,0.6726452736089521,0.8426289558410645,11.13082167982763,1.2392017543315887,10.946540782172377,0.05205111157847566,2.0536376898050737,0.04371713846921915,1.418341269886752,-0.3965727984905243,0.1842808976552525,60,37,15,100,0.9014445750380641,2.70279745416339,0.18659077705635932,2.0759455772489757,0.10979952663183207,1.2837560252541618,0.1208598318789154,1.5368902255349817,81,13,0.0565015959089793,8.739036265596596,1.6375042634520494,6.217524108137555,0.055873125791549655,0.5216058585177678,0.5583526492118835,11.139374174634975,1.0719082355499268,10.993067392724624,0.024300073832273467,1.8439363374651798,0.026413619518279953,0.9864025824313799,-0.5135555863380432,0.14630678191035043,54,41,17,106,-0.25043295177136166,2.542025892436693,0.18692615527769585,2.3106135654782465
LegMomentum,0.3916026425998914,4.851984915274358,0.9255474281311034,7.62772308071464,0.2768640369176864,1.875857205739191,0.29077131368219855,3.4419850058572634,94,11,0.27108967379129356,43.09073732988183,0.7291350070167084,8.95242316174228,0.128470778465271,0.66647315466778,1.1641536951065063,29.165721185848316,2.0385401844978333,28.616637602792647,-0.003972223401069652,3.730810157238657,0.0546787083148956,1.5794627637162049,-0.8743864893913269,0.5490835830556703,66,35,16,94,0.36871086852205337,2.9148081931864103,0.4128931730947327,5.401091824856036,0.17875312268733967,1.2646720883809464,0.13670545564964415,1.4435789894476911,70,13,0.06525594244686186,9.36042390596736,2.163130387611437,7.586580844869625,0.08965964615344996,0.6680563640110789,0.8426289558410645,12.322904333974485,1.2392017543315887,12.216038190639006,0.053185876458883265,2.0011899759619562,0.0362705290317535,1.4219396461032532,-0.3965727984905243,0.10686614333547792,62,42,18,98,0.8821118397830854,2.69778907887174,0.1954352705647539,2.3142304522403867,0.139643222093582,1.1867901044238924,0.14951416803523895,1.7375296309504333,92,10,0.07311099941298697,11.423025538643524,0.482397133510005,8.860673765204762,0.06611928343772895,0.5413596994689599,0.5114896297454834,14.683817065401577,1.0352863073349,14.553507554776138,-0.011835807934403426,1.8957229475140278,0.00803865492343895,0.9201134647703748,-0.5237966775894165,0.13030951062543922,71,40,16,89,-0.2124522297048525,2.935817406612194,0.21410463152724094,2.7980814936152685
LegMomentum,0.35762048733300406,4.691429721146888,0.848790099499747,7.373589694008549,0.2542371302843094,2.2430009459769495,0.24917587976902728,3.3010549121386314,83,12,0.24020369853777182,37.510787962366656,1.9031783953714667,7.217811286626688,0.12723508477210999,0.9395997795292869,1.1641536951065063,25.979545296303975,1.9788861274719238,25.76385971482307,-0.04662435352802276,3.6107531660457193,-0.0411843657493591,1.7360514699351481,-0.8147324323654175,0.2156855814809037,100,35,17,60,0.6768015023379602,2.613071465399094,0.3858549031481563,4.9470445253967,0.17383164167404164,1.4730889407200145,0.12523828050441804,1.2023998520364663,68,17,0.05521588669831805,7.250734936403536,1.6228453594630334,9.717747919291472,0.08597864210605621,0.7412608686498625,0.6717252731323242,11.21723736664378,1.0342683792114258,11.1555088365394,0.07354257985134609,1.8659419936556523,0.0508954524993896,1.4459813732097464,-0.3625431060791015,0.06172853010437917,55,39,17,105,0.8678634606012313,2.852126068790853,0.171126987708752,1.9413900722719033,0.1632400676608084,1.2717537935493834,0.14658151406794784,1.597893170918625,82,13,0.06728317232409312,10.53821598260424,0.6219428162255132,8.565133350423576,0.08090311288833615,0.4094836940679906,0.5114896297454834,13.798306547179825,1.0647011995315552,13.639824490978848,-0.01426328271627426,1.8968945343071772,-0.0002094507217407,0.9289737667751492,-0.5532115697860718,0.15848205620097777,80,39,17,80,-0.24773878709225658,2.9284833339671668,0.20521145153896966,2.6343893236042004
LegMomentum,0.281670042705954,4.053503422654468,0.6678451077360656,6.379980318719231,0.1569568812847136,2.864477748070456,0.18383926483336832,2.831071028642961,79,15,0.15258890060883776,23.673522801622877,3.2735624572846973,2.9346823619835973,0.07228794693946838,0.687758237646639,1.08327054977417,16.048553292021495,1.8968183994293213,15.92145030973607,-0.04252326898276805,2.949585854801968,-0.043509960174560505,1.200520915578347,-0.8135478496551514,0.12710298228542466,112,38,18,48,0.4059557469503719,1.9536927496090668,0.30683588627711783,3.869556316527132,0.1478721760213374,1.0833124150497548,0.10727597368640995,1.1366006833045925,75,16,0.041110090565041,5.59752860474601,2.5362315985655846,4.631315021619353,0.0758766382932663,0.5506693530023079,0.6717252731323242,8.219491061403902,1.110445886850357,8.01886979028144,0.05803261661785654,1.6634006206348275,0.0508278906345367,1.131066352860716,-0.4387206137180328,0.20062127112246173,48,37,15,112,0.3252524888796836,2.224095309395268,0.14988808239621018,1.6824467242732175,0.11972707509994493,0.9526353058707502,0.11062113053631033,1.4156433940248707,94,12,0.04377551895542364,6.843668381210998,2.0715593095613514,2.6096631958371637,0.059346929192543,0.4089399080535573,0.423841655254364,8.187104554160292,0.9770532250404358,8.145615152833983,-0.008258354850113399,1.7669938432824361,0.009367778897285399,0.9313249854435885,-0.5532115697860718,0.04148940132630953,70,42,16,90,-0.8287324080986853,1.8757881607331217,0.16572007594018143,1.9290933463710263
LegMomentum,0.27307238781539683,3.7006308460212836,0.6460221376642583,5.844233429479941,0.226434290409088,1.1767300567739303,0.1872596323210746,2.399598030646802,78,11,0.12727349296444704,19.873762806284006,2.2005922025728024,4.111408248190839,0.10228183865547175,0.5711654578635721,0.8832374811172485,15.056778737833811,1.677984893321991,15.00903577761568,0.023818536475300786,2.7146364287771485,0.006598204374313301,1.4429657964147071,-0.7947474122047424,0.047742960218132076,78,39,16,82,-0.2055764867477092,2.280846044005737,0.2819136946713024,3.5361719225512855,0.17530626058578483,1.200554333198801,0.11547059754841024,1.161957103204564,84,14,0.042651507195147945,6.312558451994549,2.1617934965184498,14.587170218251238,0.08784896135330195,0.5235607367994206,0.6451386213302612,11.80611011400557,1.083859235048294,11.651622439822553,0.038868758268654324,1.6662007464755033,0.044410228729248005,0.9928939459955095,-0.4387206137180328,0.15448767418301632,53,37,15,107,0.40373758321973713,3.4133171644506306,0.1590740870156719,1.8805141649131563,0.0944694504141807,0.7984096446130808,0.09239585836185138,1.152703973083192,90,10,0.032857697034546225,5.093901996393731,2.2522112806009877,3.997688058698042,0.048034146428108146,0.4204853390593414,0.507758378982544,7.917564261557402,0.9239044189453125,7.89265779618143,0.012772022280842052,1.4633962542272891,0.025057673454284647,0.852808183858461,-0.4161460399627685,0.02490646537597199,60,42,13,100,-0.2307626374379672,2.168128631435556,0.14318193938829285,1.7182471881272698
LegMomentum,0.33351378994650815,4.111795420838877,0.7875526984967289,6.450957740143549,0.26890477538108826,1.5335709641462278,0.23087276319041844,2.803552642564216,84,11,0.1712860939320902,26.953409830626878,0.7877035049919678,6.190570656828921,0.13455361127853388,0.5689889821919693,0.957214891910553,20.980122658910833,1.740429401397705,20.802617915298306,0.026391195878386488,2.9224979175485983,0.033647388219833346,1.3027803582622144,-0.7832145094871521,0.17750474361252633,70,34,15,90,0.03617837294572964,2.5896891366163053,0.3271486319839517,4.290969092472117,0.24213276058435435,1.084826176293118,0.1429676160655799,1.296710654975437,74,13,0.05649831617409676,8.31295080829358,0.9048632315923051,13.892098090420134,0.12116531655192371,0.4191504462131694,0.6451386213302612,13.35589511031621,0.9936765134334564,13.209836428524122,0.04382117228815331,1.886314976734813,0.026612117886543198,1.256142492769267,-0.3485378921031952,0.14605868179208786,70,40,17,90,0.7744971401049773,3.485129664892935,0.18330619115657146,2.180542734467619,0.14458300173282612,0.7915687888208799,0.11499670688062905,1.3205002610998315,96,9,0.04116087169698531,6.4238080232983865,1.1548081423265852,3.6334082694227785,0.06657171249389646,0.4114377182593116,0.507758378982544,8.58546877623996,0.961805522441864,8.500456570534977,0.0030463514849543476,1.6421448458601375,0.0268657207489013,0.9741450745323593,-0.45404714345932,0.08501220570498245,62,40,17,98,-0.3055712274651427,2.148075393121806,0.16086641062123386,1.9305875604368143
LegMomentum,0.35735834908804964,4.035778573441646,0.8384238121658563,6.307603041738556,0.29180346429347986,1.4508512424810927,0.25959920156281435,3.0648209287423755,83,11,0.21474173902507243,34.05648557387837,0.5878321935136905,8.213644460043655,0.1522825360298157,0.6685440417997749,0.957214891910553,24.677697425127782,1.764432430267334,24.540720314970812,-0.022658740356564525,2.9600653256720055,-0.014919757843017498,1.1545219881906355,-0.807217538356781,0.13697711015697064,89,31,18,71,0.30900017628085946,2.9520885516256774,0.36679837777481794,5.029363661700421,0.20233345031738276,1.2604709686253692,0.14596676292130722,1.32714350300005,68,13,0.05862970480478512,8.772477232628807,0.4341365860230182,11.301151394339744,0.11135508120059964,0.6856845695527463,0.5691721439361572,12.540448986369112,0.9177100360393524,12.272673513326708,0.037552299676463015,1.8588690891886244,-0.0070002079010009505,1.2866735303817602,-0.3485378921031952,0.2677754730424031,82,43,17,78,0.7416787080738874,3.288822863160365,0.18829493870424407,2.3058800796849477,0.1468874961137771,0.8572300022854407,0.1233617425593547,1.3983875935054142,94,10,0.0467471985803488,7.233956674487437,0.6161648456710433,7.437212779347966,0.07859854400157926,0.34389950535163294,0.39386186003685,11.096989365672426,0.886581152677536,11.026655079830713,-0.024075465369969608,1.4886686268779261,0.0001527965068817,0.7167706770066559,-0.492719292640686,0.07033428584171462,80,37,17,80,-0.5773245385204957,2.8072024294907267,0.16975712159438988,2.240049640931385
LegMomentum,0.3248166490337376,3.7641474632241083,0.7577239959686993,5.972225653995917,0.3233992159366607,1.3961485674303131,0.23202286676503717,2.753393828818425,94,12,0.1824340653058454,27.08807481533315,1.2992459211693248,6.657874053701198,0.14152079820632923,0.5445376206943506,0.9061933755874634,20.60182578325591,1.7134109139442444,20.48311038366637,-0.0863367434591055,2.713361037993558,-0.04553616046905515,1.1206464418959774,-0.807217538356781,0.11871539958954028,103,38,15,57,0.26162709950996216,2.745162352825568,0.32747136038012936,4.441367660173122,0.15979621559381477,0.6950700263008716,0.12430466215009797,1.2524204955537137,70,10,0.04895140545805837,6.633487155649229,0.6379121905857392,8.980133928332352,0.07946012169122685,0.3708042001241346,0.5238029360771179,10.631038897603021,0.8619591891765594,10.42562870467632,0.06291523887775838,1.67949812692342,0.0447819530963897,1.0654683690409488,-0.3381562530994415,0.20541019292670074,65,41,17,95,0.6672867159385045,2.911400811956134,0.16371873757975292,1.9526323763857738,0.1419955193996429,0.539189218536061,0.1152229655603878,1.3107141756463545,99,9,0.0428702630564694,6.429163436269921,0.6162710036370829,5.705177052688535,0.06366646289825431,0.24338128583704233,0.39386186003685,9.657684153919188,0.886581152677536,9.4687394730341,-0.03492994923144578,1.5793664890789392,-0.013284772634506201,0.8274653617098029,-0.492719292640686,0.18894468088508765,92,36,14,68,-0.27105584911384206,2.4968640453080897,0.16042024388628556,1.983624190577536
LegMomentum,0.27354597932245517,3.717895256528502,0.6427031147480009,5.753824068640345,0.2202636003494261,2.393550984201261,0.18786815404891963,2.6404367926090595,80,14,0.13697873794632867,21.61023122672217,4.372206805184758,4.266783524104087,0.11461818218231196,0.658037319263425,1.2523669004440308,17.01469528129388,1.973294734954834,16.87895005027956,-0.012329678237438201,2.7766198696959044,-0.0121466815471649,1.0824201343974726,-0.7209278345108032,0.13574523101431848,84,41,20,76,0.9265041127060932,2.177372896762742,0.2932527452209773,3.7283526289679285,0.16825326532125473,1.3218806572347273,0.11464815423823889,1.0924078410948779,76,15,0.040921958356022775,5.566332321870244,0.6435028111759853,12.189969130878755,0.085433229804039,0.45226685461481364,0.4937021136283874,10.45997251509758,0.887115180492401,10.241980832415745,0.056138967163860784,1.612969446616194,0.047102823853492654,0.9129338584744374,-0.3934130668640136,0.21799168268183447,60,39,15,100,0.2348824328208149,3.1642034072154543,0.15021875985413707,1.7218193535190889,0.11739302426576603,1.0102075012808969,0.09370503073558208,1.06845169085555,86,14,0.02812262708959955,4.394022607027701,1.2508915585093208,3.459557573044984,0.05456252396106715,0.48906846568921397,0.4245154857635498,7.0440295931934935,0.7642970085144043,6.920429302190011,-0.001073149591684347,1.364234752328245,0.011086493730544999,0.7964473708172146,-0.3397815227508545,0.12360029100348233,74,38,16,86,-0.04491638983469474,2.084167753707052,0.13298882643168397,1.5915043661792425
LegMomentum,0.33126196123058843,4.434331632377551,0.7854875227902083,6.989033473693987,0.2259566485881805,1.6326001690565817,0.2254902040585875,3.1784667229498105,70,11,0.19625823009025367,30.37382945920154,2.321847456570471,4.249250993208047,0.1157952547073364,0.5431445619107977,1.2523669004440308,19.745567530921246,2.002388596534729,19.458404509001696,0.05656159371137619,3.2193880653992943,0.03608053922653195,1.2223667861040188,-0.7500216960906982,0.287163021919552,68,38,17,92,0.7498670083237154,2.2228684209883554,0.3467182060235138,4.473183423867853,0.19147173408418885,0.7929380458605447,0.13571817131240094,1.224250015653426,73,12,0.059584576808493946,8.570004205792548,1.175606874515494,12.363656783899923,0.0985674932599067,0.4216241668740041,0.7381035089492798,12.949133030662903,1.1315165758132935,12.435094654967981,0.05635019573965109,1.952950273147529,0.0362814515829086,1.3396977907045717,-0.3934130668640136,0.5140383756949216,59,41,17,101,0.5012978459739742,3.4169446054346073,0.18514659415910464,2.1808231098384714,0.15233413130044932,1.0963349421881827,0.11922610367182643,1.3403605927652575,84,12,0.047409036781588455,7.214008207809206,1.5430789334968038,3.408310873708463,0.07576648890972125,0.5379761732871591,0.6187481880187988,8.058117035873016,0.9684730470180511,7.881665458223864,0.03371869167312978,1.816695135147164,0.0391575694084167,1.1118398306782304,-0.3497248589992523,0.17645157764915143,63,37,17,97,0.54009264171635,2.084122816743235,0.1693307516873826,1.9782889055296837
LegMomentum,0.4015515399491294,4.5504633307779985,0.9507801648322491,7.318628731894167,0.3774095773696899,1.4821993364224177,0.2784715044824406,3.1913562404768085,83,11,0.22874132590279073,36.436560031952894,0.42382529256949697,8.100054438720827,0.1704101860523224,0.5907957903979146,1.106177806854248,24.0345075117433,1.8561995029449463,23.95799657471126,-0.0005749452859163347,3.1214452356268323,0.013256072998046799,1.2700894250286017,-0.7500216960906982,0.07651093703204158,77,34,15,83,0.2476735135072209,2.949380092273544,0.37929162458478227,5.166540396913145,0.2187883928418159,1.5151137975998044,0.15904521753298465,1.481584810500936,66,14,0.0739991640895151,10.755885061713276,0.3848893893459322,9.849856501004098,0.11797277629375455,0.5832636798883983,0.7381035089492798,12.560355555182271,1.1123529374599457,12.09836085217952,0.05542963678599335,2.154436375646168,0.023504130542278248,1.3446479731120267,-0.3742494285106659,0.46199470300275125,70,43,13,90,0.6186142945388994,3.115161481242156,0.2084432454839785,2.4727088314247347,0.19085863977670664,0.9460130923811564,0.15858340050210243,1.6827458324707214,87,9,0.07595663707912975,12.06303295658086,0.6978475747373785,7.421414058951521,0.0953220278024674,0.4778815445714903,0.6187481880187988,13.3725465771087,1.166029691696167,13.176992846449192,0.0006679103709757259,2.042747120621167,0.01501391828060145,1.1945130176587746,-0.5472815036773682,0.19555373065950787,73,36,17,87,0.14801542945763524,2.851569084828468,0.21856582750086306,2.808953035879168
LegMomentum,0.3642422681435889,4.160006701597271,0.858280281834304,6.6053111836306195,0.3203340172767638,1.9988145509496784,0.2498972654296085,2.9903299918753112,79,12,0.1953944010150447,30.94570324662396,0.472647715602617,9.644152461739152,0.16222485899925226,0.5687976418240502,0.9198092222213744,25.143851886422215,1.598617672920227,25.003872592314515,-0.026767343655228613,2.8717856763072804,-0.02827772498130795,1.0710702819386826,-0.6788084506988525,0.13997929410769994,94,35,17,66,0.4717573811596968,3.0417478775179867,0.34952619854559064,4.764299557750362,0.1797386221587657,1.5119405882945822,0.1367404175881529,1.3876618866035932,62,17,0.05654122659935359,8.224011818025904,0.40618589031721974,9.488684474632871,0.08290760219097135,0.6273559348113893,0.5532922744750977,12.173940653948144,0.9352849125862122,12.077176656822278,0.04674822224769741,1.8650391128218822,0.0102758109569549,0.9815431701401023,-0.3819926381111145,0.09676399712586546,72,36,18,88,0.5173541740650254,2.8817828215261487,0.18265097579748782,2.178449201994499,0.1745556965470313,0.8168254676223368,0.15234329019673165,1.601410214768684,94,9,0.07095490102990122,11.159276140705169,0.5222766394956886,8.666387885295626,0.08703401684761045,0.40552283133659184,0.5850794315338135,14.217906977600991,1.1323609352111816,14.18899885328289,-0.02021024636924267,1.8684863945014576,0.00173927843570705,1.0511573048883258,-0.5472815036773682,0.028908124318101556,79,35,18,81,-0.18159587085771398,3.0225932287600217,0.21027292019283633,2.769121653930739
LegMomentum,0.28014911959287725,3.567477573423688,0.6555529702641067,5.552237665724858,0.23795332014560694,2.1988661289614297,0.19651742726564408,2.534051470856384,96,13,0.1419154186496077,21.47230959961993,2.097438353976343,6.748610412644574,0.1033883988857269,0.6666175704202105,0.9198092222213744,18.6199542825307,1.6830023527145386,18.56440211670237,-0.06576164811849594,2.549200245023312,-0.031403899192810045,1.0854336052377191,-0.7631931304931641,0.055552165828326595,96,38,19,64,0.28122256918735405,2.6513092141286037,0.2913815148783877,3.8696107957252006,0.12121867388486851,0.9996364836111896,0.09165600445019659,0.8523183472812783,69,17,0.026864362677402425,4.000503159364545,1.6214664068901303,13.865425579949733,0.0605020895600318,0.5430745210066641,0.4436754286289215,8.895250979137668,0.825668066740036,8.854612469339486,0.029218032525386656,1.4246283703338205,0.0149886310100555,1.1410396127444091,-0.3819926381111145,0.04063850979818228,69,33,19,91,0.5052575734445373,3.268223039552269,0.126636341614806,1.4039006965610308,0.16816807538270948,0.6119126076477487,0.12464558315929022,1.372474140253731,97,9,0.046704681198287495,7.1520282158415265,0.7204700325099864,7.488518338335684,0.07836912572383875,0.3246828919882425,0.4142265319824219,11.090851961147166,0.8801717162132263,11.04729620238074,-0.031107805296778673,1.578409050367725,-0.0059237778186798,0.8688734001569672,-0.4659451842308044,0.043555758766424466,84,35,17,76,-0.4844041182077837,2.7621834911322636,0.16852368274618557,2.158854577214219
LegMomentum,0.25863640204145033,3.424461261486682,0.6138967519067227,5.4074176649885155,0.1704183816909789,1.542240634734184,0.1748217024374753,2.539025498381099,85,11,0.12473332296286678,19.73192246133829,3.1965011625633126,4.360159399970194,0.08364948630332936,0.40103067395112263,1.03389310836792,16.615517956530816,1.797086238861084,16.430138936626587,0.007239186018705368,2.447228235874299,0.021702080965042052,0.8912930672942199,-0.7631931304931641,0.1853790199042282,71,42,13,89,0.1748972841217718,2.2922756932738144,0.27999267023214486,3.7071547611177302,0.17753265798091883,0.806117757734264,0.10995295340326261,0.9910798500443755,75,11,0.03481251487002763,5.186504201112481,1.1719787189265496,10.827880266250563,0.08718077838420865,0.390684494049471,0.5766189098358154,9.945222909398565,0.8962870836257935,9.877942297115425,0.033251583634410053,1.4675935901595778,0.0265424996614456,0.9964871255136722,-0.319668173789978,0.06728061228313917,68,36,16,92,0.5847937665775388,3.1784381832498827,0.14415977851137574,1.741457221764291,0.10640633106231677,0.5209110631740532,0.09488424711395052,1.113499532195184,89,8,0.033475594329089704,5.173340427990901,3.167382088624125,4.141251254423317,0.05382539331912995,0.2620843301328856,0.5445321202278137,7.046277670350222,1.0096316933631897,6.863535033927728,0.00887025259435176,1.4925958389546383,0.02138796448707575,0.9641480122423562,-0.465099573135376,0.1827426364224942,65,38,16,95,-0.024023855299264495,2.3013168887410083,0.14482629829846577,1.7162453465417469
LegMomentum,0.34152839474750446,4.433190586400194,0.8124680237099526,6.991799230550763,0.2358754128217696,2.187476280244573,0.23279584386851634,3.1464854566230973,81,12,0.19470630431011268,30.290053516343153,1.5223853879288871,4.401395375438359,0.11937621235847475,0.8009428396514786,1.039165496826172,20.095393425810087,1.889852285385132,20.041542313988817,0.04527926333248615,3.1940110331313885,0.05154514312744135,1.3754601589687026,-0.85068678855896,0.053851111821270836,67,40,15,93,0.20995107102098792,2.2423807512596916,0.3469779374290657,4.482002569898651,0.2264113426208495,1.225051571189966,0.14901773800811496,1.320305717596087,71,13,0.06373807872118692,9.208595237394281,0.5849010508541412,9.38496428791142,0.11902675032615659,0.6519608557212452,0.6484540700912476,12.3629307680871,0.9681222438812256,12.243256740751862,0.05599639972206205,1.870018546620135,0.022626996040344148,1.3679577898960056,-0.319668173789978,0.11967402733523876,69,39,16,91,0.7624091088223789,3.101311841432879,0.19217576446238155,2.389900808128028,0.13758340477943407,0.8638550727310569,0.11903694067150353,1.3991431458111538,80,11,0.05470059029978205,8.368356954702014,2.5304710002649617,6.074207302652194,0.06718988716602325,0.4105778972651596,0.5445321202278137,10.151587286816868,1.134226381778717,9.857516795497961,0.02410506810992955,1.9277696507992388,0.02460424602031705,1.1891920837794152,-0.5896942615509033,0.29407049131890695,59,36,17,101,-0.5120940943313058,2.5433688163678503,0.18389719476598038,2.156863724985748
LegMomentum,0.391619682397731,4.210121719935545,0.9185366456769406,6.717970372971706,0.339356631040573,1.413835990041223,0.2798142858874053,3.091182483518358,87,8,0.23266513767348335,36.84376404826476,0.4549887080871553,9.074973279606239,0.1650587618350982,0.5412256770200239,1.039165496826172,26.696916595939065,1.889852285385132,26.398897780998713,-0.023104736953973772,3.029021781567572,0.01018732786178585,1.1389944698085332,-0.85068678855896,0.29801881494035415,79,36,15,81,0.16243894746613136,3.0924212542856555,0.3818286120530447,5.260113220744776,0.23241723328828803,1.4009947841403128,0.15541657861991548,1.530369031840363,62,13,0.07042344345830558,10.437000571720358,0.9376460293500268,9.112777597659784,0.10619704425334925,0.5585189234919832,0.6484540700912476,12.77744878621834,0.9412537515163422,12.691340410481024,0.05046994526637718,1.917822149126053,0.00467850221320985,1.089667398146799,-0.2927996814250946,0.08610837573731588,79,42,14,81,1.0398070541790638,3.041482902599734,0.20427490858025507,2.599799756912422,0.20795942842960352,1.0653509108644792,0.14731088607804846,1.518595244486553,85,10,0.06327798259441032,9.988327791207093,0.6922654995193436,8.810405974150282,0.10732486844062805,0.519765677239803,0.4813173711299896,13.732901095595137,1.071011632680893,13.570512193741122,-0.006123109348118308,1.7711264422780821,0.00064396858215335,0.9398705603475679,-0.5896942615509033,0.16238890185401608,80,35,17,80,-0.4673109205522127,3.0026656505493294,0.19939845801821712,2.617525342125741
LegMomentum,0.3398115620496366,3.84866784504797,0.7938102812040595,6.136304370482447,0.2903940975666045,1.5237160566079064,0.2312603987427428,2.620957422802643,91,10,0.17457383555554212,26.466760393129825,0.8740140158139535,8.300999794481255,0.14251992106437678,0.6842173276045562,0.9068557024002076,22.484600669644347,1.6418996453285217,22.37933842275044,-0.06509302668273449,2.8225679341380725,-0.0359837114810943,1.3083419824617692,-0.7350439429283142,0.10526224689390765,94,32,17,66,0.3124018282392215,2.899161413780045,0.32485552875936896,4.301147596898455,0.16457296535372723,1.017709939519328,0.12679785033316873,1.3238492272846052,69,12,0.057805813579026824,7.7132942853901625,2.3704896227178107,9.75089109981752,0.08707238733768455,0.4049605968842198,0.7192250490188599,12.162999086909743,1.0120247304439545,12.10437822986867,0.06890918476856314,1.7706558478373822,0.035286962985992404,1.0538876170917058,-0.2927996814250946,0.058620857041072186,62,39,16,98,1.2230755967882474,2.974609346223753,0.1777006393462732,2.1396429968360247,0.21122503280639637,0.7484477896291345,0.13791074877139176,1.4089123659836134,86,10,0.05109017132586387,7.939271281697566,0.276468139759773,12.910728693086774,0.1065381318330765,0.3064062927560923,0.5304509997367859,13.793888924719461,0.9996210932731628,13.633129065565562,-0.008185768313705927,1.5430805885069927,0.012687042355537349,0.7443470395414852,-0.4691700935363769,0.16075985915389862,77,35,16,83,-0.2181640058099354,3.3960601645085076,0.17906634243903805,2.35757790519645
LegMomentum,0.2645391312565189,3.451434205910772,0.6255924942996351,5.484071156930311,0.2074542492628097,1.8024925262277725,0.1760713495546952,2.2957066575960012,87,13,0.11079802109477231,17.176205152250716,2.082899558442837,4.937873521556653,0.10619860887527464,0.5141403086893994,0.8498291373252869,15.414391033878234,1.5173543095588684,15.30129449919459,-0.03153039328753948,2.465589623982545,-0.019472837448120048,1.0410778514606176,-0.6675251722335815,0.11309653468364386,89,33,16,71,0.3678169888074324,2.343864545486751,0.262076079948885,3.3312269448898744,0.1502308873459695,0.6834948360478731,0.10556328671191291,0.9317663776214912,77,11,0.0370974160472998,5.080871394113026,3.768803163466772,12.801291910042831,0.07600177451968185,0.34708709552336464,0.7192250490188599,9.977896016937004,0.9666925966739655,9.754208862933586,0.04677156676189042,1.5504325926012006,0.0382101610302925,1.0797568866333327,-0.2474675476551056,0.22368715400341804,62,33,14,98,1.1450233513828298,3.390848822994777,0.14536289205681038,1.6361632467186595,0.13659241050481785,0.9611268615726385,0.10597627162467686,1.1574269905506387,93,13,0.03488514418781359,5.326093884099347,1.9076988033562792,6.202169430721881,0.06734666228294366,0.462855331869083,0.5304509997367859,8.47869780014436,0.9996210932731628,8.441066132383787,-0.005589411780238159,1.468048940346565,0.02236823737621305,0.836480552449829,-0.4691700935363769,0.037631667760573875,69,38,18,91,-0.6527108350001426,2.5332405154209465,0.14801656746751302,1.7807094633450664
LegMomentum,0.2928401391270133,3.8406191419813664,0.6979211593791841,6.070413552941821,0.20267412066459647,1.8960771565618608,0.19245677241124212,2.549295777758027,86,12,0.13931522208261365,21.71333948457664,1.879926904616564,3.2962054901791698,0.1039673388004303,0.7028400537387134,0.8498291373252869,14.338341127067446,1.7029073238372803,14.252536837728218,0.038906278088688837,2.7998304700633407,0.06465342640876764,1.2741444075473294,-0.8530781865119934,0.08580428933922708,61,37,17,99,-0.24901106911801724,2.1153156151624333,0.2934219111433878,3.724820643129214,0.2175273075699805,0.856844879170119,0.1343986119225155,1.2793128139240553,84,11,0.04995361030941139,7.519961314632911,0.7056531149132459,11.72092535737222,0.10347327589988711,0.41336040310291583,0.5620460510253906,12.271356594579867,0.8575488924980164,12.152350033847574,0.03790903401095419,1.786093050529439,0.05462230741977685,1.154475019446304,-0.2955028414726257,0.11900656073229283,67,36,16,93,0.5821824212776862,3.21258773201595,0.17312201414718548,2.0808250597980007,0.1136808842420577,0.6377920662865372,0.0987548084929585,1.1732803844871122,80,11,0.03416652879071468,5.3160536226796316,1.981303883443391,3.6719055359934023,0.06049224734306325,0.26182813907264274,0.3960373401641845,6.994150695049291,0.8410086631774901,6.854323298678377,0.014327290467917914,1.4844900323490406,0.014880597591400101,0.8398896484359629,-0.4449713230133056,0.13982739637091401,71,40,16,89,-0.6602197382710143,2.2322774052190066,0.14588290037192628,1.7641833710065336
LegMomentum,0.3729236552136365,4.2257953970857685,0.8943481595814227,6.825174327874526,0.2758865803480148,1.2914006940873275,0.2580704720597714,2.9601657939150914,98,8,0.2010640738279365,31.90305762773517,0.26509440482380464,6.445194734438969,0.12475466728210452,0.4459598662497816,0.8932875990867615,20.395607107936605,1.7463657855987549,20.20480580360148,0.0157944370061159,2.9349774945961427,0.0685791969299316,1.1424865082407876,-0.8530781865119934,0.19080130433512407,59,34,17,101,-0.2777098262958426,2.7524473682355612,0.3552525286986535,4.8258641437518035,0.23227942734956736,0.9522097546334684,0.15857478268211705,1.483317933278595,74,10,0.07102148686236431,10.551100053432291,0.4770491654324096,9.382716723456415,0.11924296617507936,0.49374352352796513,0.6704652309417725,13.239735291138642,0.9659680724143982,12.924584538110881,0.05169754596427082,1.995691158381679,0.025230467319488498,1.1558516006860353,-0.2955028414726257,0.3151507530277609,72,42,17,88,0.7655891728477388,3.1022493545791603,0.20488571572568806,2.562872773625231,0.1821911931037902,0.96259388598681,0.137417679070495,1.4164990027810203,81,11,0.0583821901254276,9.194313608314618,0.6418578786458333,8.087812977514908,0.0901683270931243,0.4861086731953863,0.5605653524398804,12.191584669552903,1.0718451142311096,12.139511790759338,0.0026879478245973574,1.8945056748967042,0.00858977437019345,1.2132416416089153,-0.5112797617912292,0.0520728787935647,78,37,15,82,-0.2677007318293817,2.8599188971657776,0.1916013780359958,2.3675223031893067
LegMomentum,0.38715960192821636,3.944376316086466,0.9193004135228692,6.330482659259218,0.3849925398826598,1.267510091930419,0.2771338651655241,2.867624663503675,85,9,0.20860604002534164,33.06708353036823,-0.11035084440472254,10.883880665638394,0.19323283433914185,0.43428375485154885,0.8932875990867615,26.20571240612303,1.6158620119094849,26.05015513846693,-0.028805301710963255,2.7192183235205873,-0.00261932611465455,0.9994735516588311,-0.7225744128227234,0.1555572676561,80,32,14,80,0.10277873672871482,3.353873125205771,0.3610592795931241,5.066846676128863,0.21471630036830897,1.1012164593544145,0.15424250018608288,1.464926428538359,68,12,0.07085706241812194,10.4981166893378,1.2482764801209543,11.797707431850124,0.10785482823848716,0.5030309787642868,0.7268445491790771,14.5384417179508,1.0145938098430634,14.486837212277818,0.04971817958867177,1.876139888799523,0.0194468200206756,1.1244846058798692,-0.2877492606639862,0.05160450567298149,74,42,17,86,1.0211781663441113,3.3993820068688576,0.20512617164577665,2.6416312776375723,0.2005776911973952,0.9583482825551655,0.1456327633792534,1.5292717340642965,84,11,0.059955704301933574,9.402158237031927,0.35102278901371164,8.83329974580009,0.10466095805168141,0.37522365231213267,0.5605653524398804,13.237625541210122,1.0718451142311096,13.021189787265174,-0.0190056019462645,1.7351244469391072,-0.0074211955070495,0.8473564336088617,-0.5112797617912292,0.21643575394494768,84,38,17,76,-0.2770027386301148,2.9832608404711367,0.19324726503209178,2.528141884995022
LegMomentum,0.346652859630839,3.8060114161494094,0.8152893865853547,6.044103515051086,0.3246215283870696,1.5534501608767322,0.23943880707025528,2.740708564141505,84,12,0.17153173000363212,26.315523630286638,0.332599395373955,6.534065787957079,0.15733844041824335,0.6250536071540772,0.7632156014442444,20.033985116441393,1.4857900142669678,19.94775629433521,-0.06211141943931579,2.8072399761813847,-0.05380231142044065,1.0707917514539922,-0.7225744128227234,0.08622882210618162,93,32,16,67,0.2927548810381825,2.6726349629008155,0.3224895342497682,4.293591427513309,0.18363354168832302,0.9399370924351914,0.12566230951517351,1.3163613243015266,74,12,0.05767561600059138,7.44867778174716,1.8492406718412155,11.26138964107494,0.09776507318019854,0.37284598417484305,0.7268445491790771,12.427583420976104,0.99705770611763,12.390829743759626,0.07806540096644313,1.6752951083930838,0.06804180145263665,0.9843468493119218,-0.2702131569385528,0.03675367721647674,53,41,16,107,0.9246164885471827,3.1778602241987897,0.17361289455145296,2.1545449824826974,0.171945072710514,0.6909334024040478,0.1293035795399919,1.3341930511153617,89,10,0.04758951724557562,7.410738020638138,0.19849461853181394,8.4139998039294,0.08613443374633781,0.32967601995172224,0.319979727268219,10.864961451123818,0.7733724117279053,10.699563324043268,-0.02067618854343891,1.5615684304766169,-0.00343103706836695,0.7521277626057394,-0.4533926844596863,0.16539812708055013,82,38,15,78,-0.6737565336452209,2.9858687396606967,0.1717565734083621,2.2298524743975627
LegMomentum,0.28478719195390123,3.3963166690255404,0.6686127378605304,5.327468680531082,0.28256376087665547,1.7772196671334566,0.20249190489295868,2.4015452784583955,91,13,0.12162215538493801,18.827426514762283,0.8254286971340199,5.867190324019248,0.13703528046607966,0.49815576141494083,0.7643656730651855,16.929358860780088,1.3708624243736267,16.793101905966463,-0.03768865428864956,2.503172006315969,-0.0011789500713347998,1.0396419955636647,-0.6064967513084412,0.1362569548136249,81,36,18,79,0.19753813414815566,2.4923534925303183,0.2739754613324411,3.544228607406465,0.17386977747082702,0.6274966255327055,0.10579440201690882,0.8462703547667626,84,11,0.033965235118754336,4.573925647586039,1.021847313838645,18.517018272188192,0.08590827882289885,0.3479200311514617,0.5659996867179871,10.687927071742436,0.86613929271698,10.600008403627042,0.05245922825997694,1.3645263509977363,0.0603677928447723,1.00148738114525,-0.3001396059989929,0.08791866811539485,61,44,14,99,0.4073183164656301,4.038523812528481,0.1363543342638674,1.6468131299630937,0.13292504101991645,0.8630394477984178,0.10656742174178357,1.1669270220451058,96,12,0.03530753280181941,5.490271087021435,0.9596412157974279,8.365561971865517,0.06952624022960655,0.40806534642402864,0.3303290009498596,9.7482518410944,0.7725769281387329,9.651068101331138,-0.016197956632822752,1.4597703232173758,-0.00142998993396755,0.8725792744335668,-0.4422479271888733,0.09718373976326106,81,37,17,79,-0.8772766621012333,2.830091157954018,0.14812822662843114,1.8328507005414472
LegMomentum,0.2842551495460182,3.491016303697848,0.6594239487498997,5.4233888073215555,0.21149763464927662,1.3098271692565,0.18733162004966286,2.381304488488936,87,12,0.12327623114223674,19.10192102748419,1.1912084641461531,4.160015424093484,0.092991828918457,0.4134285826506318,0.7951837182044983,14.425466173456764,1.4016804695129395,14.151836034727816,0.03332362212240695,2.590081950121327,0.05776971578598015,1.1598879598751821,-0.6064967513084412,0.27363013872894654,57,41,14,103,0.11045149253586282,2.3002120389993266,0.27643222135600404,3.5204256161918686,0.20513033494353294,0.9833141051603898,0.12410268108360464,1.1208958559131565,80,14,0.04141421611167554,5.993943408437892,0.3961501684031874,14.03140596554206,0.10065317153930656,0.44473265657197303,0.5415510535240173,11.485786250776625,0.8416906595230103,11.39410045457254,0.04322952744551003,1.567977624569995,0.0435716658830642,0.923569474950118,-0.3001396059989929,0.09168579620408573,68,40,13,92,0.3872477437659692,3.4614654102742133,0.15545459577496362,1.8802631670289478,0.117435187101364,0.7496133428522253,0.09009526986628766,0.9837988093377541,90,12,0.026289259554897956,4.080928194929488,1.8726225713114477,5.162887541177968,0.05914059281349175,0.33454158478472873,0.3303290009498596,7.001745092738604,0.7244230508804321,6.969365194938337,0.007013900578021995,1.2653292326302334,0.02175854146480555,0.769127620555939,-0.3940940499305725,0.03237989780026677,68,35,13,92,-1.0834666686869139,2.464362893023515,0.1283924503373956,1.5747603398552021
LegMomentum,0.339784246435666,3.973035392651339,0.7938567317998966,6.293230015703427,0.2311339229345321,1.6299890195285114,0.23499132365919645,2.8644945180590984,86,11,0.179049140312605,28.28286970274982,0.6776950186892172,6.002363707191032,0.12208428978919979,0.5359020445353029,0.9539346694946288,21.27227385363386,1.6715704798698425,21.107074168821686,0.024622230604290942,2.8057155742817756,0.0559081137180328,0.9965774442615452,-0.7176358103752136,0.16519968481217254,62,36,17,98,0.17276840749506134,2.6102050449245975,0.33466319643711445,4.5178346382954855,0.21066038683056826,1.269473863480032,0.14514897877936161,1.4501023957967314,66,13,0.06406622949258912,9.36702988237009,1.4040544890976365,9.663994789586335,0.10636568069457994,0.6151464744963002,0.7208678722381592,13.156638010341027,1.1520601212978363,13.118412481613742,0.051977372726832984,1.9078015632062195,0.019380405545234597,1.1503510519234648,-0.4311922490596771,0.03822552872728568,70,35,17,90,0.935836999223731,3.0112695938477736,0.1938416552964935,2.393182625249898,0.15111705660819993,1.0087244099011998,0.11318490423378531,1.3095898281687852,91,12,0.040721394850251814,6.423806191950112,1.4246731998444995,5.550005587393116,0.07497879862785325,0.45016309618839023,0.387921392917633,9.187648949476827,0.8905649781227112,9.085734281748254,0.0031936180777847713,1.5797128782154317,0.0201586484909057,0.9153339044261948,-0.5026435852050781,0.10191466772857441,68,33,14,92,-0.9866959069637828,2.458670007802483,0.16000211503312964,1.9819973295517905
LegMomentum,0.3588644978300867,4.117503083698639,0.8457888300321064,6.483443374163153,0.31923644244670857,2.2893555941771755,0.2567036893870681,3.1316697841427588,71,12,0.20867429565752588,32.99247661242682,0.9588718147368933,9.127640531922149,0.16982376575469965,0.4803874015754336,1.1345620155334473,26.038606053006998,1.8521978259086609,25.785978128165404,-0.028048498183488847,3.086081796950982,-0.0567156672477722,1.0461573727209101,-0.7176358103752136,0.25262792484159413,92,34,15,68,0.6535971111487648,2.9018038122137395,0.36117866661559395,4.844437609770056,0.1863657757639884,1.2067194006579376,0.1362614278561341,1.4232637469976313,59,13,0.062362309918995835,8.813149130382925,1.6568002049088806,10.437472137700633,0.08955642208456985,0.4848154243756715,0.7208678722381592,13.227902078913708,1.1520601212978363,13.04539769833502,0.059142181066272316,1.8164649418837362,0.030016556382179198,1.0886208631186047,-0.4311922490596771,0.18250438057868815,62,42,16,98,0.8912069479604939,3.0966426870038015,0.18894915257074904,2.348106523412053,0.16542015224695197,0.6925211129683176,0.13501126822317017,1.4452427154874103,98,9,0.05331093265616302,8.364332578775425,0.3507644312630105,10.336669171840654,0.0811913311481476,0.3227033656288647,0.415755033493042,13.43890659504592,0.9183986186981201,13.357170244261242,-0.021095518860965966,1.580896635328435,0.0042127668857574,0.7628302480922301,-0.5026435852050781,0.08173635078467645,77,34,17,83,-0.6160275612722107,3.1263507868423726,0.18188201855405225,2.4217965247275957
LegMomentum,0.3015540123712993,3.5565463839975746,0.7095632449723779,5.537820407785648,0.2974077910184859,1.350379152041741,0.21048149877227842,2.619498770188505,86,12,0.1537604614519476,23.113452886217225,2.305375305565849,6.353565895279166,0.1327164471149444,0.45999219061431507,1.1345620155334473,18.591794854215003,1.78228759765625,18.367911175438987,-0.0717066328972578,2.7206604756926884,-0.0599747598171234,1.1196861139705145,-0.6477255821228027,0.22388367877601598,98,38,16,62,0.722394574853516,2.6366495261990943,0.3025401013282426,3.9637683411396347,0.1518095806241035,0.8065187240881655,0.10281724728847619,0.9675520921716158,70,12,0.03585014198561513,4.698846094746168,1.1832865910199066,11.870385300083724,0.07797998189926139,0.407428129355616,0.4706184267997741,9.838491076528765,0.8226206898689269,9.679132500541625,0.05798715412383898,1.3920464487088748,0.04738187789916985,0.9418624527287818,-0.3520022630691528,0.15935857598714012,54,46,16,106,0.441549956461963,3.248069501833931,0.13843265945996938,1.6616415917348655,0.15757432579994196,0.7381806307066647,0.12198298851959403,1.213283774291458,103,10,0.04335031726171737,6.513719341555462,0.39340657485078,8.760839203154896,0.0623875111341476,0.3238988269312766,0.415755033493042,11.027314217844667,0.8663440048694611,10.954591916403864,-0.03714204803109169,1.4251134833840846,0.00603334605693815,0.7828427009479763,-0.450588971376419,0.0727223014408031,77,36,16,83,-0.6567837655526761,3.0256275327017863,0.16086063050641913,2.1172555115130396
LegMomentum,0.25307434518421484,3.153799328822491,0.5986251357756553,4.906939568731354,0.2247171849012374,0.743493033521865,0.17296501585748042,2.133405765848562,87,9,0.09811822829783377,15.459291319827544,1.424104818238888,7.0906244787969275,0.1124447882175445,0.37477470122870643,0.7002807259559631,16.671253482509353,1.3342259526252747,16.650675090815934,0.005150828883051873,1.9983840793892949,0.015497058629989551,0.7821416869936921,-0.6339452266693115,0.02057839169341779,70,43,18,90,-0.10652210387473697,2.7502150330777275,0.24836038260106935,3.3861116920549073,0.17539389431476587,1.084433695990686,0.10916691421458377,0.9340849652248857,77,17,0.03735400325890387,5.390596075995359,2.309508145603684,16.770496499203677,0.0862508118152619,0.5108454008383657,0.5991145968437195,10.603329854765738,0.8129067420959472,10.067955030822162,0.04328384503023699,1.6631398147843088,0.03884549438953395,1.2766265323049044,-0.2137921452522277,0.5353748239435759,66,40,17,94,1.0702161364024037,3.7676138750991544,0.14699595098591126,1.6200500092511259,0.09975919127464292,0.5862555777884106,0.08808580641634758,1.0314522898261684,101,10,0.02713090076099564,4.244584884603554,2.2210043169679583,5.563263532097984,0.04921303689479825,0.28233051687964345,0.3890613913536072,7.231420002546917,0.8008008599281311,7.114441884520105,-0.00037168338894845166,1.2454156745577505,0.01989860832691185,0.6649522182886037,-0.4117394685745239,0.11697811802681203,61,38,18,99,-0.9633288841952307,2.534850068245597,0.13062664575311614,1.641196113256858
LegMomentum,0.3034263109431141,3.5463085248916895,0.7148136846534906,5.600877933115725,0.2267733365297317,0.835164523649623,0.20045671813189977,2.5133847261512834,88,11,0.13405553376008073,20.412270569185377,0.8465351424179874,5.854623191671973,0.10860535502433775,0.3834822376285138,0.7002807259559631,16.41575814082936,1.3580389022827148,16.206357270960126,0.056541787832975386,2.3723551825191067,0.0783846974372863,0.9031669366377313,-0.6577581763267517,0.20940086986923376,60,38,17,100,-0.13796280889330684,2.6049001933054887,0.28477109391272987,3.8450229462462397,0.21100758016109455,0.8539771298523355,0.13525464673308304,1.0747902863632781,71,10,0.05510571636106243,7.926014140621279,1.2045356131010907,15.01786366306155,0.1077898889780044,0.39842595597079566,0.6033861637115479,12.833465424439328,0.8826441168785095,12.61288420061149,0.0534496373613365,1.8833486884556865,0.02688609063625335,1.462790885920271,-0.2792579531669616,0.22058122382783904,70,35,16,90,1.0503496860709034,3.7262700105680797,0.1782774573956343,2.0926088641486555,0.10935791581869111,0.727796724066814,0.0977692613378167,1.185467636539971,83,10,0.03416364948343998,5.203172041165312,1.9282022034431563,6.244839786105629,0.055541157722473054,0.29898272396573833,0.3890613913536072,8.658629457821034,0.8423471450805664,8.587197240902292,0.022597208619117726,1.3451740621409305,0.027862250804901102,0.6680561108636301,-0.4532857537269592,0.07143221691874233,55,41,16,105,-0.7100695610785797,2.6155871252256664,0.14481963482628718,1.8421940135904742
LegMomentum,0.36449791133137255,3.6397571641361792,0.8465703900717196,5.8152993947362575,0.35666748881340016,0.9880176809706831,0.2644927969388663,2.7651049057428243,91,8,0.1904869504242967,30.229317777898817,-0.17935345742699305,10.323610922082414,0.15167966485023493,0.3516999252525732,0.7845090627670288,24.01788413343718,1.5160008668899536,23.93245975945483,-0.009176404774189,2.407595099224038,0.0367665886878967,0.7729314339851279,-0.7314918041229248,0.08542437398235113,73,39,13,87,-0.1723492972248142,3.318687226187398,0.34600343563293107,4.942954947811199,0.19001311063766474,0.9025376921578021,0.13133048038798734,1.3640738129054955,65,12,0.05728269710175743,8.444838078080883,2.5082025545708175,10.197043992395399,0.09474641084671015,0.4584857123076456,0.7588356733322144,12.469292267716554,1.063374638557434,12.454109099333456,0.044375500932801515,1.78996808908706,0.0157181918621063,1.1177440673028867,-0.3045389652252197,0.015183168383098338,73,36,18,87,1.3913772294194082,3.111864460400271,0.18451364076468116,2.2892907893343084,0.16668147593736643,0.6245486071063671,0.13760061316192146,1.4350717503312784,88,10,0.05673583954410332,8.885154413911524,0.28177482920634445,8.53017592367568,0.08156004548072815,0.3228116098476216,0.5008364915847778,12.239751527457303,0.9559876620769501,12.227511877848972,-0.01396768316626549,1.6177362064251597,0.0009330809116363001,0.863079198109002,-0.4551511704921722,0.012239649608330395,78,36,14,82,-0.21049204589193346,3.059319997795025,0.18837885964002668,2.50361418360191
LegMomentum,0.3541038668025659,4.005601781650844,0.8205470662191509,6.363340887451799,0.29341880977153767,1.343199712530295,0.2520447705686092,3.018666008417773,88,11,0.2058153226426993,32.20718259717467,0.5663051650382225,9.031824085269326,0.14555308222770685,0.30589990849054627,0.9668191075325012,25.77221496967687,1.8787694573402405,25.675575620208466,-0.04139870852231979,2.841695355376194,-0.0231309533119201,0.8854557323900631,-0.9119503498077391,0.09663934946840433,88,35,14,72,0.05094849382773632,2.997004474743821,0.35737790520529783,4.912428127149348,0.16048377379775045,0.8543263634383271,0.11807502058858517,1.2090750194366575,66,11,0.05288205800372655,7.133698096045126,2.7453234294692015,16.420508830527652,0.08027131110429764,0.4334582219192873,0.7588356733322144,13.085483494680245,1.063374638557434,12.859978454121897,0.06772721426095814,1.7015335524339341,0.04738518595695495,1.1428175009833321,-0.3045389652252197,0.225505040558348,56,37,16,104,1.3331205476620243,3.70607162010507,0.169243409097066,2.0587573110948956,0.15734755992889393,0.8710574738893136,0.1372349813021719,1.485580031571141,84,10,0.06050795871857671,9.513674173449383,0.8246288923083638,11.26304286804208,0.07910925149917605,0.47510356322625846,0.5150989294052124,14.234856619364026,1.0934410095214844,14.127501158767242,-0.017244017496705056,1.8201119796416716,-0.0049817264080047,1.036365538522599,-0.578342080116272,0.10735546059678325,83,31,16,77,-0.19695249337582504,3.218497288750962,0.19430927318315203,2.4901539219522677
LegMomentum,0.276477858296694,3.7073686302610587,0.6495990369003264,5.8848402085904725,0.18475788831710807,1.0638790709238184,0.1843862065672874,2.4019134247421814,92,10,0.13349224400575452,20.80064533021453,2.6270319194698555,5.627861291278219,0.09570252895355214,0.5550620065547084,0.9668191075325012,17.085908656000736,1.8787694573402405,16.815734220460786,-0.03355822563171387,2.6644938886429426,-0.0098536610603332,1.3754233829922038,-0.9119503498077391,0.27017443553995013,85,35,20,75,-0.07604035775833326,2.5335244225879197,0.2877918500007259,3.701502079912821,0.1549680531024932,0.8225847118596377,0.10203455387505525,0.8772340021957717,79,14,0.03357566181268071,4.627081224070352,1.5299771966980051,14.148229533000539,0.07805329561233515,0.4235321324932381,0.5600341558456421,9.851110457254597,0.8624869883060455,9.790748597098512,0.04773724787519314,1.4345137212828325,0.04047590494155875,1.120136251921985,-0.3024528324604034,0.060361860156084544,57,38,16,103,0.5151435256561968,3.543327752325573,0.13719909344999218,1.6028885199918406,0.14772944152355189,1.1577315792228873,0.11579173514619465,1.3497845063059812,85,13,0.044413779810926715,6.9587979056967955,1.862895405972691,6.723154168017684,0.07420435547828666,0.47042493053120354,0.5150989294052124,10.543217645704628,1.0934410095214844,10.369895729088736,-0.013773991167545319,1.7858325986646983,-0.0049817264080047,1.050819689283037,-0.578342080116272,0.17332191661589239,84,36,17,76,-0.5906054519853615,2.4353928166959475,0.1665601356615473,1.9415457334925916
LegMomentum,0.2878891367957756,3.7258256407599997,0.6868354603368787,5.989544199446637,0.1947284191846847,1.12336977803549,0.1775797092821449,2.24717114891882,89,8,0.11412172200503015,17.819954536201518,2.0457025589490447,4.3835445060005425,0.09637048840522766,0.41221577817470384,0.8078783750534058,14.244775215234876,1.5089033246040344,14.048165567672369,0.020852286368608468,2.372148478903648,0.052970916032791096,1.084987629380418,-0.7010249495506287,0.1966096475625075,63,42,17,97,-0.35321082450282004,2.3981309520811367,0.2670900885047112,3.491828479498474,0.2148458138108253,1.4858519423732781,0.13258401535553271,1.3247183981361101,78,14,0.053256276539827174,7.857348063087169,2.03794075980774,10.151736862958028,0.10253441333770749,0.5874114270382416,0.6648547053337097,12.0751361555978,0.9734760224819183,12.0375432579847,0.03691125194891355,1.894450045540555,0.0341120660305023,1.2806664345470804,-0.3086213171482086,0.03759289761310043,66,39,14,94,0.8815910942205967,2.9294984031441147,0.17923031054573418,2.066012363960719,0.12849605828523625,1.2623673164950953,0.11222303928108883,1.3702015678754014,81,13,0.04282230345444162,6.726659351104812,1.2701816559788535,3.640312804786463,0.06450757384300224,0.5321714114481567,0.5235812067985535,8.789749021873089,0.9331848621368408,8.672308173523875,0.011613466404378405,1.7229456750024346,0.012544274330139101,0.9804106486649373,-0.4096036553382873,0.11744084834921345,71,39,16,89,-0.18935994507500903,2.047324347012839,0.1636965041357467,1.9385864830064246
LegMomentum,0.35055745905724744,4.248012100106462,0.8382868388108908,6.819479385778715,0.2833192050457,2.024226013089042,0.23727232750505206,2.784839932337206,88,10,0.16998567816824756,26.6835118309241,0.6869164295838286,5.915425116905785,0.1388360261917114,0.9242014223988978,0.9370428323745728,20.95335624575009,1.6380677819252014,20.924027946077715,0.020392010733485216,2.93437495391867,0.06000098586082456,1.4956427709217763,-0.7010249495506287,0.029328299672373714,67,42,16,93,0.15654054808668355,2.4823552122972736,0.32632925419242803,4.251229876252153,0.2378508914262056,1.314945248273001,0.15839404949234445,1.4477398328098812,71,13,0.06972404266792878,10.270797318265513,0.8528584974278104,11.331391288882429,0.1203585043549537,0.5190652254920826,0.6648547053337097,14.189394850195328,1.0513159930706024,13.948634689756467,0.04231539472239092,2.0649929455490423,0.0051897987723350004,1.3424623152252684,-0.3864612877368927,0.24076016043886098,76,37,15,84,0.8748170968736797,3.215435614763895,0.2050603446374663,2.450836888309421,0.14994643628597248,1.589543055050505,0.12647924198419783,1.4373327512953122,89,15,0.049505933250974715,7.772935544204296,0.5024653112293613,5.798299966043325,0.07798501849174491,0.5075382742769419,0.5235812067985535,10.609481850493461,0.9331848621368408,10.547525714600477,0.00446317521855234,1.8201114863110026,0.0164214968681335,0.9957702305697717,-0.4096036553382873,0.06195613589298365,68,39,16,92,-0.06476030825465781,2.39133122539012,0.17639660388016415,2.1119019204506277
LegMomentum,0.3113689175900374,4.0289282472567605,0.7451761971414088,6.232160378657567,0.1940224915742873,2.375362824613042,0.2174000445753336,3.1020514204476712,80,13,0.196334130569528,30.099774332715295,2.4250615463883216,4.319631912153918,0.0962160527706146,0.5958556967137866,1.2599613666534424,18.791042197432063,2.1041393280029297,18.74571355245671,0.06397097222506999,3.144162766732705,0.06634497642517084,1.221654779324607,-0.8441779613494873,0.045328644975353244,55,37,18,105,0.47153350312688996,2.2873327703491415,0.3454888743984621,4.495999869773912,0.20874484628438944,1.1898795183427096,0.12805985974264328,1.275631837268696,85,13,0.050324498277374764,7.487494511201852,0.8304139695085944,9.586423360447585,0.09313687682151789,0.5903673888982455,0.5870215892791748,10.805258746464384,0.9935290813446045,10.637557695742657,0.04086415646597742,1.724526315765558,0.047201678156852694,1.1387341386746104,-0.4065074920654297,0.16770105072172634,60,47,17,100,0.6184881058005753,3.044766074810202,0.17311916756470871,2.124500764281793,0.13433397188782686,0.7512444073265705,0.10005260945996267,1.1745801281568964,87,11,0.031877129439496395,4.889748580376653,1.8284822999572325,5.79818228505253,0.06828717142343516,0.3832624187463076,0.4526822566986084,8.461440097153293,0.8845604360103607,8.390389315164052,0.018156358413398254,1.363471296159303,0.02872166037559505,0.6967157737794266,-0.4318781793117523,0.07105078198924136,61,40,17,99,-0.37180576776095137,2.4363795160553576,0.1404164607127448,1.740889027171555
LegMomentum,0.37187903084284796,4.176284489886882,0.8895673725008962,6.504850765333064,0.32435712218284596,1.8227880466397695,0.27971929152496167,3.3336998428060123,98,10,0.24450569820715945,38.83846204847303,0.6540735458906637,7.05617375046393,0.12277263402938834,0.4719096865204268,1.2599613666534424,23.356427074846483,2.1041393280029297,23.233345728627288,0.004854522272944436,3.192977651534879,0.0645714700222015,1.1497378262210183,-0.8441779613494873,0.12308134621919302,62,37,16,98,0.13819158099141854,2.8072753235488324,0.3921140829924147,5.351948782011264,0.2506296932697296,1.107731191584983,0.14964261207962407,1.3160879773351022,78,12,0.05747290705248053,8.853639285706823,0.12804767639299275,11.376061037235049,0.12153097987174985,0.505353053645129,0.5870215892791748,13.630375157003527,0.9935290813446045,13.518824848665432,0.026902919355779886,1.731395752914656,0.01717144250869745,1.0170846882012605,-0.4065074920654297,0.11155030833809598,74,41,18,86,0.5887706876565004,3.3309147272228685,0.18819713961410267,2.419898351686681,0.17449349164962757,0.9271376365448035,0.1256358766346238,1.3254607551945095,90,12,0.04417991886645834,6.932327851175468,0.4670205127826219,8.546134823016947,0.08601740747690201,0.4316746054773264,0.4592596888542175,11.414596022166993,0.8911378681659698,11.34002205173937,-0.002964727859944107,1.5804773608835296,0.01259219646453855,0.8383140726754208,-0.4318781793117523,0.07457397042762402,70,38,18,90,-0.20733784874628688,2.8417474587597655,0.16666513613461648,2.1058060601370916
LegMomentum,0.37834007044965057,4.075220844502219,0.8936616407334803,6.388664075772423,0.34597113728523254,1.468164700887182,0.2900231906026602,3.403293943165265,88,9,0.25170352707632937,39.94935716407633,0.56381840815494,7.0359366627340645,0.15584328770637507,0.6185338453493381,1.171196222305298,25.550221427734815,2.0785361528396606,25.29252382086713,-0.010755025595426567,3.1014025866478003,0.04306343197822565,1.1029718674099298,-0.9073399305343628,0.2576976068676848,74,38,17,86,0.16385902175701486,2.8113771544297554,0.39772818232556456,5.507327769400571,0.2588567957282065,0.9012360038517702,0.1509898866352159,1.4171407108087397,65,11,0.057239528777489036,8.906937048492347,0.03712084436842611,8.114222338059998,0.122624859213829,0.3617123182763044,0.5649570226669312,12.17692494085373,0.84441277384758,12.02787267463996,0.017136725690215834,1.7996012633554497,-0.018725313246250097,0.983773415522198,-0.2794557511806488,0.14905226621377113,87,35,19,73,0.7681198437776343,2.9305683516242182,0.18895552201956012,2.380834379250648,0.16479543596506113,0.7165433520482231,0.12086478437762702,1.313006630069361,82,10,0.04341276415749217,6.744373130212396,0.49388081749202817,6.116200439551502,0.08706961572170245,0.3438374058890997,0.4592596888542175,9.754847046984427,0.9048083126544952,9.637701181015439,-0.014780328981578345,1.4876602257691718,-0.00941775739192955,0.73352655386911,-0.4455486238002777,0.11714586596898867,85,39,17,75,-0.17360032429009506,2.6569035094539846,0.16457154426270124,2.128670989814258
LegMomentum,0.3867038523784568,4.560449775092987,0.9084816291183231,7.128634046568162,0.2949044406414032,1.571642632289699,0.2872748698899522,3.517079166379777,87,9,0.2729330812542394,43.254119446056414,0.8630016627496859,6.449569121217461,0.13722530007362368,0.4584173667082263,1.171196222305298,25.308418633768717,2.1325951218605046,25.160011969834848,-0.024026606604456914,3.3963152611908383,0.0207798779010772,1.2144869686738744,-0.9613988995552064,0.14840666393387045,77,37,18,83,0.0670329531840891,2.727975187274884,0.4136122791250194,5.631976748234906,0.2517720907926559,1.2061228542065556,0.15081072158936873,1.4318354982648824,67,13,0.06460940770064763,9.635086430923682,1.915399014203632,6.1153851005656445,0.12491191178560254,0.6128849283440836,0.7932732105255127,11.112158874302079,1.0693723857402802,11.010040269139258,0.032400804804638035,1.9542011308152896,-0.0003610253334045499,1.3257000056668566,-0.2760991752147674,0.10211860516282042,80,37,15,80,1.1849276629907768,2.6496809916460875,0.1989432905788257,2.4116766722021272,0.18131376057863227,1.0774908987853482,0.13379423243924973,1.4617665830116309,88,11,0.05692218446632241,8.884011592942933,1.4073095127078847,6.0211735904296795,0.0909116268157959,0.46325752801589776,0.6992330551147461,11.199768674302346,1.1882344186306,11.096725367916054,-0.009833108447492122,1.7781176545620352,0.00220677256584165,1.0472140446450586,-0.4890013635158539,0.10304330638629186,78,40,16,82,-0.11271020264187682,2.6300533356417284,0.1889518930348954,2.392134862309761
LegMomentum,0.3860686033993061,4.921103021874569,0.9077567526698112,7.747740733247366,0.2720412909984588,2.507767732236455,0.28288503356743605,3.458186028661315,95,12,0.2830971919746597,44.43903070058929,1.2269199535881885,6.367758224136178,0.1163450181484222,0.8207828572196907,1.3335063457489014,24.65263332739237,2.2949052453041077,24.38931157765408,-0.04729044996201993,3.8204972658786085,0.00397837162017815,1.7522061878448891,-0.9613988995552064,0.2633217497382873,79,40,19,81,0.2623119991559735,2.6590032461179307,0.4192828358390488,5.462859264341648,0.2174433097243309,1.1373733586382289,0.14117441773414613,1.4779534654644362,72,12,0.07019282358975999,9.499624969664753,1.9407547740253293,5.905796500853617,0.0979124158620834,0.5846738550789418,0.7932732105255127,11.15821373839785,1.0798250436782837,11.104661085217687,0.0726342462003231,2.1797857232622864,0.05990815162658685,1.4854470659496228,-0.286551833152771,0.05355265318016185,54,37,17,106,1.082570694359432,2.367592442444516,0.19707236106149068,2.1790271155556242,0.19485379010438908,0.9511026179936948,0.13799164004623884,1.4981332807912486,96,9,0.05847182123636117,9.218270221599393,1.238419425345655,5.861065663505713,0.08675020933151245,0.47887628794349835,0.6992330551147461,10.952432364838936,1.1882344186306,10.855869375530693,0.0008014562539756206,1.7474577441064727,0.0235793143510818,0.9636871787645775,-0.4890013635158539,0.09656298930824214,63,39,18,97,-0.275025906551967,2.6470763349847948,0.19176570070109597,2.482873668586807
LegMomentum,0.3664182493528018,4.596016314191224,0.8505859055370091,7.1861017724425995,0.30171625316143025,1.9726357928404294,0.2668568128347396,3.3192467618798385,104,12,0.23641010412550287,36.30183810265739,1.6472802236298305,6.952770981602358,0.1384516060352325,0.5331077637337459,1.3335063457489014,24.822863759125752,2.1842973828315735,24.48774361116382,-0.06977573335170746,3.2939325520605807,-0.0062327682971954,1.067113138993599,-0.8507910370826721,0.3351201479619349,81,40,20,79,0.16731739260924786,2.6560476138375573,0.379191675350694,5.044982303748256,0.21780622005462646,1.3621589645785588,0.1429423123132437,1.493786162660835,80,13,0.06459025684558696,9.346451998374103,0.9569760373966583,4.985195728510018,0.12060628086328505,0.6910691732661273,0.6726091504096985,11.077320898410237,1.0559105575084686,10.90872456699939,0.05750730712898076,2.0590389596197602,0.0573310106992721,1.3815106372701875,-0.3833014070987701,0.16859633141084543,60,34,16,100,0.6964873361159153,2.3134180017453594,0.1931189099073123,2.2598253386361695,0.15888738632202143,0.895963617090169,0.12197273062076416,1.1936556115218913,92,9,0.045474748571437636,7.119878588417192,1.6390402950585754,5.782552425412213,0.08177126944065094,0.45817609020121214,0.6231632232666016,9.160754297577734,1.0823512971401215,8.914097239216778,-0.00011386321857572469,1.8331302607622595,0.01257041096687315,1.2377648538837698,-0.4591880738735199,0.24665705836095514,68,35,16,92,-0.08614481109596597,2.5357416431056143,0.16911669862338827,1.9389461146444693
LegMomentum,0.3303158001488525,4.612207190250517,0.7628379005193708,7.282871111234844,0.22612956166267395,3.0302185444922367,0.22712147138081487,2.6487168270927812,95,15,0.17762716026416178,27.7192885277861,1.2656866116394099,6.730730817330803,0.11428570747375486,1.1546629685453318,0.966637134552002,20.87143268229042,1.817428171634674,20.674309752278425,-0.020639771968126303,3.4519827960458325,0.0323507189750671,2.049319336283149,-0.8507910370826721,0.19712293001199152,72,38,20,88,-0.3283781351602315,2.502014512091658,0.3335963364627049,3.9753117240777103,0.21902398765087117,1.67047860843951,0.13840803839499127,1.336997835414608,79,17,0.05119694657383365,7.860590702303857,0.7115639513023204,7.687255313800712,0.11815997958183284,0.7226769288205113,0.6726091504096985,11.044710014830537,1.0559105575084686,11.006593841146387,0.024245724268257614,2.0008230546021553,0.022881016135215752,1.428316539217894,-0.3833014070987701,0.03811617368414947,72,33,16,88,0.5704690548426181,2.506009444222624,0.17778578435959347,1.9640004598971854,0.14951246231794346,1.4027435220471705,0.11307546250522131,1.2331525761755873,88,15,0.03950163375380644,6.182930025075985,2.107703303616984,2.4954681413793,0.0767978727817535,0.6728709279520866,0.6231632232666016,7.2590659295125874,1.01207435131073,7.129162381261387,-0.0008036714047193565,1.8300652605868561,0.01345680654048915,1.300746387946993,-0.3889111280441284,0.12990354825120085,72,36,16,88,0.16583607350959276,1.7627025642940166,0.15761708303290292,1.6833868144514936
LegMomentum,0.31793423106852625,4.099750442931737,0.739118514060974,6.415802870669834,0.17371749877929676,2.6643784284524763,0.21242833696305752,3.124599428871209,75,13,0.18241411621999937,28.461738397121863,1.8653297130106221,2.4654803326168206,0.09735745191574095,0.6581916470250561,1.1226508617401123,15.956144849197266,1.8657770156860352,15.729974225510999,0.04233496785163878,3.1543496291184367,0.031722009181976304,1.1988865186483908,-0.7431261539459229,0.22617062368626653,61,40,19,99,0.33875271715561955,1.9318365297870834,0.33603919078793343,4.302536091005193,0.21115887165069575,1.4415937171755706,0.1333551636850461,1.2627307705512152,81,16,0.050919394034662106,7.0579330902780075,-0.21414446017527045,6.887700091683177,0.110306292772293,0.5730711717634402,0.4969166219234466,10.008173455701773,0.7882267236709595,9.845084461320521,0.05777395553886888,1.8298076451460354,0.0587103962898254,1.1675056750444706,-0.2913101017475128,0.1630889943812512,57,36,17,103,0.2257220394898006,2.5670605258668546,0.16931022870074472,1.9260677745196633,0.130258411169052,0.9094215475990239,0.10097901066299524,1.1375328728844263,86,12,0.03258748374117381,4.970260979486736,1.0503658055185747,3.8560615925124484,0.0651548653841018,0.4368709244437986,0.3762680292129516,7.458028880418872,0.7651791572570801,7.403226698941414,0.021835440210998053,1.431645596405362,0.03264775872230525,0.8095861589811163,-0.3889111280441284,0.05480218147745792,59,37,18,101,-0.5799628453537158,2.2002320055256357,0.1414761028833836,1.7089914762162717
LegMomentum,0.3597548846405252,4.533660191092388,0.8459154574573038,7.0617560418579775,0.23490272462368,2.215514164437472,0.24973369617946445,3.2300872962917766,90,12,0.22488276485348688,35.565905085340454,1.4269121303169943,3.7592664235813347,0.12038990855216974,0.7342383656393735,1.280941605567932,19.67452482000254,2.073946714401245,19.57222614174802,0.01665004156529902,3.5185025828215077,0.036244720220565754,1.6835561902431,-0.793005108833313,0.10229867825452145,59,40,19,101,0.3381635666421071,2.242958952428885,0.37570830937729843,4.815188953719139,0.24024954438209528,1.1789732839904037,0.14845410166308284,1.2733249957910813,80,14,0.06198061256318086,8.817901835234181,0.29712355885933395,8.292157118146106,0.1190595924854278,0.6060804409379322,0.6558008193969727,10.977774774590735,0.9503809809684753,10.841161070555106,0.05914267944172023,1.9532678147421956,0.0588488578796386,1.4838647789234183,-0.2945801615715027,0.13661370403562817,65,42,17,95,0.5166300520634098,2.9096006815957076,0.18831267006259858,2.2366597146473643,0.14455154538154594,0.8514734844983176,0.11690623549511654,1.2785435189152425,85,10,0.042013980753952754,6.417020898339006,0.42187393240947557,3.780351480254115,0.0755625516176224,0.43853284563981054,0.4317113757133484,7.928762629078871,0.807572603225708,7.855185884335874,0.02442847583442926,1.5899856442942752,0.035386800765991155,0.9728171723934191,-0.3758612275123596,0.07357674474299616,59,35,18,101,-0.3509876324001167,2.2340829913309674,0.16069655779659733,1.972046284770498
LegMomentum,0.382363923806587,4.68696629771008,0.8963523308932779,7.48416160219504,0.33322170376777643,2.4728493829645446,0.2828916555969044,3.141888619222247,95,13,0.2496880033898167,39.39852668786281,1.0930317283338757,8.25942549950264,0.14992451667785645,0.619803681502513,1.280941605567932,23.51119745253005,2.073946714401245,23.12300340248999,-0.022101578488945974,3.5182062477567637,0.033045083284377996,1.5344768913201876,-0.793005108833313,0.388194050040061,71,36,17,89,0.40026396692424676,2.9944804448293616,0.39565758952389185,5.198148851861408,0.24075184762477866,1.3311804615393004,0.14221156877931201,1.2758813754180476,73,14,0.0585506357297841,8.699944440909709,1.0635081727728615,8.922165224826736,0.1205977723002433,0.6307609151631361,0.6558008193969727,10.899434381228549,0.9503809809684753,10.81244477535821,0.039419283345341685,2.0850141217995484,0.02644088119268415,1.5325013921855006,-0.2945801615715027,0.08698960587033791,71,41,18,89,0.9128426724093766,2.88267781211751,0.18777818422837458,2.0863030826814613,0.16402947157621378,1.0129980694348053,0.13702852886170147,1.312797197813488,88,10,0.0568636970911868,8.937052258233056,1.0737725941609444,9.290472730601241,0.08205056190490716,0.49179872566102784,0.718940794467926,11.592052453433531,1.1553903818130493,11.351535456264294,0.0004605714231729494,1.880941232638727,0.01427306234836575,1.2889779298969184,-0.4364495873451233,0.2405169971692369,72,36,16,88,0.1155180280517033,3.0850198112975336,0.18911139057108436,2.3235990053347337
LegMomentum,0.3836223814982122,4.860405300196483,0.8914042295515536,7.693476417820423,0.3046053051948546,1.8033484520651752,0.2699292621202767,3.0446215388964064,86,11,0.23081813481639046,36.280983858715906,0.8589825032119673,8.57792141037785,0.13752645254135135,0.6970660095440089,1.1613638401031494,24.28175117398466,1.9559869766235352,24.10271785126892,-0.03572482690215111,3.188675267695164,-0.0022255182266235,1.4028145780689232,-0.7946231365203857,0.17903332271573866,81,34,18,79,0.20681525592549896,3.0445366850260096,0.3793209039575531,5.110120732028264,0.234693394973874,1.4517333694007282,0.14942018167814236,1.2343485918479862,66,16,0.0696362486591576,10.12725332162796,2.6651970858394725,7.866516915526628,0.1191663369536399,0.7216373713650436,0.9639410972595216,10.495562115161235,1.2637275755405426,10.236211752963287,0.046105358842760326,2.499178315263423,0.02599644660949705,2.075986044149084,-0.2997864782810211,0.25935036219794727,71,39,17,89,1.3165583673355092,2.599612001044604,0.20410122361763944,1.9701170194039326,0.19125030934810636,1.0561315131290407,0.13996137996437025,1.239400842603282,85,12,0.05916689320148409,9.297543248322116,1.2855263001734905,9.09012688830667,0.08766545355319974,0.5545192617245569,0.718940794467926,11.382380147072212,1.1553903818130493,11.270732640545269,0.0011670766398310585,2.005622834861837,0.0105762183666229,1.4593761802912733,-0.4364495873451233,0.11164750652694265,74,36,17,86,0.3731164826253529,3.1126921655281623,0.19290026408045363,2.2967412332700623
LegMomentum,0.3397204390107418,4.371837701790719,0.802943494170904,6.921632589165199,0.290464162826538,1.3052805936887477,0.23194684339687224,2.6050710671203445,95,11,0.16615743252243903,25.008499436573892,0.8752834310637962,6.531136979668252,0.1378671824932098,0.4731912400743338,0.8918352723121643,19.630111902909665,1.68645840883255,19.43917700532506,-0.07339146286249161,2.701513396088426,-0.0022255182266235,1.1303226138977225,-0.7946231365203857,0.19093489758460294,81,37,16,79,-0.25265277610900816,2.7275443154432333,0.31477189665486505,4.208363673368625,0.2303128503262996,1.480576058835891,0.14415684673003848,1.143394147451943,70,17,0.06177563470851279,9.129213342907912,3.51660275201984,16.089052952531098,0.11324764788150785,0.6174468589294543,0.9639410972595216,13.050054161325725,1.2637275755405426,12.87908882909751,0.04117395244538784,2.2901735126750737,0.013510227203369099,1.8307806383591,-0.2997864782810211,0.17096533222821478,75,37,15,85,1.406198971441339,3.598780312873239,0.19273464622882774,1.9708674802607673,0.21463982760906206,1.274577329248039,0.13310459092259402,1.2784195961555935,89,14,0.05029982487912969,7.9266665228753155,0.8904828559136901,8.574914599530732,0.0991904586553573,0.5696078451936137,0.5522983074188232,11.31844057446124,1.0038676857948303,11.238701347000502,-0.01077143549919129,1.9299456804017003,0.00744560360908505,1.2945718581614556,-0.4515693783760071,0.07973922746073822,75,34,18,85,0.06154408639466896,2.8316721979687975,0.17753409941356044,2.049872238353926
LegMomentum,0.27796917448928077,3.4339664104788126,0.6757102099061011,5.461761442824485,0.2763961702585219,1.095028054829533,0.18908679819200183,2.2007357077200034,93,9,0.10779092461113127,16.913120244708058,1.762314487511155,7.669110552128773,0.11770939826965324,0.50570407027247,0.7925000786781311,17.59485559467834,1.5106685161590576,17.37859566291572,-0.0166412178426981,2.2987338265798023,0.0341526567935943,0.9845571057446125,-0.7181684374809265,0.2162599317626196,69,41,18,91,-0.038602578975463916,2.7594931995173786,0.25983526034084825,3.4101236105522386,0.21193388476967798,1.0019340788568623,0.12642822224181144,1.2400724980896263,82,13,0.04465971837645376,6.680965833092107,1.689484307569951,11.115251955552882,0.1078411042690277,0.4394836212867922,0.6781430244445801,11.659847897222292,0.9907516837120056,11.589594849356564,0.03751350361853838,1.5911435484660246,0.04210631549358365,0.8760178043620286,-0.3126086592674255,0.07025304786572899,67,36,16,93,0.8468562582530943,3.1640054063740934,0.16331490908242044,2.036965400115341,0.15547076612710942,0.806202362127471,0.1055449919775128,1.1038216356600166,80,12,0.032947963583251035,5.172560933633743,1.8409891385640602,6.470499756878052,0.08142347633838654,0.32718235499065423,0.4456095993518829,8.623732633041483,0.89717897772789,8.364175782167775,0.004092781431972975,1.5718840677786576,0.0034226328134535997,0.9551292281160063,-0.4515693783760071,0.25955685087370695,77,35,16,83,-0.5541693616185175,2.50487188155886,0.14389278461351335,1.6436974816240861
LegMomentum,0.3132821356713449,3.9217173564672265,0.7544700084626673,6.227510496169874,0.2192656993865966,1.136979388910369,0.20299483981914818,2.789863975234225,91,12,0.15792797841425354,24.361515186804027,1.6985683346128262,3.821006304472559,0.09190034866333004,0.48319168721768574,0.9074315428733826,15.74421698136357,1.7542866468429565,15.587236746362409,0.048728758841753,2.811659638663969,0.06820434331893921,1.0407005439003008,-0.846855103969574,0.1569802350011601,54,44,18,106,-0.07946224105025103,2.24089087848193,0.3113460241239026,4.056610070380444,0.2259441912174224,1.3425954787258938,0.14452615650370712,1.3498025820404325,80,17,0.06257558515274464,9.14190454077737,1.1932209505686222,11.287336932195291,0.10677191615104675,0.6373225081613378,0.6895533204078674,13.105665792151386,1.0269378125667572,12.96322278158549,0.05206380328163505,1.9464084233771337,0.052529513835906955,1.2055922441809614,-0.3373844921588897,0.14244301056589653,65,37,17,95,0.8051625851958423,3.2327733107421532,0.19138449851678127,2.313741297160058,0.15328865498304362,1.1640861755556595,0.10118708889931435,1.1294279725723617,80,14,0.03191200074150738,4.7057124019298575,1.3235456379348962,2.5471039340379633,0.0728619992733001,0.39967422232466876,0.4456095993518829,6.73104926793522,0.8304659724235534,6.640916022996372,0.0348649987950921,1.4694424341287702,0.0358840674161911,0.8509597105467552,-0.3848563730716705,0.09013324493884851,64,36,16,96,-0.3989382314357047,1.9011569948939102,0.13728520493592788,1.595760425224154
LegMomentum,0.3642877652320927,4.271983805633852,0.8587636005133389,6.752172092182708,0.30004607141017914,2.0675220691411704,0.2664000829681754,3.040138362234416,98,11,0.2229943155932397,35.31829689512576,0.5367974438418579,7.280464024910934,0.14131936430931083,0.7281400344522365,1.052452802658081,21.87178170584035,1.899307906627655,21.530268314778414,0.007216341793537126,3.139222936692168,0.0565930604934692,1.3219464950305322,-0.846855103969574,0.34151339106193523,62,39,15,98,-0.02059349502791161,2.862013268776082,0.3744270210870798,5.046144691630587,0.2169304713606834,1.1318593269502002,0.15220576540101316,1.4910104005390767,72,11,0.06970013489186201,10.434887770731985,1.7215995041581813,8.044058137324491,0.1067653000354766,0.5488696269376243,0.7419041395187378,12.187339092456234,1.0935641825199127,12.066424223276387,0.043799811182543634,1.9950802264633574,0.0054248124361038,1.2711268011518728,-0.3516600430011749,0.12091486917984637,77,39,14,83,1.1733240169935175,2.9244635437730087,0.2047097306165345,2.540579197881243,0.12479376792907709,1.0526994300857957,0.11821012946194967,1.2404393541761602,93,13,0.04299493126193218,6.7573057800334935,0.36127437871183954,7.989128282511569,0.058425493538379544,0.47901446267045483,0.3512019217014313,10.419893465154459,0.7688168585300446,10.259814792512646,0.0014451459981500991,1.617868929027183,0.02455058693885795,0.9714853551652058,-0.4176149368286133,0.16007867264181289,65,39,17,95,-0.6985481563607004,2.843976588480093,0.16443459395702892,2.0346512989998873
LegMomentum,0.380321035362147,4.156942275270308,0.8956732222624122,6.63295012799052,0.38181217014789576,1.3581423882204908,0.2834157521603629,3.0930308826443333,85,9,0.2293902010033037,36.2362611403846,0.2528931297978416,9.138893356739686,0.19320625066757194,0.6231632671011333,1.052452802658081,25.630606475810065,1.754314363002777,25.52510309799782,-0.02596474699676037,3.030318940590058,-0.0104582905769348,1.3155263701171038,-0.701861560344696,0.10550337781224432,82,37,19,78,0.316477087267303,3.10596955513866,0.3789355598664231,5.201291018457412,0.20179346203804005,1.3127145755638736,0.1503494141089322,1.6556225329284433,73,10,0.07472534095512667,11.410146966988341,3.059575914016243,8.041596988427282,0.100050576031208,0.5430414073067455,0.8544020056724548,13.100125984503482,1.2060620486736298,13.031055205749855,0.03524220873368904,2.0481469878211063,-0.00221277773380275,1.0812494040578207,-0.3516600430011749,0.06907077875362655,81,37,18,79,1.5925347729986015,2.8390367286147784,0.21388605635341298,2.686120042601907,0.1941404342651366,0.7879717303609737,0.13131329557159913,1.2425423913459042,98,8,0.04900505070586864,7.545898927622171,0.14741067794895146,11.431054711018872,0.08110330998897555,0.32466144079749076,0.4499202668666839,12.322394704526095,0.8675352036952972,12.195416800625827,-0.021345586422830826,1.5544841995793541,0.0022585541009902,0.8676295146898114,-0.4176149368286133,0.12697790390026886,77,42,17,83,-0.3427838319298484,3.4054308963368016,0.17424777451868018,2.2648350493756286
LegMomentum,0.35036542785209895,4.191688080508685,0.8355843698792158,6.628704271352552,0.35561998188495625,1.4667137152693583,0.25174784298054875,2.7808050783052995,87,10,0.18936872450044143,28.81331794662032,0.6674537521805997,5.951204279145879,0.1539871394634246,0.757712909946453,1.0109411478042605,20.664143355374303,1.7085298895835879,20.580937674731036,-0.06436730399727822,3.1014900003962826,-0.031902819871902396,1.625142757480373,-0.6975887417793274,0.08320568064326841,90,36,17,70,0.3119407269264751,2.5892898689954498,0.33901418754957324,4.381104623729292,0.1933288015425204,1.4082317258602841,0.13152431587004682,1.4253308032083856,79,13,0.06149551079173541,8.905322446255493,3.4538196089462456,9.598740315919736,0.09152035228908054,0.5428676391238887,0.8544020056724548,12.930116926212651,1.1254349648952484,12.723518870355583,0.05555750691564752,1.9115882019519088,0.053944483399391105,1.068121557532267,-0.2710329592227936,0.2065980558570688,67,38,18,93,1.4643438014255348,2.924991269900964,0.18860109357653937,2.2915394372372826,0.2118834257125854,1.0063436031224908,0.13537051270250228,1.320631151931044,90,12,0.04826748675466125,7.498546217420635,0.12160493694650976,9.464564293733792,0.0894335657358169,0.4155286454229634,0.4499202668666839,11.895101166773014,0.8653605878353118,11.741446951841326,-0.01670025456696749,1.6156260690043605,0.008435606956481899,0.8668138790324373,-0.4154403209686279,0.15365421493168854,76,40,16,84,-0.15311669629523986,3.040856277496018,0.1734250769853015,2.210949710548423
LegMomentum,0.29782226720058896,3.794682899331542,0.7018840045481919,5.885723417581058,0.2829553633928298,2.3854102147210794,0.21696753296069798,2.699612931749103,93,13,0.15436689552404664,24.14614398854551,1.8261384564849132,3.8100188107745128,0.13051804900169375,0.6306747339896943,0.973531186580658,17.713801581019826,1.7459231615066528,17.528485141261093,-0.034835802763700484,2.97043042045845,0.0111624598503112,1.2864476306107808,-0.7723919749259949,0.1853164397587329,76,37,17,84,0.19377061016272767,2.152871999249922,0.3096206265346121,3.914420404831416,0.1796565912663936,0.9145570216779122,0.11063696023658846,0.9914176333768284,82,13,0.03481711399187838,4.996357940825537,1.0034623237049196,16.294305494486782,0.0923757180571555,0.4788888084661934,0.5273499488830566,11.029927491098537,0.7688071727752686,10.900477591005831,0.04218914224766194,1.3949646301690803,0.05464754253625865,1.017386599621735,-0.2414572238922119,0.12944990009270507,65,36,16,95,0.6208603439662868,3.665211327448946,0.141797171189392,1.74654848813389,0.15317486226558674,0.8903596601430499,0.11261448219418521,1.147501200691633,101,13,0.03552096748150861,5.553667871708574,0.7219582663302804,6.434815770229921,0.06507605314254755,0.3586013064244569,0.4245167970657348,8.860527847360007,0.8400355577468871,8.652894955443779,-0.009349429607391371,1.520328366953528,0.024462893605232197,0.8454435588828306,-0.4155187606811523,0.20763289191622888,65,39,18,95,-0.6346316901486168,2.605904344586613,0.14917194617789212,1.8006303141802855
LegMomentum,0.3061309362974846,3.9328567753363917,0.7190746739879248,6.157579237358987,0.21634513139724718,1.5061589998586609,0.2033302735164761,2.6599406476471317,89,11,0.16146518485843409,24.991056052348476,2.1448089111490534,3.684125332293946,0.10963585972785941,0.807819500450027,1.0350341796875,15.537371978666124,1.8074261546134949,15.304822186523404,0.0380536288022995,3.0540335157469225,0.04955595731735225,1.4875250477408817,-0.7723919749259949,0.2325497921427204,60,45,17,100,0.2222298197817168,2.212598250312237,0.3163751644022712,3.9577689847997655,0.22240963578224182,1.104735131491378,0.13231531251309203,1.2038345231556458,83,13,0.052067349028185,7.274825089437352,1.7956532797887474,13.400354455238354,0.1131721287965774,0.5108367030993639,0.7950360178947449,12.374680230336578,1.1873736679553986,12.298073584475123,0.05370554884430021,1.781722181151635,0.06234334409236905,1.272462213658216,-0.3923376500606537,0.07660664586145526,63,38,17,97,0.6366803350703296,3.3767494709417067,0.17275512801373544,2.024917568354231,0.1117747053503989,0.9419313085689622,0.09272326520178464,1.0432869555067454,98,13,0.02847847423861692,4.252874864152178,1.9295550803904442,4.220311641845609,0.05565594136714935,0.461450510665529,0.3447966277599334,6.960709635752806,0.7603153884410857,6.853572064946006,0.02084524389356373,1.3218235404604295,0.041155010461807195,0.8438065742771934,-0.4155187606811523,0.10713757080680038,51,40,15,109,-1.1228139241669997,2.2561782554898673,0.13218824848540306,1.5829268435517898
LegMomentum,0.36494328285169597,4.533139765087376,0.857447491865605,7.160635301809127,0.2394442558288573,2.235328142361464,0.24661625307053328,3.089646160757496,90,12,0.21148374288805763,33.10348202359264,1.1378376098046097,6.306500444438292,0.1337977647781371,0.8077922891038137,1.1483629941940308,22.46321336146299,1.8957130908966064,22.21347567694296,0.021371777355670918,3.2176625830912413,0.0496897995471954,1.4846717381514485,-0.7473500967025757,0.24973768452003076,62,46,16,98,0.22341575092725127,2.607529642088601,0.36407281936302116,4.7697095849713165,0.24234277382493014,1.2707167726365032,0.15822713012414166,1.503210155975658,73,13,0.07991057768076057,10.88507761152217,1.663587264318192,9.477080193817173,0.12182690948247905,0.6537759159156289,0.8082077503204346,13.333687201774428,1.2005454003810883,13.045000207357983,0.07727041993057356,2.1761121548274844,0.056550763547420446,1.4426926875872907,-0.3923376500606537,0.28868699441644363,64,41,16,96,0.9635500837779583,2.986771013549377,0.21035673384979353,2.4798414266106317,0.13128153234720222,1.3198157117029448,0.11867187615018335,1.2068069900381841,97,16,0.043559984927330604,6.64017142164034,1.1770982075889016,5.834722616745497,0.0633282512426376,0.6388884751320538,0.4108631610870361,9.06662213917206,0.9367937445640564,8.858017815538343,0.012597462907433497,1.7668605638904018,0.039578646421432453,1.2068339730606927,-0.5259305834770203,0.2086043236337168,58,42,18,102,-0.8443494663038885,2.4709569020055726,0.16503491380681423,1.8757332351401228
LegMomentum,0.38978814187947447,4.222478771710067,0.9113246283493934,6.6807312906616145,0.3735648840665816,1.4640396757323844,0.2834859976079315,3.1929233669305295,87,11,0.23461898459219085,37.027154571828746,0.5093883001157931,8.611233279769952,0.1806379854679108,0.47652481976502326,1.1483629941940308,23.84869572114403,1.8698235750198364,23.661986406431314,-0.021359760314226157,2.961167423458283,0.00814354419708245,0.9392902550396472,-0.7214605808258057,0.1867093147127154,79,36,17,81,0.4310725065254534,3.054799737720731,0.3835361795395406,5.315885821015926,0.2328492701053619,1.2069681328932609,0.15270612647320375,1.531692325387359,66,12,0.07069236265223594,10.37022430343536,1.9971319251078548,9.319122464166648,0.11933377385139465,0.6058829893513155,0.8082077503204346,13.413900545057077,1.094731479883194,13.242701580711483,0.05567552129505202,2.000329585787229,0.0132842222228646,1.262578794921498,-0.2865237295627594,0.17119896434559378,76,41,15,84,1.2701794202349344,2.989152487426376,0.20332571505143918,2.5236691248378134,0.193470537662506,1.061194977158928,0.14054533272981642,1.3736400639068613,97,12,0.05694681490771429,8.837578329875477,0.21448148261647493,8.798102213496112,0.07937245070934294,0.4995662319752945,0.4946211874485016,11.229202356108923,1.0205517709255219,11.134107319671616,-0.018167597055435185,1.7192342814161021,0.0072643160820006995,0.9906106494887842,-0.5259305834770203,0.09509503643730764,75,42,16,85,-0.27817560115252893,3.088113471962175,0.18837056409751998,2.425244691877324
LegMomentum,0.37820673236692215,4.1635652033758,0.8880596906691789,6.634414973563137,0.3656473606824874,1.5440281708001815,0.2725959876878187,3.218261821324485,81,10,0.2238420751808319,35.26262493226567,0.30980710722809546,7.423915880642808,0.17926836013793934,0.5034043225847176,0.9851486682891846,23.06490909567666,1.7389568090438843,22.99422926457377,-0.034037398919463155,2.9734382230675824,-0.02723264694213865,0.9963835917543487,-0.7538081407546997,0.07067983110289135,93,36,18,67,0.39415071595279577,2.851220293799864,0.373651372793218,5.140164400665252,0.18694718368351454,0.9321863326065246,0.13537230084824842,1.4159887744318747,67,11,0.06148256598326288,8.566184619683307,1.7468060881440817,7.214348929498609,0.09047304093837735,0.42756319580198754,0.6726295948028564,11.483158971017604,0.9771276712417603,11.329422501986686,0.06651878575794398,1.9144195226542078,0.02478937804698935,1.2339451528488583,-0.3044980764389038,0.15373646903091792,63,40,19,97,1.1955523387507097,2.690078698744946,0.18497487133319657,2.213861448005214,0.21930059045553196,0.866114026653077,0.14840429313946513,1.5091458674041351,98,11,0.058199690240512185,9.094898040719093,-0.19028288134518379,10.059822181940538,0.10653343796730044,0.3670596415277338,0.4946211874485016,13.370297881965797,0.9330178797245026,13.348763854692962,-0.019342819042503838,1.7465572278413464,0.01189820468425745,0.8828698397173893,-0.438396692276001,0.021534027272834665,74,39,15,86,-0.3309439839473354,3.1205949296643363,0.19033412990872065,2.4585434489945963
LegMomentum,0.3225887300560658,3.802789439190262,0.7614639239758252,6.039288826179847,0.2589913606643676,1.8803372711856965,0.23478894283995028,2.8207657651296394,92,11,0.17747404621681415,27.13408894290106,0.9570621355094158,5.38374953992628,0.11808326840400694,0.5412570781669036,0.9851486682891846,19.869553249522447,1.7389568090438843,19.650906766311785,-0.0617108304053545,2.8431866097321863,-0.0130287408828735,1.0823561654419853,-0.7538081407546997,0.21864648321066288,85,41,20,75,0.03368320735276125,2.503905221112281,0.3283088778753385,4.364673967794233,0.15956246852874748,1.0225672192530657,0.1146428593015298,1.3299600306469503,72,13,0.04507718219965293,6.748393274141144,3.1932001315150433,10.058949204506497,0.08233855664730069,0.3869866998225501,0.6726295948028564,11.712052470796234,0.9771276712417603,11.512848779858743,0.038789025554433455,1.5795854616834724,0.02296818792819975,0.8364701115038273,-0.3044980764389038,0.19920369093749143,60,40,14,100,1.2486613498052042,2.970762716789297,0.1638181239428242,2.062353762907653,0.18617664277553547,0.9850582442356566,0.13312355987727637,1.3686023009652724,96,11,0.04715235925010127,7.248562888309408,-0.05823705235464338,9.083921504181493,0.0833986550569534,0.35626521700179636,0.37004554271698,11.408683751785988,0.808442234992981,11.224429957500796,-0.029377260245382786,1.6165167547641883,0.015164062380790651,0.8570654635604117,-0.438396692276001,0.18425379428519298,75,39,18,85,-0.7062882581970542,2.9370542337731984,0.16966767699133523,2.153006379432273
LegMomentum,0.2816979192061605,3.2521292901491314,0.6711247111111878,5.133552245317517,0.24513186514377583,1.0253412312736205,0.19128962099552152,2.2448991526287387,96,10,0.11813050068596756,18.543853306987568,1.6769363113917102,7.742804448537335,0.10546416044235231,0.5324251705619498,0.8761653900146484,18.247501775039368,1.578332245349884,18.168653277237077,0.005411775037646294,2.3861967940818753,0.058679610490798895,1.19856113651579,-0.7021668553352356,0.078848497802289,62,43,18,98,-0.22772432623569974,2.816353443172052,0.27251869821195984,3.584678251517274,0.22818937897682184,1.1453800329890287,0.12954139655223113,1.1685292597338968,76,15,0.04338300645612481,6.614774109862184,0.19950658929360232,18.506242540313117,0.1163927763700485,0.44670266834465255,0.5483811497688293,13.38461509906751,0.8332967460155487,13.272235659825917,0.0278103010263294,1.4869509924462179,0.02027605473995205,0.9008924372438052,-0.2849155962467193,0.11237943924159242,69,39,13,91,0.5827664897366973,3.997462336471269,0.16280857669649984,2.098511581079645,0.1300728023052215,0.5916865255262258,0.09617401482770216,1.0394838170108447,93,8,0.027062923611254237,4.253688718179125,1.247467935002696,5.160287112387069,0.0617774277925491,0.30433062118002524,0.3266544044017792,7.578687605057092,0.7211190164089203,7.467818194466302,-0.0006995046511292513,1.2604044587894243,0.02274848520755765,0.718949430708393,-0.3944646120071411,0.11086941059079022,67,40,15,93,-0.7768667334913274,2.460420943979451,0.13046154333590748,1.6325040025809627
LegMomentum,0.3393210631160578,3.848321412164505,0.8019499364495275,6.129436815208957,0.20847918093204493,1.288236946197721,0.2151434325845912,2.87248172062783,101,10,0.1763937831919777,26.8696961947462,1.4404004236217487,3.548767942127574,0.0949577391147613,0.6124869312353918,0.928485870361328,16.63278000668328,1.7318256497383118,16.38878870421652,0.0596178751438856,2.9642371996000993,0.08897697925567624,1.407830855202378,-0.8033397793769836,0.24399130246676087,48,42,16,112,-0.2162979793354293,2.215289500421256,0.3276626942694477,4.252410377568606,0.2940442487597465,1.106590354388618,0.16340963847935197,1.5376283244561566,78,12,0.06552449677971887,9.532841145208138,-0.5183243034988485,9.502401747886411,0.14839918911457067,0.4578057092248187,0.5483811497688293,13.71895090100229,0.8825079798698425,13.488058927634121,0.05518119335174561,1.8133215501559257,0.036076098680496146,0.9923628877246399,-0.3341268301010132,0.23089197336816888,72,39,14,88,0.45735042009209675,2.9982202726212743,0.19531067691200465,2.4989409958917097,0.12175935506820665,0.9072060426431265,0.09625373283401129,1.1153388910145439,91,13,0.030552650750949997,4.686544013967647,2.179009815160371,4.51376238350333,0.0630139857530594,0.4141398737520666,0.3266544044017792,7.599605211913885,0.809701532125473,7.499469111405712,0.0217963859438896,1.3518780654529328,0.03051079809665675,0.694892845608191,-0.4830471277236938,0.10013610050817297,55,40,15,105,-0.9716707778473719,2.295910704040478,0.13688474435399706,1.6908488135001554
LegMomentum,0.37828250522662205,4.129738612637468,0.8898022269271313,6.493315159283232,0.3180319219827651,1.2423312257937151,0.27611844165250654,3.062291819859228,97,10,0.22591633564943173,35.82707086092592,0.3083173053448438,8.097572601551557,0.1339032351970672,0.5630278499179896,0.928485870361328,22.790182638991485,1.7795317769050598,22.645539631765203,0.0014871254563331466,3.049239106436927,0.0760746300220489,1.3214508524995114,-0.8510459065437317,0.1446430072262837,63,35,13,97,-0.28038415076359097,3.0051843370382194,0.3769396771902285,5.1506515833146445,0.2761709541082381,0.9535644698468,0.16210429528116943,1.4129954899634396,71,9,0.06504666254990717,9.880297289038692,-0.2020221333373411,12.788784488545033,0.1312569677829743,0.4992297282038511,0.5596510171890259,14.357621317647014,0.8937778472900391,14.248158215540826,0.03731909699272365,1.876727637220039,-0.0039583593606948,1.199046964115415,-0.3341268301010132,0.1094631021061876,81,40,14,79,0.7107063176947351,3.4790098009427894,0.19876714126366046,2.521545293016404,0.1532811000943183,1.0078765224116093,0.12194277763395803,1.264026418521721,94,12,0.044205753280406185,6.8803197807656025,0.7860657076987931,7.391847610531782,0.07869888842105854,0.4563654203981259,0.2869278192520141,10.183034934194438,0.78546404838562,10.071426010167496,-0.019132204714696864,1.5673484156262663,0.0094826072454452,0.8953268628286168,-0.4985362291336059,0.11160892402694297,75,40,16,85,-0.9571584675007961,2.8038327376392287,0.1656321742603095,2.1032685812324194
LegMomentum,0.3622400824655905,3.919882095054672,0.850384462084621,6.14123310264776,0.32519514858722676,1.3473964379065453,0.26394796074833715,2.8926856851454175,81,11,0.2068165205260856,32.67412917191342,0.16253257088002693,9.779953723515803,0.16287863254547116,0.6181955674462435,0.82797771692276,25.575063215091433,1.6790236234664917,25.361215691822537,-0.033505053445696834,2.838918350216121,-0.026487886905670152,1.1786236436509032,-0.8510459065437317,0.21384752326889456,88,28,15,72,0.040195027705025026,3.16401969854671,0.3590872239966771,4.9613175440319885,0.2359152175486087,1.0526218849745517,0.1440508807558217,1.303728763329079,77,11,0.05698819930578546,8.62397194590624,0.1451317077150418,12.778315927702367,0.120448000729084,0.4779999544551594,0.5596510171890259,13.557600726524148,0.9321240484714508,13.353529489756959,0.0377911584218964,1.7699094456322713,0.02761457115411755,1.0738494694419134,-0.3724730312824249,0.20407123676718952,71,37,14,89,0.6306771590184708,3.4752962712839945,0.18548444925917149,2.343372036226409,0.17160642892122258,1.0181892552932303,0.12127235241539891,1.2336956696839965,91,13,0.042210698285716254,6.43610569210302,0.36554700651219196,11.760213246587087,0.08594404160976404,0.43933463662285777,0.3130024075508117,11.726287285116618,0.8115386366844176,11.690844064412676,-0.03137087057111785,1.532405306799369,-0.0151116698980331,0.8193055485955182,-0.4985362291336059,0.035443220703941326,88,39,16,72,-0.6667966516806716,3.226599247131125,0.15986646914822328,2.02184066330563
LegMomentum,0.2950618086824753,3.2522340194002943,0.7024872958660124,5.095371159703356,0.2985485941171645,1.1868113817017671,0.21969437957275656,2.5123351964822613,93,11,0.15060589443161074,22.389682464383505,0.9117191539434764,8.579302265793302,0.12903562188148487,0.4210377059697423,0.82797771692276,20.575876289594042,1.5413304567337036,20.442706109490107,-0.07498528547585011,2.408860206345606,-0.02901765704154965,0.8971238204309704,-0.7133527398109436,0.1331701801039347,90,38,17,70,0.1815614298083,2.975544716251201,0.29843346294550693,4.07272328677853,0.19305511564016326,0.8738921650085729,0.11732955946936267,1.1856281596764722,85,9,0.037455222463696994,5.753899342963178,0.4880900535382713,11.89836224778184,0.1005964651703834,0.38953591094937084,0.4939465820789337,11.215381196173594,0.8664196133613586,11.077381573105148,0.02185701737180351,1.4436293795691366,0.03155930340290065,0.8015719117148807,-0.3724730312824249,0.1379996230684449,68,34,16,92,0.2647810705870021,3.2095930840590463,0.1519078993773929,1.9156809644113522,0.16149324923753733,0.8657369543158226,0.10139149846276266,0.9431259325842143,91,15,0.027935474385811412,4.152431900508486,0.010512437719653267,12.374846074580553,0.0808570533990859,0.3185344000327489,0.3130024075508117,9.48047916316809,0.667831301689148,9.336521393543473,-0.03142374549061059,1.242881573788614,-0.0154585093259811,0.6831649095489066,-0.3548288941383362,0.14395776962461718,92,40,17,68,-0.32210140611706306,3.3395426666217882,0.1287471109445842,1.6148304226900188
LegMomentum,0.24950205003124912,3.272252709329485,0.6064373052120207,5.131140183286164,0.1947928518056868,2.0196063726579343,0.1745007856469601,2.3201609487307375,94,13,0.11022299227555951,17.401514436845968,2.6916058736553943,4.862746794572447,0.0857031047344207,0.5375426326956156,0.9063568115234376,15.914152699133536,1.5141834616661072,15.855309514249148,0.006349779292941093,2.41002758111137,0.04323941469192499,0.9805625133319862,-0.6078266501426697,0.05884318488438892,66,44,15,94,0.4569275504751217,2.33081555187356,0.2632148616078237,3.404890819854353,0.1838424801826476,0.6954791682426154,0.11727044078521427,1.112431673465342,81,10,0.03739053777019163,5.765311584245719,0.2681882738637449,11.469236240350133,0.08987556397914885,0.3667657910437967,0.5023296475410461,10.837512281708698,0.7709870934486389,10.629159027638778,0.021928892284631726,1.530767317467464,0.02595490217208855,0.9839852825767857,-0.2686574459075928,0.2083532540699201,72,35,17,88,0.45365443969379693,3.2018866232315353,0.1517635028407833,1.8498818892078444,0.12880599498748777,0.7288065768677949,0.08428648617584254,0.8188314523026385,82,15,0.01992400806306622,3.0949994871618953,0.7719562969301141,6.651819857301863,0.06693711131811145,0.359019543513982,0.4169369637966156,6.751935911336696,0.686402827501297,6.58123671503909,0.004646144621074202,1.1903452847073297,0.00739034265279765,0.7399934071279566,-0.2694658637046814,0.17069919629760627,75,44,16,85,0.1742207620992993,2.587747358310823,0.11184408905336732,1.2954063417850483
LegMomentum,0.3167760334975707,3.7973409080646285,0.7496663604676722,5.976275662316789,0.18250814080238337,2.3098301286709764,0.2065429067471996,2.7744235648033357,85,14,0.16290374100442076,25.102578168420997,1.2979563299191081,5.140510864122227,0.0864412784576416,0.5737003951178534,0.9329997301101683,18.12649418966253,1.6154740452766418,17.918182230140157,0.05613792799413203,2.8353657326098443,0.065190702676773,1.0241023216843783,-0.6824743151664734,0.20831195952237155,52,39,17,108,0.18755109488639413,2.403276821657224,0.315093471076852,4.130772243874363,0.22307275980710975,0.839956328349077,0.14953544817399234,1.4837742022230773,68,12,0.06329241233246996,9.436098896229025,0.8057826582843228,13.137864009143247,0.12080850452184676,0.4287139337449062,0.7682654857635498,14.780069039977384,1.006431758403778,14.63133930497951,0.04754541674628854,1.8041953578964671,0.0234833806753158,1.0553830007685576,-0.2381662726402282,0.14872973499787373,71,36,17,89,0.9302205969638738,3.3945284196474748,0.19373116575001126,2.4861572771596454,0.11960955709218968,0.9140694818880408,0.09560162160545585,1.0171788378334894,88,13,0.029470173034992327,4.513784118075458,1.407662559892091,9.26420632832303,0.061026856303214895,0.39928206480117195,0.4169369637966156,8.710066876549579,0.8070920407772064,8.532822404606273,0.02175251431763171,1.3367145718104771,0.02743983268737785,0.811750857644345,-0.3901550769805908,0.17724447194330514,60,41,17,100,-0.6995825360878355,2.9830053240575336,0.1343821127200373,1.6513564943963466
LegMomentum,0.36461546301134984,3.6383150477493014,0.8493828511238096,5.784578103111741,0.36562056839466095,1.0841938428515876,0.2652971573174,2.7533043475326338,95,8,0.18641143390585482,29.455823848332134,-0.12270158174690149,9.872939627528636,0.16841188073158264,0.502718571822041,0.9329997301101683,24.29385724101257,1.6154740452766418,24.10527007373909,-0.027698552608490003,2.5788492580130957,0.032423049211502,1.0150855106879453,-0.6824743151664734,0.1885871672734823,68,34,14,92,-0.029559713458938812,3.2019323081636033,0.34127387902196066,4.7754958227159445,0.244996752589941,0.7914728648923676,0.1575931558315642,1.468091642583906,61,8,0.06861362528747537,10.31454373842798,0.8379090173664374,13.697200858502018,0.1143264025449752,0.42949830243557374,0.7682654857635498,15.774175379809146,1.0491970479488373,15.669449298542407,0.04614495914429427,1.6787351345600185,-0.000701621174812287,0.8804148497759958,-0.2809315621852875,0.10472608126673916,81,34,16,79,1.0966168401159064,3.6403939766089954,0.2025104293927196,2.7379539964034714,0.15758196264505375,0.7249982125164041,0.12296442059800028,1.1505744558507556,97,9,0.04275179607805911,6.595594932205501,0.08010126331828138,10.015317120867946,0.079375296831131,0.30576994205843355,0.2835167646408081,11.1993714299848,0.7722421288490295,10.987252748271873,-0.02284762114286423,1.526993710538627,0.0026883482933044,0.9267053348052945,-0.4887253642082214,0.21211868171292853,79,40,17,81,-0.7728169361246855,3.1959451362618454,0.16236571425080845,2.0649177078472105
LegMomentum,0.3563327497765204,3.6357368432377783,0.842527948617935,5.819290174532771,0.32188636064529413,0.9891315608027959,0.250605457406491,2.623492906770165,84,8,0.17942074764312796,27.747701861544037,0.020116922691396866,8.952591982735152,0.15563333034515375,0.43803209073427396,0.7449483275413513,23.081504481132225,1.5678293108940125,22.97032602364491,-0.05009637288749218,2.5670101038919113,-0.0269234478473663,0.9974202440465325,-0.8228809833526611,0.11117845748731756,85,34,15,75,-0.1257935194778371,3.107551265871128,0.3321412455480137,4.599800103054576,0.24638835340738285,0.9427700658632144,0.14879885269096121,1.2913783657978175,69,11,0.06063669197803357,8.575176989485152,0.09904652104784395,19.99310901382045,0.12457494437694551,0.422384270028885,0.5880545377731323,15.530680363135252,0.8689860999584198,15.402072562980745,0.059879777766764175,1.6620993498277372,0.0144427716732025,0.9628743406640765,-0.2809315621852875,0.12860780015450685,71,39,18,89,0.7243603218407078,4.204119710456664,0.18581750620149412,2.4109339976007984,0.20713164657354344,0.7094432666226723,0.1317452606046572,1.2125495303152247,91,12,0.0454133997653633,6.959642145915366,-0.017906526731170658,12.67397009683256,0.0989714115858078,0.3642828891794812,0.2998261451721191,12.3347795806392,0.7885515093803405,12.236769961069717,-0.02617747150361538,1.5901807208131222,0.00498242676258085,0.9604566742048943,-0.4887253642082214,0.0980096195694832,79,38,15,81,-0.7141918996803975,3.4101305288556034,0.1669500428845382,2.104986323250017
LegMomentum,0.29234918166866625,3.652345013254987,0.7001240761578083,5.741258265495595,0.2609034478664397,1.361146865986642,0.2085720625007525,2.4309651829915992,93,10,0.13958736416929757,21.56355141070446,1.0271052079083365,5.575384565132779,0.12659433484077448,0.7312979250637028,0.7449483275413513,16.355763013975672,1.5678293108940125,16.271004739935766,-0.03848440386354924,2.6900995946978528,-0.0031818151473999,1.5386295290895216,-0.8228809833526611,0.08475827403990793,81,38,19,79,-0.3895195567086796,2.52312879622217,0.29376934993046716,3.78509122496551,0.21897079050540924,0.670480368335266,0.12542367295129223,1.070933629204747,78,9,0.04276229304835246,6.322625360489568,0.5133617589594905,14.82544214700772,0.10966451466083524,0.31518274316606015,0.5161746740341187,11.864678425371558,0.8072513341903687,11.611713545899672,0.03406054032966495,1.6235358959648227,0.02849330008029935,1.0592264824550348,-0.29107666015625,0.2529648794718858,69,43,15,91,0.5024401873784102,3.65194221712168,0.16039671806950487,1.92009285062032,0.15391301363706583,0.7813986300803646,0.10652062636800105,1.1273247413691374,99,11,0.033163279272768714,5.154729153682082,1.218198999265482,8.212792258346843,0.07652859389781949,0.3763313153818564,0.2998261451721191,9.399955640783869,0.7616367638111115,9.325005497876898,-0.017207246273756034,1.4276227748329198,0.01022146642208095,0.7644206193123588,-0.4618106186389923,0.07495014290697186,75,39,17,85,-1.0366896892800759,2.80325148615923,0.14338569254398867,1.7653958101401608
LegMomentum,0.26520430492301034,3.2090571432121844,0.6358992712199686,5.046250717402634,0.20292156934738154,1.1584543638895934,0.17228232287336137,2.1542878209228737,93,11,0.10224770788046175,15.837794598033852,1.6691929448632434,4.998328028441832,0.09878316521644584,0.4272791138350846,0.7846458554267883,14.768800348110474,1.463239848613739,14.713211220390532,0.020709620043635357,2.18709092128335,0.04859611392021175,0.9072524687145427,-0.6785939931869507,0.05558912771994285,63,40,16,97,-0.2548872081242433,2.46598285701367,0.25273533338767246,3.324819980100246,0.22699787467718116,0.9727420932941755,0.1334497529082,1.1391855501637975,80,12,0.04405875265492595,6.527586674215865,-0.18045235024277995,15.778633755475244,0.11804802715778345,0.4327273986188763,0.4834922552108764,12.778464771430981,0.7745689153671265,12.568146192457272,0.029094629082828748,1.4945059150719429,0.028041690587997402,0.8754083556780237,-0.29107666015625,0.21031857897370854,73,42,16,87,0.3505257048615129,3.7319655230363935,0.16388436778837404,2.0722062503599497,0.09341145679354652,0.8808771470881027,0.08477866237983105,0.9877087963722606,93,14,0.025971192116575767,4.074659415713208,2.9533034292981526,3.5743411692817872,0.04577377438545225,0.41938920518461187,0.2715476751327514,6.229688739776122,0.7333582937717438,6.06889220672638,0.007382626831531512,1.3646538810473414,0.02050033211708065,0.8730539020321282,-0.4618106186389923,0.16079653304974176,60,41,17,100,-1.3960632701981135,2.1349650835937526,0.12759011374696505,1.48740687125468
LegMomentum,0.3289443484926723,3.717404609270708,0.7939493402838705,5.892071038945029,0.2674326002597808,1.2378256620830062,0.2188275542855262,2.595689409358611,94,11,0.1525593849041144,23.790620774076537,0.6933486975221714,6.058302888815998,0.12183102965354915,0.4554211159490227,0.7846458554267883,18.10295003106084,1.5520676970481873,17.878968658852102,0.02815628647804259,2.613718542180149,0.0611653625965118,1.031253474985054,-0.7674218416213989,0.2239813722087356,60,40,16,100,-0.27906732476302143,2.663236596108978,0.30846642637096805,4.1181423186116595,0.27204343676567067,0.7445621669160261,0.15774201919557523,1.2370533149126852,73,10,0.058623231123521455,8.660825472521932,-0.24804357179874303,15.79846346895635,0.12825328111648548,0.3777115249526231,0.5646868348121643,14.706049691184784,0.8608793616294861,14.612912382394882,0.035174778662621975,1.6749598791296376,-0.01289756596088405,1.0834798705840623,-0.2961925268173218,0.09313730878990288,83,39,18,77,0.6757905199742272,3.8521888051684883,0.18874562269434403,2.419779923015306,0.1516837775707244,1.4103790431253627,0.11518137104809281,1.3509909839631136,96,14,0.040062088406725864,6.340385269121141,1.3318596483443326,6.096648719512681,0.07309873402118675,0.43465213922546575,0.2852915227413177,9.920984080836332,0.7906759083271027,9.801496536664477,0.002242947742342938,1.603392617635243,0.0306787490844726,0.7669085062209717,-0.5053843855857849,0.1194875441718558,62,36,18,98,-1.0773289786520057,2.4150597948996175,0.15871742047390577,1.9415244996738887
LegMomentum,0.35402953225337386,3.673557951081905,0.8484249997138975,5.779654710734371,0.30970826745033253,1.495779275108244,0.25031509021762754,2.7649296885691172,91,9,0.1771109912401258,27.99637333445781,-0.08563983548345888,11.156515397715037,0.15667316317558283,0.4880993231227362,0.7191454172134399,25.526842994484735,1.4865672588348389,25.36303176537524,-0.02783635221421719,2.488896061619773,0.01229006052017205,0.8191816143095905,-0.7674218416213989,0.16381122910949503,76,38,13,84,-0.10297425857869831,3.255198959534937,0.3325820570546486,4.6692365252695645,0.24247404187917704,0.9197033747385591,0.145637089877855,1.3655478718430527,74,11,0.05512605158666453,8.326833871418728,0.22874309417420857,15.908215592889128,0.11705037951469416,0.349584798614465,0.5646868348121643,14.440261613581779,0.8608793616294861,14.332995755900543,0.03581151152029634,1.7031240580364375,-0.0006678700447082499,0.8973222358280509,-0.2961925268173218,0.10726585768123686,80,37,17,80,0.8312932318601255,3.7054090795980237,0.18270178577419205,2.329421025567561,0.20007440820336336,0.9004343407260758,0.13938863436225798,1.3930016921624153,87,12,0.05393627557305866,8.401191056715877,0.16504490816384232,17.03397290849538,0.09681388735771175,0.4395181119227091,0.3553329408168793,15.08847769565435,0.8607173264026642,15.015898481389772,-0.02550348751246929,1.5876345910781604,-0.0024995058774947496,0.7676925583800864,-0.5053843855857849,0.072579214264577,81,35,17,79,-0.6157011771875466,3.8227472894570313,0.1823942632824637,2.424996383899976
LegMomentum,0.294298968082717,3.363184960024158,0.7008643876016137,5.357519583605486,0.23162184655666343,0.9014583613305109,0.203475702740252,2.3261103657613096,101,9,0.1303242419300355,19.743114949622292,0.3565429207730224,7.929139165891831,0.11630710959434505,0.3727949628733467,0.6443357467651367,18.658048704309383,1.2678148746490479,18.57774870632719,-0.06092192232608795,2.3770748867672062,-0.029378384351730298,1.0764716123396134,-0.6234791278839111,0.08029999798219564,88,39,16,72,-0.17504249878062375,2.8753353931440584,0.27969645826530365,3.7540151747592816,0.17784973233938206,0.8199047053181938,0.11112235432490702,1.040092890781924,76,12,0.03472844294566604,5.113686098483768,1.0415386225361232,14.327949004472206,0.0889694541692733,0.389385214421259,0.5525510311126709,10.779124451352065,0.77769735455513,10.569755897372017,0.0381148274987936,1.421850279924534,0.028276145458221352,0.9269103886852168,-0.2251463234424591,0.2093685539800476,73,38,18,87,0.8723628475517948,3.504662513202927,0.14275822642091865,1.7584162988218381,0.15915292501449574,0.8360345744650308,0.1285968683194369,1.3595378207125919,100,10,0.048887485846484745,7.46327254712135,0.15957582318237806,12.516084655955062,0.0801521241664886,0.3321019028757064,0.3553329408168793,13.150582228351224,0.8136442601680756,13.084221933972248,-0.03520484622567892,1.558594416913745,-0.004072591662406901,0.7616976760316165,-0.4583113193511963,0.06636029437897593,82,38,16,78,-0.6979885024788668,3.321086299624061,0.17175468085690085,2.2436702054193822
LegMomentum,0.24893908036633752,2.9613363272397963,0.5946313183009623,4.708592191541543,0.19719977676868433,1.0030619860419514,0.16075416173785922,1.9201126079734294,84,10,0.08878285700011518,13.98619747474028,2.1511697700436576,7.006671857776547,0.09473556280136111,0.27356457474064283,0.7841277122497559,15.08591215142567,1.407606840133667,14.898125368923859,0.010526574403047561,2.0123879530300544,0.03576561808586115,0.7748047385022381,-0.6234791278839111,0.187786782501811,73,38,14,87,-0.17063515102996885,2.787869241009474,0.2360651799052162,3.1522202018957675,0.20607622340321533,0.8041188712346001,0.11506393944262523,1.0152058215061488,79,11,0.03616046017009618,5.12319880590687,0.3743682715701251,15.426324422525578,0.09400874376296994,0.4041993901127242,0.5216252207756042,11.097970520868694,0.7960947453975677,11.066716619981465,0.04361457480117679,1.3680837475123488,0.03854995965957635,0.8891727368652981,-0.2744695246219635,0.031253900887228535,69,43,17,91,0.6817650105582922,3.6727909725465175,0.14431989789012642,1.803204277307326,0.10834267735481255,0.8166010488779147,0.09205868228105824,1.1665893798670122,93,11,0.03002161726577719,4.752500568839189,2.0236185725021283,4.520422739607252,0.058329030871391345,0.30913128340540774,0.3562407493591308,7.6185828069312915,0.7680037021636962,7.521976854666126,-0.00110460948199034,1.3281204909991402,0.009740903973579351,0.6226521211551488,-0.4117629528045654,0.09660595226516556,68,37,15,92,-1.1163491258390996,2.321705894736084,0.1374055765129582,1.7287557751826577
LegMomentum,0.3184817562651413,3.6482282614307455,0.757451444491744,5.77162844839086,0.25025080144405365,1.052887614836993,0.2042701930180192,2.4326708636736636,88,11,0.13239233115652266,20.50545890334427,0.7702744667079116,5.2705618974936606,0.1239870190620421,0.5240305307034796,0.7841277122497559,15.877266745468555,1.411841332912445,15.84863374008985,0.043687749281525606,2.4694802461959897,0.06406360864639275,1.0860420681411673,-0.6277136206626892,0.028633005378704245,65,35,17,95,0.09692621903194279,2.536407368532886,0.2852104376534221,3.795672037596513,0.24948961846530426,0.7612020947087959,0.13935645353631113,1.2219349820430407,75,11,0.05393166397915767,7.348773667242978,-0.34048202381888526,15.485085296539815,0.1250225715339183,0.3929632129684185,0.5216252207756042,13.410322273646454,0.8556234836578369,13.312249580876754,0.06196690062060952,1.5773290123790988,0.0490905940532684,0.8956043215013649,-0.3339982628822326,0.09807269276970007,62,44,18,98,0.40240920129159974,3.749357407537683,0.17336446710555048,2.204723759102295,0.14889860898256294,0.9813275483731937,0.1168921576417051,1.3244038257816277,78,10,0.046313761361057054,7.248894962872455,1.6170736869189382,6.272548694994608,0.06977377831935874,0.5004192517258936,0.41036456823349,10.401567357174073,0.914723813533783,10.15651849457757,0.01593571370467543,1.7248191898157705,0.01324440538883205,1.0684651608112639,-0.504359245300293,0.24504886259650244,66,33,16,94,-0.8360985700202036,2.5495692016821456,0.16991941524548282,2.067339770167382
LegMomentum,0.3742937556460613,4.089492886932169,0.8874517517164348,6.477765025454058,0.3096029013395309,1.9601365439751568,0.26435637431219217,2.9542737694619183,82,12,0.2114004212948929,33.38034192708892,0.6565460699813377,9.260199100689809,0.16632181406021113,0.41990634238942776,1.009084939956665,24.28045814387141,1.8629756569862366,23.92482815077275,-0.024609429389238362,2.995600571188384,-0.0036951601505279003,1.1691208708289207,-0.8538907170295715,0.35562999309865934,82,32,17,78,0.2742032513376365,3.1159835801548286,0.3637950066138573,4.9403156928464345,0.21895091980695716,0.8336395888629311,0.14122821094089882,1.2197154194677757,69,10,0.05448552303336658,7.795885745265446,0.52878472901899,13.114808638944119,0.1036630272865295,0.4366731389472723,0.66616290807724,12.812616911278765,1.0001611709594727,12.60199992482396,0.047072288603521896,1.6688444406319456,0.00856187194585795,0.9410822878027083,-0.3339982628822326,0.21061698645480445,78,44,15,82,0.8213044184938414,3.5477989375274404,0.1789913080113907,2.2384914514550402,0.1821187585592269,0.7447901066091389,0.15582210506778207,1.5984274950864188,97,10,0.06971282734876132,10.880881018568566,0.22258822563980907,12.39218234680657,0.09085802733898166,0.38387961839664564,0.41036456823349,15.730269248856736,0.9985669851303101,15.510164695781596,-0.025268688425421727,1.8133200136337289,0.008302092552185,0.9350679070734871,-0.5882024168968201,0.2201045530751404,72,38,17,88,-0.7107319174296775,3.423605429173498,0.20785096372822517,2.7554947916343338
LegMomentum,0.34507666024708333,3.822206171998264,0.8269222397729753,6.030142594402622,0.26577442884445174,1.606464261662343,0.23773555031977586,3.0141512437845694,82,11,0.18916266834528397,29.238938338449948,1.2255417118746443,6.380761879958889,0.1407737433910369,0.5626839638842749,1.009084939956665,20.905454931311173,1.8629756569862366,20.805435929692948,-0.052087539061903956,2.760976839531782,-0.04334759712219235,0.9306981684547171,-0.8538907170295715,0.10001900161822437,89,33,16,71,0.23951822868789374,2.66824166725031,0.3409399600258339,4.649295132600107,0.23166698217391962,1.0368258063053482,0.13865896870323918,1.2138548470157506,74,14,0.053198623867135,7.388513611933218,0.6270666833268184,19.367925498051736,0.1173083186149597,0.5206971703377774,0.66616290807724,14.257514638291406,0.9451838731765747,14.179275493246086,0.05664554603863507,1.5722421152823003,0.028392568230628946,0.9543307275206391,-0.2790209650993347,0.07823914504532001,74,43,16,86,0.8620873493880312,4.100132554742151,0.17386591242344482,2.217333611089196,0.18785502761602388,0.9195056432162458,0.14247197660384697,1.4285888573230785,97,10,0.05738013859565415,8.825354636438133,0.5051683238866813,9.169924259677675,0.0815952569246292,0.37251318262124594,0.3718647360801697,11.962357206298462,0.9600671529769897,11.824932303351488,-0.03069231715053321,1.6969236395885394,0.01622393727302545,0.9098613992302607,-0.5882024168968201,0.13742490294697376,71,40,16,89,-0.7455084323509771,3.102006993866545,0.1874571804596363,2.4384020992944784
LegMomentum,0.2802106140957969,3.343588711113141,0.6732778449356553,5.298929426161549,0.23186974227428428,1.0710135247903003,0.19295277059078214,2.125975543548353,88,10,0.112822206302491,17.505064895149662,0.732454213388749,6.5832095570848335,0.11925384402275074,0.5247747093901646,0.723074734210968,16.18871569688289,1.3998180031776428,15.950520704378437,-0.029384119808673864,2.4357841467947963,0.00797164440155025,1.2406327241070163,-0.6767432689666748,0.23819499250445372,78,36,18,82,-0.34366810930964037,2.707547085799226,0.2647423381368,3.401767259142343,0.2208329774439334,0.889848197845613,0.12436992628267032,0.9916560244019547,77,13,0.03876739178766203,5.724788383930355,0.1616768653939924,22.063592048283557,0.1130527406930923,0.4333741407425097,0.533340573310852,12.858857566442953,0.7896324992179871,12.673017822874076,0.032164874114096166,1.399617512675317,0.02449086308479305,0.8923021999387046,-0.256291925907135,0.18583974356887792,72,43,15,88,0.5082255365010152,4.422908165310028,0.1527773592515835,1.9405821812391544,0.1390925869345664,1.0130325880318107,0.10562975606531833,1.1725873399472841,93,13,0.03505346409535711,5.440382286578282,1.3966851683342227,7.427747864958372,0.0656362324953079,0.3525756312515914,0.3718647360801697,9.526327484134251,0.8423716425895691,9.45228208089749,-0.018444099370390175,1.463527766691436,0.00253374874591825,0.814393201305589,-0.4705069065093994,0.07404540323676172,79,39,15,81,-0.7728304037998673,2.6821145743339976,0.14732236593579098,1.8161687043613155
LegMomentum,0.2689972077198098,3.2249283887609828,0.6328893569111822,5.065411635350442,0.19799247384071342,1.3055179799275547,0.1792377652553841,2.0520755115827356,91,11,0.10868648714402848,16.787927557614008,1.1480927554515157,4.98811326400336,0.10507678985595695,0.5453009120617884,0.752098560333252,13.737124283830939,1.3456643223762512,13.574805349999,0.036095116659998885,2.422507099184179,0.06618854403495784,1.2942761771821416,-0.5935657620429993,0.16231893383193818,58,41,16,102,-0.19039515097002652,2.5043795443922403,0.25893093616632346,3.3044495626376658,0.21223691105842585,0.6583439234874097,0.12603793671587477,1.1531754810219854,75,11,0.04296893618361065,6.302473675103129,1.150648254228015,18.940319975411178,0.10625483095645899,0.3684266215103368,0.5667524337768555,13.035398166701551,0.8230443596839905,12.920891239738333,0.03299568090587854,1.4923254574554112,0.0229694098234176,0.8634724176454459,-0.256291925907135,0.11450692696321815,70,45,16,90,0.853718019814913,4.004091245124995,0.1610246128499017,2.018771508649165,0.09754339605569827,0.7774783441110611,0.07964370354544367,0.9338398854793469,94,13,0.02205075607421247,3.460118028003531,3.267969200734396,5.350257685086195,0.04737943410873415,0.2813517756619921,0.2472775280475616,6.502392473400979,0.681763619184494,6.382931435885878,0.005342675559222685,1.1505790787108514,0.019861400127410847,0.6215511143220294,-0.4344860911369324,0.11946103751510109,60,40,17,100,-1.4521312553706585,2.4914048441774206,0.1176421537603989,1.4616038490769039
LegMomentum,0.32866853868367973,3.8358252161158517,0.7788329157233237,6.0140472275360555,0.2802690267562865,1.6620951397854482,0.22999210044741628,2.6135957586661664,89,11,0.16068371799301892,25.28645202705721,0.39629989583616076,6.3414502138556905,0.1237356960773468,0.6312487966999458,0.8606234788894653,19.504687667058963,1.507782220840454,19.35203297980939,0.026588726043701168,2.707200278637666,0.0585107803344726,1.1833208808674223,-0.6471587419509888,0.15265468724957235,64,34,15,96,-0.008884728294145133,2.693802123193769,0.3167767912739524,4.2376312579554805,0.23397929966449732,1.0881171436174815,0.14536202973686158,1.2932391291549796,67,12,0.057670527448413056,8.626175679313569,0.43846614298896336,11.169607212235077,0.11417569965124125,0.5483321933019996,0.5667524337768555,13.048554964062005,0.9271352589130402,12.881938552081744,0.03884490951895714,1.8240976421498325,0.004647821187973,1.2039274637101416,-0.3603828251361847,0.1666164119802603,78,42,14,82,0.8254927063064488,3.2622364324495994,0.1864198349900242,2.3019216909393316,0.14628709107637403,0.8126479994264788,0.1100116711016744,1.17327683519076,98,11,0.03684104104081166,5.771476870070853,0.9193606456068322,6.563830215816491,0.0746849179267883,0.39648003065275406,0.3188124895095825,9.044248829054727,0.7523796558380127,8.941298089088445,-0.001655113324522979,1.4827493067485569,0.0212567895650863,0.8910503644893928,-0.4335671663284302,0.1029507399662816,63,36,17,97,-0.9355530202564837,2.669114668837703,0.1522094262335779,1.8902199246139397
LegMomentum,0.3688425607339887,4.008305954986991,0.8870009268075226,6.358855843770211,0.3337160199880599,1.7233814981133222,0.25516473278403273,2.69092467585737,80,11,0.1893007000725089,30.018801798942874,0.26080543723942684,11.111055312180422,0.16903370618820185,0.8762992937305214,0.8606234788894653,23.28634039962473,1.5372161865234375,23.24915590763873,-0.02104324027895928,2.845738152170883,-0.0190039575099945,1.4967900295315726,-0.6765927076339722,0.03718449198599987,85,29,16,75,0.3033098644838251,3.346503912628091,0.3444001177274725,4.681941495600081,0.26930653303861607,1.2248599626753705,0.1548348994250409,1.3072523584858642,68,15,0.057949603322797055,8.788694925404748,-0.3534254778360455,12.664696052660164,0.1207421272993087,0.5493022209168477,0.5175633430480957,13.481490248616872,0.8779461681842804,13.3886360641897,0.03303129211999477,1.8815668426732217,-0.012244716286659199,1.1773694346535715,-0.3603828251361847,0.09285418442717126,85,38,17,75,0.5314746516545131,3.3887976987401345,0.18801160359649352,2.2909389214812066,0.2325613722205162,0.9838257851553016,0.14923327927826904,1.4756725460824678,91,10,0.059636888573054936,9.302544753176424,0.048542255712598514,10.842435989381052,0.1138163059949874,0.4724802055686098,0.333855539560318,13.25129651700904,0.849958211183548,13.138439642712179,-0.02587732532992959,1.6315508489261072,0.0121262520551681,0.8554534605263033,-0.51610267162323,0.11285687429686156,78,32,14,82,-0.7280301356267241,3.3111833527101098,0.19192089405998297,2.5769335615310154
LegMomentum,0.34443978799608244,3.937327186671886,0.8271215453371404,6.310640195043799,0.31428802013397206,1.6976700205407513,0.22711136743426322,2.4851999489696035,88,11,0.15911876964285385,24.517940730833708,0.5615062598724645,6.952835003684594,0.15155172348022455,0.729060946605563,0.7945419549942017,18.367887556451194,1.4711346626281738,18.076132941508224,-0.054660487174987796,2.837588332115964,-0.04443946480751035,1.5372312899519027,-0.6765927076339722,0.29175461494297156,94,31,18,66,0.3655301179599507,2.7851442704464526,0.31155759986120074,4.057836022841861,0.23797262273728836,0.964314756105964,0.1402308628358878,1.2469642430000356,72,12,0.05506932588757276,7.681236554519005,1.1585391286341356,15.485472443718923,0.1070960611104965,0.4615623892219011,0.7635515332221985,13.377586885053068,1.0614701211452484,13.316355298409752,0.05975175851490348,1.7741548167349657,0.0301925409585237,1.1759068933306507,-0.2979185879230499,0.06123158664331722,72,38,17,88,0.884616814444813,3.5949358512583833,0.1761875959457469,2.129227850835867,0.20129879564046857,1.0628056497857918,0.15173607400269246,1.5073544117509272,101,12,0.06407860936908706,9.74945210080404,0.038737580133977545,10.022659027050972,0.08612661063671104,0.38938702122064983,0.333855539560318,13.71405390329367,0.849958211183548,13.58695562716832,-0.04024885157123209,1.6988970461928699,0.0136293917894363,0.8536536688061269,-0.51610267162323,0.12709827612534963,72,34,17,88,-0.7623115827540318,3.19810364708571,0.19664906213382904,2.6197711593269326
LegMomentum,0.28269434639197055,3.8008829423231423,0.676231706254184,6.054470064526935,0.2316084206104278,1.5332375945059056,0.19137428682297464,2.3031490253561966,85,12,0.11739658065918925,18.460508143736885,1.4648545010817235,4.819842617565807,0.11745643615722651,0.5836676891227395,0.8839524388313293,15.96546174421161,1.4563334584236145,15.577140269216416,-0.020069870352745062,2.656511593783955,-0.002713143825531,1.3255841360925655,-0.5723810195922852,0.3883214749951921,80,34,17,80,0.35562216972526334,2.336976891555017,0.27097784859875973,3.3769001015470264,0.17913242988288391,1.1306269448864046,0.10762381870415991,1.0417510369455372,68,14,0.0364334660022376,5.34033035887422,4.570566096258659,11.888454825366532,0.08547756075859064,0.44693308211131955,0.7635515332221985,10.136623872099944,1.0885809659957886,9.939894117477671,0.03617087861057371,1.605932344565084,0.0130248963832855,1.0842447322407005,-0.3250294327735901,0.19672975462227343,73,41,17,87,1.5002328810373418,3.1220498332855575,0.14696111252865676,1.661719490032512,0.1526136845350265,0.9618082224356884,0.13164083925075828,1.3828219557114112,108,11,0.051546435776819485,8.041965497802439,0.5912072285260521,6.249647907743514,0.0687949061393737,0.4418907684658177,0.4393406510353088,10.614516665334778,0.9164137244224548,10.530478279234286,-0.022378402762115016,1.792026126177897,0.017102032899856498,1.056584668314676,-0.477073073387146,0.08403838610049155,65,35,16,95,-0.7262208681446146,2.6003933223228697,0.17864825620999406,2.19786438637562
LegMomentum,0.28833765570142617,3.7690578624044364,0.6894718981906769,5.975039983046289,0.2342178225517272,1.5128947192280564,0.1867635936150327,2.0163972515689306,83,12,0.11344425564315802,17.35787593731131,1.2744505963531685,5.431746499610799,0.11714780330657956,0.6869376878740985,0.8839524388313293,13.835303532350537,1.465657651424408,13.610597457396153,0.04523794688284395,2.7710906741971657,0.0537478625774383,1.8001638752869926,-0.5817052125930786,0.2247060749543827,61,39,18,99,0.10015207600657582,2.474410671751288,0.26322850477214155,3.1110982647111634,0.19023896753787992,1.0465695491146887,0.11124723265063945,0.8842026566871979,76,19,0.03294635776744581,4.63100284026913,0.12117157915856502,19.593122983954288,0.09948806464672084,0.5152658808631041,0.4493899345397949,10.528577704129559,0.774419367313385,10.375942192680256,0.04018002797383815,1.468841911454949,0.024303197860717753,1.0605792425189766,-0.3250294327735901,0.15263551144930262,71,40,13,89,0.41097491505678413,3.998901344128784,0.13818969354819344,1.5727384650419483,0.1154493764042853,1.1034276815136015,0.1196612316765822,1.375322792767341,105,13,0.04735176548709216,7.441552328108861,1.1899980548136044,4.6781879078641015,0.0579686164855957,0.3880947135109384,0.4393406510353088,8.977241260800026,0.899312436580658,8.861301343618479,0.01460996102541683,1.7351073973941744,0.0422582030296325,0.9316564294588238,-0.4599717855453491,0.11593991718154723,48,37,16,112,-0.9634618828728508,2.368290285741351,0.17194822233171644,2.1049832891538296
LegMomentum,0.34517344900036084,3.762840466397205,0.82198143588379,6.01565107309894,0.3312065452337264,1.3356684372867478,0.2293230385053903,2.408291442287519,94,11,0.1434222950518833,22.493886156095932,-0.07688230307715926,8.70632785783246,0.1470743417739867,0.6318656553180052,0.7019488215446472,20.529977394625547,1.3094241619110107,20.30236175697377,0.028120787814259512,2.550622174246102,0.08500012755393975,1.2070275616627015,-0.6074753403663635,0.2276156376517778,62,38,15,98,-0.22893651842767399,2.995958616079947,0.2990099482161233,3.998526313573542,0.23925860226154327,1.005315188000461,0.12944560457981422,1.2947338635699217,70,12,0.04701060538900614,6.547972580559363,-0.1926563171724771,7.742003641819263,0.11677947640419,0.44255689900062123,0.5132129192352295,10.702451873071139,0.7862150371074677,10.690186659967294,0.055867699033115045,1.6227570776329199,0.03918962180614465,0.888704784437643,-0.2730021178722381,0.01226521310384528,62,40,18,98,0.45462352745524587,2.6653867276249326,0.16255949218979923,1.9785429102123684,0.15832110494375215,0.7935682447392779,0.1455560933053493,1.6204606918071167,102,11,0.06286856732214952,9.974285892105069,0.2840016460844472,6.215480392670326,0.0757170170545577,0.3706496843798131,0.5120375156402588,11.767815503707753,0.9720093011856079,11.6896800388598,0.00017693936824796918,1.8422718212199183,0.03478321433067315,0.98813799832755,-0.4599717855453491,0.07813546484795428,58,36,18,102,-0.486489140115359,2.629516177284978,0.1988465437050641,2.5652135250002317
LegMomentum,0.35381335213375004,3.537489117889202,0.8465934140793977,5.666253092851948,0.33172303438186634,0.7976648415449691,0.2395717533724382,2.4135082824609295,83,8,0.14737796519216995,23.24919492241795,-0.32281955223335945,12.285328561596506,0.17009755969047546,0.44106678302456276,0.7019488215446472,23.11985069049334,1.3094241619110107,23.057390379357663,-0.022785620018839842,2.3032424031433103,-0.0012288093566894499,1.0035175238325345,-0.6074753403663635,0.06246031113567653,80,37,18,80,0.038729019349521665,3.4660236005763956,0.30359198664520637,4.236067675897138,0.1935533918440341,0.8682303446953199,0.12858149191088158,1.193400396897352,65,12,0.05089348598174082,7.259734401211468,0.7880280879576285,16.173149115068767,0.09776149783283469,0.35477184348559837,0.5985403656959534,13.511252547273164,0.8715424835681915,13.355676516722445,0.05120551533764228,1.5530178558209053,0.02432815637439485,0.9460792364345567,-0.2730021178722381,0.15557603055071909,61,46,17,99,0.8663251228475836,3.8373189467999227,0.17137673807228432,2.2017878963953152,0.26878564804792393,0.7644142965440908,0.1625833877548575,1.552331627808988,92,7,0.06895616114186391,10.811744114773743,-0.2015504534873469,16.69708661982136,0.1157938241958618,0.37093342868127416,0.5120375156402588,17.01753681224974,1.017608404159546,16.98144881816253,-0.022894763201475144,1.8099928338877316,0.0094654411077499,0.9977655419272662,-0.5055708885192871,0.036087994087210376,78,36,20,82,-0.2812721463998471,3.822021134255744,0.20698112946918723,2.7451174940335075
LegMomentum,0.3000484566412222,3.0478280063166245,0.7173606353625653,4.851740118747128,0.28729718923568726,0.7746548413464878,0.19235215482767667,2.038341371642303,85,8,0.10858524480712323,16.10262417473548,-0.008494749657571354,9.131326453511582,0.14288434386253346,0.3869632003335747,0.5825353264808655,16.396121006365014,1.1703349947929382,16.32377267055938,-0.06724836193025112,1.9405030180795007,-0.05625760555267325,0.7943177277999205,-0.5877996683120728,0.07234833580563582,93,37,17,67,-0.09127615463730684,3.1360258082027794,0.25247142850423393,3.5124168618715848,0.16576361097395415,0.5519995597685556,0.10739207882957995,1.0354617675531024,66,10,0.03647000615009703,5.04056764127427,2.2320569134803785,14.241636300797023,0.0782627202570438,0.2933568878731775,0.5985403656959534,11.080722792612319,0.8290915191173552,10.927806401420945,0.04953760111238807,1.2786519658517919,0.02437857910990715,0.7555613395070668,-0.2305511534214019,0.15291639119137462,65,45,18,95,1.1103258700178726,3.576064999334316,0.14306538038250383,1.845431329390942,0.2565473839640617,0.9469607126465212,0.15035708972485734,1.4529851003640928,101,11,0.05886778810870466,8.94590427669271,-0.10327452790866909,11.864277925097017,0.1002924889326096,0.3017230130943579,0.2913606762886047,14.192511253716148,0.8001706600189209,14.049126869165164,-0.04044743794947864,1.6325851348158351,0.009607061743736201,0.7856854517258587,-0.5088099837303162,0.1433843845509836,73,34,15,87,-0.8570914174304822,3.3531487789829075,0.1880890257064684,2.5061065528566564
LegMomentum,0.2519882370069814,2.8824081753393465,0.5987903743609784,4.55255038617392,0.22070266306400294,0.9061553554202298,0.16097189467400308,1.8227046475374442,90,10,0.07807079646887857,12.2966087504462,1.2232475025725984,8.667609030567514,0.10829776525497435,0.3754743872089369,0.6728659868240356,15.328879058730571,1.2571148872375488,15.181459414825397,0.0066985383629798835,1.9245150819618748,0.04064723849296565,0.7991985645655759,-0.5842489004135132,0.14741964390517445,70,36,19,90,-0.1653450730421127,2.939222136916662,0.22148583980599035,2.9313564180678333,0.1785786449909209,0.7940954439464948,0.10730610710219476,0.93386724499539,76,14,0.03289288179211583,4.663831594206831,0.9550424225065264,22.069434668567016,0.0911353677511214,0.41385273131173905,0.5122427940368652,11.718987355769528,0.8025886416435242,11.694670049010423,0.04072255997452884,1.2378139376037012,0.029889002442359848,0.7515370325787485,-0.2903458476066589,0.024317306759105515,65,42,15,95,0.5193775947414716,4.3679098535560925,0.1379079055722115,1.7696463630004873,0.12175106257200233,0.7581601671199569,0.10335517823230474,1.164427895048056,102,9,0.03471640071582605,5.504613824331058,2.506148441744341,6.3873980038186335,0.05992797017097465,0.37288911220037513,0.2339752912521362,8.864601179810927,0.7427852749824524,8.750262228837553,-0.002678809501230739,1.3902213666083438,0.0291400700807571,0.8084137918968213,-0.5088099837303162,0.11433895097337438,58,33,16,102,-1.5740951232035025,2.66964711259449,0.14773961260994203,1.8899466596062142
LegMomentum,0.29096653113171483,3.376684955110526,0.6942997897416352,5.328538444456715,0.17597696185111988,1.2703909800633115,0.17651223215740172,2.2491045062756654,93,11,0.11385735852058115,17.230840112107124,1.0427297456778577,6.08013256261701,0.0911974012851715,0.4981238526667928,0.7753504514694214,15.556412939810519,1.39826101064682,15.388241277525431,0.054818432405591,2.223787732757077,0.0768368244171142,0.8609571132476035,-0.6229105591773987,0.1681716622850888,52,41,14,108,-0.3294543845975609,2.631867558985034,0.2618863136975565,3.5050831989763473,0.19998819753527636,1.0188148064432743,0.12629186068428677,1.100481922670161,76,14,0.045361966225819526,6.530758347188407,0.5225007149798304,17.860957721971605,0.10046126693487165,0.532699446362828,0.5647836923599243,12.979617609940517,0.8678660988807678,12.865646754278188,0.04343661661259829,1.5480086887835813,0.028674110770225497,1.0123480338983877,-0.3030824065208435,0.11397085566232872,70,42,17,90,0.6338488042758291,3.9216948792641273,0.16318986658756654,2.0333291535408,0.1442167237401007,0.7873092334001482,0.10963783339131619,1.120933843554991,94,12,0.0376809334294005,5.889321972100119,1.4791824888260834,7.317452126680193,0.0731240510940552,0.3256970481892646,0.3822916150093078,9.623654449806041,0.8132416009902953,9.394605085084898,0.017631012387573704,1.5567420229160567,0.045267105102539,0.9396612395939362,-0.4309499859809875,0.2290493647211435,59,34,17,101,-0.8910413705853854,2.776363268109584,0.152924467056346,1.8616863984536551
LegMomentum,0.3193951745826854,3.4869513409521296,0.7729643831402062,5.525430687887391,0.2555782049894332,1.1159938841064445,0.2190066299866885,2.3571750403383462,85,9,0.13366343633600863,21.059651698712972,-0.05950124093337994,10.87175228955382,0.12610492110252375,0.4726496922079614,0.7753504514694214,21.740908795492746,1.39826101064682,21.57707189644209,-0.008331524580717092,2.3027496862280166,0.03133630752563475,0.9114104872890888,-0.6229105591773987,0.1638368990506586,75,42,15,85,-0.08283363019785996,3.236827067924768,0.2898192599355697,3.9695082291500228,0.19962499663233751,0.7948725845845951,0.12918785340036262,1.0959235665156806,66,12,0.04395135538699322,6.541833784016262,0.1524245121254415,16.66890152183957,0.09073643386363975,0.3505537535316816,0.5647836923599243,12.568274100390646,0.8678660988807678,12.243630888998666,0.034037246229127044,1.5917831292735694,-0.0052099600434303,0.9815425948002194,-0.3030824065208435,0.3246432113919802,83,41,15,77,0.6738834607849883,3.868788135529967,0.1627161373975192,2.002014049245485,0.18568015098571775,0.7817852767112804,0.14063641828251996,1.3310474540399633,90,12,0.05222714561713488,8.14464357379648,-0.283414708239877,17.59614272544918,0.09419657289981839,0.3845401012331121,0.3822916150093078,14.776512809893447,0.8132416009902953,14.704954830930475,-0.023197795357555156,1.630897872385805,0.00643317401409145,0.8727294909016592,-0.4309499859809875,0.07155797896297213,77,36,15,83,-0.4172918415931253,3.886032741328128,0.17973797364796767,2.341968339590426
LegMomentum,0.2957426295003171,2.923506498770644,0.7160026052221655,4.617450102609332,0.2971246242523192,0.8437356578477677,0.19321096789091824,1.9765587317290971,88,9,0.10774275298340935,16.086821423481243,-0.07177867090272327,9.039073515018705,0.14862522482872004,0.41102679865022046,0.6367364525794983,16.727153621457077,1.2213788032531738,16.71995912783516,-0.05883287526667118,1.9055612770618824,-0.0437168180942535,0.7858351355371371,-0.5846423506736755,0.007194493621915684,96,37,17,64,-0.06699238998456827,3.151582004880459,0.2535343394602034,3.52925737837913,0.18944360688328735,0.5856628329722757,0.1179258996908902,1.048173304483461,69,10,0.03756780059816268,5.386835055341573,-0.021742623438971265,17.331847563411735,0.09199402481317515,0.3022373584577114,0.428654134273529,11.884163441213868,0.725723147392273,11.80798226506771,0.04406431897077708,1.3573578560067114,0.015652999281883198,0.791978883185186,-0.2970690131187439,0.07618117614615663,71,41,16,89,0.5732408013868073,3.8683367204167793,0.14721980714254312,1.8826616015838948,0.22221685945987693,0.8636531709569617,0.1351684730115812,1.3045374212337375,91,9,0.04685458934128683,7.038000843220755,-0.5510551667078021,13.952274913700798,0.09348157048225395,0.2951589730595029,0.3585101366043091,13.314507983203116,0.7791735529899597,13.171171707577662,-0.03790789069607854,1.354530969540739,-0.00562421977519985,0.5526142702216534,-0.4206634163856506,0.14333627562545453,83,36,15,77,-0.3810680163557665,3.5732366792098884,0.16739847436251182,2.2810626242555863
LegMomentum,0.30234882814903336,3.6383370245070283,0.7164946376811712,5.7617437487497565,0.30165496468544,1.5479117463571113,0.2065973138995468,2.5110420377370146,82,12,0.1326443392952681,20.5668152972035,0.9359378878067814,6.853996702127899,0.14302021265029902,0.616052736761949,0.9355553984642028,18.94515367629148,1.5201977491378784,18.747640494050138,-0.031215573102235793,2.5856822816615956,-0.0284158885478973,1.1103982252801115,-0.5846423506736755,0.19751318224134154,95,35,19,65,0.31683316737290523,2.5916551489319577,0.28712988765162406,3.725729785626541,0.13758759014308444,1.122586121428073,0.10129547104304945,1.0325309130111653,69,15,0.03266607804668255,4.693766097457889,0.9572061439611557,5.555109960598907,0.07068352401256556,0.49810397670535134,0.428654134273529,7.77953658854628,0.8403189778327941,7.4388418578258815,0.040239341621054324,1.5129963121391896,0.02674439549446105,1.0135281725089924,-0.4116648435592651,0.34069473072039885,59,32,12,101,0.13886745420928737,2.4095973480382336,0.13753295926104422,1.5506799337423252,0.21799095720052714,1.0778958517489603,0.13915813046041872,1.4044341627681662,94,12,0.04922873823150625,7.595737720825567,0.007025576499112507,6.572383055206485,0.0969646424055099,0.5014453406833213,0.3585101366043091,10.582188274440997,0.8351162672042847,10.45403764470159,-0.02665531542152167,1.663065154948972,0.020167931914329452,0.8996960178003854,-0.4766061305999756,0.12815062973940672,74,34,17,86,-0.717335716194084,2.609290135132137,0.1739151981726787,2.197715179731013
LegMomentum,0.30547260013757127,3.9465185039979547,0.7189377982821313,6.146973996638481,0.2564538717269897,1.6607173345524904,0.20964941538870333,2.604049942876874,76,11,0.14632473366334722,22.27128312745182,1.194626355726652,3.243479498618991,0.13484150171279904,0.7994832338163975,0.9791613817214966,15.553298116869572,1.5596668720245361,15.27833382267396,0.05770541876554489,2.929631894928958,0.044581621885299655,1.4067817143522288,-0.5805054903030396,0.2749642941956125,70,40,16,90,0.5538570838256779,2.073111919493795,0.29778730020047767,3.699802709289616,0.20083283632993681,0.9807773582722309,0.12480651253892572,1.1059551699066619,72,14,0.044238408754380475,6.356052865219487,0.39010131694698424,11.547076620243885,0.1021921783685684,0.49759728977785606,0.5997530221939087,10.855463988769381,1.0114178657531738,10.529996917412955,0.04565971590927802,1.7505941199208883,0.02674439549446105,1.1818735695434546,-0.4116648435592651,0.325467071356427,64,33,18,96,0.21786156557580702,3.164597851938384,0.160390077374892,1.814241740374721,0.1565248072147368,0.7394539713589253,0.10862268937285986,1.0736455694746223,106,10,0.03456449488903529,5.431661804532103,1.9123910177252395,6.214362460768806,0.07148201763629909,0.3997192271144907,0.3059152662754059,8.026911828705746,0.7825213968753815,7.902710829572507,0.010212773270905005,1.4667479817886342,0.044688433408737155,0.9087720760264666,-0.4766061305999756,0.12420099913323958,54,34,17,106,-1.31226394726332,2.701711311949363,0.1470840552659375,1.811163207016715
LegMomentum,0.3069759099943414,3.614045603343407,0.7248782796040176,5.684000381911152,0.31374830007553095,1.382508000456938,0.20800550980493426,2.3694632091719443,93,10,0.1340683730338624,20.833253825301277,0.9390186400936384,4.9151409033675915,0.13297098875045776,0.6299716577300328,0.9791613817214966,15.625799040559585,1.5197699666023254,15.283648949799248,0.03936559706926346,2.7059504346469687,0.06663075089454645,1.3539007484673526,-0.5406085848808289,0.3421500907603365,60,37,15,100,0.45371239786867334,2.4649425231698454,0.2876809604533123,3.675742927699808,0.2340377420186996,0.8426272983101091,0.13161413451103723,1.091288060752735,71,12,0.04606814172117698,6.598138279201435,-0.00020149075180286857,15.163786964311829,0.11656233668327325,0.42378500718668904,0.5997530221939087,12.521320831612357,0.886696845293045,12.384900213955845,0.04870645601768046,1.4836138895424094,0.02275857329368585,0.9443967952196718,-0.2869438230991363,0.13642061765651195,71,39,15,89,0.5354884995050554,3.7824696761827594,0.16305347262872125,2.0969091792345886,0.14352916181087488,0.8464157364289262,0.10738232955336566,1.0643741341927,100,13,0.03248267896458521,5.12696064133462,0.6562816775605582,5.605829271404181,0.0626640319824218,0.3817209057721893,0.2881314754486084,7.643427614945559,0.6979410648345947,7.606365330162621,-0.00636649429798127,1.4944360577217735,0.02691119909286495,0.9498002720460192,-0.4098095893859863,0.037062284782938125,63,38,17,97,-0.9079444557631359,2.5376071925229304,0.14278855230692147,1.7010648167296933
LegMomentum,0.32618985104616405,3.420699969673519,0.7741807626560329,5.485388392537599,0.34584073722362507,1.0906114092205503,0.2259625438600778,2.2144287108323417,80,9,0.12756325180703318,20.0288609038833,-0.24762046663275594,11.143646845931208,0.1629497110843658,0.5473259660668657,0.7884633541107178,21.30546342434886,1.313587248325348,21.144795652650895,-0.028771645948290826,2.265512878205516,-0.029063731431960997,1.0516548149431189,-0.5251238942146301,0.16066777169796465,83,35,16,77,0.29864935977042895,3.2873930962561952,0.2817719757325921,3.8595741089617976,0.1873372718691825,0.8209506978840021,0.12568913140246876,1.167743724946626,67,12,0.047202644605595714,6.933928942750007,0.5017882517463006,10.09691155183248,0.09124492108821865,0.44711975707090573,0.4976286888122558,10.825293954858871,0.8721683919429778,10.679963274263931,0.0427868820959702,1.6607575037711113,0.0188422426581382,1.0977079636784424,-0.374539703130722,0.14533068059494075,68,41,17,92,0.6238862094614404,3.1578198820195547,0.16686811151477093,2.04348072083344,0.2341443896293639,0.9871360575498976,0.13614413081668314,1.184637680414401,95,13,0.046439313363316366,7.108855008174693,-0.34554197615088666,17.13538962884668,0.10413056612014755,0.3559679266325816,0.2881314754486084,13.578930068855081,0.7318212389945984,13.378179751170864,-0.03327900841832161,1.559118010560972,0.00867077708244315,0.8115333392446513,-0.44368976354599,0.2007503176842173,78,37,17,82,-0.6132608181444527,3.886624236182125,0.1676086440507149,2.162869861392287
LegMomentum,0.3538027888466517,4.96312125727495,0.8314604355767368,7.49177446731114,0.2932746112346648,3.6339040423981537,0.28028081610798833,3.6353903315900102,92,13,0.2868040292214934,45.434998984239456,2.4584282219842377,5.73157946386746,0.1374577283859253,1.2943652578937506,1.4428651332855225,25.805190654451177,2.4549131393432617,25.57966921193846,0.003695863485336289,4.012295656027811,0.0515954196453094,2.0663439901200427,-1.0120480060577393,0.22552144251271755,68,35,19,92,0.6439192279200383,2.463676633996101,0.4246953582004546,5.4163163268830425,0.20771364867687217,1.7043715126909968,0.1561195358983241,1.689655742811175,85,13,0.07333234537032696,11.502864504687142,1.1515076987046742,6.004552500926785,0.10120810568332665,0.5401564504862666,0.6387462615966797,12.94205174324229,1.3980178833007812,12.921960070614718,0.015771904028952108,2.3249491125796897,0.03627201914787285,1.3686889380318223,-0.7592716217041016,0.020091672627571708,64,33,15,96,-0.3756074771245806,2.369430151510373,0.21417435535170956,2.4693068113545666,0.10525220073759547,0.7957207213151272,0.08117134517378868,0.9343591413596835,89,14,0.020834333730293995,3.2457784427686924,1.658643440843897,4.2925814282126975,0.04647012054920195,0.3243065016681288,0.3869065046310425,6.1751805199564815,0.7238976359367371,6.120219905186788,-0.006368667702190583,1.1545296987036413,0.00912190973758695,0.6577086215641528,-0.3369911313056946,0.054960614769693064,75,37,16,85,-0.03539575246677233,2.254811376838728,0.11429146742064826,1.3830544521384442
LegMomentum,0.3930832775938775,5.730270550769925,0.9330905367806552,8.719029894003878,0.28571917116641987,4.05969330786234,0.30774014368653296,4.101185628350283,84,14,0.36241214111643905,57.65714844413671,2.6229955707183024,4.893277426310076,0.140461653470993,1.0729651658488855,1.6998716592788696,27.862597543872088,2.7616841793060303,27.610790470436516,-0.014422014355659488,4.626170232555751,-0.0070084631443023005,2.1508952461225372,-1.0618125200271606,0.2518070734355706,83,34,18,77,0.8192463467620016,2.3488387316938195,0.4772031659415131,6.021270416079299,0.20843176543712605,1.5987369497411188,0.1728594001429155,1.823575635899077,81,13,0.10010674004203311,15.727377014697806,2.289167240982807,7.26249507275544,0.10884679853916164,0.8433746192361279,0.6387462615966797,15.255463076756715,1.5665576457977295,15.100408993518553,0.014639705047011365,2.698125368889701,0.0221977531909942,2.031562426810795,-0.9278113842010498,0.1550540832381632,69,37,18,91,-1.0036307853157334,2.633044438402626,0.25048861245266235,2.9064577252132224,0.1293000206351279,0.9480315986030352,0.10250516900268844,1.2351653533806897,90,12,0.033423947480892106,5.144162475355312,1.173421715288545,3.527204061693033,0.0649409741163253,0.40578847858939154,0.3869065046310425,7.058240003533258,0.8084880113601685,6.9193324437090045,-0.01738284460734576,1.3947342925584254,-0.0061075389385223,0.6882149282623151,-0.421581506729126,0.13890755982425348,84,38,18,76,-0.5140592925332007,2.1325564737960456,0.1439350094043869,1.7885409496337676
LegMomentum,0.3933342393082892,5.719299637837363,0.9449965243786571,8.785576287742892,0.2864911854267119,3.661913825173472,0.3019902307586744,4.229730321531468,83,13,0.3496803580687326,55.619700407882874,3.1531085240276093,3.644204988168833,0.13717412948608396,1.177082166505473,1.6998716592788696,24.30604288888514,2.7616841793060303,24.00175443435551,-0.01069108657538891,4.493211718759198,-0.0039739608764648,1.9144500460223508,-1.0618125200271606,0.30428845452962944,82,35,19,78,1.0667901383845566,2.111932364513867,0.46883870926626864,5.952373380281843,0.21965581923723215,1.5758863532254208,0.17122693338897074,1.8046581945738318,82,13,0.0948775676410383,14.859157645280158,2.1140920847862654,6.023549238802692,0.1113550364971161,0.863277536296428,0.4693774878978729,14.402057088443957,1.3971888720989227,13.989571103650793,0.007610873319208617,2.67630726183535,0.0094138085842132,1.7972596746878722,-0.9278113842010498,0.4124859847931638,76,35,16,84,-0.8833416669826257,2.424811645216697,0.24415801540397036,2.7742633410560593,0.14471102505922306,1.346417753118685,0.11956041101133448,1.3294667932641324,92,14,0.04194963924172017,6.33537138674118,0.37592733509215703,4.878034899792559,0.0740124881267547,0.45775922182385764,0.3148897886276245,9.327426915354259,0.7482345700263977,9.152054443185651,-0.031560314493253826,1.6160573071483453,-0.00518752634525295,0.8167678774162794,-0.4333447813987732,0.17537247216860782,82,41,19,78,-0.7037777848702204,2.278020951871639,0.15931447821436848,1.9296969105933757
LegMomentum,0.32345449158282263,4.661952089391351,0.7789301013201473,7.298342042973832,0.3277785629034042,1.631597843917635,0.2525940657872706,3.1818126175761576,94,12,0.2174842819949576,33.858824767450294,4.359767129950011,3.821645493954696,0.11480090022087094,0.8242136391975725,1.6760022640228271,19.559194297299463,2.612353205680847,19.179964068777213,-0.050078369304537775,3.626980918522364,0.02486965060234065,1.7902683603822838,-0.93635094165802,0.3792302285222486,75,36,17,85,0.8413624804649297,2.187567704574736,0.366413634602052,4.550146611278033,0.1763200983405112,1.1047658111378649,0.13121661695186043,1.365089286353606,82,13,0.05241019967697863,8.131993213839039,1.316390157869062,2.667661436173213,0.09264163672924039,0.4740323982843817,0.4693774878978729,8.12104671376008,1.1090780198574066,7.752301823503627,0.01489394810050725,2.1390553104483168,0.023381516337394652,1.4250278493022455,-0.6397005319595337,0.3687448902564533,73,38,17,87,-0.17193501949354398,1.8673437586234398,0.18093967195904018,1.8858514238088566,0.14292340539395795,1.1566534793510503,0.11593544981034935,1.3049189462053734,101,13,0.040143282972608524,5.979708459212451,0.9465932158656152,4.885980558130467,0.06033751368522635,0.40243452587205697,0.3148897886276245,8.449326448517954,0.8159944415092468,8.312678071094151,-0.036609763884916914,1.5323058140031518,0.01180855929851525,0.8129706592608017,-0.5011046528816223,0.1366483774238043,75,40,17,85,-0.9581876383509375,2.3324035871020317,0.15459186126207913,1.9057143940225119
LegMomentum,0.2747655526009252,4.439857802888072,0.6505344764888285,6.955901922684837,0.19928766787052155,2.5649134923001826,0.19946962695568798,2.898714787923745,94,14,0.17772012171834484,28.065852006385303,6.9014650867895,2.9391484760072535,0.1047343313694,0.785413768442917,1.6417008638381958,17.365073431684838,2.578051805496216,17.16555135049482,0.010446606576442719,3.4312102167421425,0.050417214632034246,1.6861068052374524,-0.93635094165802,0.19952208119001946,64,39,18,96,1.0070901680804067,1.9633574154970221,0.3341614033770519,4.036415297626056,0.15152620151638976,1.8509899181181462,0.12164803135441611,1.4153083548322536,78,16,0.05286166939962136,8.230235198402504,3.229308253337794,1.585647821299922,0.07738345861434925,0.8344114486209379,0.6681191921234131,8.157084593369847,1.3734925389289856,8.028727887725399,0.013911775220185513,2.1613579921177695,0.011910274624824451,1.6674317217933252,-0.7053733468055725,0.1283567056444471,76,41,17,84,-0.16004355093200587,1.4999101422451533,0.18180093027551564,1.8864694082627333,0.08889247849583612,0.964407256973902,0.08533982817083594,1.0112156755245487,104,13,0.026068322529815877,4.039211742398613,3.4484192175645774,4.617889507534862,0.046745538711547796,0.44158712639196074,0.3547288775444031,7.080698385384167,0.8558335304260254,6.9491408436760365,-0.008465863019227988,1.363333713824925,0.01492841541767115,0.8927287264184913,-0.5011046528816223,0.1315575417081305,64,41,17,96,-1.3035632951961462,2.226291314048533,0.12776169146407146,1.4766627668993857
LegMomentum,0.3494349534051317,5.640633479985579,0.8201294685900209,8.66465157095189,0.22809278964996327,4.451418384391736,0.24923052901867776,3.912735499493025,77,15,0.3078186869140775,47.324693007387914,4.594278957513538,3.232616335138152,0.11737132072448725,1.0932660006730999,1.766734004020691,23.330162410866656,2.742587387561798,23.299207651171347,0.07997300289571285,4.401847833758122,0.07389795780181879,1.9887236954238685,-0.9758533835411072,0.030954759695307532,55,38,19,105,1.2168535639207934,1.9486845548362977,0.43262079565637557,5.286627342250147,0.20567615330219263,2.279505890531296,0.168259668815881,1.8170759149994609,80,17,0.0902570838010383,14.138040325550095,1.301034883263843,3.4264712487619144,0.10324406623840329,1.0452467596940072,0.6681191921234131,11.440540120890828,1.3734925389289856,11.238868243833982,0.0011616802774369723,2.7443684081270674,0.0006900578737258998,1.8884098596449608,-0.7053733468055725,0.2016718770568451,80,39,17,80,-0.200104209534732,1.9274500885646326,0.23825218471525478,2.570307834875854,0.0906652249395846,0.7801897754331611,0.08081494062906128,0.9693870768069942,93,13,0.026255195168564754,4.0821422586750895,3.2403300542020883,2.8269503623377013,0.0475536361336708,0.3218195088841467,0.3547288775444031,5.925502139990284,0.8086115121841431,5.679067378484989,0.007959050871431818,1.518435329066699,0.01628839969635005,1.027623335577192,-0.45388263463974,0.24643476150529495,57,36,18,103,-0.9924016852541608,1.867125514802894,0.12825348520605906,1.332852733844664
LegMomentum,0.4086230085030783,5.947429210850512,0.966077613830566,9.119810443699544,0.2850441038608551,3.7065501551044444,0.31176802471280096,4.108543466353964,96,13,0.38619279668969697,61.370872962948006,2.952371616776662,5.028644234239824,0.1135711967945098,1.5151170918612498,1.766734004020691,28.298302559822982,2.789061665534973,28.104337357788246,0.025275104120373714,4.823234528452971,0.0802882313728332,2.600817307603928,-1.0223276615142822,0.19396520203473705,59,34,20,101,0.8300034958769921,2.374563233667579,0.4921846225600138,6.173109560544593,0.25302562117576594,1.7554104960735888,0.17549246969865634,1.7918375021839543,85,13,0.08767573342891502,13.766274781263233,0.8709850332839943,5.267208619729052,0.1290006637573242,0.8083381672199597,0.647619366645813,12.946594579071235,1.3011829853057861,12.830813000422921,0.00815662275999784,2.5979760908576686,0.023712322115898098,1.6657128040886797,-0.6535636186599731,0.1157815786483136,74,36,17,86,-0.414240034274806,2.285910950521711,0.23468068046683202,2.6489233685773432,0.10786025598645199,0.7282135799577822,0.11082684697816145,1.3956051328240073,99,11,0.04399523300131258,6.950890636129989,1.4010284042734007,3.857847190991487,0.0525433495640754,0.36954495786384145,0.4482247233390808,8.81485898498817,0.9021073579788208,8.70794145759536,-0.004563147388398659,1.698599824388903,0.014285877346992451,0.9782326501464931,-0.45388263463974,0.1069175273928103,66,32,16,94,-0.546165085731297,2.1757502923116054,0.1662798983353738,2.0163455241391484
LegMomentum,0.40375542659339947,5.994151835047639,0.9499815253168342,9.081402121249274,0.3324303776025771,3.732442221536354,0.3149994562519713,4.04172581251574,91,13,0.37283991572872155,59.1731370945062,3.8970273217063127,4.533560417418347,0.15321251749992365,1.6595131639148217,1.9745917320251465,26.23091562420951,2.9969193935394287,25.83976468397491,0.004208977147936814,4.948720962709545,0.0547729432582855,2.825726021780251,-1.0223276615142822,0.39115094023459906,68,37,19,92,1.2661778631588034,2.239198453408811,0.484223797566923,5.889252747823387,0.21172595396637908,1.6794108122639841,0.15865203906083475,1.6696872689900744,86,17,0.08070285257632907,12.639889097009142,1.9908192155073046,5.159650351749402,0.10734935849905008,0.8519772723584295,0.5607704520225525,12.254667002761014,1.3567737936973572,11.918479658928655,0.022494458872824894,2.5264352321808765,0.038019537925720145,1.6368310236917356,-0.7960033416748047,0.33618734383235965,64,37,17,96,-0.7499943744662111,2.2801503087862254,0.22415915769849798,2.5014024295591275,0.14042825251817698,1.4965600969396613,0.11722902246576265,1.456216979872838,93,14,0.04422784867969007,6.845380438800577,0.9122207741566113,4.673883851707989,0.06736268848180765,0.4026980207991202,0.4482247233390808,8.908560207528796,0.8920566439628601,8.78558164707976,-0.009312156634405263,1.6062459263588516,0.00583394616842265,0.7605180305293424,-0.4438319206237793,0.12297856044903713,75,40,20,85,-0.10384449484279323,2.2761952754368884,0.16652025517869426,2.065273459582573
LegMomentum,0.3785614648815094,5.6190440847861085,0.8901684018969533,8.558766312275853,0.3569245934486388,3.7283755146946804,0.29574852912221106,3.7095094853592228,83,14,0.3184956457028035,50.45653871514524,4.288741062610333,4.843733327549438,0.15218585729599,1.4441778739374098,1.9745917320251465,24.110741600790917,2.695080280303955,23.938262738610305,-0.00963290296494961,4.570395681155575,0.00453889369964595,2.445003549745752,-0.7204885482788086,0.17247886218061265,77,40,20,83,1.5218268669191852,2.3053430265563786,0.44745765211351385,5.437648575700687,0.19336575269699086,1.2369433638941207,0.1528010156715754,1.5630423831213807,87,12,0.07790765685638654,12.297570738946138,2.211961908390907,6.7565237148115465,0.10056881606578824,0.5894265912938119,0.5607704520225525,12.537129090064537,1.3567737936973572,12.105769924444855,0.016044791508465994,2.542556422775868,0.0296332389116287,1.7971179106699378,-0.7960033416748047,0.4313591656196816,64,37,18,96,-0.8882230361757305,2.5785313812383697,0.22077017891931613,2.4151558077994304,0.1417094133794306,0.8396390488624806,0.10859600855037568,1.193875430498743,96,13,0.034959048420127654,5.30802506137836,0.6759243820764409,6.959935190252429,0.06468334794044495,0.34130191379550634,0.4398968815803528,9.153171722866123,0.8398857712745667,9.072642348902903,-0.020960484631359584,1.4458142083444119,0.0034047812223434,0.6964449259161665,-0.3999888896942138,0.08052937396321944,77,41,16,83,-0.3747950266265263,2.623158101001838,0.14678119032442447,1.793779901863041
LegMomentum,0.3559480341634911,5.210450923983943,0.8538318120688199,8.168307070469401,0.3114092350006103,2.553658558872133,0.2712634245119988,3.3284711591264875,78,12,0.26506376446920865,41.98811288768634,3.665984099996516,6.264508423483909,0.15172991156578058,1.0905863914114295,1.6486079692840576,23.648184932976125,2.372373342514038,23.323216497797056,-0.00848468318581581,4.010497325167414,-0.019703745841979953,2.2350126681252673,-0.7237653732299805,0.32496843517907104,82,38,20,78,1.3335189244260448,2.5638045768801545,0.4082086813032183,5.0895996004117405,0.20057262480258933,1.9123159149406495,0.15147186396643514,1.5006082815313795,80,16,0.07336328941921307,11.616289791702206,1.9085625309308183,6.165881645313794,0.09946599602699265,0.8863889482681511,0.7959884405136108,11.646987875774458,1.499549150466919,11.362010439981562,0.0023500471375882586,2.503302246656737,0.0023157894611358,1.906110757011797,-0.7035607099533081,0.2849774357928962,78,37,18,82,-0.1783152313881085,2.4491244998428625,0.2147903073728949,2.312956474641392,0.1507013123482465,1.3090946160858823,0.11450487422989677,1.2319253125268315,100,14,0.038566149815184594,5.929123481914396,0.6237884753160929,6.750998841600353,0.07278129458427425,0.4813573418481311,0.3428443074226379,9.608479772415677,0.7890026569366454,9.488726650583066,-0.020192177081480626,1.65450749864525,0.008470140397548651,1.0307813654346414,-0.4461583495140075,0.11975312183261083,73,36,16,87,-0.6502166329570686,2.4542510422186936,0.15441875474845468,1.7865409088070263
LegMomentum,0.3128657169139674,4.9306513690543055,0.7535380941629408,7.7419312277751695,0.2645181119441986,2.0612305813469547,0.2309128589183092,2.6797925894615253,88,12,0.2018314537196271,31.201867311595333,6.1418473808091,5.114045647158193,0.1268194317817687,0.8463348618972092,1.6486079692840576,19.12058009919962,2.457837224006653,18.706370796659613,-0.042955397814512256,3.728600534143845,-0.01466903090476985,2.280881245240083,-0.8092292547225952,0.41420930254000743,82,36,19,78,1.1652741774805602,2.441519042614344,0.3536682770436626,4.159255386289422,0.1792259290814399,1.8603192617497757,0.12997512916568663,1.2768323340282037,73,18,0.05551723198069656,8.451369316646726,3.116921640245014,3.2191050303808604,0.08248122036457059,0.7841578736532675,0.7959884405136108,8.574985356227266,1.4630181789398193,8.376191841998075,0.02801010720431804,2.30476992629555,0.0095736980438232,1.729973182890912,-0.6670297384262085,0.1987935142291904,74,42,16,86,0.1194291985943205,1.8041560897045057,0.184734938810846,1.771836590515709,0.14314679801464072,1.173938237628521,0.11675498215947297,1.3353018701180608,103,13,0.043268287907898134,6.645675714976591,1.3704903246367603,4.132555406909966,0.07134181261062619,0.500780571615913,0.3428443074226379,9.019925013524851,0.8878012895584106,8.768499147819579,-0.024822558090090752,1.7085607673357746,0.0103294253349304,0.8671833621505958,-0.5449569821357727,0.25142586570527153,73,37,17,87,-1.0456478393075985,2.1464203478336374,0.16307276009216215,1.9304133804181893
LegMomentum,0.2749266870731747,4.706571314898555,0.6493875083327292,7.356609180771215,0.20570500195026387,3.1733954575374876,0.1977536351419985,2.980803304284208,85,15,0.18644448079480447,29.10102955418245,7.460849040637857,2.4477857888989547,0.1042872071266174,0.8820064913733994,1.6639320850372314,16.68960268847521,2.4731613397598267,16.18299859787449,0.01473765224218368,3.648927135214036,0.021846204996109,1.820340776231328,-0.8092292547225952,0.5066040906007171,69,42,17,91,1.5130732260723587,1.826245815426498,0.34211418462834264,3.973205294983023,0.1462387703359126,1.576720458656734,0.11302001822623423,1.108048398960737,75,20,0.04473587562917755,6.6709412657262295,4.335930242951366,1.6470186006971055,0.0745525658130646,0.806143669933723,0.7418268918991089,6.606355806433432,1.396220088005066,6.514410169146253,0.02096273330971598,2.1244175257316935,0.012985393404960549,1.8057765806063217,-0.654393196105957,0.09194563728717835,73,42,17,87,-0.3308969545376206,1.3613058807422789,0.16641385428664748,1.4689422868480098,0.11401641741394987,0.980939198090204,0.09309177920804354,1.165262157507094,89,13,0.032132509511673145,4.9858512929944485,3.5247633147377746,2.3350657892087945,0.0574025213718414,0.48787628748736545,0.3652364015579223,7.024776183333014,0.9101933836936951,6.879500439395986,0.0018518525175750173,1.5832645198254847,0.01283627003431315,0.9338090349263384,-0.5449569821357727,0.1452757439370277,70,39,18,90,-1.2895368278976147,1.741394778157339,0.14214666564153078,1.5745236591605174
LegMomentum,0.3383617192654346,5.872224680061837,0.7927189427614211,9.045415725365762,0.18552039563655842,4.168255799110195,0.24057628926821054,3.707235302639383,70,14,0.30506708316714953,46.61949464925631,5.3087815657513175,2.7938466179397885,0.0927130579948425,1.419238377562061,1.834496021270752,22.237057240354908,2.7949687242507935,21.717462284120195,0.07398452199995517,4.692867413259014,0.06073945760726925,2.8358556899072553,-0.9604727029800416,0.5195949562347133,59,44,20,101,1.4493200955241619,1.8579094034158945,0.43169196738043036,4.959484861437522,0.1925945989787578,2.110057158117646,0.14830905041657383,1.4798022468421885,78,21,0.07551911965221005,11.717800301459606,2.939899072995086,4.256452466217751,0.0956467017531395,1.051456475743354,0.8338254690170288,10.696924052330756,1.5600459575653076,10.305270859682878,0.0014027547091245666,2.7293358777694565,-0.0064105018973350004,2.3048820703879027,-0.7262204885482788,0.39165319264787735,82,38,20,78,0.14674988646283263,1.8532479197513734,0.21793191957967128,2.0660411340968117,0.10233021900057782,1.3634205654331029,0.09721990805119272,1.1031999932644516,80,17,0.03350934537592022,5.070709892964112,1.5572603318856117,6.582628949566928,0.05295500904321675,0.502087913350344,0.3652364015579223,8.62917430656545,0.7656064331531525,8.473907109755219,0.023043120559304936,1.623212434337291,0.022326461970806052,1.0018156449249291,-0.4003700315952301,0.15526719681022988,63,42,20,97,-0.5560677213202013,2.321373011188032,0.143320392997281,1.560734213752271
LegMomentum,0.42588447132850515,7.078155269909476,1.0123175425827502,11.089149423877842,0.28186483681201924,4.832492144225909,0.3084122830163687,4.0825002468991,93,16,0.42718904305127664,67.08185524448294,5.190343273725013,4.876288935334085,0.1287574172019958,1.8151608547423963,2.3606507778167725,28.90995215216826,3.321123480796814,28.51505663469597,0.027935320883989322,5.588885056872494,0.061986625194549505,3.4467265805123652,-0.9604727029800416,0.39489551747228807,62,39,21,98,1.4709197661901716,2.2732275685071963,0.5175780751766381,5.98717120730235,0.25225366652011866,2.541838697452077,0.18425330641795876,1.8563577670079439,81,17,0.11491649990614476,17.95532837766215,2.834701207193598,5.2865941656196345,0.1260651722550392,0.9237043326963011,1.054889678955078,13.521478366880048,2.057754874229431,13.170619412070021,0.019312380906194443,3.3282093806615816,0.02307295799255365,2.508245145398608,-1.002865195274353,0.3508589548100263,73,36,19,87,-0.14255006128500364,2.15115880788622,0.26814028879589635,2.6226609952752957,0.16546811163425434,1.0166465714851864,0.13342668141354802,1.4673573495057146,91,12,0.0580453641014134,8.9212011849431,1.2905008088498677,3.0061936293253275,0.0743633024394512,0.47473308125659086,0.6936633586883545,8.917843400307552,1.173038899898529,8.663480676352673,0.0005365510471165083,2.172054986343768,0.0155529491603374,1.409550614841115,-0.4793755412101745,0.25436272395487824,69,37,19,91,-0.04245918984459926,1.925163270543915,0.19106603205473058,2.050214213501183
LegMomentum,0.4188656968191836,6.891398645127213,1.0121132269501685,10.920806121439263,0.3261142075061797,4.161166787835583,0.30660083802416915,3.824862901558875,84,16,0.376753381428333,59.308519038400355,5.851534919323317,4.9303058755508316,0.16571241617202753,1.4921770155557537,2.3606507778167725,26.768995057742814,3.2720229029655457,25.98721034466795,0.004188026115298266,5.278402212667988,0.0220192372798919,3.0686998852545857,-0.9113721251487732,0.7817847130748644,75,34,17,85,1.7167666242428308,2.2968062673898784,0.4867588338639778,5.607761507027742,0.1838305182754993,2.323751110007003,0.1698825028724968,1.7164406260685892,90,18,0.10889896037127823,16.50352332039439,4.003963112271243,3.7479677703792893,0.0931719690561294,1.1517876877926496,1.054889678955078,11.67817131099427,2.057754874229431,11.0887817473298,0.03708224967122077,3.2920385162458077,0.054510921239852905,2.4185933708244467,-1.002865195274353,0.589389563664468,59,39,18,101,-0.2705720082073811,1.8684603846780337,0.2590485872521863,2.380337313900804,0.19798117876052845,2.2100029305242908,0.15042459667194633,1.5643535339622254,97,19,0.06742479247944083,10.25741844330347,0.9333429252493723,2.708116940423281,0.09254568815231326,0.8147660448714378,0.6936633586883545,9.091653233244324,1.173038899898529,8.961333340350166,-0.013663497939705855,2.350365392525468,0.018551066517829798,1.6714613496163957,-0.4793755412101745,0.13031989289415888,69,37,17,91,-0.016182482572374295,1.791303018624671,0.20546937612937818,2.1755920952517895
LegMomentum,0.3687660092113686,5.260084640631844,0.880813098102808,8.22461328026409,0.31074932217597956,3.6016919630759046,0.26981987267732616,3.4271473145230957,76,15,0.2513572993688174,39.84886553022483,2.4427586983196328,6.085383537504734,0.16141125559806818,0.8973490492343081,1.421144723892212,22.773796324586403,2.129793107509613,22.60765412781295,-0.015977668762207034,3.6733485127944703,-0.0398139953613281,1.4346109223662566,-0.7086483836174011,0.16614219677345354,85,34,19,75,1.1074349492667825,2.538930378728658,0.39727756082306054,5.1337487505501755,0.19630385190248478,1.5079193867614105,0.15115000310470345,1.3853896130013277,85,17,0.07633494715483537,11.331927799999969,3.6386768522039414,5.67030545196358,0.09651812165975565,0.8057408216576829,1.016554594039917,11.460139658656763,1.6928390264511108,11.267516407033115,0.024768487643450493,2.6207462050998407,0.04663723707199095,2.1366602552438887,-0.6762844324111938,0.19262325162364688,69,40,18,91,-0.1711788795995376,2.2686920669085096,0.2176971850853644,2.1127274146123898,0.12937056273221959,0.8549177582998395,0.13056900142692024,1.3479718602258384,104,10,0.05237411441949507,8.03811604537882,0.5711636453935443,5.658460083461501,0.0639117062091827,0.3852531858641355,0.43236044049263,9.608477164083054,0.9042502641677856,9.511142297035564,-0.017471954692155133,1.9305185623697776,0.018551066517829798,1.2377606892110389,-0.4718898236751556,0.0973348670474895,63,35,17,97,-0.5303654837565341,2.4829383635442337,0.1806446940007124,2.0763463405040468
LegMomentum,0.3201995840517814,4.113154568157361,0.7717521420121192,6.443425748078626,0.3286710828542708,2.0738611448236277,0.23669899208936837,2.8699529130300645,93,12,0.1749167869583177,27.096214296941806,1.877525018896482,4.94257652907183,0.14407399296760554,0.5783714692329701,1.1387683153152466,17.642316076045915,1.8474166989326477,17.543385562847433,-0.04978445805609227,2.912074527169366,0.00437948107719415,1.1504971168669007,-0.7086483836174011,0.09893051319848077,79,36,18,81,0.5427647551606186,2.419741358370408,0.32789705331067115,4.314630487672511,0.2176737487316131,0.8308572492251352,0.13917881347704675,1.3263762038950149,83,12,0.05610551417574744,8.554074858830091,1.6700106414053044,7.860546698471623,0.1092032641172409,0.4297729427502635,0.6292786002159119,11.469046340135932,1.3055630326271057,11.326453073497206,0.00368724651634693,1.9797664843703224,0.01750838756561275,1.2927915946926358,-0.6762844324111938,0.14259326663872687,76,38,19,84,-0.4559624502775519,2.778936240494908,0.1878105577650521,2.15281200437801,0.11337563022971148,0.7007699252964815,0.11579283792409112,1.326649987165021,107,11,0.04189866227684088,6.466289473534657,0.7354470224107699,5.231268904519299,0.052396774291992146,0.3317690177629712,0.3661961555480957,8.7713589667399,0.8264419734477997,8.680633429176039,-0.023016258794814358,1.5515847365389386,0.012651294469833301,0.801754347050265,-0.460245817899704,0.0907255375638608,69,35,15,91,-0.812682080907824,2.468072365595771,0.16068067713369136,2.0146648055877807
LegMomentum,0.2772695638556494,3.7169878035290282,0.6752461431920527,5.929892597015015,0.22819139063358296,1.3121436037452832,0.18952488260343667,2.3358226485637803,92,10,0.12193437920354523,19.277704490446904,2.1163245724706776,7.304442463477983,0.11457759141921994,0.6758870131042918,0.9750467538833618,18.44119736476349,1.657569706439972,18.17929751578354,-0.001402660831809055,2.6252845771682485,0.018560439348220797,1.3938448130353105,-0.6825229525566101,0.2618998489799524,68,41,20,92,0.38131513081768204,2.659093496181502,0.27692292966799636,3.5193160385690616,0.16850943863391873,1.34679330431378,0.12166912751272316,1.219858056644821,84,14,0.042802263642762205,6.617880655598119,0.025802254537604874,7.746420938075547,0.0853725522756576,0.48516582550843773,0.3803169727325439,10.329261650408863,0.7642294764518737,10.006722441041942,0.01902478747069835,1.7564532273378273,0.02590693533420555,1.1422714607301612,-0.3839125037193298,0.3225392093669207,65,39,15,95,-0.038543921429776674,2.688195414302011,0.1629584111420249,1.8795618414334365,0.147494327276945,0.9804850891579542,0.11135937514482061,1.227381443031619,98,11,0.03654920728343483,5.563205702693668,0.8478802538317116,3.6272173235454526,0.06576064229011536,0.4673309898927028,0.3165825605392456,7.859496787006341,0.7768283784389496,7.738226009406689,-0.02021897537633777,1.5481547925089396,0.011280000209808301,0.9284737423851348,-0.460245817899704,0.12127077759965242,77,33,19,83,-0.856511823040291,2.0805417286826824,0.1502516047884756,1.7794444192290106
LegMomentum,0.3060806849729033,4.5353888753887395,0.7231179447472094,7.151317129668781,0.19302140176296223,2.187098495090203,0.1992948609218001,2.7356905510585676,68,13,0.1738257722474212,26.189658007496224,2.8458885616145997,3.964941395553833,0.09722396731376634,0.7042172736675819,1.228867769241333,18.25550457061274,2.0075162649154663,18.076150006397153,0.07207409217953681,3.234608024286805,0.04782995581626885,1.734874873255786,-0.7786484956741333,0.17935456421558793,51,41,18,109,0.7061513186069714,2.172849520202998,0.32264072803554195,3.9657242638281893,0.17283090949058522,1.4072424727575723,0.13590155943878923,1.34268184370158,81,13,0.05681780814891471,8.634106527889857,1.095170631029183,3.9927895663895745,0.08738274872303009,0.6278892645269196,0.4079582989215851,9.37533173543499,1.0799122154712677,9.24474587931455,0.01824886975809931,2.1587235379920613,0.02062307298183435,1.5616465925654255,-0.6719539165496826,0.13058585612044038,67,38,16,93,-0.4690571856111581,2.0707113319226957,0.1881471626498953,1.993494222316407,0.13854028284549702,1.5627915873598925,0.10810623495373872,1.3059925241045074,87,15,0.03759276818454399,5.772779227722829,1.8217239051290885,1.5613127360357018,0.06590738892555231,0.427060933522406,0.346231609582901,7.382619828209246,0.8452599346637726,7.225949088289276,0.004122718051075933,1.7579855673899143,0.0154097601771354,0.9565064574205155,-0.4990283250808716,0.15667073991997,70,33,16,90,-1.012482556356969,1.501499579288303,0.15370799175144723,1.6377624896704612
LegMomentum,0.36826055121918966,5.2246006950186175,0.8799436672031877,8.21740028704258,0.2425075024366378,2.403630324745425,0.24743654489982872,3.343017514719146,93,10,0.24845878619782102,38.68411956385932,1.8218348756024776,5.144511726193123,0.09110039472579956,0.9081309524392944,1.2395236492156982,23.67564730844554,2.1669989228248596,23.370895821859538,0.04128776006400583,3.6724954056989993,0.06691613793373105,1.6973424100150392,-0.9274752736091614,0.30475148658600326,48,39,17,112,0.4946046747655526,2.3970289262530367,0.3931259176934276,5.019651089366579,0.21904937177896494,1.8049099527075572,0.15608958228956904,1.5322077294196228,86,16,0.07506606649179187,11.500673340086816,2.3655012865693665,4.7101775957921665,0.10447442531585685,0.790016412677724,0.5963646173477173,10.95029777543651,1.4447945356369019,10.44277547249121,0.010825244151055808,2.563348106321606,0.032550483942031805,1.8748769410814758,-0.8484299182891846,0.5075223029453007,72,38,16,88,-0.8095733522316677,2.1967116615421505,0.2170102293538632,2.220342276745694,0.15804853662848461,1.3772093510398054,0.13193073925795032,1.565081363249148,90,14,0.054651366111297034,8.231110766579285,1.556305256980064,1.3128035166970227,0.082362487912178,0.6091494158811233,0.5392558574676514,8.233009403047074,1.127865970134735,8.091022181349931,0.01140558933839201,1.9815567750219747,0.0366468131542205,1.097939580480738,-0.5886101126670837,0.1419872216971431,64,38,16,96,-0.8566165093439275,1.560188774308739,0.18504329964511498,2.074739384583952
LegMomentum,0.3706172336305713,4.96337527258133,0.884621570035815,7.750538076614812,0.3370225727558135,1.5615020227253484,0.2781255878088996,3.51938691220668,91,12,0.2551835194568819,40.294464286079666,1.614308992769522,5.847937481832803,0.1585191488265991,0.6903614157979525,1.2395236492156982,22.673941083221603,2.1669989228248596,22.458748109547045,-0.001998372748494162,3.669837516587734,0.033971041440963703,1.4706287064652288,-0.9274752736091614,0.21519297367455723,69,38,18,91,0.8300754653918662,2.527888906541976,0.40061048528798643,5.179455269420216,0.1928655877709388,1.2653862954133464,0.1426941801095381,1.353130418182977,90,13,0.06572136500384747,10.126116156302135,3.197777068517018,8.10120830260139,0.0957853347063064,0.6841456605307135,0.5963646173477173,12.332959333098191,1.4447945356369019,12.234813162274625,0.02187691014260053,2.3289759398469747,0.0397575944662094,1.8191603637570206,-0.8484299182891846,0.09814617082356598,65,41,18,95,-0.8479715304484243,2.646718901570134,0.20212021811557235,2.168406610374548,0.1902556009590625,0.9485936437879755,0.1288313667644979,1.3954254607341827,81,12,0.04706452938532995,7.069694184946599,1.207701598012135,4.449230466971141,0.09721833467483515,0.35797174355893174,0.5392558574676514,8.87811994762752,1.127865970134735,8.78869264643697,-0.007019205996766691,1.7517246201801029,-0.0046600326895713,0.9487578556580604,-0.5886101126670837,0.08942730119054915,82,36,16,78,-0.2618590015946806,2.2525012832504507,0.17190332697306565,2.000288739157793
LegMomentum,0.3568502230063224,4.516660043455648,0.8412177354097364,6.972956956008536,0.32789306342601765,3.2729990138557943,0.2710257148835808,3.1876077150004085,87,15,0.23247253501591034,36.68795051040243,1.280425652624122,7.049729102997105,0.16663002967834467,0.9549229293307899,1.1896705627441406,22.48854733926353,1.9901760816574097,22.431316990700747,-0.01887528225779534,3.390292384188296,0.0106656849384307,1.440669206934738,-0.800505518913269,0.05723034856278103,78,38,16,82,0.6117171560474121,2.7438384417019455,0.3819039467036264,5.019349366214436,0.20002853497862805,0.9456231118522247,0.1456770101387519,1.346951642543255,85,10,0.061542247405809866,9.570241319891819,0.7559395912345899,9.753114061752973,0.09956853091716755,0.5029822175342911,0.4867493808269501,13.026067880473029,1.0746861398220062,13.017689444038693,0.01694414196535944,2.044957329491564,0.0290067493915557,1.3800583280710734,-0.5879367589950562,0.008378436434335676,65,40,18,95,-0.6098718919756165,3.036528074575784,0.19600231209440774,2.3212907703367436,0.14916525781154621,0.9079506353026413,0.10794153013033789,1.1583872726208932,87,12,0.033371152256058106,5.160125110447451,0.238564720987267,4.924161259216745,0.0754645243287086,0.4116742332849247,0.3855706453323364,8.26739381217836,0.7228489816188812,8.130204414495472,-0.011527977325022223,1.5377072423286768,-0.0049441121518611,0.9449013380920368,-0.3372783362865448,0.13718939768288907,82,39,16,78,-0.009215352326288999,2.2645655014673567,0.14441058132568654,1.671999266548101
LegMomentum,0.3619474593770524,4.4359317187963105,0.8688587927073238,7.004739828487576,0.3197215497493743,2.056968612935048,0.26798081195447593,3.1305242680761993,85,11,0.22444743625831504,35.33512142531733,0.7533428595067635,7.348456414421891,0.15083074569702146,0.7946315297932907,1.0303151607513428,24.561216389510335,1.8308206796646118,24.466559374705763,-0.02001691795885563,3.2371218731788174,0.0106656849384307,1.4223115488393294,-0.800505518913269,0.09465701480457082,78,39,20,82,0.13953477989811225,2.7712211209843147,0.3751782411210599,4.985595591652476,0.20422007143497453,0.7756935929559617,0.15929520587902513,1.6439213241331239,83,9,0.07453938395148982,11.771600875127628,0.5016820696123641,6.805662742454054,0.1024916321039199,0.408000092566717,0.4581654667854309,12.396692015523453,1.0573399662971497,12.107807103287497,-0.0064263273030519515,2.062111729843477,0.00488650798797605,1.1892147126714951,-0.5991744995117188,0.28888491223595486,77,36,17,83,-0.37802881552350404,2.780567286286522,0.2164221760270931,2.742133492149784,0.16658442281186572,1.703685973853247,0.11979335075884587,1.4112128437241265,97,15,0.041957505085146216,6.419142418523458,0.7054678542885937,2.4379223801393177,0.07936488464474664,0.5904419607954232,0.3748789727687835,8.300952837177737,0.8740277588367461,8.13906798774443,-0.025154169416055083,1.705506225465282,-0.0027881525456904498,0.9152267085524963,-0.4991487860679626,0.16188484943330778,81,36,19,79,-0.573775758702428,1.7626026715442669,0.16047322608779224,1.8736037290266652
LegMomentum,0.32600155681612336,4.043950987573591,0.7983290402591227,6.462629039218236,0.29680195450782765,1.0700778563672768,0.23605982383713126,2.819113068226606,86,9,0.1746389094042884,27.41652074237174,1.154499846022353,6.265944924727325,0.14675530791282648,0.5059815658244212,0.9804688096046448,20.031271552751257,1.7719714641571045,19.842263322464884,-0.03788728788495064,2.7681895236207588,-0.015210211277008001,1.0675759285853623,-0.7915026545524597,0.1890082302863711,81,35,17,79,-0.08432815868258958,2.661990455831753,0.32922836683517887,4.4445075659388875,0.2114973217248916,1.1806142469418317,0.14888916147174308,1.7164232276739742,75,10,0.06736081523641818,10.42197911018126,0.8085765897274277,3.7817762760190323,0.10524961352348329,0.48002222846586845,0.4930266141891479,10.822284346981032,1.0922011137008667,10.693309083463975,0.02848904747515917,2.023558567091427,0.02249607443809505,1.0153354205222247,-0.5991744995117188,0.12897526351705743,65,36,16,95,-0.20854589623833922,2.184869827253215,0.2038346442843692,2.515390593075388,0.1506837792694568,1.5987224022875548,0.11824457387672735,1.4328505722561602,102,13,0.043841643177462794,6.618849013703505,1.1284509414818906,4.180528277894021,0.06667826324701301,0.46568605532715257,0.3795885443687439,9.185489718251713,0.8787373304367065,9.085345636705199,-0.03497487148270011,1.67088094850605,-0.00305998325347895,0.8244953316885968,-0.4991487860679626,0.1001440815465135,83,33,20,77,-0.8016630984449674,2.0911105537655206,0.16230349814505265,1.9562734649386384
LegMomentum,0.303025933349603,4.344190359335549,0.7298963649570939,6.860350441472783,0.25408247113227833,1.3054622033272727,0.20544430259615182,2.6196880319127693,88,12,0.1497026047893559,23.391670712416367,2.859228211634006,4.65519550926038,0.13006433844566348,0.548300155994754,1.1006004810333252,17.79817558415134,1.8914591073989868,17.71240120370854,0.026139797642827034,3.010184504063717,0.06049355864524835,1.5647767297168562,-0.7908586263656616,0.08577438044280102,66,35,18,94,0.4114219372427655,2.2828368305504876,0.3057204526892052,3.785559399073146,0.2278427556157111,1.5896935580743694,0.15184356192126866,1.5732257927348965,81,14,0.06821730002266822,10.517803083977942,1.1182317736256628,5.605735508899022,0.11458341777324674,0.6844619974690483,0.7171094417572021,12.042866251147288,1.3078584671020508,11.804706810784324,0.0288072869181633,2.277359628418749,0.029838353395461953,1.4558656500683163,-0.5907490253448486,0.23815944036296408,66,35,19,94,-0.10085650074795456,2.3081311578887798,0.20510700440239857,2.308990300288496,0.10765175148844708,1.1829434728242472,0.09157160359318364,1.1218642161469714,89,14,0.03013596114521234,4.719728633605928,2.709020799471327,2.5948916711495222,0.05031032860279085,0.35297351500355545,0.3795885443687439,6.759474721640777,0.8494540154933929,6.513274431010793,0.006923554930835951,1.5728063089903173,0.02014598995447155,0.8551507628604718,-0.469865471124649,0.24620029062998422,69,35,18,91,-0.7477222827199153,1.8046176161582317,0.1374961729932916,1.4986690588672948
LegMomentum,0.3269607011558757,4.455661217896266,0.7732702635973691,6.853554220837663,0.22730265557765952,2.8524555151290927,0.21892551247030495,3.087515041434601,88,13,0.19147958944114055,29.08794681890429,1.956743440497812,3.070995609410791,0.11313873529434196,0.9003785472320329,1.1006004810333252,17.284331795028542,1.9153220057487488,17.21738564099812,0.07163868583738803,3.207321105036259,0.08250963687896724,1.45840395876958,-0.8147215247154236,0.06694615403042026,52,36,17,108,0.24564802643324177,2.0365985026916302,0.33950410316758695,4.3360163915849395,0.25301552563905705,1.3951959798971618,0.15810209404211487,1.5896596752138026,84,13,0.0703052867583121,11.13920766179326,0.9107182375852516,5.5381105426472015,0.12528717517852786,0.6564969924046946,0.7171094417572021,11.524019328746027,1.3078584671020508,11.217047051964359,-0.003619345556944607,2.2538631581627544,0.013048216700553849,1.5257436447409307,-0.5907490253448486,0.30697227678166844,78,37,19,82,-0.25270126027170636,2.4555056160295727,0.21024742431987511,2.461566274970039,0.11467347294092169,1.2603279702115513,0.0864058587729232,0.898686015345231,83,16,0.02286624376144093,3.3799355016233763,0.6269308146883263,2.452068463284724,0.056598626077175106,0.49668146992318496,0.3779055476188659,5.527452635475221,0.6123514771461486,5.505639975856488,0.025034562917426218,1.3923699576386483,0.02742812782526015,0.958304651710689,-0.2344459295272827,0.021812659618733462,62,39,16,98,0.2133142087459362,1.6741403130438333,0.1172630135640487,1.2005171396896939
LegMomentum,0.39680975590459483,5.285605550712407,0.9322048205882308,8.105594980822792,0.3817344456911087,2.7046302356006473,0.29873759135603895,3.6292842965518073,96,11,0.3016371103233205,47.709994718166,1.6651608997198535,6.29591905237934,0.12424534559249871,1.0541741950894057,1.589866042137146,26.484947780525005,2.4483416080474854,25.953560518237214,0.018167682737112025,4.062564159092096,0.07797336578369135,2.106765367381884,-0.8584755659103394,0.5313872622877902,57,35,18,103,0.44499887513535813,2.6011015684652663,0.4351743717667148,5.586194337062248,0.2779669463634491,0.8494084192441997,0.17080115488497538,1.3429963971973524,85,9,0.07668164667183977,12.104224573969837,0.5144996787768679,11.35759629282605,0.13911205530166626,0.4773321062064091,0.6281272172927856,14.695977523337598,1.272953748703003,14.52506447371971,0.009549790807068349,2.471810408938869,0.019948139786720248,1.9230532795021782,-0.6448265314102173,0.17091304961788964,72,40,15,88,-0.4588243468034878,3.232433062017658,0.21939844725304605,2.448341862614634,0.1494820974767207,1.2222069583230393,0.10789981470908964,1.106608302483884,88,15,0.032299572931396986,5.058717429814576,0.47553380780787213,6.883909953432076,0.07720360159873955,0.4310155122656611,0.3550541996955871,8.653649320487302,0.7737595438957214,8.56204139580539,0.0001163910608738633,1.571220412791827,0.01798573136329645,0.9525414064795099,-0.4187053442001343,0.09160792468191256,72,39,15,88,-0.3284458032934367,2.4960236953924633,0.14252783300155733,1.6093426745851416
LegMomentum,0.41537300839253855,5.294929664750911,0.9828872281312941,8.202516024822783,0.40117467939853657,2.123495477669806,0.31082354718353594,3.7167613555802315,93,11,0.30776666705431904,48.8578491112387,1.7303291235423925,6.528553168411207,0.1812690496444702,0.8428899428272965,1.589866042137146,26.741177906070913,2.4483416080474854,26.457741920601038,-0.014186912402510656,3.9505049144177486,0.017887324094772297,1.6959844971648355,-0.8584755659103394,0.2834359854698748,71,37,20,89,0.7600905906877578,2.6670030520538925,0.43972878825539885,5.76639922589478,0.30025880038738245,1.2166694124288633,0.18494900916703044,1.4996691749481443,86,13,0.0868279981858274,13.665990500556795,0.26470751209498067,11.16675508648002,0.1555904000997543,0.6282837772184526,0.6281272172927856,15.593490420227253,1.272953748703003,15.239129485503579,0.019028523936867714,2.6127607943425972,0.0478018373250961,1.9866834302978258,-0.6448265314102173,0.3543609347236738,67,35,15,93,-0.5314182255562704,3.187160596585808,0.2329043621421277,2.6152383317975114,0.16046125441789616,1.1681649400529912,0.1191567312343977,1.3289973356596017,90,13,0.04251517984266093,6.574277512623328,0.9104547763217128,5.52901540788352,0.07901113480329516,0.3661277511034274,0.3332586288452148,8.828535051416248,0.8468577861785889,8.708425148903487,-0.018942347448319196,1.6392503160624374,-0.00553766638040535,0.8757747537821446,-0.513599157333374,0.12010990251276073,84,36,19,76,-0.7414820446580874,2.452986101208834,0.16241316944716008,1.9715820839905513
LegMomentum,0.3813738560612539,4.475616424279521,0.9080812278389929,7.120074063394746,0.3806689679622649,1.737987107553424,0.2793177103623748,3.066808964644406,85,10,0.22706550441254705,35.87585143265131,0.6207767516111087,8.035709690257937,0.188533455133438,0.7046818123446974,1.0684053897857666,24.18958669534241,1.848167061805725,23.88356275919311,-0.018337950110435493,3.175483537267234,0.00378748774528495,1.387186740447137,-0.7797616720199585,0.3060239361492997,79,37,17,81,0.41862068283166365,2.9479868457240066,0.37745211346051954,5.078597812112717,0.2636208645999431,0.9736382655645313,0.1618190164491534,1.438298864579565,82,11,0.06742239740453927,10.573674716738742,0.07892085976329843,7.669248286841082,0.13867667317390442,0.496064202663935,0.4322399497032165,12.72447548498211,1.036466658115387,12.67717491894565,0.010139849781990052,2.1449178946569547,0.0230462253093719,1.4866504259491804,-0.6042267084121704,0.04730056603645949,72,35,17,88,-0.46111894961480643,2.827165053206632,0.2056710002073091,2.4439725738884874,0.19959649071097363,0.8915051095707943,0.1307519104587845,1.4717884793976963,97,11,0.04942335721445456,7.556423775508829,1.091945700166824,4.8211727940763165,0.08512465655803675,0.3803764011489235,0.3236332237720489,9.538052695966227,0.8907521069049835,9.370144232942543,-0.026639096997678285,1.7996726314705578,0.00741262733936305,0.94858143073805,-0.5671188831329346,0.16790846302368337,74,38,17,86,-1.0019831254066391,2.2639620049078877,0.17426923945163547,2.077884066795996
LegMomentum,0.33671723815604004,4.254289852394221,0.8003691709041594,6.607287897093247,0.35051719844341267,1.624530138915405,0.2597296831663698,2.7972224043900193,86,11,0.20189116838581034,31.06199210018417,1.3204529769753188,6.394808120891042,0.17286416888237,0.675382204652752,1.0206291675567627,20.736149113653948,2.0845837593078613,20.483271149503114,-0.042962225154042244,3.1798775149072736,0.00626406073570245,1.5115918623605635,-1.0639545917510986,0.25287796415083297,79,37,19,81,-0.07363344041304917,2.707161560423386,0.3537205341831847,4.577157533925537,0.19285784661769853,1.2664635103148547,0.13502409262582654,1.3047885177677265,80,14,0.0506632597114454,7.928194252736412,0.5797024996625391,6.631470483034439,0.09602802246809011,0.6130535618240391,0.5030595064163208,10.199764591255384,0.9932824969291687,10.088717346446485,0.002074424084275963,1.9003736454911302,0.00237115472555155,1.211217843256784,-0.4902229905128479,0.11104724480889865,79,39,19,81,0.08055284850078955,2.600576872206793,0.17849189072183658,2.0776848317921472,0.1419161371886729,1.0353287401638052,0.11083230047370304,1.3724206238529064,97,12,0.038745424983158604,5.890205074366395,1.9371937070398495,4.120976919968613,0.07265718281269071,0.36724860041778185,0.2766141295433044,8.819310531356923,0.843733012676239,8.630647773239216,-0.028707107063382864,1.5270367366948432,0.00017499923706055,0.7114975853488978,-0.5671188831329346,0.188662758117707,80,39,20,80,-1.2256942049062254,2.121642328052738,0.1534239577481136,1.886362605426316
LegMomentum,0.31451266722114635,4.574759366958368,0.7499176046252249,7.053351351011958,0.3008144497871399,2.5704276327644635,0.24072986382525413,3.111747137252125,95,13,0.2052694778291332,32.266679839522155,3.9477672776595263,4.394095351085162,0.13715791702270505,0.9920492317416775,1.4997162818908691,21.509257898573377,2.5636708736419678,21.408302103852336,-0.025062081590294837,3.5136671345650696,0.02867341041564935,1.655761408193841,-1.0639545917510986,0.10095579472104022,71,36,16,89,0.5167606672428348,2.175115812409508,0.3584246674316185,4.4632749306982475,0.2168143838644027,1.4071672681393914,0.14289935903856527,1.5095853455698356,79,15,0.06187237126623257,9.498214783112818,1.6145669254486918,2.081666942091007,0.10725364089012135,0.7170866264581037,0.6095131039619446,8.885532203100432,1.2649226188659668,8.782514585922094,0.03374384511262178,2.2252233545977025,0.02807031571865075,1.4864076724022643,-0.6554095149040222,0.10301761717833742,73,37,15,87,-0.035308346616840014,1.7344289793706065,0.19433896331552172,2.132274795908296,0.11053800582885734,1.3287716795068714,0.08762757203076031,1.0908802554814452,89,14,0.024903853454602297,3.861969289104353,1.898463803163546,3.39296683317877,0.0554524064064026,0.33860741053329696,0.3483306169509887,6.814388927981826,0.8103087544441222,6.777682685399098,-0.0162565279752016,1.3144608618491846,-0.00820875167846675,0.6225509784317409,-0.4619781374931335,0.036706242582728164,88,40,16,72,-0.6886188680267056,1.9054520174593064,0.12408410094767532,1.460877110427517
LegMomentum,0.31118673815410974,4.8986658332460165,0.7240513578057287,7.467119895092816,0.24103327095508564,1.9984537173981543,0.21606155427172777,2.7142893126292362,83,12,0.19245532008774602,29.478671506270892,4.274995190800862,2.5336245917659896,0.11517313122749324,0.9380880856292643,1.4997162818908691,16.793235530569895,2.2558125257492065,16.38687448464312,0.05557292252779007,3.859623879827498,0.05821254849433895,2.5139920760221424,-0.7560962438583374,0.4063610459267746,60,41,20,100,1.241611283893152,1.8790062914328969,0.34341419381670707,3.8186352290492773,0.22102051973342884,2.100146201726228,0.1440858966729138,1.4247101300836906,79,20,0.05829048502650619,9.03180278869861,1.5838065363548148,4.10525651134147,0.10888075083494181,0.8760232185521905,0.6095131039619446,9.865022079853528,1.2649226188659668,9.575087817814003,0.021013290155678988,2.2881940730874466,0.0130986794829368,1.6728941494598069,-0.6554095149040222,0.28993426203952416,75,37,15,85,-0.18313786310016716,1.9107303212958051,0.1903059298782285,1.9483250941734784,0.11436346918344482,1.1519945655639425,0.08327217167243357,0.9176664812685545,80,16,0.02066852116560442,3.178280989620291,0.9032298473793294,1.3205141535967986,0.0568332821130752,0.36377218107079756,0.3866134881973266,4.738125484295146,0.6351205706596375,4.6981031882367486,0.01605893662199378,1.3193019421778727,0.01609662175178525,0.8120322890505656,-0.2485070824623108,0.04002229605839766,69,37,16,91,0.2598768550925455,1.5254500747591684,0.11286965280290182,1.1990510310182734
LegMomentum,0.35581836576649206,5.607951788149106,0.8177790076285599,8.528775037425635,0.27492272853851313,4.5210277329672515,0.25291704372502866,3.5380874690842665,82,15,0.27155407012056193,42.20010949305544,5.7006049476717155,2.2523303488576465,0.12253046035766596,1.483447347907608,2.027873277664185,19.55697822428086,2.881730198860169,19.273062440613206,0.06074087880551815,4.436314780594113,0.06743729114532465,2.6324019558134144,-0.8538569211959839,0.2839157836676564,61,43,17,99,1.5167768901812475,1.7405643894340392,0.40874939128118487,4.745442093265669,0.2378767281770705,1.540126815192816,0.15459692730219105,1.397458701693123,83,15,0.07038583100848136,10.599951193507,3.341920412953188,4.444646408070997,0.12075735628604885,0.6406490404107541,0.9968453645706176,9.90418054627757,1.6860556602478027,9.701203610164201,0.0023109265603125026,2.480086532192479,0.00578336417675015,1.8150467129305348,-0.6892102956771851,0.20297693611336717,76,42,17,84,-0.009081133187759645,2.2121291423297373,0.21038641656593537,2.109294191511578,0.12321057543158517,1.5596359921764997,0.09355327525758181,1.0412848582358334,82,18,0.02863997196789313,4.429239366757633,1.6987107799324992,2.8179745863246835,0.0599703714251518,0.5715825936129664,0.3866134881973266,6.877821228184249,0.7867051064968108,6.752826521945012,0.013874796545132984,1.6123737246390442,0.0196556076407432,1.1546500382331695,-0.4000916182994842,0.1249947062392373,64,34,15,96,-0.22957995257972244,1.603493760748661,0.1334872287986439,1.3525865365481233
LegMomentum,0.40615873924910606,5.865177457245917,0.9423458150774239,8.888840796008841,0.3793815076351165,3.493743475594976,0.3005344975320622,3.8801624794610294,87,13,0.3346043291506418,53.243062995837754,3.8424095283020847,5.398133302493358,0.15652704238891596,1.1485766966030098,2.027873277664185,26.309041629089055,2.9012495875358586,25.958974214979733,0.016165512427687635,4.617801782927319,0.04444324970245355,2.2786216893975157,-0.8733763098716736,0.35006741410932224,65,36,18,95,1.194682561596615,2.371767615395158,0.45845393113230914,5.649687574497464,0.27925107628107065,1.536705921878773,0.17184968147194007,1.507729130213919,85,17,0.0836710281660305,12.663536748712499,2.0404272963057677,6.609903572877178,0.14082220941781995,0.7999967609429974,0.9968453645706176,12.010234002908417,1.6860556602478027,11.95004570265391,0.021168857254087913,2.5718913312495086,0.038886860013008104,1.9592433121016977,-0.6892102956771851,0.06018830025450761,64,41,16,96,-0.10922794758811975,2.5692444959965455,0.22841267318005362,2.4594535427521556,0.15136643871664987,1.0818351103715915,0.11326849851931908,1.1613877200013032,97,15,0.03867292974077746,6.0102424713949665,0.7112612355441428,6.8273469751929525,0.0729923695325851,0.5448757937298605,0.3749561905860901,9.30265752986383,0.8196107149124146,9.165978947020673,-0.011667651077732448,1.6991476818320126,0.0043784528970718,1.0634607674442087,-0.4446545243263244,0.13667858284315673,72,37,16,88,-0.543999761078647,2.542469032975209,0.15551722428843395,1.7672406816050452
LegMomentum,0.3969230914781997,5.0667442702269305,0.9381879138946531,7.822950021853097,0.37414972484111775,2.813289681501157,0.295590428034775,3.6170067769394474,91,13,0.28870603141586826,45.945540373876945,1.7624368661460954,6.671711935068439,0.14891082048416135,0.6543855257714876,1.3846114873886108,26.2656273885402,2.2579877972602844,26.123300031239197,-0.009843074157834062,3.7608399565689012,0.029327780008316,1.4848320901841223,-0.8733763098716736,0.1423273573010019,73,33,19,87,0.6850414791029094,2.691418357760651,0.4260030808948043,5.6392927920929745,0.28331457450985903,1.831919051667867,0.16669005972798911,1.4960544147748,90,17,0.07411495591702516,11.449131889057126,0.3956278133821818,7.217015001860792,0.12914811819791797,0.8973108861999561,0.5219417810440063,12.466452338770804,1.1352636218070984,12.18411620011622,0.03243638295680283,2.390856380284899,0.06423462182283395,1.6897468929479862,-0.613321840763092,0.2823361386545843,59,38,16,101,-0.6297568200707474,2.6426596030575302,0.21343487011840578,2.3943553741890775,0.15460315719246853,1.062212320791069,0.12214157689362759,1.2374531901472372,96,13,0.043683390944323844,6.709360735604272,0.37443619194953026,5.827301589019916,0.07677042484283439,0.5604098058315604,0.3475485444068908,9.335063328994048,0.7922030687332152,9.185225770550112,-0.022351575829088685,1.6712536849992958,7.137656211849992e-06,1.0672644919069256,-0.4446545243263244,0.14983755844393645,80,36,17,80,-0.7276427432253899,2.525746379179506,0.16422879085767816,1.9789572648191642
LegMomentum,0.4014856107406435,5.334119390664909,0.9578794597089288,8.28485215844987,0.365873023867607,2.961785592937482,0.2994630443444476,3.5778387040704613,83,14,0.2955254357511672,46.98782672990443,1.89887222541625,7.29315186796525,0.16998252272605896,0.8561140339717187,1.470862627029419,25.694232353654687,2.303196966648102,25.288980359678924,-0.01758239306509495,3.801232096844546,-0.0047992169857025,1.607984531997448,-0.8323343396186829,0.40525199397576217,84,36,19,76,0.8092006793122066,2.8018424346789486,0.43075975799219374,5.704249405120997,0.2806692272424697,1.3917826764706756,0.17391181447892448,1.4771618080578475,83,15,0.08079359304681359,12.561520324042705,0.89497410538339,5.359342666436103,0.14135789871215815,0.7141767200216043,0.8275866508483887,11.966981853435426,1.4409084916114807,11.531938984072486,0.017983724828809493,2.679194732446451,0.0325551927089691,2.0754606477417474,-0.613321840763092,0.4350428693629394,69,37,18,91,-0.36416896495221024,2.3597224961056313,0.22469564330733757,2.320223245654154,0.1827817186713218,1.2984754556859077,0.12469455811427906,1.1685851403422012,89,16,0.04237999081718822,6.475962341615992,0.25056003843967334,6.306110813186121,0.09310175478458399,0.586105704948485,0.4199404716491699,9.289635871486956,0.853131502866745,9.051774392359501,-0.014837954379618162,1.8044253291588748,-0.0011848211288452,1.2865899540729882,-0.4331910312175751,0.23786147912745495,81,37,16,79,-0.3644493718208786,2.4650446905344015,0.16258084973312714,1.7944390692096177
LegMomentum,0.37066217517708644,5.077326092911132,0.8768394955992698,7.888353847655695,0.34851524233818043,2.465201654707487,0.28291047428734595,3.2805452876177306,81,12,0.25277708492825934,39.616201427728925,2.2026618856958375,6.409517175198305,0.1752851605415344,0.9829115033145438,1.470862627029419,24.756448500541335,2.303196966648102,24.497915641113313,-0.035692504793405536,3.816626870335162,-0.02134981751441955,2.000532655850267,-0.8323343396186829,0.25853285942802134,84,39,20,76,0.7712532041924516,2.5749687437546083,0.39711123316223695,5.0049536221991655,0.25057263672351826,1.6699309871405934,0.1548964144103229,1.4025117329118166,86,17,0.06448378415115692,9.989103042441009,1.3812112756141186,5.467391327967876,0.12482637912034995,0.7450786081148113,0.8275866508483887,10.944305822582276,1.3545945882797241,10.58731646996449,-0.004386960715055471,2.4079101075690463,0.006075471639633101,1.6223250442782415,-0.5270079374313354,0.3569893526177855,77,40,19,83,-0.01219225536358757,2.2211561474337267,0.20133671454570326,2.047210774763516,0.14086221903562532,1.4936729505999478,0.1122278589289635,1.2242696727324875,95,18,0.038188468440053865,5.821524250618133,1.2016637154656618,4.342403784529738,0.07326358556747439,0.6146220873807919,0.4199404716491699,8.199158333487112,0.9112564921379089,8.040002373847857,-0.019601831585168837,1.6638168697514866,0.00430464744567865,1.0016433326387946,-0.491316020488739,0.1591559596392561,79,42,18,81,-0.734414935200649,2.1229332487804102,0.15372461197080703,1.747351617319335
LegMomentum,0.33225980304925695,4.3481211708375405,0.7910921895876526,6.785973212601765,0.33860932290554036,1.3072749186447785,0.26056951284408564,3.001903282728729,90,10,0.20454819682477862,31.87502767951164,1.5938613791147684,6.281229071557103,0.1788660585880279,0.6996122062845167,1.2425875663757324,22.541916030043925,2.0929386019706726,22.230642547945365,-0.043095237016677855,3.3917357255151743,0.0034671425819397003,1.776154083574708,-0.8503510355949402,0.31127348209856176,80,48,20,80,0.18729859870597226,2.5573497854336193,0.35605868156308274,4.513441751897956,0.20342729613184918,1.2305077078797533,0.12485069315880533,1.1743553234127804,91,17,0.04062813257348877,6.237453546019534,0.6555489976389874,7.126996467157717,0.0993738919496535,0.5653521007158776,0.3889079689979553,9.682727764791501,0.8912948369979858,9.671199245826507,0.017086833715438832,1.7934934238094826,0.040917158126831,1.1380650343450074,-0.5023868680000305,0.011528518964993847,67,41,17,93,-0.6044068703943118,2.4519509470087493,0.15892919343309622,1.7380549141991097,0.12450205814093347,1.1197324143689722,0.11316948286694242,1.2718347268268122,103,13,0.042643020574279974,6.462133030548859,1.018359766013944,5.885327120047686,0.0641670152544975,0.48757585901078965,0.3005107343196869,9.581751928914871,0.7918267548084259,9.539603388447297,-0.0325508831301704,1.6007440632771077,-0.00602307170629495,0.913179621423303,-0.491316020488739,0.042148540467573416,89,42,19,71,-1.1240797143570336,2.487228668028544,0.16047830352812928,1.9747788419040642
LegMomentum,0.333460022462255,5.349872869658296,0.7872236586175856,8.12256500936511,0.297900155186653,4.007024716602999,0.24222706586588175,3.314865789852525,85,15,0.24097439992421915,37.2834224275854,5.981195643944277,3.2380966176733024,0.1570891737937927,1.1264590679897566,1.8047419786453247,20.91936519754314,2.655093014240265,20.44731442109903,0.038803709670901305,4.17687623786386,0.052622377872467,2.1164881478719657,-0.8503510355949402,0.47205077644411164,70,39,19,90,1.4062019196829834,1.8972007810604847,0.3873512985605142,4.453889010870572,0.21169727295637122,1.3668733096455303,0.14159013160315223,1.1647904967359972,91,17,0.0571733253310646,8.853818444127059,2.902016672374673,4.472036775663221,0.10519352555274965,0.6996156605791635,0.8209641575813293,8.935484444577144,1.5610064268112183,8.538615517560888,0.010178294673096378,2.409412449824195,0.0318393856287002,2.0212584510066995,-0.7400422692298889,0.3968689270162549,69,39,15,91,-0.3106520386279157,2.0800971950713794,0.18935104173399447,1.746009762503987,0.14420817419886583,0.9107781857871926,0.10300306695833565,1.1496560252964372,87,13,0.032086257200660676,4.963429456681222,1.3653829938894377,3.04668663931014,0.07394880801439285,0.34122016628016266,0.3005107343196869,6.878260227447758,0.7488875985145569,6.622825280755921,-0.0016362088965252083,1.5362763216770534,0.010060198605060501,0.8506302360147191,-0.44837686419487,0.2554349466918362,75,38,18,85,-0.9893615751070518,1.984806522054445,0.14204697095713786,1.6134697146632917
LegMomentum,0.3726782084315176,5.665361421102496,0.8546567074768243,8.77620929693495,0.2693159431219101,3.896455616307379,0.25136475879698994,3.5735810110531285,75,16,0.2805008939497026,43.18558183807552,4.574402239070637,2.9211366603735245,0.135557472705841,1.3147175149869181,1.8047419786453247,21.542811588182108,2.597630202770233,21.11767117287715,0.07488073408603665,4.310898601986117,0.0633608996868133,2.144959306452649,-0.7928882241249084,0.4251404153049578,55,30,19,105,1.3487147333328093,1.9226969659561743,0.4132472229815193,4.960013617064944,0.23883987218141547,1.2709924954893295,0.15783191557842652,1.3197204475510445,89,14,0.0704531791395209,11.030167831935364,2.0617938444677453,5.250755449342019,0.11676532030105585,0.7347375539711409,0.8209641575813293,10.688044211126943,1.5610064268112183,10.00115379711045,-0.01295039932010696,2.637297758807031,0.01676500588655465,2.089171091884438,-0.7400422692298889,0.6868904140164932,76,37,16,84,-0.3348847930931241,2.2872038806136588,0.21009856715157527,2.0186204109061157,0.15059338510036463,1.387338421744249,0.1122832307312637,1.2266001356164853,91,19,0.03812568091297574,5.875065276254415,1.0038578909883524,1.3302338061195176,0.07718647271394721,0.7282076385211088,0.3705102801322937,6.578594300739907,0.8399794399738312,6.386648947745961,0.010214100033044803,1.8280129361418034,0.02244408428668975,1.214829772127632,-0.4694691598415375,0.1919453529939457,64,33,15,96,-0.6052916667047226,1.4510298204011725,0.15451029635308866,1.5916764688694245
LegMomentum,0.38889295596685536,4.873196305794312,0.8837409069761631,7.552865122915119,0.3376313745975493,3.7686903931012585,0.2794811839982867,3.619330013065674,94,14,0.26420707076901356,42.010765759132774,1.6153164964726043,6.404351746293395,0.17399549484252924,0.9258782058351436,1.3585212230682373,23.930945624564263,2.1992233991622925,23.789198548859797,0.019470928609371156,3.682044437070127,0.04591998457908625,1.589906979589708,-0.8407021760940552,0.14174707570446554,64,31,15,96,0.5032796856169438,2.5795520758262533,0.4071688440833524,5.334164838339146,0.22471595183014864,1.3336483929393306,0.14400015113613335,1.4821157357369037,93,13,0.059843868348641874,9.420521467514083,1.239204092265057,6.274272226215995,0.10583449900150296,0.6420979485356166,0.5820035338401794,11.490975063142782,1.2393398880958557,11.300340334216303,0.00983253486920147,2.046346251151104,0.032296985387802096,1.24172119724117,-0.6573363542556763,0.1906347289264801,64,37,16,96,-0.25594485187003285,2.5355580624493284,0.19375336452589415,2.2875726191563635,0.14414608478546131,0.9956109231328326,0.12467936255736271,1.3677758726990108,89,12,0.047549201552522936,7.449251490286755,0.4965294011379151,3.6825621606954595,0.07279260456562034,0.4191758390425018,0.3705102801322937,8.468764075786474,0.8399794399738312,8.212478774422143,-0.012052231095731258,1.8244744346938868,0.00964696705341335,1.031379339268291,-0.4694691598415375,0.25628530136433103,74,31,15,86,-0.5395062047999846,2.184226556622848,0.17250793713123722,2.0299124432928575
LegMomentum,0.38292961005960646,4.748399554988814,0.8882986387610434,7.314445806583175,0.3233369141817092,3.249878458352213,0.2822248393762857,3.712704646615579,77,13,0.26650241587514045,42.45677752245626,1.8605599901927636,6.892810141199693,0.15747246146202085,0.6020913795812387,1.3902184963226318,27.328376700002636,2.230920672416687,27.149813632368907,-0.01155673936009408,3.63275691962532,-0.02792525291442865,1.2048663759620233,-0.8407021760940552,0.17856306763372815,87,33,17,73,0.9079415426934967,2.5814089238609585,0.4092397635835718,5.409237902456373,0.2314757741987704,1.1932965392047872,0.14454178543528537,1.3334476603953687,90,14,0.057493843488164664,8.89689230870272,0.40587827914949814,5.612637483524773,0.1008261293172836,0.6067186049164033,0.5820035338401794,10.407686024254948,0.9804928600788116,10.355906983876862,0.02556124599650501,2.059018050416239,0.052125751972198445,1.5163523469616496,-0.3984893262386322,0.051779040378085825,61,38,17,99,0.06730997796569525,2.4621488467333053,0.1884201778061127,2.1580864154993487,0.17456544563174237,1.1234334959642,0.12482664705603379,1.3425724053670323,95,14,0.04423522027284974,6.881247985032782,0.3236291511844538,5.481262611743272,0.08552636206150044,0.4181577811318068,0.3336563110351562,9.484925213693831,0.7764562964439391,9.363789274977902,-0.02163200275972486,1.622670836541615,0.00306776165962215,0.899916164345203,-0.4427999854087829,0.12113593871592795,78,34,15,82,-0.6826876601401461,2.4606482368626,0.16537837424770638,2.0611131316039195
LegMomentum,0.3979950747053568,5.168579319277394,0.9323681000992654,7.863645441001031,0.3530939966440201,2.43201014601277,0.29994607537519186,3.735857852591141,77,12,0.30827965562867543,48.87653512045239,1.8801443986919555,6.9052668761958245,0.15865704417228693,0.7426988923245986,1.4441821575164795,27.452763430610556,2.3489977717399597,27.06544963216498,-0.018904445692896843,3.9535139458156046,-0.026761293411254848,1.5899130180460976,-0.9048156142234802,0.38731379844557484,89,36,19,71,0.8941093068330089,2.701649242375242,0.4399169809627009,5.765957214608337,0.23771421238780013,1.5249614854810916,0.15216458277776831,1.3696512943785786,83,16,0.05857988155777974,9.1641561503669,0.35118693036014514,3.9283197084765957,0.1170641630887985,0.6690684101894286,0.6063392758369446,9.054736809597856,1.113308310508728,9.031766267462762,0.002054540812969205,2.2237144038913628,0.00991769134998315,1.6473014322378852,-0.5069690346717834,0.02297054213509376,76,37,20,84,-0.028979164204933322,2.0737208178499213,0.19193343928988887,2.0540814006005172,0.19533741474151595,1.2380877082967667,0.13257474986021406,1.4388418174617843,100,13,0.04841163271671168,7.42491520733209,0.2155384764560373,6.22432845978166,0.0900073125958442,0.356500941320551,0.4521892666816711,10.1175131395608,0.894989252090454,10.026080729421789,-0.024272091523744172,1.686417091294064,0.00709946453571315,0.7933429712218489,-0.4427999854087829,0.09143241013900962,77,35,17,83,-0.5602451692037984,2.5130013118607875,0.17278520790696864,2.14030666062678
LegMomentum,0.3665434952802077,4.915658449022263,0.8676177432015536,7.58376890130449,0.3649378418922423,1.8746587406960842,0.275319841732271,3.1497246971760986,87,12,0.23645010597649307,36.572944455385276,2.5340505468521277,5.314519185895087,0.1770893335342407,0.8378242179565103,1.4441821575164795,21.840548385793557,2.3489977717399597,21.740927765735588,-0.05470165871083736,3.6983379868059307,-0.02134066820144645,1.7930512164765173,-0.9048156142234802,0.0996206200579685,84,35,20,76,0.6164472635908744,2.450308448157361,0.381706258388136,4.784897134812151,0.24903358146548266,1.3697621920047178,0.14252572700963353,1.1406742140221902,86,16,0.05081009043109727,7.940254114958166,0.5005275557646334,6.9466366450229575,0.1184974312782287,0.7010937425728373,0.6063392758369446,10.25984636588727,1.113308310508728,10.222813773908571,-0.013056035293266178,2.1202934513019547,0.00015338510274890001,1.7541774529249214,-0.5069690346717834,0.03703259197869947,80,36,14,80,-0.1629678690296669,2.502098327403258,0.17828207869625706,1.855966000584119,0.1658655777573585,1.550284916569715,0.131827762730245,1.6069150814343955,105,15,0.05423727479679386,8.259286977952316,1.5821681347775893,5.45564528847113,0.07147076725959764,0.49656448435644474,0.4521892666816711,11.328394954150015,1.0917035937309265,11.225516809157542,-0.030698486068286006,1.7651374631966035,0.0098509788513183,0.8002100631915231,-0.6395143270492554,0.10287814499247448,74,36,16,86,-0.9417291951579445,2.2924979717163803,0.18210757675218342,2.267945483024708
LegMomentum,0.32765751947669364,4.601885520393989,0.781000949218869,7.2007698042962485,0.30850797891616816,2.4672686947803104,0.23865441515576089,2.9952063397474715,87,13,0.1829266857427081,28.800682846673165,2.6374770681770636,4.9606400677437295,0.14104625582695007,0.6005545330284209,1.3398412466049194,20.676404464275766,2.118619203567505,20.291342488311205,-0.01770542599260807,3.4822318620942356,0.012831777334213201,1.6706725827776556,-0.7787779569625854,0.3850619759645614,74,40,18,86,0.6147910018935107,2.1910351150827188,0.3387222702033125,4.083472064957574,0.22176209837198255,1.5745848806833125,0.13546973491727837,1.2431856469770814,89,16,0.04674431076082282,7.2827419269602185,0.7248263320800477,7.372702601567974,0.1082554757595062,0.6341682121875589,0.5533660650253296,10.350532184812163,1.1137885451316833,10.172653768021142,0.012034043530002233,1.9803734193837905,0.03241932392120355,1.3958581070494378,-0.5604224801063538,0.1778784167910207,68,35,14,92,-0.33531742350084154,2.447443135957357,0.17103569386367484,1.8332656781706165,0.14188309758901585,0.9095753860989153,0.11591170413652432,1.3213581129287406,93,12,0.04441442429422611,6.850948469577585,2.6777270102745776,5.054256798140186,0.07105858623981476,0.4344994646470372,0.3701102435588836,9.442588769827772,1.009624570608139,9.40928448594397,-0.01807914916425944,1.7381645228182219,0.00821340084075925,1.0485145219807155,-0.6395143270492554,0.03330428388380124,77,39,19,83,-1.2110112175973249,2.330006673240582,0.16614658845347935,1.956970250462098
LegMomentum,0.34327803635047244,4.89933598572365,0.8026263290643689,7.54745552253448,0.28378847241401667,1.739251491044267,0.2420741020608693,3.279234430180553,83,11,0.22433297180881134,34.33260968487675,2.525479787786189,2.8331926436275037,0.1406022310256958,0.8950745132801999,1.3398412466049194,18.670240144100006,2.124244451522827,18.183171598306465,0.06775073483586311,3.765084983387557,0.07725596427917475,2.0515633813060936,-0.7844032049179077,0.48706854579354203,65,39,18,95,0.8782876452089565,1.9587127810852527,0.3694196642870679,4.489626348901016,0.24619259685277928,1.7708084915129294,0.15397351074032478,1.395714932206185,81,17,0.060661334988508606,9.444780682750675,0.14376794524199843,7.558380961846224,0.12524105608463282,0.7818285288356714,0.5533660650253296,11.536168135015888,1.1137885451316833,11.344908656247302,0.0038093574345111833,2.301554213249709,0.0077273696660995,1.6228009065624183,-0.5604224801063538,0.1912594787685858,76,34,16,84,-0.10981870317288431,2.4756506740214475,0.19528743057898634,2.036572828607705,0.1339966058731078,0.6061936893150307,0.09824016710044811,1.0106923596410065,81,11,0.02839172134061569,4.395074356214181,0.8890718191415599,3.296936619043554,0.0693398714065551,0.3629384712587411,0.3008022308349609,6.360799024634572,0.6974793076515197,6.190494982139519,0.00963646080344915,1.4808163258972131,0.01031950861215585,0.9466969422946083,-0.3966770768165588,0.17030404249505268,75,39,17,85,-0.5336403207639341,2.065684003609929,0.13327784176477958,1.4840004599630217
LegMomentum,0.3993947554650813,5.408102838546874,0.9419018038362263,8.380810804878692,0.33719678223133087,2.636527807608969,0.28051184974610804,3.465874936742983,88,12,0.2739572970836367,42.69526683563049,2.271612255209405,5.187257483593415,0.16275781393051147,1.0298841245986605,1.572296142578125,23.046967940527782,2.3758978843688965,22.890180779155447,0.05279220268130301,4.02797815621594,0.0825613737106323,1.988223986925926,-0.8036017417907715,0.15678716137233475,65,33,19,95,0.7409050611100114,2.3809671123709832,0.4116984840564988,5.144964412770776,0.2975601628422737,1.4059862319384335,0.18189444539952088,1.602040799692919,81,13,0.08573231174186147,13.283942643047455,0.08684407660615578,3.994093668883025,0.1489080637693405,0.6609294039810311,0.7030643224716187,10.497408347721361,1.291737139225006,10.337655746586844,-0.003813853766769168,2.7247915451367275,0.00070081651210785,1.9698618476516638,-0.5886728167533875,0.15975260113451759,80,38,16,80,0.10082090670698188,2.137462743539151,0.23217462384559953,2.4206308431065784,0.15890382975339878,1.4332246501640853,0.11770186141424341,1.2799415146848094,87,13,0.03986914881648801,6.090921083893391,0.5781316897890303,4.287284191582789,0.0795260220766068,0.4725286340246291,0.3531913161277771,8.42052383135062,0.7883003652095795,8.298319238069455,0.003341711917892093,1.6280411035260238,0.01799759268760675,0.952420222695153,-0.4351090490818023,0.12220459328116544,72,36,15,88,-0.6612765681279349,2.2050506086449095,0.15831518907256525,1.8548324045916265
LegMomentum,0.41732073261175867,5.186705837001258,0.9897417543083429,8.069748390993492,0.4314908981323241,2.490171525959256,0.31034110063221304,3.368021098945959,93,12,0.28302399480303375,44.881195763866124,1.4124325870330727,9.095127348538671,0.21581697463989255,0.9804361046757081,1.572296142578125,29.08260969740534,2.3851954340934753,28.812689437979934,0.013169628754258141,3.7901113955223633,0.0732137560844421,1.8467106916933116,-0.8128992915153503,0.2699202594254055,66,36,19,94,0.5027079604236879,3.007671875421469,0.42169655265502015,5.524151642867676,0.25785379111766804,1.4952937971292497,0.17439055777853352,1.4742194742316124,92,15,0.0816478692952876,12.6125106155823,0.4112190285185555,6.722261247830662,0.12187722325325005,0.6738304068853224,0.7030643224716187,12.049710702804518,1.291737139225006,11.596485099639606,0.0122240915428847,2.616247031501637,0.0483518689870834,1.9411440408880665,-0.5886728167533875,0.4532256031649121,67,39,16,93,-0.09738783868784812,2.651639918569584,0.22627525931177211,2.40161655676779,0.17245128750801075,0.8944828879113464,0.13122759234625841,1.3341313313306031,92,10,0.04889767923749904,7.321232125499016,0.42477677348783605,6.491993333677392,0.0844870805740356,0.3961511394258866,0.3531913161277771,9.585890382801953,0.8653413653373718,9.39614980517909,-0.025637189950793983,1.6633899639694931,-0.0030375868082045997,0.9528085811207443,-0.5121500492095947,0.18974057762286145,81,38,18,79,-0.6969083908505037,2.6835928994527274,0.17347004965746923,2.13409605061829
LegMomentum,0.39253920026459926,4.565108596302221,0.941299482807517,7.1888086120617505,0.42204390466213215,0.9842202779623155,0.29630683748982845,3.1517677894810614,85,11,0.24680616675427153,39.10063300256631,0.6241021714150903,9.433340854978415,0.1966170966625214,0.5357482327367105,1.1643428802490234,27.92270923880961,1.9772421717643738,27.822170339588947,-0.009596040099859246,3.295739858192274,0.0129175186157226,1.4010621809628008,-0.8128992915153503,0.10053889922066192,77,37,19,83,0.46623979412191,3.096561764879906,0.39386716176625836,5.314012776583161,0.21581527963280672,1.2059309647878529,0.152198936517816,1.4006410520227377,92,12,0.064938747886748,9.938739969074664,0.7585524707735054,6.323580720610854,0.10550130158662785,0.6149194896505488,0.7020912766456604,11.32873662927756,1.2774954438209534,11.098712855033718,0.018384139006957404,2.182398989202933,0.0464069619774818,1.548802939967778,-0.575404167175293,0.23002377424384343,62,39,18,98,-0.22003811449439534,2.6015679277965544,0.20125078284859588,2.27505486109691,0.1805912666022777,1.051158869745612,0.13963369032600892,1.442606777116941,93,12,0.054665443461424455,8.337149215825095,0.3359561892524878,6.645158239783207,0.089395135641098,0.5110416113298305,0.371478259563446,10.921614293560344,0.8929855227470398,10.79817281846516,-0.031365623511374,1.710669764666543,0.0056357979774475,0.8997202455397215,-0.5215072631835938,0.12344147509518354,78,38,17,82,-0.6782522694351153,2.69269275585729,0.18273147587885188,2.3261036460314504
LegMomentum,0.39022479503394913,5.045540173536851,0.9307139462977647,7.770792463903762,0.36074960231780995,3.8270549705802477,0.2952790935523808,3.6393244153348263,74,14,0.2773000868611962,43.93850212580417,1.66755435873449,7.231027504440689,0.18032246828079224,0.901648580568019,1.4048750400543213,27.370766645635026,2.3735746145248413,27.12278350505977,-0.014513287693262104,3.8285251924865666,-0.04092240333557125,1.5787435773540595,-0.96869957447052,0.24798314057525836,87,32,20,73,0.8394219604778815,2.651486807900491,0.41736148610238366,5.411182585747763,0.22066684439778317,1.3990865195716142,0.1500099773984402,1.306171666372089,88,14,0.06023180116310005,9.096369794186268,0.6938193831428916,5.59027263312848,0.11326427757740015,0.6383594323237582,0.7020912766456604,9.826091541398267,1.1537436246871948,9.503928040026842,0.010344998445361847,2.159578713572139,0.033518999814987155,1.5531599429464658,-0.4516523480415344,0.32216350137142413,70,43,19,90,-0.1906886758748578,2.485404327364355,0.19435520029928216,2.105371599996631,0.17911794036626807,1.0678405795024832,0.13739976149052377,1.4638066449774307,96,10,0.05354339022089536,8.23126110535356,0.2504895628760355,5.637960807073291,0.08590942621231071,0.4593086910616374,0.371478259563446,10.902477725669932,0.8929855227470398,10.774479137685839,-0.029841213347390306,1.782688557845056,0.004655018448829601,0.8794268792609384,-0.5215072631835938,0.12799858798409314,78,36,16,82,-0.6743003572033928,2.470180187547288,0.1810496880935103,2.247950758153273
LegMomentum,0.3670742424320418,4.877645706961467,0.8633886939659713,7.554222062059047,0.338472083210945,3.034914412093552,0.28284873347263784,3.488418705586079,81,14,0.2615588720712966,41.07985825875422,1.9698758724879957,5.218924103788304,0.1656771600246428,1.0053919559439124,1.4048750400543213,22.78868026044341,2.3735746145248413,22.762622728655245,-0.03584392331540585,3.7935264680522214,-0.02687475085258475,1.9196060097709262,-0.96869957447052,0.026057531788166957,84,33,16,76,0.5784084355484043,2.401820590230165,0.40399203953290574,5.166141228706533,0.23686299473047248,1.1850130826363552,0.14246227810857812,1.2371137021840948,79,13,0.05120433726308094,7.830355733947845,-0.097452346364864,8.56512318798314,0.12488794326782224,0.5557886863404911,0.3615692853927612,11.070989408353114,0.8593881726264953,10.565275341190468,-0.0020631441846489925,2.0030849086224234,-0.0035354048013687004,1.3490094328849485,-0.4978188872337341,0.5057140671626462,83,44,17,77,-0.42680819400892506,2.7772072808553916,0.1794427551206288,1.953972001538646,0.14117875695228566,1.17659232160433,0.11364416336262362,1.251872541547732,89,15,0.04115004603291779,6.318201439587726,1.0685440536241781,4.163054506315527,0.07061921060085286,0.4410647950076945,0.4831609725952148,7.841686243807449,0.9655399918556213,7.589801788121035,-0.023810282605700197,1.7576106853844033,-0.01122844219207755,1.0569891902220268,-0.4823790192604065,0.2518844556864148,87,38,17,73,-0.35518152204711706,2.184319078982806,0.15909128493952296,1.7969435489770664
LegMomentum,0.3372085895879195,4.685011338400679,0.812528362162411,7.306632978247012,0.2969304770231247,2.6219788806014743,0.25850113496650007,3.2404245905832014,97,13,0.22170142974733362,34.92872509720416,2.1346845629349565,4.661143327827647,0.1366718709468841,0.8694897005551552,1.2713849544525146,21.985532639868875,2.209668219089508,21.88949769370274,-0.03451715745031834,3.4541055206864963,0.03425139188766475,1.4502354069095338,-0.9382832646369934,0.09603494616613469,71,37,20,89,0.19453047144274746,2.2923892154031904,0.3718009333248995,4.795610508492868,0.1895239353179931,1.2326468264333066,0.13254805901437064,1.1813452423006867,81,16,0.046783860551160836,7.044017959788571,0.3563167229542046,11.202630309149818,0.0958293080329895,0.5007780714123773,0.4057662487030029,11.149976953510278,0.903585135936737,10.941260896185634,0.021315801609307527,1.930759831359691,0.02225559949874875,1.351646261266188,-0.4978188872337341,0.20871605732464432,73,42,13,87,-0.39345272218555766,2.991797543517724,0.17019574212568855,1.8210393827142977,0.16940707713365555,1.4757843393086911,0.12315694039396471,1.3578587539749642,98,16,0.047686408688679884,7.226665547709385,1.1287585242761544,3.8292569944219625,0.0816456228494644,0.5754780186857548,0.4831609725952148,8.97590228172386,0.9880958199501038,8.831611046647023,-0.03430348548572511,1.9217676262008243,-0.01122844219207755,1.1892147460074192,-0.5049348473548889,0.14429123507683794,87,40,16,73,-0.5143601338918887,1.9751422757457642,0.16972719898983907,1.8797539037320379
LegMomentum,0.3234309861428868,5.355421632231586,0.7722468522191046,8.25687649397218,0.21896576881408675,3.821927855132296,0.2165984185412526,2.803722306133488,75,17,0.21382567777225567,32.91836556215396,5.362693246954256,2.9330863236727494,0.10907199978828425,1.7319626552148786,1.6651568412780762,18.456573971255715,2.6034401059150696,17.866651770171856,0.0453650027513504,4.237729265652765,0.03425139188766475,3.0620232663960194,-0.9382832646369934,0.5899222010838571,63,41,20,97,1.2160571475547055,1.7849251836420439,0.36388271679266015,3.8678180196570815,0.20425825566053374,1.4633748600262624,0.14378052374813705,1.3474727572865752,84,18,0.05659042833149801,8.696591762970975,0.5528127715020474,2.7294314373312174,0.10081803798675529,0.7600570143934176,0.4735754728317261,8.66230972921395,1.0729281902313232,8.44042142917624,0.015500636305660006,2.2367142292687157,0.034352809190750094,1.7200990241812821,-0.5993527173995972,0.22188830003771026,70,39,17,90,-0.43102127550078684,1.7610827129374536,0.18801511509238003,1.9219004187412594,0.15189906954765314,1.125572382289521,0.11750850652577352,1.3121872388216127,86,14,0.04613177798391646,7.114911451228749,1.935747110277938,4.453847470536104,0.0767460763454437,0.48489964264385343,0.4823862910270691,8.87124150465337,0.987321138381958,8.681049985330704,-0.0029141633771359978,1.7824329990507,0.01155932992696755,1.0369152064046983,-0.5049348473548889,0.19019151932266587,76,43,20,84,-0.5388290165371394,2.2765984569822084,0.17030898709711986,1.9844001751471083
LegMomentum,0.3448822623397805,5.187277826808892,0.8056457184255121,7.98528749990889,0.2531451135873794,2.649036863916262,0.23951787501573563,3.10569120762975,69,13,0.23935209078584357,36.6433059501823,4.100398173257166,2.2277589255972963,0.13159766793251038,1.1362556262744743,1.6651568412780762,17.740783157409236,2.379282057285309,17.560182567760762,0.0686313509941101,4.1608222364698575,0.03402134776115415,2.5005714053479524,-0.7141252160072327,0.18060058964847328,62,41,17,98,1.3834499083109346,1.8201202631711555,0.3818324495428589,4.396687874602913,0.2588897384703158,1.5210784276505676,0.15412120406050228,1.3838655651243406,82,16,0.06042545478906476,9.463494504263627,-0.02657310278528824,6.587441522107786,0.13087263703346244,0.6270598800845901,0.4735754728317261,10.884040094642057,1.0729281902313232,10.750632883719422,0.0011654732748866054,2.180670589013007,0.00961445271968835,1.4817752666661494,-0.5993527173995972,0.1334072109226346,78,38,17,82,-0.3292252250145277,2.5598343921880797,0.1949411803956486,2.1698318567292936,0.1318615078926086,0.9945313243142748,0.10670688887010327,1.1998970941417513,83,12,0.03969711047054791,5.9849893480902505,2.3704863444150215,5.059382796655363,0.0643447712063789,0.4454370871999943,0.4823862910270691,8.216371286979648,0.9430451393127441,8.049320304444871,0.017159655969589942,1.643794674426025,0.0212059766054153,1.005078979880687,-0.460658848285675,0.1670509825347765,70,43,16,90,-0.596924147187403,2.331344148730771,0.1570682349851689,1.8118853209899597
LegMomentum,0.3936979005256182,5.028038541264283,0.9307481718808411,7.728933184582336,0.3466812074184418,2.312589648924603,0.29595932848751544,3.5435587238074278,85,12,0.2960781915083105,46.998007039237066,1.5897607044874347,7.005361500517836,0.1668061316013336,0.8276606454277979,1.4059361219406128,25.775223309151905,2.515278935432434,25.355524928052446,0.02173560261726378,3.9582215671853715,0.040113449096679646,1.7383739085409564,-1.1093428134918213,0.41969838109945756,68,35,19,92,0.4300231854174114,2.7467669882809855,0.43097249487925415,5.597364474849359,0.27276250720024103,1.361190100888931,0.15670643079211002,1.3681409824735153,89,16,0.06128362415399709,9.612721885643037,-0.06578595717772728,10.51953099374726,0.13049693405628204,0.6747800206407255,0.4023437201976776,13.509127052009719,0.9965266287326813,13.287071283401872,0.008701482322067019,2.0023276737361355,0.029377922415733303,1.3452015988268962,-0.5941829085350037,0.22205576860784756,69,39,17,91,-0.6135340759466623,3.122594459921308,0.1961299769303864,2.3671514046704902,0.1589049920439719,1.108122079225372,0.12854876969126047,1.4818281649217355,98,11,0.054616188344436656,8.507764469951008,2.8583837363852824,7.126411753912937,0.07959190011024471,0.5004641057350665,0.3928536176681518,11.58461624811937,1.1253572702407837,11.46192529271956,-0.015973840700462465,1.7683839436608282,0.017813004553317947,0.9756157212235975,-0.7325036525726318,0.12269095539981138,71,42,17,89,-1.4837708280601836,2.6916469088743784,0.18464299499589948,2.3196083069677056
LegMomentum,0.41322024004519553,5.098564297376581,0.9700777497515081,7.910946109146146,0.3357253968715667,2.0853858754116574,0.30940297410823403,3.5512517763641704,79,10,0.30707155951767057,48.861665483123645,1.3513517109283422,7.9316539321788575,0.17215234041213984,1.0056173394555714,1.307850003242493,29.180350529174873,2.417192816734314,29.030284127042712,-0.004282879084348682,3.8892709251905804,-0.0058290064334869,2.0189998437251186,-1.1093428134918213,0.1500664021321616,82,37,20,78,0.40532438845115176,2.8670365622495337,0.4394409045296986,5.808204296819358,0.21354301273822773,1.430953732883388,0.1521366948552895,1.520237270675389,100,13,0.0652694958795814,10.299426263591368,0.4173258604646226,6.67873510967585,0.10441389679908755,0.6511341517159581,0.4023437201976776,11.689768738382257,0.9965266287326813,11.503013617635194,0.003710868558846403,2.043259989314733,0.0394176840782165,1.2343076291486619,-0.5941829085350037,0.18675512074706305,58,37,16,102,-0.8668104503512523,2.671769694086784,0.2025737896566991,2.4747757231023835,0.2005296722054481,0.9501257926763608,0.1471164621057687,1.6934869819956675,97,11,0.06916891278108465,10.79369961981041,1.7935505143105228,5.9113663247185695,0.0839465484023094,0.4666313890910046,0.4739540815353393,12.493547920440186,1.2064577341079712,12.337478386060969,-0.02299371673725546,1.9784151946408344,0.0101074576377868,0.9115426594723998,-0.7325036525726318,0.15606953437921742,74,41,17,86,-0.9832773377241362,2.543661602891088,0.20729308872400784,2.622894000417226
LegMomentum,0.41533172048004213,5.709432970071175,0.9821740354225037,8.843542048556195,0.36013008654117584,3.8584029271429348,0.29954738848842677,3.6006965397182795,74,14,0.3184949022816845,50.57628507685124,3.5712231364991336,6.457749214712061,0.17731067538261408,1.2202303596147577,1.862477779388428,25.198945189767354,2.7415338158607483,25.000400574259128,-0.013294323161244398,4.480157748787429,-0.05144029855728145,2.2337375725126316,-0.8790560364723206,0.19854461550822583,87,36,19,73,1.2362623994730866,2.601889294686305,0.44736272609832556,5.523085335465241,0.20424959436058984,1.0568772205903731,0.1524149481861968,1.5105695359914975,95,11,0.0645361678907737,10.000344063252635,0.6526453426553305,4.322131613200786,0.1128667891025543,0.555093176993189,0.4568584561347961,9.902953549725115,1.0385658144950867,9.721660214156731,-0.007386414683423942,2.1999692798735935,0.0352578610181808,1.5366922791855002,-0.5817073583602905,0.18129333556838312,70,36,16,90,-0.7566968843247212,2.2461810704232716,0.2013302823123183,2.271668820683398,0.22024328261613843,1.3432649435299944,0.16604908726993012,1.7941407752581853,99,12,0.08390772922014701,12.888321083580049,0.4230374914023298,6.727263559143546,0.09721742570400235,0.6815844264611539,0.6693609952926636,13.060100996475336,1.2501375675201416,12.899261542120108,-0.035857914853841065,2.163415019895173,-0.00664556026458735,1.2295615096772599,-0.580776572227478,0.16083945435522745,83,41,18,77,-0.29978523513869326,2.687358022928243,0.22688825433380877,2.864953147133826
LegMomentum,0.3633235680474245,5.2943150562082,0.8762397875729947,8.34910269245356,0.3154313713312148,2.734841057068784,0.24997757304459806,3.1625557893930902,84,14,0.2360331729221847,36.79243556999049,7.080840227247746,3.381379428068575,0.15771415829658503,0.9031829215858742,1.862477779388428,18.403887176267503,2.7642216086387634,17.95078674853693,-0.051734060794115064,3.991641881013675,-0.02836784720420835,2.1527646541619436,-0.9017438292503356,0.4531004277305728,85,39,16,75,1.4334731131433338,2.098190794162731,0.38177911231017264,4.56719067521032,0.21036624163389192,1.7318585466947019,0.14172505269780228,1.4416928250593415,85,16,0.05649054243353148,8.756089458826876,1.6287434938741985,3.9621940345308886,0.10785824060440061,0.6903439110882301,0.4568584561347961,9.56661448156668,1.1423043608665466,9.400823210663157,-0.0102523808775004,2.156196296222472,-0.002234011888504,1.3847768447754945,-0.6854459047317505,0.1657912709035231,81,39,17,79,-0.8668294351993677,2.0292207020393724,0.18820964547242308,2.0265505152804284,0.17106647789478296,1.6394176561116374,0.16023840659996494,1.770766201842415,101,14,0.08244121202875583,12.4586375053971,0.5791672634763958,7.174923317781216,0.08091026544570915,0.6377535445417257,0.6693609952926636,13.645621087415323,1.2924888730049133,13.438954335144466,-0.044962035678327086,2.201264515217412,-0.0097745060920715,1.1865827468032246,-0.6231278777122498,0.2066667522708568,87,40,16,73,-0.3653230397363314,2.709840367600615,0.22319390642396167,2.759179595358329
LegMomentum,0.3150660389043141,4.363654792241565,0.7431886949483304,6.981983788818989,0.326072335243225,1.5741788743281235,0.21947353471070524,2.5301785886988015,92,10,0.15469553898761695,24.405070537319006,2.804138879991262,10.122047088685152,0.1547574698925018,0.7161159490518552,1.2071378231048584,22.296411590375158,2.108881652355194,21.89186918916732,-0.010758563131093978,3.0126455415014615,0.0265675783157348,1.5176692798430707,-0.9017438292503356,0.4045424012078374,71,44,19,89,0.24254843340947446,2.969916790961708,0.3117311616905192,3.915231459133722,0.20691157132387156,1.3521014369914428,0.1250702889073727,1.070487596062228,93,20,0.04460543898577173,6.963340927171658,2.295776009962066,9.263593400456257,0.09252426028251644,0.7059373533974234,0.3744770884513855,10.037380328651597,1.059922993183136,9.822820866523559,-0.002184131875401371,2.0053421191415164,0.021286129951477002,1.6313083409025408,-0.6854459047317505,0.21455946212803825,69,42,16,91,-1.0369578554406444,2.7614576420025783,0.1674781620881085,1.715209582636673,0.15100395679473866,1.4610206382860036,0.12459931802004572,1.5372912090130129,97,13,0.05348729463768098,8.281825909462277,2.245819373717107,4.430422656159725,0.07539787888526917,0.5854298361565795,0.5201635956764221,10.549213364245249,1.147524118423462,10.450039733329003,-0.018075540661811836,1.9639961281760108,0.019312843680381747,1.2155357240176814,-0.6273605227470398,0.09917363091624591,72,38,18,88,-1.2452759493193002,2.082364133963536,0.18251308967503083,2.1034602724967058
LegMomentum,0.37070544192013744,4.480689007418982,0.8661218445003032,6.877342241032625,0.3215994834899902,3.2156590754135186,0.27436456866562364,3.485066225135973,80,15,0.24593526461460744,39.00955443484464,2.2536830176560994,6.728019324384691,0.15947315096855158,0.7252141457696388,1.463306546211243,24.68313079266009,2.300378143787384,24.64975641091605,-0.022534188255667692,3.352488147521096,-0.023019760847091647,1.0580718506909097,-0.8370715975761414,0.033374381744039235,82,35,17,78,0.8414607049126581,2.644870313048432,0.39263887195148367,5.269760682950906,0.2516686916351317,1.3398637073440565,0.15859573674388225,1.4933045825558104,65,13,0.06303021680673108,9.860970327349117,-0.1139223154977187,8.89323543443369,0.1260798275470733,0.5660884890981631,0.6261448860168457,12.016825406526472,1.0159960985183716,11.87422038572977,0.017139824479818346,2.035661680156738,-0.02053761482238765,1.2279537998194519,-0.3898512125015259,0.14260502079670193,91,44,14,69,0.6117956103577947,2.9228287559429202,0.19835832368367906,2.3910357277319303,0.17224100977182374,0.7936660299586012,0.11279151432332579,1.1161628611851333,93,12,0.03547171769563505,5.4863099457964895,0.5734667492970495,6.360516522013974,0.0809929072856903,0.3301308006654194,0.3299070298671722,8.215298867505723,0.7720132768154144,8.056853313539035,-0.014660044480115184,1.4891924133547891,0.010402828454971251,0.8870161105964283,-0.4421062469482422,0.15844555396668789,75,39,19,85,-0.7995038690426983,2.661697573778231,0.14863710112064088,1.8079313874710585
LegMomentum,0.32653650171763415,3.9600717154239944,0.7743964833021162,6.053902304657275,0.27059194445610035,1.3411990088031662,0.22620045870542524,2.816155718719452,64,12,0.17751883820282885,27.13968569426136,2.115114075245484,4.9914267251009745,0.153063029050827,0.3948475505788832,1.147491693496704,17.118274735126533,1.7941241264343262,16.6609096143104,-0.05892873033881187,3.0840863786194688,-0.090760052204132,1.339704812283692,-0.6466324329376221,0.45736512081613423,106,37,17,54,0.9938647966310677,2.43919573741377,0.32886567557437846,4.19858272557243,0.2275253981351852,1.031480562184398,0.13911432874156157,1.2001613041282944,70,12,0.04998613922845852,7.491680963466194,-0.26122921914293995,13.378676938276456,0.1063536778092384,0.5339909333604118,0.4701456427574157,12.664547661173941,0.8599968552589417,12.4338274595126,0.035141585674136874,1.7270952013866503,0.0032549053430557,1.1148048620491353,-0.3898512125015259,0.2307202016613416,79,40,17,81,0.4698264515331018,3.461999816276215,0.1737674466306107,2.12339895658197,0.1680542826652526,0.5519321785222208,0.10506439616670829,1.0504871903853203,86,10,0.030195450693698597,4.64359978133489,0.32866417410762905,7.980142171978843,0.08404653519392,0.3517901996728513,0.2795093655586242,8.75789809384366,0.7216156125068665,8.619988216580387,-0.017794090975075956,1.2427207246511558,-0.0119895562529563,0.7438639108880742,-0.4421062469482422,0.1379098772632749,87,41,18,73,-0.5503461163484499,2.9134722681790834,0.13664636269461317,1.7604672623645679
LegMomentum,0.30764799425129413,3.956021167860899,0.7407752724736927,6.157418412896909,0.3031137734651565,2.580865334009853,0.21174844603985546,2.6479639555858046,76,13,0.14879964618454153,22.81786743296392,2.4260351513431653,4.965443077540774,0.15072900056838984,0.7571561944525768,1.147491693496704,17.67901484606768,1.83102947473526,17.383417824210483,-0.05262444391846657,2.9001609905591237,-0.0663165152072906,1.2861759140403983,-0.6835377812385559,0.29559702185719805,96,39,18,64,0.6298528133345148,2.3096283543670424,0.30132695507405133,3.7956466724134157,0.18765227496623982,0.812440249117452,0.12077300176781133,1.0633068160154209,79,12,0.03821642594269155,5.782912329557616,0.08805258590437015,8.55042063728746,0.09400942176580415,0.4125415110228513,0.441426157951355,9.642827355995188,0.790079653263092,9.429337565764158,0.02630739347077906,1.6524409790335755,0.02092701196670525,1.1394287920695159,-0.348653495311737,0.21348979023103004,73,40,14,87,0.2395569138789315,2.8393930754956007,0.1527712550358822,1.7470979195134353,0.2228165492415427,1.1972238125936276,0.12256844593677665,1.057401487448913,82,15,0.035879976078728476,5.560597860877846,-0.47826382159904135,7.491109964614333,0.11042429506778709,0.5885455846243194,0.3493359088897705,9.1584495802056,0.7193776965141296,8.939598337348816,-0.010352600552141664,1.6048164433042096,-0.00486151874065395,1.159382721922642,-0.3700417876243591,0.21885124285678367,81,42,14,79,-0.2410203580043081,2.721082996561418,0.1498605094339797,1.7277621491913384
LegMomentum,0.29591055296901053,4.4048315177501,0.6918793778866528,6.839602530136506,0.24165710806846608,2.7154707936581612,0.195178133752197,2.3681588210606663,76,15,0.13993011782082962,21.788612276242546,4.351671196545356,4.742140789755662,0.12467887997627254,1.1412712553431428,1.414296269416809,17.07799925083178,2.097834050655365,16.977644931212165,0.018306108936667443,3.2130054093619362,0.00966686010360715,2.1649664330352474,-0.6835377812385559,0.10035431961961383,72,41,18,88,1.0484758028015553,2.156863975542912,0.29608975354116496,3.386031381374585,0.2096890732645988,1.0927861951255597,0.13108846513205205,1.0250021997244587,74,18,0.05068868581795539,7.554134258059304,1.5409063249010027,15.439389328258152,0.10464189201593391,0.5493418221801042,0.7094675898551941,11.78666620338496,1.0581210851669312,11.557340090628971,0.03672423469834029,2.0816613691143275,0.01780799776315685,1.6309250107394098,-0.348653495311737,0.22932611275599035,68,39,18,92,0.8019292096963709,3.549413963048168,0.17470696896035387,1.7946643704036596,0.14911103248596183,0.9285694408198585,0.10485284575843248,0.9663809884261393,85,14,0.03029608782972435,4.507588360774162,0.7406088295336577,4.068433187774077,0.07505191862583149,0.4734861635237666,0.4321633577346802,6.972037272689064,0.8022051453590393,6.930603244150037,0.004464296158403163,1.5449357516602418,0.017310827970504702,1.0750321736518025,-0.3700417876243591,0.04143402853902701,73,45,17,87,-0.295942217174877,2.131158088108282,0.13796408229466497,1.4562835863993542
LegMomentum,0.3504513875847901,5.415453070695971,0.8221938765421509,8.31587369316088,0.22707673907279957,4.200694964753213,0.23969698281493038,3.382902557053935,77,15,0.2461453573179754,38.67829864184015,5.268562476729553,2.7044211604661417,0.10659402608871466,1.3871227381785411,1.7573606967926023,19.001286464387398,2.4395710825920105,18.751995466000515,0.030105966702103602,4.184569582311327,0.0241777300834655,2.275197561394922,-0.682210385799408,0.24929099838688135,70,37,17,90,1.6282597545029478,1.8392497980364606,0.392296228840441,4.600834277892973,0.22102725505828855,1.7087620363860858,0.16089801248162985,1.5669698726305894,72,17,0.08003338190536519,11.75538768223382,1.2450778333879295,5.912093255489378,0.11457833647727965,0.8591786666179286,0.8522255420684814,11.631971419472364,1.398015022277832,11.34148553586019,0.05160186253488064,2.48878054407234,0.0285492539405822,1.9137763679492674,-0.5457894802093506,0.29048588361217365,64,39,17,96,0.6696854566681684,2.3368577979205516,0.21830245356266906,2.3582533972584043,0.14385332912206636,0.9677611375433481,0.10977948365762132,1.0615792735651561,79,14,0.035743313255998915,5.4373655648984505,0.6251661725913014,7.031981764122046,0.0721745938062667,0.4250701806226728,0.4559714794158935,8.983509485230144,0.7571095824241637,8.760625279742467,0.01376707816962153,1.6425235667772142,0.01126754283905025,1.1793326023416042,-0.3011381030082702,0.2228842054876775,74,42,16,86,0.2199498683891497,2.571723275623855,0.1492961712868975,1.6551380297364657
LegMomentum,0.3881215782246893,5.273194289336825,0.9228722201660275,8.1552181276807,0.3882776796817779,4.043838588062413,0.27685124836862085,3.88961051943167,80,15,0.2961118582376158,46.96873041337809,4.342344401936098,6.389862001003069,0.15242072939872736,1.0862455049547233,1.7573606967926023,28.204273927249833,2.4395710825920105,27.87485183794018,-0.031129397824406636,4.114610734878357,-0.0316694378852844,1.8343375760660117,-0.682210385799408,0.3294220893096528,90,30,18,70,1.6349656283042848,2.4147024026221096,0.4304169363640692,5.480758060141123,0.1946175694465636,1.4018741230682215,0.1539371610153466,1.5193768677176336,65,13,0.07337281302789936,11.18800194943237,1.3295605968953321,5.763843151128549,0.09738375246524811,0.5864038181734768,0.8522255420684814,11.6949459302088,1.398015022277832,11.560011172289881,0.028083851188421254,2.381446804410043,0.00616213679313655,1.6813942606639347,-0.5457894802093506,0.13493475791891774,78,40,16,82,0.7122292657702861,2.463194796555618,0.21296187498256408,2.348768414977851,0.2164671793580055,1.0715295893849657,0.14581700712122253,1.4975896370394977,79,11,0.057061145942887054,8.947211015070472,-0.3229623799564223,8.07543785902043,0.1125095039606094,0.5215265703759675,0.4559714794158935,12.855978730720471,0.8654004931449889,12.784546308644593,-0.016455451282672583,1.6591605883922989,-0.01959292590618125,0.8711472870705352,-0.4094290137290954,0.07143242207587767,90,38,16,70,0.04853612592921104,2.8672071346235253,0.18871944325913595,2.4888545873546315
LegMomentum,0.39369776159001485,5.346454150633196,0.9467766956984995,8.252114265318152,0.33023290336132044,3.585239921454157,0.2779814728628843,3.6724969359982382,71,14,0.3048687555516985,48.04619806498326,3.8979397838957057,5.28212382018984,0.13960972428321833,1.027209761921563,1.8398689031600952,24.85320462950441,2.6869633197784424,24.566052029718833,-0.04454068914055824,4.340884476185831,-0.05450972914695735,2.1331852282776165,-0.8470944166183472,0.2871525997855787,100,32,18,60,1.4048102816139914,2.4052028096020748,0.4355972974149007,5.403972615529442,0.22400763630867,1.6363537712884257,0.1588833227707073,1.6423236608805454,66,16,0.07516471171910304,11.297453520536678,1.5417167227610022,8.910112650342349,0.1115968525409698,0.503069736422416,0.9118055701255798,13.997221983829753,1.3273209929466248,13.793749751380261,0.039369630999863146,2.099590909599413,0.00728493928909295,1.0572146707983578,-0.4155154228210449,0.2034722324494929,76,38,15,84,0.9030199448264908,2.9074151914517055,0.21380759464157043,2.6247231345161315,0.22027639299631108,0.9090629704621299,0.14870430463110093,1.4868578852870524,77,11,0.059728648465890995,9.41129504645765,0.026304924153311315,8.227095668404235,0.1114439517259597,0.3832986623126571,0.571211576461792,11.26301229531648,0.9806405901908875,11.050245064349614,-0.011229897756129497,1.8116388795329064,-0.015663132071495,0.9595348509468746,-0.4094290137290954,0.21276723096686667,88,34,17,72,0.12400274162949892,2.9896559535544402,0.1934897515692584,2.4757341570981337
LegMomentum,0.36207102549519793,5.1319782848981275,0.8869362737238407,8.123430548739972,0.33226397633552546,2.2492427979234364,0.2690045705065131,3.323624583999085,95,12,0.2596249057973047,39.61468055650004,4.746469336802383,3.1679216194394106,0.15462657809257496,0.7207070129157616,1.8398689031600952,19.510044083362303,2.715502679347992,18.967522489337924,-0.0761310487985611,4.054382185927023,-0.0292516648769378,2.0203353010595535,-0.8756337761878967,0.5425215940243776,86,37,18,74,0.9035661895261871,2.095367466403175,0.39680437907421645,4.814214956453198,0.24919731914997093,1.526146275139319,0.16261171277612443,1.7094857490272255,79,13,0.07012901817271082,10.943021605662677,2.1150376368281005,4.403902683834175,0.12582592666149128,0.6201674301113848,0.9118055701255798,12.073046975543654,1.4106276631355286,11.918884047904891,0.002824833989143377,2.237066389214723,-0.0038536041975021,1.1596776473222181,-0.4988220930099487,0.1541629276387631,81,37,17,79,0.7336404851190018,2.126718849091744,0.209995882968635,2.436915176182478,0.1921607889235019,1.137101804268882,0.12544269986567086,1.2530845893225442,81,15,0.043406852140829955,6.8269084697150495,0.8411784308531365,3.594046861321689,0.0957521423697471,0.6166455321367723,0.571211576461792,8.229523750702027,0.9495930075645447,8.09361173814334,-0.0015552089549601077,1.831981973598228,0.00477334856986995,1.1803833175908929,-0.3783814311027527,0.135912012558688,79,37,19,81,0.21427126063777335,2.0938486258622557,0.16521946955527342,1.8629950397481447
LegMomentum,0.30278765546395797,4.607463824458494,0.7282818466424941,7.175127653306923,0.2767079174518584,3.251231389010689,0.21670053033158182,2.8687485863113062,90,16,0.18689514994288856,29.376992227769442,6.374756441177503,4.774867703641766,0.13342013955116264,1.0487252991972462,1.6317801475524902,20.254783885216725,2.507413923740387,19.925728017440473,-0.010473593324422848,3.5363873453086545,0.01825219392776485,1.8470816494901985,-0.8756337761878967,0.32905586777625023,73,40,16,87,1.0778091386953816,2.2028758450192654,0.34268605660410656,4.107427025731589,0.19274895638227454,1.0888967863413368,0.14291854841168966,1.5685137219568583,74,12,0.06136629461846493,9.274428615474362,2.2414399274949695,4.137769595491843,0.1056188344955444,0.5584830759599255,0.776096522808075,10.35679813448474,1.2749186158180237,10.227301455508584,0.014736268110573297,1.9905058741155104,-0.0048756897449493,1.1915250588407376,-0.4988220930099487,0.12949667897615494,84,46,17,76,0.7138649686219866,2.1874002548883524,0.1958995418044895,2.3048459776275743,0.16150788962841023,0.9057431434444443,0.0975082041835412,0.8527705861819528,78,15,0.028174766023164283,4.273443650322537,3.1807662477070284,4.054513056089951,0.0767477601766586,0.4103262867614062,0.6444534063339233,6.1256890483579225,1.022834837436676,5.741483175301066,0.0154826944693923,1.6482344338827581,0.00825095176696775,1.221320425267234,-0.3783814311027527,0.38420587305685694,74,41,15,86,0.44122877637397917,2.08612131414826,0.13220725081760762,1.247704653067271
LegMomentum,0.3528599890109443,5.477533495571188,0.836365433037281,8.338234471176635,0.25652489066123957,4.627329857662463,0.24931652292609208,3.9286677478008305,72,15,0.29234564337299396,45.44527247453057,5.156073256531254,1.4986693756816898,0.12237861752510065,1.105581706243337,1.9011080265045168,20.733396683922923,2.729987919330597,20.670693607833247,0.05455977916717528,4.517870601020601,0.042485237121582003,2.1031125111833955,-0.8288798928260803,0.06270307608967696,64,37,18,96,1.5382258487756315,1.5630021921483832,0.4252877769084998,5.003410607472099,0.2211453542113303,0.9973187811196786,0.16800984144210815,1.8216843419197124,64,10,0.08287148344642965,12.171940342748563,1.0627231578138456,5.428105901679558,0.10888418555259699,0.4736798558969065,0.776096522808075,13.4167870723463,1.1936387121677399,13.111481704615,0.049616359174251556,2.184191549414279,-0.0048756897449493,1.1685108137363098,-0.4175421893596649,0.30530536773130057,85,39,17,75,0.92916395747309,2.421835397702754,0.22280745909921695,2.7205234088711334,0.15519497916102398,1.5357890187751473,0.10857498471159485,1.1256250407316164,73,16,0.03700257532386974,5.338653294848686,2.045844397824781,5.147649512968705,0.07616306096315381,0.6295633461668911,0.6444534063339233,7.520496531187159,0.9536252915859222,7.366119642703076,0.03475313447415829,1.636172320741757,0.0201339274644851,1.0997943707767748,-0.3091718852519989,0.1543768884840832,71,41,18,89,0.6924144562003771,2.276502651470101,0.1485149268372505,1.6314390677212618
LegMomentum,0.4084616924389623,5.815885950806907,0.9771351043879984,9.025848961182865,0.32066868245601643,3.8699080104202026,0.30309739421121773,4.246976321750617,91,14,0.3726450990300765,59.27146212861017,3.773000096313983,3.9809286692269383,0.13192522525787348,1.1705748241333231,1.9011080265045168,25.190370140059954,2.7906486988067627,25.08219381073153,-0.014123678952455535,4.664426018045075,0.016948163509368848,2.1040439169379574,-0.8895406723022461,0.10817632932842629,76,36,16,84,1.3246580899586302,2.198421029374213,0.4839083114843851,6.1249156770354265,0.2501076981425285,1.675351999562713,0.18199542263057078,1.8264227400676902,66,15,0.09234915161388589,14.405454150279208,0.8724733349890048,5.218639133807606,0.11198551952838895,0.7946097542398358,0.7415306568145752,13.390006005327432,1.2712785005569458,13.098668258679124,0.024893971718847756,2.5332589642889976,-0.03127981722354885,1.5459643177703377,-0.5297478437423706,0.29133774664830775,90,28,19,70,0.9497688902467174,2.386262658484519,0.23970319158511522,2.826314414591669,0.17811588197946543,1.0213759854452846,0.13064125725766643,1.2803893620986437,78,13,0.05104551411958097,7.971847188344364,1.1788652145598917,8.677887742060914,0.09258167445659635,0.3969793169227436,0.6497278809547424,11.640624181326809,1.1289245784282684,11.49010174789535,-0.00417711744084954,1.8281639788487924,-0.008089080452919,1.084721836140642,-0.479196697473526,0.1505224334314575,87,42,15,73,0.45193944415202036,2.943041412539409,0.17912715841725382,2.151665321276549
LegMomentum,0.4171500155278407,5.533872761477526,0.9857905136048792,8.56610822155894,0.3340981304645538,4.2281773709706965,0.3036260539479553,4.13181332178129,84,16,0.3427754563250947,53.987093475937556,3.368307486348993,4.873246664535803,0.16427898406982425,1.098508382254617,1.71125590801239,26.432229133931575,2.7183197736740112,26.39148408776712,-0.046518277004361154,4.229656052601855,-0.01644313335418695,1.6514305671008476,-1.007063865661621,0.04074504616445419,89,35,16,71,1.1998960800658756,2.3124910810572197,0.4619572362878643,6.008086480122107,0.2563296630978584,2.056437716594125,0.17805602077045476,1.8891641990658337,73,14,0.08982929300202155,13.719193495520974,0.5551314038482769,4.290589193204636,0.1341416686773299,0.8002005970826319,0.7415306568145752,12.027509235125525,1.2712785005569458,11.832221515099295,0.04082934362813831,2.5178396460565278,0.011752158403396551,1.5773756103537329,-0.5297478437423706,0.19528772002622855,78,36,17,82,0.8580975825105793,2.192995191740206,0.23413434368593092,2.716556094077004,0.21214913949370373,0.8560038225486564,0.13492543322499842,1.2820277644166955,82,11,0.050947787908161846,7.925975807953594,1.1505011407304044,10.709709402402606,0.10510279238224025,0.4902671352168643,0.6497278809547424,12.329442267472233,1.1289245784282684,12.240607755433626,-0.021673931740224354,1.818612522900558,-0.018096223473548848,1.2250684503891969,-0.479196697473526,0.0888345120386081,91,42,18,69,0.569979867502979,3.1161728569928897,0.17767926194778808,2.149098485296302
LegMomentum,0.36417818522347895,4.687974106160884,0.8551623997092246,7.379127858954799,0.3232729732990264,2.8617450347503826,0.26166118507273495,3.1598516739120237,91,14,0.24304633042752882,36.58092330485123,3.3166723248546965,4.970430972394788,0.15515601634979245,0.8271064978544049,1.4285051822662354,20.698121132286172,2.4355690479278564,20.558593142391793,-0.08958111926913262,3.406607361442339,-0.029702991247177048,1.4597538702428547,-1.007063865661621,0.13952798989437865,90,35,18,70,0.5340194680096483,2.459467651526705,0.38050503293418675,4.9975943802811855,0.21976971626281733,1.3033729278557522,0.14881114535499362,1.4053803405670027,68,13,0.0639765885386674,9.4013023239621,0.8988685632228486,6.72915175648075,0.1122545599937439,0.561605828780694,0.7351086735725403,11.484066803571668,1.051134467124939,11.37798491600714,0.04182361653074622,2.188171631047695,0.01467315852642055,1.4963525773018265,-0.3160257935523987,0.1060818875645281,73,39,18,87,0.8616535470176115,2.5289085172628885,0.19615461219722888,2.147837805105444,0.19520739093422884,0.9820045393345197,0.1278799256903585,1.259445912908525,83,12,0.04598800726032619,7.044047161868691,0.44921947470959234,5.625321327114012,0.0977479964494705,0.39083076545234496,0.4488629102706909,9.23895814283306,0.9005142152309418,8.99028865872488,-0.026954138372093435,1.7843488664647649,-0.012224748730659402,1.0815280255212238,-0.4516513049602508,0.24866948410817974,87,39,16,73,-0.11136845092863466,2.4978047413684856,0.16790527117357307,1.9647254985403435
LegMomentum,0.32615894941162715,4.753607554043025,0.7786860352754591,7.4250493378601785,0.2791429609060287,2.5108234764952035,0.22243730496615166,2.7528792272708342,88,13,0.19064929396650218,29.768791778652645,3.5097912517665497,5.914687571867347,0.14204066991806025,0.9842179177829011,1.2829859256744385,20.97567469435706,2.2081533074378967,20.441573942561522,-0.03316826708614826,3.571790212439558,-0.0170294344425201,2.1397930919509918,-0.9251673817634584,0.5341007517955383,86,37,19,74,0.5070428399274135,2.455396384333653,0.34467109439035104,4.124452261449225,0.2021481841802596,1.0867310288152674,0.13561478340765457,1.4424417597806953,67,12,0.05730220561362703,8.495567694610893,2.271341975963387,5.3323629155186385,0.1027241796255112,0.5839145027398852,0.7351086735725403,10.872391834020771,1.2291165590286255,10.749356876475282,0.0295648729428649,1.9308636045138223,0.0035117864608764,1.3108406541455149,-0.4940078854560852,0.12303495754548932,78,40,15,82,0.835736066558266,2.367539239981553,0.18750878365039855,2.183422413408542,0.18998695909976948,1.0347142798144562,0.12997557930648324,1.3296673120761044,80,13,0.051082387859067054,7.708713407132689,0.6730881340991122,4.289802098667737,0.0962996184825897,0.4958940247426065,0.4679941833019256,9.110527664665327,0.9196454882621764,8.819527213038647,-0.007748860493302337,1.9223955209067978,-0.0080620944499969,1.2512058835662438,-0.4516513049602508,0.2910004516266787,86,39,18,74,-0.029790272839578382,2.2653896882001123,0.17907223537510283,2.003274536435326
LegMomentum,0.352392369612858,5.129303637482475,0.8332941138744352,8.035696505604735,0.2393431514501571,2.802467984603836,0.23936864553485063,3.2953201610779366,77,13,0.23856350269190318,36.85198456863986,2.939337194034766,3.336811685573948,0.10628250241279599,0.7943535644880404,1.4957120418548584,20.49175224614042,2.3373743295669556,20.462059124015006,0.056861859187483786,3.947679120286673,0.0472527742385864,1.996896603285237,-0.8416622877120972,0.02969312212541337,67,39,18,93,0.917576797004774,2.051964060729367,0.3831270451583335,4.611704037760067,0.22171944379806516,1.463207344000113,0.1516944748163223,1.5548873975779471,73,15,0.07190665575131355,10.013466113908033,1.026911813152811,4.8403285972561765,0.11147366464138031,0.5534127376134963,0.6771671772003174,10.983234252341623,1.1711750626564026,10.908023100331516,0.05231483578681946,2.199232057429736,0.033511146903038,1.3834560530061069,-0.4940078854560852,0.07521115201010674,67,39,17,93,0.6335610079855911,2.2593928676486126,0.2060831310584076,2.2752679999247127,0.18817470967769617,1.1705347630075273,0.12684343235800039,1.2173312956022229,67,15,0.04809946476250803,7.057646305568989,1.0247114990214108,5.54779039131491,0.09290617704391475,0.6032472970750932,0.6048254370689392,8.878768694331876,1.0516642928123474,8.679134080916496,0.029942082799971105,1.8887853278883244,0.004184246063232351,1.3513082499398847,-0.4468388557434082,0.1996346134153795,75,38,19,85,0.4069712512669285,2.3642640719983814,0.17131569932257257,1.8681906462464648
LegMomentum,0.3986884840618429,5.415780514029301,0.9500810573995111,8.432395168916292,0.36238686740398396,2.587429399007071,0.29069375158287575,3.807093290875028,95,12,0.30009706174034756,47.080771188490814,1.7140423061891923,5.173601076762097,0.14902436733245855,0.9968227575039349,1.4957120418548584,26.482544254804345,2.504387617111206,26.26145347441588,0.017585039883851995,4.202170872758041,0.0620534121990203,1.9251813628123644,-1.0086755752563477,0.22109078038846566,63,36,17,97,0.36635836811730466,2.3070425512095034,0.4340842221383248,5.424253971251232,0.24925266951322542,1.0140032332440567,0.16820162301883101,1.7415034921522234,72,11,0.08854771113030756,12.757895983041506,1.2730933344398538,5.79046031586277,0.12174549698829648,0.4758845531119385,0.884953498840332,13.011906006019615,1.4074043035507202,12.61544511434288,0.054553342051804066,2.3064861553519105,0.0320070385932922,1.3851833150336743,-0.5224508047103882,0.396460891676735,67,38,16,93,0.7673890778288067,2.562563701912927,0.22955522173615583,2.727272923308459,0.1824662350118159,1.1122684852285163,0.12979385116021144,1.3836179932396757,77,13,0.050486998478604626,7.82621811432938,1.1019335910393089,7.086950045175524,0.09601683914661405,0.5188902869312509,0.6048254370689392,11.192404428265757,1.1205020546913147,11.100811891098061,0.01175615163519978,1.9237381408063408,0.006904102861881201,1.202856293518388,-0.5156766176223755,0.0915925371676947,74,35,19,86,-0.08053715779213425,2.4513688508331817,0.1778025672016717,2.03112030168977
LegMomentum,0.41469146760843306,4.944223200915688,0.9757406231760977,7.84249178557065,0.40654791891574854,2.6445907813410416,0.3112635458353907,3.5147603936837446,85,12,0.28561799866511045,44.72727055395159,0.8707946558484783,7.874443575910796,0.2036159634590149,0.8032995442503554,1.3539786338806152,26.770606827587205,2.362654209136963,26.507194433875107,-0.0399939812719822,3.610266816079033,0.0182012915611267,1.5107785931145057,-1.0086755752563477,0.2634123937120982,79,36,14,81,0.3269726523707182,2.8880507970597575,0.42192935785697033,5.629675307748232,0.23695193976163853,2.0209269876900167,0.16985520511865612,1.7988331424341948,64,15,0.08744148934523642,13.013958752737452,1.3267804568630215,5.653300106460998,0.112640768289566,0.8320375163961774,0.884953498840332,12.683651686426517,1.4074043035507202,12.474468317944709,0.04043368836864829,2.4310388583276596,-0.00319369137287135,1.5959136720319493,-0.5224508047103882,0.20918336848180843,81,40,18,79,0.9867386932776541,2.3765677945274177,0.23097506780571336,2.665334654792603,0.2119735032320021,0.669262046875331,0.13323373547173104,1.3131752010362465,75,10,0.048342572872718356,7.488413801898118,0.29048227826737083,6.545579684258918,0.10625512897968296,0.3443427699828265,0.4570914506912231,9.634774738179784,0.9727680683135986,9.51526590696412,-0.015548022929579016,1.8011861111639569,-0.019857913255691452,1.2100644432809629,-0.5156766176223755,0.11950883121566419,87,34,16,73,-0.2114925776713597,2.6593663680077237,0.1736688586979233,2.0601316450285845
LegMomentum,0.41309399323425905,5.1055429118773095,0.97299852989614,8.02495108348866,0.3995372056961059,2.0012628275050326,0.29882807008922097,3.266835935944847,77,12,0.2755328398707823,42.83582874804727,2.0657856015074527,7.745828924065261,0.19670286774635315,0.7092090479518518,1.685147404670715,24.532479500340113,2.5322057604789734,24.246367468513398,-0.05470877289772034,3.846414129312782,-0.07007086277008054,1.8154366394511856,-0.8470583558082581,0.28611203182671624,89,38,17,71,0.8351475682632304,2.901591519365007,0.4126490278839871,5.295368456856451,0.24211867898702616,1.2171226796705192,0.16411831229925156,1.6499075232712184,64,12,0.08037760252167005,11.700235305363817,0.8062929369989456,6.1858540646223386,0.11792451143264769,0.630155418954687,0.7401031255722046,12.123410270162623,1.051517903804779,11.941635534833884,0.05822143005207181,2.208610768505287,0.020801767706870998,1.3879489424569964,-0.3114147782325744,0.1817747353287397,75,41,16,85,1.0468609120806047,2.584893580210522,0.21711954602626649,2.611948272574765,0.2313589379191398,1.5181234905526129,0.14282477988454043,1.387079909899971,75,15,0.054421587166215896,8.500841583927153,0.13609113636866077,8.374731256600684,0.1202763170003891,0.6318677803578858,0.4221995770931244,11.711733904949666,1.0009935796260834,11.64964530533308,-0.016454565292224284,1.96992618567059,-0.019857913255691452,1.216475780288365,-0.578794002532959,0.06208859961658664,86,35,17,74,-0.1930739339190823,2.7328464714675182,0.18426871070759782,2.1494725880867787
LegMomentum,0.37797217239894126,4.985087966362435,0.9105945324152707,7.897440254892098,0.37403070926666254,1.3429491704545644,0.27907168623059986,3.075698506883062,90,10,0.25705631104806687,38.48381478388684,3.179967211800804,5.771194214233143,0.18093970417976363,0.7247243009623354,1.685147404670715,22.23624870395443,2.641496956348419,21.997255973880364,-0.09214644283056259,3.7733066157097808,-0.0370694696903228,2.0180489385742515,-0.956349551677704,0.2389927300740656,90,37,17,70,0.578986890159204,2.6060615518236365,0.391313514519047,4.924019899201022,0.20981238782405845,1.6971116291900916,0.14532121540978546,1.5230807949968133,79,15,0.0664172908977579,9.906945589038285,1.5993476730892953,8.991331257590138,0.10783129930496216,0.47932933554946716,0.7401031255722046,13.052481725034376,1.1421564221382141,13.020442590688052,0.041774488985538476,2.141951150008288,0.03827042877674095,1.2056187307377118,-0.4020532965660095,0.03203913434632415,67,40,16,93,0.9175872002052844,2.805069355932622,0.20003949014181432,2.3062937497241016,0.20472560077905644,1.655578324804626,0.14264939239597876,1.470516397010307,86,14,0.05585384276036891,8.646038807931703,0.23452208674441,6.949778582686843,0.10757296532392491,0.6453136323767716,0.4431576728820801,11.433443825236951,1.021951675415039,11.247022859559886,-0.019553430797532207,1.9821824891740298,-0.00957112014293665,1.2873890926378775,-0.578794002532959,0.18642096567706617,82,37,19,78,-0.20530922752938893,2.5065936115017107,0.18639598092483783,2.1718635748001183
LegMomentum,0.32925476189914327,5.6558244144547345,0.788161472827196,8.908866425929318,0.26068489253520954,2.5478028820651093,0.2214675013720989,2.96779302161909,96,13,0.23469503686657883,36.893677408429916,9.800252121428608,2.6963858744366247,0.1049820184707641,0.8711089473216734,2.0764565467834477,18.12756506218788,3.0328060984611516,17.558349196676552,-0.015204113349318505,4.483750942054868,0.01758101582527155,2.685602115323469,-0.956349551677704,0.5692158655113295,68,42,20,92,1.6275229931464856,1.906323874126096,0.38389363435001533,4.09751813883136,0.21284542977809898,1.8350906511341338,0.1474845440103672,1.6803874809770916,81,16,0.07455105212902007,11.374699637922284,4.144956399892958,2.813411324565646,0.10793784260749821,0.8507146483760575,1.008025288581848,11.040623499974826,1.4100785851478574,10.825531112859295,0.035793550498783584,2.393191760001362,0.03916418552398675,1.577808262538455,-0.4020532965660095,0.21509238711553072,66,37,18,94,1.3721610133965034,1.8293985540696172,0.21353739294792679,2.3764117567845573,0.18046347051858896,1.3515653167474546,0.12291533012059512,1.2854103456285964,79,15,0.04882020834831179,7.565107559106028,2.855255311185319,3.779591629455881,0.09031738340854639,0.6662820927329806,0.7558324933052063,9.056287129176038,1.1310673654079437,8.87584529453422,0.009881411585956809,2.03192372387309,0.00626869499683375,1.4536893502792099,-0.3752348721027374,0.18044183464181945,78,40,15,82,0.8972274236231568,2.035988494030686,0.17494649797861753,1.853751207543166
LegMomentum,0.3864617157261697,6.684834382986106,0.9413099548220631,10.623920761247202,0.18317066133022297,4.321862758531646,0.24264942567795514,3.4770148383051565,72,15,0.30691241949364223,47.4416824859345,6.712941645642534,3.6005370980709275,0.09255388379096985,1.17689760164139,2.0764565467834477,21.930971348232198,3.0621492266654973,21.743428040980238,0.059721832349896434,5.009333301116853,0.03361123800277705,3.127087225673095,-0.9856926798820496,0.18754330725196214,58,40,19,102,1.6511431582790317,1.9452185578384185,0.43524424132819467,4.7273948813544475,0.2516332492232322,2.8867251042700732,0.18331047985469917,1.9885687509493883,73,15,0.11708501008557555,17.685617133017733,4.190867020145019,1.4962497120605054,0.12205556035041815,1.0001970646858525,1.3183525800704956,11.385529023896105,2.033824861049652,11.054608048610055,0.046539570577442645,3.289174764310455,0.03883716464042655,2.3513439522990893,-0.7154722809791565,0.33092097528605047,69,38,17,91,1.1726210776822474,1.4949869278252057,0.2673178207339799,2.6204859287622586,0.22814276814460743,1.2981838616403452,0.15348844985710453,1.4551901701734107,75,15,0.07231224191017269,10.458170217288844,1.026799841099364,5.96256490568431,0.10758873075246814,0.6194053613116366,0.7558324933052063,11.04362957888791,1.1549724638462067,10.839142778330341,0.05422983337193728,2.325412695819895,0.042133003473281805,1.6566140287177618,-0.3991399705410003,0.20448680055756754,63,39,17,97,0.6399814003928448,2.4531264209596246,0.20620384703524736,2.247359786818411
LegMomentum,0.4194299745598379,6.250100084998016,1.023710282742977,9.839335209595214,0.2828238010406493,3.727255352515394,0.2966398890316485,3.9998071532100647,88,15,0.33257761376492,53.02289561764219,2.86996778009817,6.493843209824231,0.14083772897720334,1.0367638785475937,1.7522611618041992,29.696608684286016,2.788642644882202,29.57736543925695,-0.004597279429435733,4.384999882214825,0.025480151176452602,1.813266261941516,-1.036381483078003,0.11924324502906353,74,34,18,86,0.6936227545971988,2.478219202696807,0.457325969786794,5.81331847146001,0.23214567452669144,2.4176540790341203,0.17450720846652984,1.773259871025237,68,18,0.10157528280868863,15.702788777668916,4.353478352465355,3.4373310073360637,0.11745840311050415,1.2129991299992966,1.3183525800704956,11.631954693733595,2.033824861049652,10.942531953380847,0.02232245057821274,3.100661402877586,-0.0021617412567138,2.562643867699862,-0.7154722809791565,0.6894227403527475,81,38,16,79,1.0287012172056569,1.8435422259441174,0.25175861446102393,2.467526624450913,0.2588209360837936,1.7245468384679394,0.16946470731170843,1.7408403352406325,81,17,0.08108358291515301,12.571834405799114,0.7753436668459006,6.9594766216766395,0.12384453415870661,0.7585691026308223,0.7314634323120117,12.957406940530069,1.2146201729774475,12.685853390886924,0.026244749687612052,2.3536739245028038,0.0303501486778259,1.1838500107184617,-0.4831567406654358,0.2715535496431443,71,36,16,89,0.26562816255933364,2.5830354939388123,0.22428295793131575,2.651801927541853
LegMomentum,0.4087865415381097,5.503294517684563,0.9747790232300756,8.657139933364238,0.3054714947938918,4.173026598448926,0.2970184471458196,3.8540308567373285,80,14,0.32017109439524105,50.61860979745263,2.041334088024964,6.2640231711748875,0.14772221446037292,1.022063825634505,1.509385585784912,26.368933676576933,2.545767068862915,26.20769565824307,-0.03623714409768582,4.090581307409087,-0.032974183559417704,1.6938946635447338,-1.036381483078003,0.1612380183338655,86,36,19,74,0.6651594156586959,2.588817838316258,0.44726287446830926,5.821147169152142,0.19777482002973545,1.2915795419076928,0.157464557015337,1.6070176198376456,62,13,0.07517111331749751,11.577138724190739,1.198932229312975,5.916265586291692,0.1016070842742919,0.6773476029545034,0.6803315877914429,12.356481096955637,1.2112114429473877,12.275720420804328,0.025856069661676882,2.271076046502849,-0.009283095598220801,1.4395061236629902,-0.5308798551559448,0.08076067615130854,86,37,19,74,0.9768977594499578,2.5138648112204436,0.21588119137623848,2.533644078238246,0.23352738469839085,2.049182362429471,0.1567409690003842,1.6961227642138867,70,16,0.07121496678302823,11.187881975223672,1.13248265974988,6.236954298245319,0.10480044782161702,0.7692782875997786,0.7314634323120117,12.65341695564368,1.2146201729774475,12.553582281297839,-0.0038875762373208967,2.2954825794523033,-0.028455942869186353,1.4407061131337324,-0.4831567406654358,0.09983467434584055,90,33,16,70,0.43339498895198986,2.3884856509756998,0.2115988633807893,2.43282586772146
LegMomentum,0.4052983389929004,5.2750423555096395,0.965351585894823,8.309045043948043,0.29662369191646565,3.0805717767807956,0.2954552529752254,3.560136395070277,74,13,0.30346251032968213,47.488455706565354,1.5375271320402453,7.40313671537376,0.1692888736724853,0.8569736136901956,1.3786942958831787,26.74584977240623,2.3905075788497925,26.42742047221527,-0.04887087345123291,3.8987495882724503,-0.0805721580982208,1.6646404190686799,-1.0118132829666138,0.31842930019095855,94,36,16,66,0.4742466600419654,2.8161887007356605,0.4341123602449009,5.682271320036624,0.21927043050527564,1.3925048908426758,0.15777191771194338,1.597560717867028,70,13,0.0767945804991755,11.420029365896166,1.2697491612573621,6.4186727731928155,0.10693794488906849,0.5356932331086319,0.72336745262146,12.30838162572249,1.08433336019516,12.001288272504357,0.04729279205203056,2.2669481479880234,0.0130192339420318,1.4313379527270904,-0.3609659075736999,0.30709335321813175,75,37,20,85,1.0502840472859896,2.6097076807819684,0.21458751921576877,2.5061874351751583,0.16997623071074475,1.4755862039996286,0.1472868088120594,1.4862735148685327,68,13,0.0648709635944769,10.176941095415813,0.5519302212628019,5.810456007097933,0.09206162393093105,0.7858010977632988,0.5741156339645386,10.713327585728202,0.9897885918617249,10.624388057480644,0.0032926390878856215,2.143347307687568,-0.02368554472923275,1.4971598319042112,-0.4156729578971863,0.08893952824755769,90,34,17,70,0.42027015152550057,2.48854666225228,0.2019614777998626,2.3628379999577342
LegMomentum,0.3448469226166099,4.571901230953784,0.830989907234907,7.2335461543311075,0.2734660208225249,1.909740905290449,0.2575851437915116,3.159124561294041,87,11,0.2358032695610475,35.88188405384905,1.9642136494031082,5.480784510298296,0.13851389288902285,0.8324141921512473,1.2997642755508425,21.858895550145938,2.3801525831222534,21.493527407758616,-0.07735510095953942,3.3433932229603185,-0.042089343070983845,1.5274265564733085,-1.0803883075714111,0.36536814238732107,88,35,19,72,-0.30571857846097245,2.55129308352792,0.37720352257129747,4.970272206882845,0.20891915261745447,1.3328971679469297,0.1345808021142147,1.3452684525739824,75,17,0.05482472766968414,8.441926939114003,2.462130248322108,8.63015640791132,0.106822982430458,0.6958203274789709,0.72336745262146,11.910335342401815,1.0754719972610474,11.697747402847632,0.019587024115026,1.994871061410872,0.0104216933250427,1.3952296882063628,-0.3521045446395874,0.21258793955418237,75,38,16,85,1.0608489283932427,2.7458250008759006,0.18464803378931252,2.1124432270381766,0.14835368841886515,1.1957090064514124,0.125340228441637,1.3562752773973563,78,13,0.05098455667065302,7.96799614937279,1.2305829718549308,5.452643417050883,0.08845996856689455,0.48636352418973894,0.5499790906906128,10.011038882041412,1.0273766219615936,9.845356912804844,-0.01596493991091847,1.8952818699599174,-0.0203781127929687,1.1646638267697447,-0.4773975312709808,0.16568196923656825,90,37,16,70,0.11600898165516607,2.431225518304077,0.17835155337561756,2.0918658615633148
LegMomentum,0.31801842486893284,5.907704322312464,0.7633435341715811,9.228180569697845,0.24899481236934656,3.4728975113142053,0.2159245087020099,2.9899811435108017,84,16,0.24848426094367887,39.26966034319699,13.150823240737807,3.0433865542292535,0.11868274211883541,1.4382825972775581,2.4049952030181885,18.75232945657813,3.4853835105895996,18.17283909684128,-0.0004480969160795212,4.637011865063102,0.0180555880069732,3.1900571402877853,-1.0803883075714111,0.5794903597368523,76,36,15,84,2.0439567997216512,1.8953164501028645,0.395321650488382,4.215184611195696,0.19703810662031163,1.8545265683786623,0.14312528420705345,1.4973191752224,75,18,0.07502268830458161,11.454343491363623,5.142713641607003,1.4338533985751214,0.1026793718338012,0.864813721494556,0.7922768592834473,9.03810636069551,1.7945449352264404,8.703883146455949,0.024220963194966312,2.735483035503831,0.017416015267372048,1.9998827275072542,-1.0022680759429932,0.33422321423956175,70,41,17,90,0.06728335751372631,1.4583107256636947,0.21585582221047478,1.9928562551861013,0.15838310122489918,1.0872687981315967,0.1176189799699932,1.0966449698609038,76,15,0.039427885768208604,6.02114962542854,1.0985678674009165,4.566805091995294,0.0825682431459426,0.5086786473718918,0.4566580057144165,8.197906697509802,0.9340555369853973,8.110948509771356,0.00945710930973292,1.8556856691309118,-0.0043883770704269,1.3055718526881157,-0.4773975312709808,0.08695818773844677,81,41,19,79,-0.04413524593241268,2.1372747652448143,0.15718591864416226,1.6054844511270427
LegMomentum,0.3907530270275854,6.709369758586786,0.9360143367946145,10.472772713804881,0.2767609655857086,4.805880907041848,0.26583948538638646,3.7610202570904345,78,16,0.34952108108145635,54.71267675226299,7.278478215480897,3.179662906638989,0.12840557098388677,1.685760256488594,2.4049952030181885,24.250672327609763,3.5578118562698364,23.766592275146063,0.05276432372629643,5.286448295941889,0.0412622988224029,3.3002085060302195,-1.152816653251648,0.48408005246369845,69,35,19,91,1.6200556188977244,1.887572906153366,0.4658572694932861,5.173600406544373,0.22204817086458195,2.469389555074435,0.17873279841616746,1.852095133151389,69,18,0.11641310626195459,16.791918028663055,3.0219102610710564,3.052618375156775,0.11163230240345004,1.2934498867701625,0.96294105052948,12.1197175036449,1.9652091264724731,11.786089306003605,0.06970104426145553,3.1465062505302535,0.0375416129827499,2.52736772552782,-1.0022680759429932,0.33362819764129487,64,42,19,96,0.37243062131537313,1.801065408114596,0.26139433733350437,2.6251507469166606,0.18664783239364618,1.700458076737018,0.13052937788539562,1.407833092408342,83,16,0.05466772810214698,8.096746603887503,1.5923148631363553,3.4010779454092743,0.09366528689861295,0.641345499226697,0.4566580057144165,8.569911535575953,1.0136631727218628,8.469471014867432,0.03664229819551109,2.0398181673327382,0.0404406934976577,1.3292727914397875,-0.5570051670074463,0.10044052070852005,61,35,14,99,-0.5110182864327927,1.9775405889860158,0.1817446464825713,1.9839073688322277
LegMomentum,0.4269019748157084,6.002582106361916,1.0274102790653705,9.455918813482624,0.3376625031232833,2.851917524395948,0.3154696959862486,3.8161637301530646,91,12,0.3407216282305713,54.169528141175554,2.3149795587910305,6.971658208294379,0.17306753993034354,1.1128035617881662,1.8257821798324585,28.661770191818594,2.9785988330841064,28.509067756431115,-0.013476821407675758,4.589100885894028,0.0348802804946899,2.295914867257012,-1.152816653251648,0.1527024353874781,72,35,17,88,0.5993616463663072,2.633426856319606,0.46271758688364556,5.754101250435398,0.2781812325119971,1.858620935103656,0.17659859784180298,1.8110629704354784,66,14,0.09083523717836614,13.492869577915004,1.8577593379834072,4.003573068986102,0.12316204607486717,0.6531427498634634,0.96294105052948,12.278202705247287,1.534220814704895,12.187068463324458,0.047758632805198424,2.650443779300082,0.00041003525257105907,1.6164724469189924,-0.571279764175415,0.09113424192282786,80,40,16,80,0.8667629491945893,2.044338284276298,0.23416628232447873,2.5432297085958444,0.1997725218534469,1.3012111932922745,0.15593949889298528,1.598766472405315,90,12,0.07399139517572705,11.680522186989728,0.5994086862808272,8.13140219837123,0.09826838970184319,0.5162034946137684,0.5329968333244324,13.810502016301236,1.0900020003318787,13.779368265187793,0.011264683492481697,2.2163741482885135,0.03532147407531735,1.267610321498355,-0.5570051670074463,0.031133751113441452,63,32,15,97,-0.25499279252161605,2.845409364531898,0.2154246445976382,2.6015779484359274
LegMomentum,0.42773651177602356,5.596691124615811,1.0399996069073674,8.859238291502441,0.41469037532806396,2.4336260063763704,0.3131219086237252,3.8777583572268854,86,11,0.3179861844536777,50.19133495631174,1.5014481705001756,6.05236584215012,0.16256499290466309,0.7155941723087758,1.356806755065918,26.288738587119745,2.416050434112549,25.91535131695068,-0.04039406403899194,3.9203547687803844,-0.0013143718242645001,1.5151638212463496,-1.0592436790466309,0.37338727016906426,80,35,15,80,0.6374915559572888,2.5928245884039387,0.44536430978091274,5.901029862931776,0.27318090945482254,1.5371736517226946,0.18175002526608292,1.6997729180345744,63,15,0.09532903134913318,14.508279580835243,0.9116438983712416,5.552309748949165,0.1177811473608017,0.740167423082992,0.7890228033065796,13.124476059433267,1.4051060676574707,12.943099169191688,0.03145077535882592,2.6979402747641252,-0.013312801718711801,1.8409713229123752,-0.6160832643508911,0.18137689024157888,84,39,17,76,0.5812255876216906,2.4110956293196617,0.24281678953593855,2.688753959484007,0.2116598188877105,1.7217317250696378,0.1617945537331979,1.732278518005362,79,14,0.07898004807793467,12.46898596416472,0.8222207762465827,7.063261048612912,0.10650461912155144,0.6898839355017881,0.728489875793457,13.21003180384071,1.3589963912963867,13.079378660362712,0.0006488665007054806,2.2409432479579316,-0.0039152055978774495,1.3332699695557766,-0.6305065155029297,0.13065314347799892,81,36,18,79,0.13679169536608696,2.698643816565703,0.22287342267939575,2.7289483915230934
LegMomentum,0.4501439565921045,5.843879704257157,1.0977262139320372,9.292716469624313,0.3037494271993636,2.5987320518664996,0.3156758327782153,4.018987142421243,82,12,0.35169380298148295,55.318722402311494,1.7039500404805343,6.038908905371084,0.1617051362991333,0.7492921922365402,1.356806755065918,27.6243739127855,2.4446558952331543,27.567288930802963,-0.049502778053283694,4.061321726936534,-0.02231004834175105,1.6438395689735343,-1.0878491401672363,0.05708498198253624,86,31,17,74,0.4875165301623557,2.606530904578085,0.467680589628654,6.230921940822623,0.2887654900550841,1.3811517942174008,0.1937837335653603,1.7518115788479418,72,11,0.10793917118966609,15.907103174551741,1.2578220022993305,6.289971315862431,0.14498886466026312,0.71920618109631,0.9656121134757996,13.927899184640117,1.5816953778266907,13.816525798519228,0.04491864647716283,2.787834255831134,0.00857561826705925,1.94387896116277,-0.6160832643508911,0.11137338612088794,78,40,17,82,0.8200621996610092,2.562845013925972,0.25662403734960415,2.8522067485661364,0.25103296339511866,1.6139621299677005,0.17845711416099216,1.775604044578658,78,14,0.09047661939782255,13.961194799374221,0.8818819877619339,5.373429681775983,0.12462121248245235,0.8071143602465645,0.7966021299362183,12.254314865069729,1.427108645439148,12.15075089612827,0.00781961772590876,2.4435604868566467,-0.005922973155975299,1.5933238358190698,-0.6305065155029297,0.10356396894145854,81,37,18,79,0.05077649721139007,2.4798544768792197,0.23841561027415914,2.8266954109785383
LegMomentum,0.4148317560656972,5.582149183398067,1.0029831434786318,8.908405908674876,0.31261906027793873,2.211415035288341,0.28300563836935905,3.481743655263712,87,12,0.2909865146614203,45.025148254122904,2.459540446138094,5.464297517472771,0.16049584746360765,0.5915764308848427,1.3449088335037231,24.142559285959717,2.4327579736709595,23.78865433565106,-0.06458329670131206,4.080071378034905,-0.0315211117267608,2.0247401938899587,-1.0878491401672363,0.35390495030865815,87,32,19,73,0.3815545732220486,2.5030143058462553,0.42286304124193724,5.327116086989588,0.2613751515746116,1.1874622905552534,0.16677344884839837,1.4199700358514706,71,13,0.07844845512178227,10.749549715617475,1.7999142914686166,5.525530253414127,0.1299133896827697,0.5587469111649184,0.9656121134757996,11.321956452200864,1.298817753791809,11.127453446580729,0.05409500384703279,2.4044037514292778,0.01388284564018245,1.651829840969687,-0.3332056403160095,0.19450300562013467,73,40,17,87,0.9835975889468526,2.4197737447507945,0.21539261214920133,2.2289890793205536,0.26704341918230057,1.3056477101347537,0.17884522858541455,1.8282391923248782,82,12,0.08931333268941238,13.858810925804532,0.841141997021265,5.480674327045776,0.13086548447608945,0.6245856508771132,0.7966021299362183,12.866690557614088,1.420762538909912,12.578498554933917,0.0027324648573994635,2.423930779210693,0.0102474391460418,1.4617981062162086,-0.6241604089736938,0.2881920026801713,77,38,20,83,-0.07026849115001023,2.4787750454388573,0.23699028256316623,2.8254858880198945
LegMomentum,0.33534086358298526,5.215891127500162,0.8044584937393664,8.241095971365452,0.26224480569362635,2.4637591663297065,0.22704032225068654,2.7916291721440563,87,15,0.2073842078480855,32.4542575241523,6.354449240023479,4.241040852503429,0.13356313109397885,1.3608276101369898,1.7353975772857666,19.279031000129546,2.6379167437553406,19.149450587362427,-0.03743018992245197,3.8817753759527767,-0.00672984123229975,2.40031025528536,-0.902519166469574,0.12958041276712032,81,38,18,79,0.9939664285931669,2.1778249387326722,0.3591942216165085,4.169661551588927,0.22721103578805912,1.832387146053282,0.14560720738372765,1.334173096053069,73,19,0.0627365418353803,9.384877046129043,1.9891359273366547,4.728788554807601,0.1144057959318161,0.9176682198178128,0.6745449304580688,10.25171679781032,1.3965020775794983,10.08133705424251,0.02805566089227795,2.3801228613419205,0.011286556720733601,2.0599173594220725,-0.7219571471214294,0.1703797435678082,75,40,17,85,0.24244396731752416,1.9874285591603693,0.19663385771916214,1.9287022090116952,0.20898222923278803,1.4102554417354687,0.13284262339584524,1.4593178374242124,92,13,0.05332794369141185,8.334724660607096,1.885065303214927,5.635917207053847,0.10591980814933775,0.5791113058712971,0.6100839376449585,10.310496465513046,1.2342443466186523,10.057376459200785,-0.009326481260359292,1.9791977340707556,0.0138379037380218,1.2400327251523684,-0.6241604089736938,0.2531200063122594,74,34,18,86,-0.4364891068291692,2.3437339893662856,0.18289903474354594,2.10178519122585
LegMomentum,0.3567004042706815,6.203237081420716,0.8539950822293757,9.65674008015528,0.2478187680244445,4.059273134776454,0.24225324879400428,3.235669097006582,78,15,0.27195749264171515,42.32699602093465,5.344521248739266,2.9497597331670473,0.13198342919349676,1.0970095636927097,1.7353975772857666,20.173497944444478,2.7646420001983643,19.468313725597326,0.027578414604067802,4.784493198715665,0.02109903097152705,2.8408628016064035,-1.0292444229125977,0.705184218847151,72,41,18,88,1.3436987431615626,1.8898319540701671,0.4126464537564014,4.4085849036145595,0.2376305162906646,2.088838611407926,0.16592798363417388,1.63915023551085,78,19,0.087493402861098,13.360796697765615,3.143202067803565,2.0966689380169985,0.1205051839351653,0.9128805310062682,1.0329153537750244,10.72604160340817,1.7548725008964539,10.698059773701047,0.03218755871057509,2.9249353637487383,0.028947263956069898,2.210227888880667,-0.7219571471214294,0.027981829707123353,76,42,17,84,0.8137690700407821,1.4921096297427767,0.232346169525174,2.192156430471524,0.18689197301864613,1.4713867279695787,0.1216028450464364,1.326976992142817,85,17,0.04805769495963807,7.448824678216295,2.167642692379606,4.636402857344128,0.08799502253532406,0.7692893708879014,0.6171492338180542,9.619987223261536,1.1216288805007935,9.570894615108843,0.018114966992288824,1.9473115176908786,0.0226439386606216,1.2211843935589477,-0.5044796466827393,0.04909260815269229,68,35,17,92,0.052207737499201115,2.10946501766488,0.17290098179318888,1.912276792539391
LegMomentum,0.421484700294933,6.3504578906019455,1.0159744019806385,9.990288170589286,0.28998158872127533,3.8026511227829696,0.2939547416940331,3.9925795175484233,88,14,0.3415884411874633,53.954915472920476,2.3874617921463797,4.3511168855736875,0.15212586522102345,1.2684057790098666,1.570982813835144,26.551174820186443,2.6002272367477417,25.93348277831153,0.02367866672575473,4.65907417303046,0.03908795118331905,2.0586563762409407,-1.0292444229125977,0.6176920418749131,69,38,17,91,0.7917807004866114,2.1649214230057554,0.4628944718395629,5.6787272626109635,0.26623085141181946,1.6478140264353123,0.1891710133105516,1.938365992548534,69,15,0.11023022971774185,16.477773278016528,1.8797036186150375,4.011450864017829,0.13821046054363245,0.8626238144825642,1.0329153537750244,13.533153718886965,1.5535122156143188,13.376129689319685,0.04734954833984374,2.8688066619398342,-0.00228810310363765,2.0234251434706505,-0.5205968618392944,0.15702402956728054,81,40,17,79,1.0364360401820287,2.115606728992979,0.2589809032965623,2.8718846798620157,0.23037746548652646,1.5728093847968394,0.15256665379274637,1.464867517510809,76,14,0.06835197692883728,10.535119077788512,1.2285162040686162,5.882967220837466,0.11020144075155254,0.5592010941276605,0.6844715476036072,11.387182603175868,1.1889511942863464,10.990030308844725,0.019457161892205473,2.4624073356189897,0.0062143281102179995,1.751694252676662,-0.5044796466827393,0.39715229433114246,75,37,16,85,0.3072967079099703,2.324698236772097,0.2064163331054575,2.114632164533184
LegMomentum,0.43325426633345004,5.807491717326448,1.0442426002025602,9.222094492104281,0.3524499237537383,3.6803300760135986,0.3183685069158672,3.9816461900656814,88,14,0.3437072387109399,54.667762385443986,1.474462578358132,6.461554270545694,0.18960615992546076,0.9178240258236896,1.4179587364196775,28.797234132281933,2.481096029281616,28.53755427417764,-0.016601079329848296,4.220368894464688,0.007341593503952,1.6275226683840882,-1.0631372928619385,0.25967985810429295,77,36,19,83,0.5098047466296249,2.608230235579914,0.46464044757093054,6.07093475340321,0.26489920914173115,1.895293744169069,0.17903313410468397,1.7978941879327814,68,14,0.09454433399301926,14.162648741812127,1.2653417608055033,4.838800195232805,0.12000578641891474,0.9435378610858896,0.877367377281189,13.361230215549089,1.3979642391204834,13.187258180717853,0.03611697610467672,2.5915772292839403,-0.0056136697530746,1.846854236224024,-0.5205968618392944,0.17397203483123602,82,42,19,78,0.8539250341844011,2.2036393383911443,0.24114146328641972,2.728804904435109,0.2107706367969512,1.905336490330854,0.1605231528170407,1.6611482377131264,79,16,0.076762973565538,11.929205377850185,1.032002729427563,4.66907072396333,0.10917144268751139,0.8018594406619388,0.6844715476036072,11.047670966195057,1.255361258983612,10.89390837690111,-0.0018269792199134872,2.410148368355654,-0.004937469959259,1.56252771541393,-0.5708897113800049,0.1537625892939479,81,39,18,79,0.09796789619577691,2.2737123986846157,0.21971627359141344,2.473942242729762
LegMomentum,0.43135090420012645,5.94030262051814,1.0229105710983273,9.41183003526988,0.3694702982902526,3.8113012436140377,0.3163250978663563,4.037418189847215,78,14,0.3555527279334736,55.88465531100493,2.2779423854025387,5.65240687097231,0.17938864231109614,1.103340186963308,1.5534876585006714,26.868987954840406,2.61662495136261,26.5663629738633,-0.04899127930402755,4.38373435934959,-0.0605184435844421,1.7774340072595889,-1.0631372928619385,0.30262498097710805,91,34,18,69,0.9202696399003384,2.4598175710656176,0.4703220462411406,6.055371861220645,0.22319643944501869,1.6130276583065153,0.17588273911736904,2.163033690589358,63,12,0.10620817405807781,15.884427843248341,4.244137728722584,3.4765602805655416,0.1117113381624221,0.608137098216263,1.1970789432525637,13.806881897675542,1.6817105114459994,13.525789061878365,0.04585318490862847,2.693410415558696,-0.0026324987411498503,1.4473275671514259,-0.4846315681934356,0.28109283579717653,82,45,20,78,1.6695018029772413,1.976792357614701,0.2543262782704569,2.9376807479044205,0.15685462951660145,1.655148985680349,0.14948257152223957,1.58539976256183,77,16,0.07378059069377575,11.332322858662986,1.288606980362272,6.364792743937651,0.0814278572797775,0.6779785612140379,0.6647995710372925,11.881774182638642,1.2356892824172974,11.797730432488219,-0.010075981356203556,2.334685260361594,-0.0162801444530487,1.4993288680770867,-0.5708897113800049,0.08404375015042317,87,40,20,73,0.18444889867893782,2.509840881144401,0.2151760286462437,2.425194341431899
LegMomentum,0.4306175139561222,5.813481628191299,1.0149524226039646,9.101615960886248,0.4202159047126769,3.9411640468076863,0.31639049252495166,3.9552484280069407,81,14,0.3362875271371189,52.91627163802407,2.0080759416077374,5.491222865108885,0.16947117447853086,1.340382031521631,1.5534876585006714,26.241680407376048,2.46347975730896,26.118251241535113,-0.043796162307262416,4.2117596516083,-0.02572697401046745,2.000519024969164,-0.9099920988082886,0.12342916584093587,88,33,18,72,0.9433589186829314,2.436323653460616,0.45778971375015826,5.93104984594704,0.25768984109163273,2.222681584276554,0.17784237575542644,1.9053819463243666,65,16,0.10174799954319198,14.627679673180001,4.266633693341043,2.9337045918383673,0.12106313556432724,0.8862644069596148,1.1970789432525637,11.666992207670063,1.6527792215347292,11.387331665284174,0.06745127975009382,2.7751377927725325,0.0080399587750434,1.7996696204439502,-0.4557002782821655,0.2796605423858881,78,39,17,82,1.5516792652176383,1.842987227218527,0.2437502063463875,2.6317845474707076,0.18204256147146222,1.4562237954646489,0.14498562524095177,1.3909499739878766,80,18,0.06260546930967698,9.616940482601933,0.9225689872773177,7.437240246989639,0.09275980293750755,0.7209657065297199,0.6647995710372925,11.619010475138678,1.0771446228027344,11.390252818332744,-0.015571586694568396,2.1147185165054156,-0.0142765641212463,1.48569480633271,-0.4123450517654419,0.22875765680593463,87,40,20,73,0.44535969835776285,2.7252075468490924,0.19781433136134563,2.268238540927974
LegMomentum,0.37666363691660665,4.692263727647504,0.9027324172109364,7.447571814366866,0.32690861821174616,2.1892461160324665,0.2695101710502058,3.433146199570828,91,12,0.2459822708085825,37.77016375547959,1.7580465169819357,5.779238573497469,0.1524496376514434,0.629267855749698,1.126624584197998,23.192912137572343,2.218221664428711,23.041308753728394,-0.07446896657347679,3.284086233322494,-0.0131186246871948,1.0623199215914507,-1.091597080230713,0.15160338384394773,84,34,20,76,-0.005425487364406336,2.542128591749539,0.38616748381703153,5.194703203031069,0.2634217757731675,1.8812814802853668,0.15560409764701033,1.4111838185588113,71,18,0.06017376817333572,8.826976007733725,-0.33056694978007206,6.224806525107702,0.11620788276195519,0.7400916534705948,0.5222121477127075,10.955686155031836,0.977912425994873,10.660032063475857,0.04718693080358208,2.114146694579958,0.0122657343745231,1.360249209613861,-0.4557002782821655,0.2956540915559795,77,36,16,83,0.298307322604845,2.3995958088330624,0.18869161868825213,2.0874289835897084,0.19689965993165964,1.2244474188345382,0.1435542587016243,1.4730167220785055,83,11,0.0606665141779205,9.244231407260006,0.48534965670995334,5.0337393576775415,0.10252325236797334,0.553736418601289,0.4763264656066894,10.550778910395858,1.059072732925415,10.376049512927304,-0.03309533698484301,2.049338886464414,-0.02186314761638635,1.2346900835672479,-0.5827462673187256,0.17472939746855384,91,35,18,69,-0.3365237006499695,2.358610271484167,0.19249116952660647,2.2459834228428317
LegMomentum,0.34126731898550355,4.845300561890905,0.8344870766997337,7.724015451411429,0.2696871459484099,2.1660739967457316,0.23977374453097583,3.200593702425436,86,12,0.22319509715757122,34.7986465769112,4.509740326246636,5.0892941792623265,0.13294142484664917,0.8673467288712305,1.545403003692627,22.581418921502518,2.63700008392334,22.453736845079717,-0.04710861295461655,3.681120672488314,-0.0040605366230010995,1.823082906266285,-1.091597080230713,0.12768207642280013,80,35,20,80,0.43286367732207515,2.306560580953637,0.37167337294992486,4.609554986274747,0.23198936879634852,1.5143174762989642,0.1474332053563557,1.4830979648215261,75,15,0.0579327099244463,9.060813152699538,1.7853850229133599,4.161077407189626,0.1190382689237594,0.5484753964193596,0.7688866853713989,10.510357695572168,1.265056848526001,10.35335045216008,0.012486795149743561,2.147159798876421,-0.024223133921623202,1.2503100719549964,-0.496170163154602,0.157007243412087,83,38,17,77,0.8316081436580316,2.0770106397938424,0.19046985571678293,2.109625073511525,0.1677928045392036,0.9577722656867331,0.13634301463142035,1.5766516204190228,84,10,0.0573759193715549,9.003876428898572,1.1642662680357008,4.354227128807152,0.0856326818466186,0.46410865838950305,0.5494498014450073,10.332164063002343,1.132196068763733,10.215470749069038,-0.016310744360089297,1.8957349800466952,-0.010339140892028802,1.0497471380026573,-0.5827462673187256,0.11669331393330568,85,35,18,75,-0.23097366140077694,2.273473851756577,0.18925583290866846,2.3259547102912235
LegMomentum,0.3513153700623298,5.793506093618241,0.844874299764633,9.035489332841832,0.23587051033973688,3.4887119093957164,0.24790268026292323,3.565824009891424,72,15,0.26741422273560983,41.638192870203476,6.129123331179233,1.0062179298713065,0.1179896295070648,1.275183740966376,1.88306188583374,17.536362983537526,2.6693135499954224,17.407035713786613,0.044502236694097516,4.57092260663045,0.0188616812229156,2.594716755880193,-0.7862516641616821,0.12932726975091474,74,39,19,86,1.7834294582771941,1.4740752398573473,0.4076667033501214,4.554652499850913,0.24826443940401063,2.042104725550124,0.1574291653709951,1.5007452786609046,81,14,0.07336907398406747,11.09359579655088,1.954775808258029,1.2551747241782305,0.1247967630624771,0.9566764764248782,0.7836824655532837,8.782427702068592,1.2798526287078857,8.418374092769378,0.029746184032410382,2.6723769702414932,0.0306954085826873,2.1969185849850996,-0.496170163154602,0.3640536092992139,72,37,18,88,0.8154936050106433,1.3904859548191746,0.21272910290010016,1.987963059383594,0.15635482221841804,1.182852463971256,0.11955218916409649,1.347122646056134,73,13,0.045850055783843546,6.816430513117904,0.8271523164954449,3.5422827024613524,0.07862074673175806,0.581438151081293,0.5494498014450073,9.040713012112425,0.8816937208175659,8.885556780973756,0.035012706648558364,1.7921897559698885,0.022012546658515902,1.1541190204791336,-0.3322439193725586,0.1551562311386689,64,41,16,96,0.49518228715384827,2.011278211482973,0.1661412454723044,1.8985484960133348
LegMomentum,0.3866145301266205,5.9772004184102085,0.9272940969467162,9.34133044995469,0.21981926262378687,2.8934879800792785,0.2716990011930466,3.6665192228915644,81,13,0.30740902114331503,48.28067080912582,4.07074586629262,2.48330146143845,0.1110791265964508,1.2030488058173603,1.88306188583374,21.370737390804987,2.865326404571533,21.024314984562956,0.030122375488281245,4.66480558697317,0.03290018439292905,2.5010636286849595,-0.982264518737793,0.3464224062420313,71,41,20,89,1.122213365911381,1.8875426636263468,0.43866381529862025,5.1497824851997125,0.2260782197117805,2.022006017886445,0.15597068294300698,1.517457996267922,75,15,0.07518228273752245,10.97217898592499,1.5133255230627087,2.7199940504988644,0.11282117664813991,1.0276741379629772,0.7836824655532837,9.90625695578786,1.2846014499664307,9.65727536889999,0.048670665826648474,2.544587544100228,0.027169063687324448,2.064692649129104,-0.500918984413147,0.2489815868878697,71,35,19,89,0.7044733238750644,1.7023538355328027,0.2118979058760583,2.1206728216146304,0.20476044714450825,1.575686391885073,0.14853055268293244,1.6791488422296743,74,15,0.0694717840986719,10.629434101803104,1.217879614203187,4.74549347474933,0.0955569744110106,0.5999843628300954,0.8009747266769409,11.831435406552027,1.2872865796089172,11.636036062526738,0.03059684308245777,2.1319373188812922,0.01917155086994165,1.1503232520319535,-0.4863118529319763,0.19539934402528833,69,41,17,91,0.22805869743015744,2.2585986629613535,0.2067628867225545,2.46663280002605
LegMomentum,0.4242966437510046,5.52098505973778,1.0224657690525054,8.858166927146451,0.3011676073074341,2.7057188637993965,0.3076569749042391,3.7424719220685656,90,11,0.3256123368621751,51.71105936885023,1.385258804810288,7.6904291035022485,0.15698489546775815,0.9799220974920084,1.4095423221588137,30.405965182496406,2.4617563486099243,30.109438860504625,-0.008485238254070288,4.0334986853997545,0.0331087410449981,1.8534722905254737,-1.0522140264511108,0.2965263219917807,73,33,18,87,0.3058452711004647,2.7870049037297546,0.4524546177826417,5.953314011853287,0.21442309767007817,1.3010713935537832,0.14547781746368854,1.4327345469943098,66,14,0.06640590893182989,9.868839902105814,1.6358144537847714,6.133383500984122,0.0988866686820983,0.5461865938765669,0.6817957162857056,11.309610113256827,1.1827147006988525,10.767966832928186,0.034118679352104664,2.2395659366951715,0.008921369910240149,1.4640921697402192,-0.500918984413147,0.5416432803286411,76,34,17,84,0.7361779047762281,2.514602073930217,0.2014778326097413,2.202994397927624,0.26012894511222834,2.122027209904794,0.18870187611319125,2.0758080324831667,74,14,0.10992335169285,17.14784440823157,1.000733337081149,10.476991034556622,0.12248247861862176,0.6558406303741684,0.8009747266769409,18.370241503283083,1.516530692577362,18.239407024469397,-0.00023961253464221746,2.5851023050515263,-0.01788119971752165,1.4789353058065304,-0.7155559659004211,0.13083447881368626,86,36,18,74,0.132565333048466,3.0516114668252863,0.26293369065100897,3.2349792086888067
LegMomentum,0.40714855032988506,5.261420481766586,0.9721015590429305,8.383837412794001,0.3317792713642119,3.464249882975429,0.2908568138908595,3.562371340452667,79,15,0.2829593654873115,44.8151119127025,1.516635522773667,7.202668004134738,0.17685484886169425,0.646095907131517,1.3462505340576172,25.73850697569567,2.398464560508728,25.607870644416128,-0.033812204748392104,3.758095020057338,-0.06192260980606075,1.4395728194340451,-1.0522140264511108,0.1306363312795437,87,29,17,73,0.4719597463317116,2.7588873873329014,0.42048948803662817,5.540021094988965,0.19948454946279517,1.335932909511259,0.14672613989561795,1.5320365641950187,71,14,0.06559318524099586,9.764194679038388,1.3171282407546014,3.030683642254486,0.09953157603740685,0.6607474679890798,0.6989747285842896,9.716762558762904,1.1597999930381775,9.338844088930584,0.023835176229476937,2.2242528850924685,0.009656965732574449,1.4333771285298798,-0.4608252644538879,0.3779184698323193,76,37,14,84,0.6172976243438726,1.9870605320140762,0.20169751347779855,2.194742304279984,0.21853972226381296,1.5041108115507498,0.16817528350511565,1.9389946591452707,75,13,0.09379673121828912,14.67583175711011,1.5109798996389836,6.187573749897362,0.0986867547035218,0.46768642984536923,0.7770770192146301,14.2699238451645,1.4926329851150513,14.112945454966441,-0.00404600705951452,2.4014895076441936,-0.01655015349388115,1.241109126067704,-0.7155559659004211,0.15697839019806004,88,34,15,72,-0.0953690260298293,2.590868572580312,0.24284806304370754,2.984741178357842
LegMomentum,0.41903931298556,5.375594589156589,1.0064193518459794,8.525483769312574,0.3870711773633956,2.3771713422440284,0.3020537702506408,3.672239581755592,71,12,0.29696498402782706,46.755192069582584,1.771655068028715,7.158608442790934,0.18462571501731864,0.6682565120981058,1.486999273300171,26.80961945270352,2.461824595928192,26.276651482578345,-0.044271533563733104,3.9278696723296527,-0.09385243058204645,1.6931400654159052,-0.9748253226280212,0.5329679701251748,93,32,19,67,0.693319624036726,2.7123601824117416,0.42988153562932435,5.597055646210384,0.27698587626218785,1.3515000131168993,0.15949594204896128,1.534197742463398,67,13,0.07132087364266004,10.087542080998546,0.588055850466747,4.377349331863862,0.11663042008876795,0.5527577805798809,0.6989747285842896,10.889731385217992,1.153679519891739,10.508499428334332,0.05489339986816048,2.311475293762468,0.0183783173561096,1.4552024937976729,-0.4547047913074493,0.38123195688365935,72,40,17,88,0.6198673606735284,2.14354907069407,0.20450833367731858,2.178215794480487,0.22890914976596827,1.296227580948654,0.16412871925625944,1.7825102471258294,77,12,0.07979689749692462,12.665305718889808,0.6521397868874006,5.863096926358152,0.11294588446617121,0.6584332560767348,0.6072834134101868,13.122351099623002,1.1755858063697815,12.94768985851191,0.006099491938948627,2.2861388032204544,0.0015735924243927,1.282548865172336,-0.5683023929595947,0.1746612411110928,80,32,16,80,-0.14775557580599288,2.4917508205000978,0.22394037196851826,2.727430125832659
LegMomentum,0.3922933443966964,5.201488416724973,0.9391695592552421,8.215202325281304,0.38958837091922754,2.501692441096048,0.27773637112695726,3.2370319631467304,81,13,0.2498038212703344,38.224101298152554,2.61773234781493,5.168363022170416,0.1947348415851592,0.8750257256949117,1.486999273300171,22.992150380593536,2.461824595928192,22.8808737308569,-0.07603881694376469,3.7652801525535278,-0.0561389029026031,1.774978282745878,-0.9748253226280212,0.11127664973663307,88,35,16,72,0.4483603116120577,2.3981990747312545,0.3889615092910078,4.903750265963698,0.24093372374773014,1.4158849230419146,0.1425055184110533,1.3445794175775487,70,16,0.05578865079386249,7.733501542853628,0.5831780765611909,4.268025283976185,0.10959725081920621,0.6665283580215804,0.6816734075546265,9.667344575528691,1.001955807209015,9.548697107534611,0.05588615997694433,2.0357883187892396,0.0148358047008514,1.4441228330607996,-0.3202823996543884,0.11864746799407969,72,39,17,88,0.7145486210771824,2.005978653468981,0.1787296721796058,1.8944834293112491,0.233680173754692,1.3859673607350256,0.1662135191261768,1.8257743503600086,80,13,0.07939572821948451,12.498137663324801,0.5265887180470483,3.4866748483595584,0.1167887300252914,0.5814059347818283,0.6072834134101868,11.651502550474255,1.1755858063697815,11.463140205760421,-0.011601839214563373,2.4141338539385373,-0.014056131243705701,1.5241310329310065,-0.5683023929595947,0.18836234471383495,85,33,19,75,0.14034600233743036,2.0574814867877893,0.2231568305765551,2.582652783204251
LegMomentum,0.37426897526107356,5.407427133304725,0.8879889375716447,8.47520814517178,0.3164469301700591,3.592936446292965,0.26967598540708415,3.4847220223170567,92,14,0.25506477686715995,39.57886377278894,3.6120430775406973,4.9274633409626425,0.15993610024452204,1.0191648807591331,1.7361173629760742,24.297640875351718,2.8007251024246216,23.842083454179416,-0.05768211223185062,3.995684238458931,-0.00996837019920345,1.8691872099336035,-1.0646077394485474,0.4555574211723014,83,34,19,77,0.45409488048485563,2.197379871365803,0.39632050998772184,4.859359138746571,0.20172958076000208,1.9623741391316307,0.13731083789200055,1.3291521946926221,73,22,0.05604173046399279,8.573507306358701,3.221798198647785,1.1497111645272193,0.1064124256372451,0.9260477574049977,0.831542432308197,7.849524137695786,1.2905201613903046,7.787396275448802,0.027349204709753393,2.3527462251935454,0.0097168534994125,1.9140411805401976,-0.4589777290821075,0.06212786224698438,75,37,16,85,0.8088707443237431,1.214611099775576,0.18572476434852855,1.743012480218149,0.22795868664979924,1.1959722409387372,0.15039373694453384,1.5265315021133932,74,12,0.06421269638668542,9.971391080669894,0.43089329551320743,5.681867579812389,0.10981944203376759,0.5798038390616608,0.5623884201049805,11.347587523809409,1.072103500366211,10.979760052628148,-0.016861979849636548,2.126777681519304,-0.0291770994663238,1.397031559766027,-0.5097150802612305,0.3678274711812615,89,35,15,71,0.1336785982504652,2.4492910693673906,0.20024791898755562,2.3341396218009907
LegMomentum,0.37199196506645704,5.984820957564962,0.8970969080924986,9.299192748617068,0.25543294847011555,5.253471951757537,0.265178858069703,4.007322984955746,77,15,0.30501096586035514,47.8999946619923,4.231341581953917,1.063041305124461,0.1231676936149597,1.4527577528600863,1.7361173629760742,18.909783845651027,2.8007251024246216,18.54799219979904,0.046374786645174026,4.6396242131774725,0.0332708060741424,2.515312784658362,-1.0646077394485474,0.36179164585198725,74,37,18,86,1.0896231416621773,1.5110048426440703,0.4355073471079366,5.135550780830584,0.2143565118312835,2.038916451658666,0.1556107778288424,1.70769619711279,72,19,0.07704125317454627,11.43453736325602,2.425800577457478,1.167440922461001,0.10905279219150539,0.8397100116418992,0.831542432308197,9.12626685266468,1.3221425414085388,8.578189359898229,0.04500817339867354,2.546393675482158,0.0226777344942092,1.5342810283127994,-0.4906001091003418,0.5480774927664502,70,40,18,90,0.8797876388554491,1.4683503950411865,0.2154417373680349,2.224953170905061,0.20290027558803547,1.4895220097899835,0.13699353824369606,1.4084645265259965,76,14,0.055245657047845995,8.33961026375871,0.7542125232350649,2.49499321801469,0.1038901805877685,0.6629711224053834,0.5091152787208557,8.577419281105826,1.0188303589820862,8.425599603967685,0.03016490172594786,2.113174859957438,0.02042323350906365,1.4755748743615276,-0.5097150802612305,0.15181967713814065,68,35,14,92,0.06096042451390338,1.7959931496286625,0.18392947611767785,1.968273932917513
LegMomentum,0.37712873972377925,5.491768938610784,0.9163935568928717,8.64163072112649,0.24239198863506312,3.2750930804738303,0.25927561256103215,3.808262596275067,85,13,0.28629546270349315,45.01550437040023,3.6876204977375435,2.865409736675253,0.1229493021965027,1.213450561784584,1.6808816194534302,23.151734500946795,2.4981594681739807,22.98848467162606,0.044294149428606024,4.2770985440378375,0.055120289325714056,2.092517827776736,-0.8172778487205505,0.16324982932073487,65,35,18,95,1.134334692674385,1.8955041405127104,0.4220020477652537,5.169326108400363,0.24101440608501423,1.4910546852306323,0.16175298890098927,1.5578606188871538,76,16,0.07599633016558077,11.01728266303852,0.8293831147659305,5.866093683957059,0.12157014012336725,0.6773674737596871,0.7109535932540894,12.037035062071524,1.2015537023544312,11.908733529343307,0.05996156744658947,2.3021389109628383,0.0407139658927917,1.3772889772766277,-0.4906001091003418,0.1283015327282181,69,40,16,91,0.7049909449661192,2.4334742051432046,0.21018665985910742,2.3911167051545923,0.18484837561845768,1.633026695788773,0.13893660004017874,1.5781669447145357,81,14,0.06073670848383367,9.27192549519158,0.6360497697327943,4.177435218318243,0.09389905631542195,0.5861233748590562,0.4979185461997986,10.415936917986215,1.0042442679405212,10.35241182031486,0.03608842585235833,2.062393266125815,0.0364858657121658,1.2578315087348275,-0.5063257217407227,0.06352509767135506,60,36,16,100,-0.06258881709821194,2.143786334946973,0.19206410963715168,2.2401918469252746
LegMomentum,0.3983250908440935,4.949584969420854,0.9660708712041376,7.847568127611172,0.2954901605844497,2.140684171887256,0.2837691555265337,3.3416378425793978,90,11,0.2720768478422644,43.29705695838442,1.531315794030247,8.158228041983882,0.1459372639656067,0.8537689357190503,1.5288245677947998,26.440714671817076,2.4046775698661804,26.263407491706577,-0.013329790905118002,3.6830262078644416,0.031857281923294054,1.7510647377445898,-0.8758530020713806,0.17730718011050003,71,32,18,89,0.39156789773358774,2.9260315307484235,0.4134473527977142,5.452740128647989,0.2626397162675857,1.3579215073155075,0.16112422083155248,1.4174465856255345,73,13,0.06547967064251875,9.77034729080401,-0.19814948836158752,8.072925198728063,0.13032285869121546,0.8043052304911016,0.5740196704864502,12.509819721727046,0.9661451280117035,12.314959896514228,0.038487428706139325,1.9685006878740339,0.0044547915458678505,1.4270020625374737,-0.3921254575252533,0.1948598252128184,75,38,15,85,0.5413960475338847,2.8826397938489827,0.19922746895338977,2.4280346646297013,0.20622028782963742,1.2822435475093672,0.16216961455531415,1.7072046470921538,82,12,0.07882075123449672,12.5124457951706,0.9201198788249205,6.695168056853284,0.1039342880249023,0.6272544305407688,0.5175638198852539,13.39670273751297,1.238336443901062,13.193090874881957,-0.002539930120110511,2.1960412318726963,0.00774638354778285,1.2607620646248754,-0.7207726240158081,0.20361186263101225,78,38,15,82,-0.4806389293522386,2.684196233056197,0.22263492021618783,2.7730576451068685
LegMomentum,0.39030201671099285,4.646767853558205,0.9444014339894055,7.497433701060689,0.2584368139505385,1.699234346911858,0.2677506506210193,3.0671866206201788,85,9,0.24317185033219618,38.44001323509001,0.8424471322944527,8.346541440503303,0.13187137246131894,0.9324117197515721,1.0331618785858154,22.86545032767257,1.9427016377449036,22.709516995420564,-0.03506819568574429,3.2695632208609995,-0.014213860034942601,1.8492799541612395,-0.909539759159088,0.15593333225200567,85,32,18,75,0.06334299180103775,3.0393978128742773,0.3894878147586948,5.267823989075856,0.22529942542314518,1.4712117474427644,0.15388685907935723,1.5209595718997833,68,13,0.06570084317797743,9.520046611910798,0.18895956167251438,6.8346761779125025,0.11055135726928705,0.6660375679859478,0.6123839616775513,11.921835463222703,1.0045094192028046,11.584782595515152,0.04100755420513451,2.017739636766472,0.0023072957992553,1.2011588794638257,-0.3921254575252533,0.33705286770754983,77,41,16,83,0.6834764645154441,2.57315246455761,0.1990705636010169,2.3342607759486302,0.20683965831995,1.1055476033683838,0.17042726392857727,1.8803026325747652,76,10,0.09010996762852554,14.242882859675602,0.6013076676030629,6.907793774011706,0.1030830964446067,0.5221173635240323,0.5175638198852539,13.756793229288368,1.238336443901062,13.44529275689804,-0.015218600071966643,2.210130843433219,-0.0226786434650421,1.2088205924419837,-0.7207726240158081,0.31150047239032885,90,38,16,70,-0.44406966739065074,2.7685754584018603,0.23757077511153882,3.059118257697922
LegMomentum,0.42249287151244835,5.520776873405749,0.9999987672269343,8.719998196121953,0.3286460041999816,3.0081739655855047,0.29998079488053914,3.5772461833521976,79,13,0.31175570088239146,49.104613931658214,2.024730242700149,6.3778188928039,0.1588931679725646,0.9718421765857438,1.6857233047485352,25.77885687281601,2.596645772457123,25.60601937000577,-0.04136351794004441,4.075201313582084,-0.046561807394027654,2.008226109306851,-0.9109224677085876,0.1728375028102407,92,33,17,68,0.6133152241078739,2.6488580358796203,0.4408526586075861,5.700644541228392,0.1795336101204156,1.5409575767816146,0.15862009002594277,1.5354982116605111,53,13,0.08788990289271456,11.789450634952189,2.929178717090662,4.911843868665686,0.07687199115753171,0.7985916079845835,1.044255256652832,11.158647469674255,1.4279357492923737,10.922860060681412,0.07354452926665545,2.5031202357170006,0.01670695096254345,1.9253084682188581,-0.3836804926395416,0.23578740899284395,71,41,18,89,1.4563882756292315,2.21930763233035,0.2232349728532643,2.350285029628589,0.23891078680753702,1.3553931819081422,0.17154347213916474,1.8505136925928871,78,12,0.08397270926551315,13.263387510264337,0.3086176197021011,6.070140929308899,0.1159881055355072,0.5887673152632025,0.4971262216567993,13.015753282772893,1.149464190006256,12.843726626604232,-0.004214977100491521,2.1416766468228676,-0.008786529302597,1.1829130797706737,-0.6523379683494568,0.17202665616866078,83,35,16,77,-0.4126663013383426,2.6224540212555816,0.2297719454748198,2.945608366826435
LegMomentum,0.37625744783492837,5.29714425474434,0.8720690467208623,8.27940634457516,0.3286085873842239,2.761900333623479,0.28094399291090666,3.3121899796062504,87,13,0.26707425820168346,40.61747611128041,3.425219748228228,3.953334397780183,0.1639424860477447,1.146438627750664,1.6857233047485352,20.00796688570881,2.596645772457123,19.794591077114802,-0.07848158255219459,4.058925279277463,-0.04166042804718015,2.059521197649212,-0.9109224677085876,0.21337580859400723,87,36,21,73,0.7348959422292415,2.2072568997034567,0.40221031148869013,4.913512154103496,0.1739431284368037,1.1324380817267907,0.1335626204393338,1.318799245000456,62,13,0.06645339531179799,9.181781843978248,5.950953321963077,4.477998443026037,0.07550381124019614,0.5582812711275158,1.044255256652832,10.158105590684613,1.3653587400913239,9.664995126734656,0.05143261137418449,2.316171727200491,0.011154949665069549,1.6964602141692422,-0.3211034834384918,0.4931104639499577,76,41,15,84,1.8750976387454747,2.18247844543799,0.197819709689762,1.9537477764786686,0.1772800907492637,1.1533763047534025,0.13423825508914883,1.4840113870413998,84,13,0.0552687585470907,8.494535312816929,1.255466227556564,4.810192941149949,0.08882948756217954,0.47432327725285883,0.4396586716175079,9.73206651788286,1.0919966399669647,9.684365287537672,-0.021672395430505274,1.9043093380972058,-0.009421288967132551,0.9973591092275318,-0.6523379683494568,0.047701230345188875,86,37,17,74,-0.5643219991500863,2.335072800359193,0.18516905447544768,2.2063864706013567
LegMomentum,0.3323764447114269,4.957737230375798,0.7877680087089537,7.653965223733518,0.29434676468372334,3.7419756752867794,0.23500625028274952,3.303309962159854,91,15,0.20939389327809374,33.02824191608534,5.656946735080284,3.7921398721266337,0.12771978974342335,0.9145994313766255,1.57284414768219,20.86315557194841,2.4509876370429993,20.777125985156584,-0.017975220829248427,3.691397981054436,0.0369273126125335,1.6395665783121496,-0.8781434893608093,0.08602958679182686,71,39,17,89,1.2210020860787514,1.9897561353244906,0.36244879887889414,4.4047500339466,0.21111133694648734,1.449167503813429,0.14149786022026087,1.3206899891231394,75,17,0.06323453867074356,9.267120329156418,3.619147198036429,5.393702791283525,0.1036770790815353,0.7780746982257223,0.6515556573867798,10.402116674285507,1.557224690914154,9.984527091193053,0.032022633031010626,2.382999670218417,0.0265681147575378,1.8415696323608826,-0.9056690335273744,0.4175895830924545,74,43,18,86,-0.08322210621658202,2.1371295989565056,0.19682035391748035,1.8943159453732452,0.16788294166326512,0.9516113993025179,0.11742382089141752,1.3095033374567355,78,10,0.04025163461606434,6.305519920887858,1.341387555167211,4.53307185803666,0.08273787796497345,0.4842329047896218,0.4946267008781433,8.950940382717512,0.9986024498939514,8.747078509356678,0.0032688612118363324,1.579567572460665,-0.00215415656566615,0.9128319087955392,-0.5039757490158081,0.20386187336083397,81,39,16,79,-0.019206975577704975,2.2819999562880517,0.15907463912104208,1.9520466707839188
LegMomentum,0.3652173846688667,5.532292039301911,0.8794208446145056,8.678111164798764,0.22617311775684348,3.807039821323992,0.24051373137626797,3.7076162260935,85,16,0.25732270180004446,40.06537424367849,3.6481699687691664,1.6158423357416831,0.1033113896846771,0.9829768013109019,1.57284414768219,18.359859825574397,2.370717227458954,18.039907716922897,0.05401107929646968,4.055156392934121,0.0610992610454559,1.690904757788759,-0.7978730797767639,0.31995210865149887,58,36,19,102,1.1951528560227873,1.6704802559967784,0.3986259316665054,4.860152350752394,0.23809605464339245,1.8615048140816595,0.16127999300835652,1.4516561844164753,79,20,0.07983896703467577,11.34730234375865,2.26332932206743,2.631694950654806,0.12092569470405574,0.9206320555804907,0.6515556573867798,9.49429420068151,1.557224690914154,9.322488618435232,0.05023959781974554,2.668084832867808,0.0439098477363586,2.230065426386174,-0.9056690335273744,0.1718055822462785,64,38,18,96,-0.0862222558200286,1.6101987498395136,0.2183421519158125,2.056362241527356,0.18622192740440358,1.309479814119347,0.1323629758413881,1.3445578510984149,71,14,0.05176463516458245,7.661395188078364,0.503260495844998,3.103911152782281,0.09233349561691286,0.6614831493593638,0.6246590614318848,8.58292525192601,0.9767457246780396,8.470316231146349,0.043266832083463665,1.9548699389968345,0.022733390331268248,1.3906330916642125,-0.3520866632461548,0.1126090207796616,69,34,17,91,0.4370003401468489,1.986756639233909,0.1751358953953327,1.9595608461297844
LegMomentum,0.38828340122792426,5.154941404517437,0.92355293110013,8.01232674961123,0.2696635872125625,2.4571801518533394,0.28029484003782273,3.729892784776129,96,11,0.28033390207446235,44.56398338675237,1.6420074039103572,4.80532128874906,0.106323629617691,0.8042298096330911,1.3885672092437744,24.680588524585392,2.261077344417572,24.598048517020526,0.005775513127446158,3.8061962488150316,0.06013476848602295,1.4747828171217594,-0.8725101351737976,0.0825400075648647,62,33,17,98,0.5277317480292723,2.3565124380363867,0.4198536219850808,5.484236820402523,0.24547582119703282,2.095080413407764,0.15674242198816496,1.5711799910795117,73,14,0.06683591476897298,9.916897418971121,0.4109697507295671,6.406832614682866,0.1275248676538468,0.656446519913093,0.6544632315635681,12.055922196283754,1.0631150603294373,11.913163741948853,0.037747265864163645,2.109925197979913,0.0163410156965255,1.2442064133757464,-0.4086518287658691,0.14275845433490134,76,37,18,84,0.6286508652170067,2.4680384240643587,0.20149776445943937,2.33775813075274,0.15117026120424257,1.7545433457873654,0.13814483808819206,1.5102607276182112,83,15,0.05921811030954156,9.302433694851423,0.4978464403385954,5.593485005839819,0.0765522122383118,0.7818594609722749,0.6246590614318848,11.447052592943082,0.9829185903072357,11.268404940359693,0.014743888750672332,2.0962053028162844,0.0197487920522689,1.4069525453748626,-0.3582595288753509,0.17864765258338947,69,32,18,91,0.24856611709785573,2.2839327038220745,0.1924197107752058,2.2154812170940006
LegMomentum,0.4223367855407304,5.458142432621343,1.014773528575897,8.564976048540185,0.40303656458854664,3.28945247477057,0.3124316825531423,3.8010856506742656,94,14,0.3323829340204213,52.82982885986953,2.0722563720554072,5.652600941972617,0.1459648013114929,0.98761514626064,1.6055593490600586,25.84692853715266,2.5455105304718018,25.7794452585847,-0.019097540527582176,4.254881973393147,0.02405104041099545,1.8912242215528874,-0.9399511814117432,0.06748327856796017,71,34,18,89,0.6913553987330865,2.5369892398074767,0.4568138139190089,5.892860786779506,0.27734287828207016,1.3290341729587372,0.17876571660861368,1.6708796849981278,68,12,0.08451319178387015,12.822677097891098,0.3671882245067306,10.827520578687254,0.1377847790718078,0.62585785384886,0.8026583194732666,15.782893049153218,1.2533552944660187,15.42104696303004,0.0334678951650858,2.3463680207481885,-0.00958424806594845,1.4412816065644547,-0.4506969749927521,0.3618460861231779,83,39,16,77,0.7795814065743722,3.085474664540705,0.22809166172079512,2.705038670537138,0.18686219304800025,1.0939797647627503,0.14968575299484652,1.6157610124909183,91,11,0.06569294418213595,10.39612606087934,0.4283591050483526,6.73916802757549,0.0904299616813659,0.5591954195495656,0.5462687015533447,11.530356044983337,1.1050668954849243,11.430764541044097,-0.008612396009266384,1.9637260543988486,0.013262674212455701,1.1898096111533027,-0.5587981939315796,0.09959150393924163,73,33,14,87,-0.19229420029693184,2.689891003156146,0.20308046984265002,2.557324000621444
LegMomentum,0.4381127471202788,6.5819716022037,1.0486455218493935,10.113691753563531,0.3665647804737091,4.55387835359625,0.31630267485044894,4.068074405611473,83,17,0.40326145977755135,63.66690110878454,4.482092150753306,4.945858846712943,0.16447415947914124,1.600133965364963,2.0648653507232666,27.94087356917263,3.0162588357925415,27.52376328056968,-0.03174854889512062,5.1856913713321875,-0.019215703010559047,2.935923936906605,-0.9513934850692748,0.4171102886029524,86,35,19,74,1.4139904799544591,2.320096640702358,0.5026024769292028,6.064281170103795,0.2677848860621452,1.5935856881829182,0.1835004787391517,1.7068318414163561,71,15,0.10090905183536085,15.256647382657302,2.904200226028527,5.647723007169601,0.14050374925136558,0.8452044562051851,1.059003233909607,13.527813496821368,2.0050208568573,13.099899221483534,0.03610339136794209,2.9560985900837613,-0.00288078188896175,2.1003091876177686,-0.9460176229476928,0.42791427533783427,81,38,18,79,0.5846715203445558,2.326592449904868,0.24930535449011668,2.553062574313857,0.19747760891914365,1.1673896346074413,0.15804393475875253,1.7133676576908934,86,11,0.07193051189902606,11.275879136638364,0.16458314963960996,6.483800486957836,0.0983396768569946,0.5779347053393872,0.4591386318206787,12.17560430009923,1.0179368257522583,12.012827989816245,-0.011883030086755755,1.971901792147581,0.0030916035175323504,1.0704232309823176,-0.5587981939315796,0.16277631028298675,80,35,15,80,-0.19352932091326208,2.6632288232032457,0.21236106320399373,2.717992358113525
LegMomentum,0.38945136857490803,6.266438566179307,0.9239888148754833,9.823715110930962,0.3178990930318832,3.4182816689546405,0.2708601220324635,3.413905349618494,86,14,0.3267989785623097,50.47694501982563,6.867402450537174,4.994248595776615,0.1466161012649536,1.7231784430954873,2.0648653507232666,25.296708529949278,3.0162588357925415,24.913671878450423,-0.059916524589061736,4.908284434511732,-0.0422885119915008,3.0201781406173547,-0.9513934850692748,0.3830366514988545,99,37,20,61,1.6501109489430446,2.268150221590933,0.4493566293152318,5.1367001985472625,0.2029002085328101,1.1432596954978043,0.14224606809904797,1.2239469858030383,68,16,0.07695448213582841,11.05909618096779,6.167260289336189,2.7863775697587627,0.08600773662328709,0.6274561154623035,1.059003233909607,8.767182631745824,2.0050208568573,8.255046014019689,0.05584651646204293,2.80914177527282,0.022833332419395398,2.481598322813455,-0.9460176229476928,0.5121366177261346,67,36,19,93,0.6107770406651382,1.6250426769034432,0.21274537988659553,1.7798366968305985,0.18932677805423725,1.2226175427409838,0.16077737087616692,1.7238597490103726,89,11,0.08013247759433018,12.503840071886806,0.9431373832539371,7.1681906027384485,0.0933421403169631,0.5841260806869848,0.5312882661819458,13.711482063893927,1.2419788837432861,13.556953772881487,-0.022179243154823784,2.106288901146411,-0.0022937953472137,1.1732255231215922,-0.7106906175613403,0.1545282910124396,81,36,17,79,-0.39495364058263127,2.7972494939084966,0.22338928352654072,2.840314619332558
LegMomentum,0.32178599784338857,4.731693580100377,0.7634731398522852,7.463675815933149,0.2667436897754668,2.0326259649551153,0.22024049084633585,2.672895703823384,88,11,0.1793292212589665,27.983523123238875,3.6294462824475895,4.314954589116687,0.13016527891159055,0.8459150831985259,1.306578516960144,17.499954897408738,2.2099751234054565,16.881057315843073,-0.037895258143544205,3.4795215694808665,-0.013098388910293551,1.9185867547994033,-0.9033966064453124,0.6188975815656639,85,37,17,75,0.36675416879746214,2.26503952886318,0.3336773762083613,3.9845266683454748,0.17436300218105302,1.3410878860272772,0.11926903679966923,1.1013796491049623,64,16,0.047627827832986906,6.690968820392498,2.1926804316599693,6.811058246825322,0.06988030672073359,0.6275562397145797,0.6782081723213196,9.44163171267678,1.0832207202911377,9.284256540169121,0.049918331298977124,1.9600490901955403,0.02060493826866145,1.4275808892192314,-0.4050125479698181,0.15737517250766053,67,38,13,93,0.8741071054940309,2.4498998176557225,0.1656716540386185,1.6879503501039745,0.18095540255308146,1.3223255187498397,0.14057742557022718,1.6783370557916215,86,12,0.06592960014953157,10.379364773775416,2.3057370165714817,4.045226819342057,0.0900837182998657,0.5634360697400592,0.5327253341674805,10.299763161331585,1.2434159517288208,10.226253511030404,-0.008385185711085801,2.024105156256743,0.0025708973407744503,1.1346036963376278,-0.7106906175613403,0.07350965030118146,77,36,17,83,-0.4732065586575356,2.2388156593785604,0.20345614706284545,2.506464260704765
LegMomentum,0.4145602026296807,5.699315795556683,0.9910864423215388,8.81299887658463,0.3681647032499313,2.913612183262188,0.31343668163288385,4.052965729310832,89,12,0.33589629634669504,53.34230839017604,2.018500443274487,4.938255802786728,0.1766360402107238,1.1107848708912615,1.6079113483428955,27.570447227223784,2.732998490333557,27.420285002497646,-0.016313448920845998,4.100304841270298,0.02388116717338555,1.6185447974299136,-1.1250871419906616,0.15016222472613933,76,34,19,84,0.5491216790186974,2.3673525711180203,0.45933400691974385,6.04398946051624,0.26433826982975,1.905040537498961,0.18099748273380095,1.7573252211395884,70,15,0.097565139065524,15.175380474588607,2.0874819542265373,4.269910121890545,0.12691105902194974,0.847497697433743,1.0104761123657229,12.572206793621826,1.6112006902694704,12.339120878239475,0.011621815338730818,2.910814113654089,-0.019609719514846753,2.1944805041007664,-0.6007245779037476,0.23308591538235013,86,38,16,74,0.9718388286148143,2.103475616228219,0.2474384905699435,2.588926741014656,0.18197717517614354,0.8872323597578353,0.1269940125092398,1.3380116700602773,79,10,0.047442696237731445,7.419820804238265,1.2887582795269727,5.270803177680204,0.09181326627731315,0.41455437194698724,0.467759907245636,9.79964972153303,1.0437292456626892,9.44982604177832,-0.013745231274515393,1.8018799216602432,-0.01697482168674465,1.021547102298724,-0.5759693384170532,0.34982367975471035,86,36,18,74,-0.2385435168867137,2.433969029527891,0.1721861031092285,2.0428043352597287
LegMomentum,0.4258236935121447,5.942897738273542,1.0191561915725469,9.40237720002946,0.34933534264564503,2.7987890849214354,0.31349686938337984,3.968670211781105,90,11,0.3452646437895555,54.53536446416142,2.414730693239358,5.078360917319856,0.16507306694984436,1.2266494843376028,1.7593215703964231,28.05123677625577,2.884408712387085,27.952905841241936,-0.025869822129607208,4.28940844022496,0.00150996446609495,2.0639515387786114,-1.1250871419906616,0.09833093501383516,79,37,18,81,0.5907751886619945,2.384608464602413,0.46526779160864123,6.011350904504601,0.2631702646613121,1.9160291073640778,0.18068804610753428,1.7700243898131156,69,16,0.09662082671952003,14.894252012267211,2.8608952090115745,5.027104714367354,0.1344655156135559,0.8271691101146974,1.0533679723739624,13.634096687585194,1.6924126148223877,13.459544275421168,0.020748758874833587,2.8505681622091696,-0.0199496299028396,2.003443576901102,-0.6390446424484253,0.17455241216402614,84,42,17,76,1.1249767726025244,2.186557419756531,0.24563101786155217,2.601636631981232,0.19351368397474283,1.5379521674761816,0.14625622699328228,1.5914865038191521,83,14,0.06416431354604812,9.9045755003504,0.6184852980893187,2.2647648089555954,0.09760614484548566,0.5880948398820548,0.467759907245636,8.90362033912836,1.0437292456626892,8.777462427323535,-0.01587918135337532,2.2624005975953283,-0.01344877481460565,1.348148730051247,-0.5759693384170532,0.12615791180482544,85,39,17,75,-0.20196070017278944,1.8079455120527772,0.2002527900940572,2.1877200543832616
LegMomentum,0.45370041080614987,6.442170761688135,1.0762064986675974,10.121837206709415,0.35285761952400196,3.9151345220839486,0.32966601300984616,4.301664611437286,88,13,0.40480091589675754,64.03359421074627,3.001692842270775,5.117270664802723,0.15477573871612538,1.2691348462666963,1.8267316818237305,28.831830918795582,2.7985174655914307,28.501731004361975,-0.02092466615140438,4.767115266531065,-0.001428335905075,2.1625961880212756,-0.9717857837677002,0.3300999144336082,81,34,20,79,0.9834256756168213,2.382906469430945,0.5041340849710628,6.4271460420899675,0.24788546934723849,2.104645609938377,0.18345602027315178,1.8426690598871682,77,19,0.10943000926369326,16.37616332749069,2.559868757430218,2.6504305637942824,0.12011985480785364,1.056440192606134,1.0533679723739624,11.010003941198475,1.739048957824707,10.640544014884668,0.05049675409682095,3.1078527692204894,0.036889672279357896,2.1252149667274685,-0.6856809854507446,0.3694599263138077,73,43,18,87,0.6941091084016004,1.7902136299965685,0.2574061883028402,2.591797540769578,0.21847987174987787,1.5399127895076647,0.1603857367299497,1.5942872632648828,88,16,0.06949082927690624,10.71852151900405,-0.09018505925810771,4.2160115239662375,0.10559374094009394,0.6594295977212725,0.4385008811950683,11.016265808044446,0.956695556640625,10.74211789852409,-0.018910012207925327,2.246869170957863,0.0008929073810577,1.3254061847115337,-0.5181946754455566,0.2741479095203576,78,40,19,82,-0.3095887239984906,2.1997409480727206,0.20819482829109193,2.381197271878828
LegMomentum,0.45008229728878774,6.380005880663182,1.0737779673188923,9.944064134032763,0.40717947483062744,3.8873256636885385,0.3289758941391483,4.259385228382921,85,14,0.3864639782419526,60.83094676819834,3.0021714120268994,5.454139157939444,0.17500403523445124,1.2811498320784525,1.8267316818237305,30.165033122730197,2.7845632433891296,29.94801835888921,-0.03131586648523808,4.804357519572571,-0.01743283867835995,2.2117022332304073,-0.9578315615653992,0.21701476384098647,85,31,19,75,0.9733882019311322,2.3300195895312577,0.4920083886460802,6.144029263628617,0.24021916836500157,1.712920757283074,0.17990814071090425,1.7611816726455345,75,15,0.1034667869873601,15.071437180136375,1.8685848917686405,2.366191877068891,0.12111608684062951,0.9630271181362575,0.9271655082702636,11.64608520511569,1.6128464937210083,11.32824766436362,0.0677879826631397,3.021649417557406,0.03456184267997735,2.453001403677855,-0.6856809854507446,0.31783754075207016,71,39,18,89,0.6599916950191991,1.6151557757481292,0.24586447414450024,2.4374314303199096,0.2229395136237144,0.9880931885648454,0.16516383378999305,1.7543068589694193,94,9,0.07594763252555267,11.758251901083579,0.08157418684581597,6.760325343766166,0.11543896794319146,0.4694824789361258,0.5382078886032104,13.458493009818781,1.060533583164215,13.212684980050076,-0.024355612974613913,2.118057196902784,0.0195863246917724,1.1146390366219308,-0.5223256945610046,0.24580802976870442,69,39,18,91,-0.2485402279169963,2.6371771146992717,0.21718397718237864,2.6966804800962056
LegMomentum,0.405247304817968,5.587186599285368,0.974784956909716,8.80776899466183,0.4142564386129378,2.4467897217468884,0.2968566743377596,3.493273412733363,93,11,0.280074274119165,42.83378055985172,2.9726253393308886,6.108989786560972,0.1611760854721069,1.0834102991843544,1.6928679943084717,26.699158241667963,2.650699555873871,26.660808536809284,-0.07463546767830849,3.9521889481238026,0.0032296478748321,2.063560410132899,-0.9578315615653992,0.038349704858677405,79,36,14,81,0.5263515645967747,2.4586363036283743,0.4129671353533237,5.216702318340562,0.24850829690694798,1.7301360692227374,0.15858082930237286,1.2672832024838563,69,20,0.0747526951455784,10.999059214957528,2.9369025300449625,10.091084888710844,0.11747954785823814,0.8764479975717291,0.9271655082702636,12.17246601805096,1.6350622177124023,11.648115003922541,0.045144702098332344,2.7188779241603087,0.01287703216075895,2.384173140724752,-0.7078967094421387,0.5243510141284189,75,42,17,85,0.6359358251692783,2.6524078292210214,0.21204577727774399,1.8991477163378472,0.24180706590414047,1.1003586802401735,0.16513983518816527,1.681672873214122,90,10,0.07350405401615735,11.123470591098034,0.02313259011187352,4.742936699917543,0.12357433140277854,0.3886791636586953,0.5382078886032104,12.016673905694384,1.060533583164215,11.919996189083463,-0.04248968847095966,2.1367021223777196,-0.0120637267827987,1.1663467658915252,-0.5223256945610046,0.09667771661092096,81,39,14,79,-0.09426239583454739,2.3576662662177696,0.2107421092533898,2.5608542776434153
LegMomentum,0.3757492021355195,5.320035664923758,0.8927962421998379,8.416247371084072,0.35012806951999653,2.6175007216177653,0.2573330314829946,2.9801117047497656,100,14,0.21732686708536597,34.01278492087687,2.0091358677524296,5.913733872330752,0.13591554760932925,1.1051424363253939,1.4343019723892212,22.599175649428748,2.28422349691391,22.520280664762396,-0.01280493512749672,3.731410184233031,0.0426411926746368,2.20019638104018,-0.8499215245246887,0.07889498466635146,67,38,16,93,0.26819923657237305,2.4199795559096784,0.3694841899270143,4.482115901879255,0.23699555546045298,1.3982942061820798,0.1574085029656999,1.5037761596858916,72,15,0.07515919752502272,10.93651512086102,1.7974868176326373,4.249177975905992,0.12321412935852996,0.6830660077042361,0.7108667492866516,10.089493632247434,1.4187634587287903,9.682364088041705,0.04113446094561368,2.4910032300723723,0.02183948829770085,1.7408501242942207,-0.7078967094421387,0.4071295442057288,72,39,16,88,-0.020963701180446992,2.1427544950285635,0.21346486804074058,2.1751822977925386,0.21758533269166935,1.8685755979888028,0.14593415779992933,1.5286633464647479,86,14,0.06062006184805381,9.308826327627056,1.2146475343984813,4.226592391142851,0.1123847365379333,0.707222906565975,0.6743957996368408,10.733226194870747,1.1517736911773682,10.51137879136121,-0.01764010861515998,2.193833956778669,-0.0053973346948623,1.4942211015769844,-0.4773778915405273,0.22184740350953705,81,38,17,79,0.25819885960857025,2.0340792293505143,0.19445486510783072,2.120358200331233
LegMomentum,0.4006361268756449,5.61617416587529,0.9401155234128236,8.930923428995543,0.23236623406410206,2.6033096270205016,0.2616944941179827,3.849250922111489,81,12,0.2861342511950108,44.33306541078461,2.4353010818236607,2.698365489352886,0.11464744806289674,0.7134985827544178,1.475943088531494,21.369641359599783,2.5318901538848877,20.862973386376616,0.06178147755563259,3.8793356192674056,0.06422275304794306,1.397485723388257,-1.0559470653533936,0.5066679732231668,60,37,18,100,0.4588354030377475,2.006822917911643,0.41966378399908094,5.411452722131811,0.22463428229093538,1.7076403240472295,0.16935455907194408,1.8061887621343482,71,14,0.09704163985142263,13.622633021883855,1.2460508004385344,3.2610475796784435,0.11574008315801615,0.623709258144619,0.749171257019043,11.636562742363026,1.3987597227096558,11.484621374701003,0.07648855787701905,2.663054302607577,0.0565651766955852,1.7436553602250615,-0.6495884656906128,0.15194136766202174,56,36,16,104,0.3088239452245837,1.9822971342587283,0.23483011479283944,2.5555380653097552,0.1628179699182509,1.8218291457913613,0.13763774867868048,1.5917324058780762,81,15,0.06644578557111688,10.170258895103382,2.0149769904268613,1.5157878172321189,0.08252729475498195,0.6739545587532707,0.6743957996368408,8.551012170767187,1.2243643999099731,8.504334440640314,0.024917668290436255,2.38853350712056,0.03327102959156035,1.5957015762677944,-0.5499686002731323,0.046677730126873755,63,39,14,97,0.23897535525530667,1.5447970784087897,0.20289161412731122,2.113094077523701
LegMomentum,0.427665884582386,6.0614081923768595,1.0061065897345542,9.615788158290716,0.2815914750099182,3.4373777935288596,0.2899411150347441,3.899576872481199,91,14,0.33704179101893744,53.1583702299242,2.510136897542642,3.8086297137496983,0.11977097392082216,1.3328437869932173,1.730523943901062,23.414664110422155,2.7864710092544556,23.125182689412796,0.02693927213549612,4.613451147717568,0.05791503190994255,2.3775526735256554,-1.0559470653533936,0.2894814210093589,60,35,16,100,0.6216499562169524,2.1549712125160965,0.45961470875812177,5.645745188861045,0.2639981508255004,1.596303167030757,0.17149838021956382,1.6789141970162473,72,14,0.09142019002592437,12.869490406775872,1.1711123195424546,3.3200636358017332,0.13263900578021995,0.7938897786209402,0.8067400455474854,10.50600342655093,1.2518066763877869,10.35077020110129,0.0644132317043841,2.5576146173341043,0.04554453492164605,1.7267663311907926,-0.4450666308403015,0.1552332254496406,66,40,20,94,0.7133253818989128,2.053641128100692,0.23091516991245545,2.515571083466892,0.20388259738683687,1.7106706361788153,0.15759941284195517,1.691664792410018,85,14,0.07613532732987593,11.721446670216825,0.9175155681268725,2.7907859208514703,0.1013524383306503,0.9302118267194613,0.6651264429092407,10.715322386564583,1.215095043182373,10.45428591595637,0.011190016474574793,2.4447223932390423,0.0199996531009674,1.7516726871980732,-0.5499686002731323,0.2610364706082124,67,39,17,93,-0.08405961215066764,1.8333095487794906,0.21853569427653458,2.3968268794830365
LegMomentum,0.4469760260466785,6.025441007421989,1.0646832411363718,9.501398678980479,0.3761840760707854,4.167500539279334,0.319252759036608,4.108505331866571,93,14,0.3605914298500534,57.26140080454681,2.9179415319162088,4.9232511760139275,0.15443295240402213,1.073890076631568,1.730523943901062,26.95253223554806,2.561049163341522,26.667938689314948,-0.00406792648136617,4.523647462118105,0.0501373708248138,1.894221861732917,-0.8305252194404602,0.28459354623311117,68,32,20,92,1.0832801234965066,2.3537319967579244,0.47620416913051444,6.066136698345928,0.24032987654209131,1.3753406962932613,0.17075520839134692,1.6264990794158214,70,12,0.08661910873107924,12.801958366576622,1.1006815226538773,3.5370653095184803,0.11502325534820561,0.6637651397295198,0.8067400455474854,10.576967588003575,1.3459656238555908,9.922607995080302,0.03917751528788358,2.6422215989391,0.01096957921981805,1.7956712232123084,-0.5392255783081055,0.6543595929232717,76,40,18,84,0.7333915183261207,2.1089193506524877,0.2300715016073619,2.41259681436338,0.23248183727264393,1.5785703167757372,0.17887605190044265,1.7515427125628622,90,15,0.08773492856542982,13.709324429804417,0.04948432106673328,7.278288305795002,0.11277392506599425,0.631892894410802,0.6565589904785156,13.906365657495863,1.2456395030021667,13.733885643826275,-0.012358964513987306,2.335529617923274,0.010583266615867601,1.4192359202342244,-0.5890805125236511,0.17248001366958832,76,34,18,84,-0.24214170329133192,2.7920474988565527,0.2345751387032435,2.8730864646939507
LegMomentum,0.442040639348894,6.006006805058792,1.0462273964658377,9.390674485971115,0.40237903594970703,3.7167358301496396,0.3194822549819946,4.330241959946459,80,12,0.3772572357085627,59.88644994495511,3.0814736877391606,4.034203475903725,0.1775780320167541,1.3700612005471327,1.714024543762207,27.8047234075024,2.558657228946686,27.621842362955405,-0.024602493643760683,4.614965125419117,-0.0233193933963775,2.0326236565463853,-0.8446326851844788,0.18288104454699586,83,33,19,77,1.28003956458639,2.1657988677212643,0.4864767334627774,6.211968032445148,0.21499402076005925,1.5637540230930014,0.16712151443847684,1.728322976037098,67,15,0.08579153469540306,13.171496689939136,1.0560977805788907,2.7267152814130062,0.11255994439125065,0.7356038440744161,0.7399824857711792,10.229876248773145,1.2792080640792847,9.926943340324826,0.030010164459235968,2.5978230450867845,0.0088344067335128,1.6871678381357045,-0.5392255783081055,0.30293290844831877,77,39,18,83,0.7075442445374308,1.9563066514145777,0.23032730162852655,2.5343267580079645,0.21276737004518498,1.5003368697217956,0.16978460725396866,1.8154644799239363,89,13,0.0810998825213,12.531095720400252,0.044379853198893926,5.272858462043962,0.1065175235271454,0.6408966246065575,0.5229988098144531,12.596893734873637,1.1120793223381042,12.503673277979052,-0.0318318247795105,2.1778863154652144,-0.004869133234023999,1.1748268371889696,-0.5890805125236511,0.09322045689458557,82,37,17,78,-0.4446641389772318,2.4164145352551394,0.22357678237492837,2.790682159850814
LegMomentum,0.4242498273316528,5.4110134237989795,1.0170466042309998,8.497254865905035,0.33924533426761616,2.999047788756038,0.3010408043861389,3.871977360165245,80,11,0.33367485437965155,52.923741558859554,2.7383090591025736,5.9070113006564995,0.1677121818065644,1.081662203490353,1.6569561958312988,27.38721850083626,2.5015888810157776,27.23997566717349,-0.029752689599990844,4.1890945268436965,-0.0311948359012603,1.9543457210579165,-0.8446326851844788,0.14724283366276847,89,37,19,71,1.1166937937377188,2.5492301600853855,0.45712975073290835,5.9477078445421085,0.2594119608402251,1.552450059781656,0.18134419635753146,1.8977379361909053,71,12,0.08999626444841397,13.726009814129771,0.7879604062970764,3.713351671115004,0.1336657106876373,0.7896189412294682,0.7399824857711792,11.59519897268042,1.2209774851799011,11.410604387370782,0.03508951654657723,2.4077755163474834,-0.00397399067878715,1.4777184803219647,-0.4809949994087219,0.18459458530963835,82,41,17,78,0.804845631838215,2.139883810452732,0.2352921718782974,2.8157817523748854,0.21878048777580253,1.3996301378636287,0.15381339327665042,1.53467346392988,84,14,0.06253024149090688,9.49308291634038,-0.12932876067280885,8.813139643703627,0.10948714613914484,0.4533353220220999,0.3809002339839935,13.118697964923602,0.9155859053134918,12.948009043900246,-0.0360278841573745,1.9003848227138544,-0.01011413335800165,0.9232684129136817,-0.5346856713294983,0.17068892102335576,84,40,18,76,-0.4639245652167455,2.8788509692209057,0.19498980459064771,2.425205237075661
LegMomentum,0.4299874757915707,5.693268318673392,1.0481014647334812,8.961466746099479,0.33686469495296467,3.30111723883509,0.3065941929677501,3.8076207173752024,79,13,0.33169451980515974,52.54753797178854,2.658739507041828,5.601003221827876,0.1712053418159484,1.1177293945871236,1.7637358903884888,26.703247254589655,2.6933199167251587,26.34493077913524,-0.0300484012812376,4.339776839856616,-0.033626109361648504,2.047416490940426,-0.92958402633667,0.358316475454417,87,36,18,73,0.9238261566930113,2.4925088320459063,0.4557458946184279,5.8063650377867795,0.2943180352449416,1.5683930032662015,0.1884714770875871,1.8526119804591121,76,13,0.10074212776512358,15.017642778081262,0.6855734856601421,4.137774740015503,0.1512878835201263,0.7525479586004173,0.8801220655441284,13.076592583403924,1.3235296308994293,12.814936930756485,0.05189353935420513,2.6560065447699834,0.037691175937652546,1.7837832452151965,-0.4434075653553009,0.26165565264743873,71,38,16,89,0.6837088279474524,2.1870762877399317,0.24627211094729343,2.8219270033472297,0.22102124616503713,1.077260976001179,0.15735944790358186,1.496399058308457,85,11,0.0642762302172781,9.889411309836616,0.18595193942818478,7.649243085238837,0.11811128258705135,0.5183870053711532,0.6201375722885132,12.720856232752807,1.1222650408744812,12.419604424523863,-0.022178276861086487,1.96568336147288,0.00134315341711045,1.1454235669900148,-0.502127468585968,0.30125180822894376,80,40,16,80,-0.04358124686845946,2.800809637159255,0.19982575534548347,2.4546894370297223
LegMomentum,0.3783664829365549,5.314575943832653,0.9125885836780069,8.295068520125579,0.32437169551849354,2.2614322974700576,0.2786768758809194,3.4497580800956755,99,11,0.27830951273544197,42.828092121884566,3.9362017510071787,4.477303044108958,0.1480377912521362,0.9860849356924033,1.7637358903884888,21.726451837710176,2.792550206184387,21.420760387797284,-0.06816264130175113,4.024880052258741,0.0066738128662109,2.1385936046078484,-1.0288143157958984,0.30569144991289154,76,36,19,84,0.5937969692865004,2.3236907978991796,0.41274939452673176,5.160274477856215,0.23881654441356653,1.3458579349348574,0.1597738554468378,1.5716097385106886,75,16,0.07441418346363884,11.540097439739805,1.6356610107914245,3.0544796953357993,0.1290132701396942,0.741729353779376,0.8801220655441284,10.858890936307175,1.3235296308994293,10.776874336467369,0.013624170050024993,2.5038806174456782,0.00209294259548185,1.8051794655540137,-0.4434075653553009,0.08201659983980555,79,37,17,81,0.7698873729020423,1.8956054002152267,0.21590411721214234,2.295796004291247,0.19831870123744003,1.154950888749691,0.14138047258951697,1.4604160913341995,89,12,0.05791824075526485,8.849296550844453,0.742957937436159,6.007309191592878,0.096654325723648,0.5659659687809554,0.6201375722885132,10.427503502304283,1.1222650408744812,10.345390364861192,-0.029300044942647218,1.7663078504211607,-0.0001350715756416,1.0195020158757444,-0.502127468585968,0.08211313744309183,80,42,17,80,-0.21593092937973932,2.6118305535296233,0.18858068446785362,2.393627608544201
LegMomentum,0.3513975268350505,5.54216615026779,0.847174734175205,8.790289320389025,0.251639887690544,3.5713454881697038,0.23691481026820832,3.125783618329482,93,15,0.230171009374575,36.127212499692156,6.732635702744959,3.9735871305552157,0.1294095516204833,0.9406321856789991,2.01969838142395,20.60769020952525,3.0485126972198486,20.322444477332645,-0.013775860518217086,4.149690619203439,0.027243971824645948,2.1898096695470146,-1.0288143157958984,0.28524573219260346,68,40,18,92,1.077908173271278,2.088051938210402,0.3802245037261582,4.348250253215324,0.23805220425128926,1.689019908360372,0.16324273546691978,1.6376043566668732,67,14,0.0773664114384579,11.943053729392334,1.7065875541460178,2.5575430231971614,0.1162816286087036,0.7059426446723338,0.8172075748443604,10.685949036753291,1.3334487080574036,10.483326183197489,0.018930241093039517,2.634532994762296,-0.02549788355827325,1.8779717903092936,-0.5162411332130432,0.2026228535558026,86,41,16,74,0.9894682693288105,1.7135796352118904,0.21976695059719056,2.236579895488006,0.18688685446977607,1.3942255971857866,0.13347433221526442,1.37165876642892,79,16,0.05403744940436146,8.438556369646726,2.3131216219046387,4.796905384932033,0.09389516711235045,0.6453739634618217,0.8074702024459839,9.683121421882845,1.2604784667491913,9.399375229212813,-0.0005904190242290497,2.006065706423291,-0.00564524531364435,1.2881764501373514,-0.4530082643032074,0.28374619267003137,81,42,18,79,0.32462531288269186,2.29564281882439,0.18435147530845605,2.1010132677256355
LegMomentum,0.38138974152708505,6.132603769909938,0.9334461428225039,9.667502187046729,0.27199028432369227,4.394457285604625,0.25738768819719554,3.8964016076081127,68,15,0.3002315805593123,46.82246081812863,5.523356997592055,1.9027969475707645,0.134657323360443,1.260461180409628,2.01969838142395,21.999707601892084,2.860369622707367,21.28120418673303,0.055906157940626144,4.615248059139977,0.038433253765106146,2.3358734479095604,-0.8406712412834167,0.7185034151590525,69,36,17,91,1.7079491571838419,1.6685153912604425,0.43090571789499876,5.051924996546694,0.24573609232902516,2.1256998034674135,0.18305739219067618,1.7660806588250477,73,18,0.10365223047349907,15.29286710233459,1.2310244366391547,3.033140072909659,0.12259291112422929,1.070306021308673,0.8723762035369873,11.62944767634586,1.3886173367500305,11.367284455244437,0.06147728208452463,2.9855736433232862,0.0336451679468154,2.3924153320368653,-0.5162411332130432,0.2621632211014232,72,39,18,88,0.8455832775716056,1.764509633666716,0.24776370937133982,2.525711211248805,0.20785923674702633,1.360826305343401,0.14040473683737215,1.5558839125331412,72,13,0.05906128803679973,9.099838459927792,1.663162213205295,2.4234601302664753,0.10257869958877561,0.7130316346040982,0.8074702024459839,8.949000337762806,1.217323511838913,8.78262201509186,0.027051317784935237,2.0666804845834665,0.01051236689090725,1.4593434650769126,-0.4098533093929291,0.16637832267094607,76,40,18,84,0.6857836039735264,1.8301500838629803,0.19081165590519172,2.197423544647149
LegMomentum,0.3988101032933393,5.639687744202764,0.9573682896792888,8.806902322497482,0.3030956387519836,4.047752483154501,0.28757984520867463,3.7045454890530847,84,16,0.3071736957533043,48.692773206859435,2.839298441895788,7.264779101599615,0.1469791531562805,1.2064284763343682,1.7863225936889648,29.01011537196736,2.694329023361206,28.788944368489418,0.013776884600520126,4.171539183410462,0.039991021156311,1.8040881712726038,-0.9080064296722412,0.2211710034779427,73,33,19,87,0.6929580180675,2.6067339969023635,0.4393176610863819,5.593838936556058,0.2415078952908515,1.8147438350624567,0.17612655167467892,1.7782093580728267,68,15,0.09494480762571232,14.376786666241623,1.4795395585733768,3.5349823144343118,0.12190064787864681,0.8334137187863138,0.8723762035369873,11.729663026247044,1.332110434770584,11.5948692471304,0.04895730968564749,2.7375433542733316,0.01347175240516655,1.8650955246303842,-0.4597342312335968,0.13479377911664295,76,34,17,84,0.977197485637743,2.0622054418912854,0.23937799186242947,2.623479187970726,0.19356564804911608,1.7313147689469608,0.13561209886218417,1.4317221022473934,79,16,0.053988584732216856,8.483603631456928,0.5922155320342637,8.701775791116159,0.0937668979167938,0.7205505332080335,0.5942610502243042,12.22002333014545,1.0495248138904572,12.20079693853434,0.0063230610452592335,1.8978197848136882,0.0028431415557861,1.2004959563461521,-0.4552637636661529,0.019226391611109166,79,37,17,81,-0.05207426338708364,2.76953415320812,0.1841598549706095,2.2094985168192927
LegMomentum,0.3977144644579088,4.733589608983742,0.944634679108858,7.545682472463925,0.335558757185936,2.002310667102705,0.2888217299105599,3.2100618303261523,83,11,0.2547502903909097,40.28569520315899,0.6565982979882405,8.928403929859375,0.16966804862022394,0.7294159395348462,1.114001750946045,26.996475458655226,2.022008180618286,26.73298881884823,-0.018949277326464654,3.42617891827313,-0.0083493292331695,1.3641329584936277,-0.9080064296722412,0.26348663980699416,83,35,18,77,0.18348320356994147,3.032080791365732,0.39982367985992,5.342938631796153,0.25385580956935877,1.135738608512536,0.16905450498219576,1.6512701735889221,63,11,0.07900487678758905,12.040462033529506,0.9775818350754939,5.050712207343995,0.11430224776267994,0.5944015657189348,0.8063085675239563,11.681059588998917,1.1785321533679962,11.570917195611218,0.03314596824347973,2.324191392116625,-0.01754499971866605,1.4145741623229409,-0.3722235858440399,0.11014239338769846,87,34,19,73,0.9927093615838329,2.4135385658700614,0.22041560008584443,2.5765473809616806,0.20112603530287732,1.2476960707063545,0.1367163627350237,1.3734971392979198,77,14,0.0537504692926543,8.44408818912692,0.11156524857878525,8.44527937594504,0.08976505696773525,0.48899956300736536,0.4294686615467071,11.306822145026477,0.88473242521286,11.128005267795325,-0.010076572652906176,1.7953121620741705,-0.0191477239131927,1.0068441297383015,-0.4552637636661529,0.17881687723115147,91,33,18,69,-0.1219911464869728,2.946475027923717,0.18358417873893695,2.284938167617559
LegMomentum,0.3896233700556907,4.80317434227896,0.9423890870809553,7.652445514186107,0.32544216513633717,2.431644723728122,0.2813277959404513,3.280063267734101,81,13,0.2505205726320743,39.55128245331829,1.3273101622060217,8.68296722981996,0.16032552719116216,0.6888727502852781,1.167410373687744,27.519826009299727,2.0599817633628845,27.377611140403882,-0.03125050328671932,3.5972781450570404,-0.0298235416412353,1.588090375992322,-0.8925713896751404,0.14221486889584545,87,36,18,73,0.5443420777024374,2.891066828704771,0.39569858796514323,5.158572709617775,0.2673089802265166,1.634877409981523,0.1673694959003478,1.588576709575638,68,15,0.06731336417162588,10.31717391960246,-0.23305526484586725,5.459498171246157,0.13355347514152524,0.7355040731650948,0.5728996992111206,11.940645202374604,0.9319983124732971,11.865141316439685,0.029792313836514962,2.1354013653752633,-0.0191438645124435,1.4083565143294923,-0.3590986132621765,0.07550388593491952,88,32,18,72,0.6684820022799018,2.350751090761188,0.20357378250725142,2.3994238742573017,0.18866866081953043,0.9568609601549596,0.1414360605529509,1.4003255322163437,85,10,0.05869084130077841,9.13432122399177,0.29204391731256596,6.937773636863517,0.09639608860015869,0.4716408794585465,0.5159993171691895,11.548333122047138,0.9927514791488647,11.33986922933459,-0.026325789652764792,1.919766003753804,-0.01930473744869225,1.2991018232428684,-0.4767521619796753,0.2084638927125478,91,34,15,69,0.0027599857121543272,2.7550859174444975,0.19030258226638103,2.334270702986892
LegMomentum,0.4234945049160389,5.534297283506462,1.0231080715358256,8.80656232182923,0.338420808315277,3.1169985064012025,0.29982149831485005,3.600802607534243,79,14,0.3035806499884207,48.01130021857411,2.1300185868259884,6.446995871060643,0.1619743406772613,0.8134679355432601,1.6437333822250366,27.561827602666305,2.536304771900177,27.300125652915398,-0.031227553263306618,4.025258077939047,-0.0333161354064941,1.6359021055973888,-0.8925713896751404,0.26170194975090927,88,33,19,72,0.7062206023704347,2.622205361308366,0.4358324600608785,5.639911136229059,0.2791727408766746,1.9642996190204558,0.1857754602702334,2.0366379976888593,73,14,0.09809272019537771,14.483530950944214,1.6730638701270903,2.01826280531907,0.1365553885698318,0.7693703724822467,0.9467723369598388,11.1151900518942,1.5823683142662048,10.834851768895224,0.050100624188780786,2.6702013158510183,0.01926968991756435,1.5541069032105437,-0.635595977306366,0.2803382829989756,77,35,16,83,0.8543434642720734,1.6990041361422845,0.2432440658067414,2.7117440667901738,0.1942110992968082,0.9057102271450949,0.1533993299945723,1.504743058783514,87,11,0.07016705292167662,10.983549976265905,0.5251149943128537,9.968126848657864,0.1004669219255447,0.5190694761235226,0.5552481412887573,14.195325649437352,1.1462186574935913,13.985480412778612,-0.014257359597831962,2.1111029280391636,0.00031228363513945,1.4053020767150644,-0.590970516204834,0.20984523665873944,80,36,18,80,-0.23396501501869899,3.1077601578092087,0.2095845204648029,2.554759167414881
LegMomentum,0.36951605835861995,5.154828129261079,0.890114753693342,8.172320441063585,0.2853806912899016,2.4252314003869815,0.255289336736314,2.990876298926984,87,12,0.23378431055763438,35.60508251359103,3.8723090147807513,5.0837268526930774,0.14625483751297,1.1844249371750586,1.6437333822250366,19.878429957165682,2.528861403465271,19.705736545886047,-0.07671208120882511,3.677925438112354,-0.0481553673744201,2.127931907859843,-0.8851280212402344,0.17269341127963506,93,37,16,67,0.7574961058106758,2.4239188355771497,0.3756493088177154,4.698717589436194,0.2294584065675735,2.7677326466328704,0.16008812176063653,1.80630070487081,76,17,0.08281112306216114,12.195309937818495,3.0611165378047582,2.4599375503451064,0.1195303797721862,0.8829956806083297,0.9467723369598388,10.197295427821055,1.5823683142662048,9.958897046495034,0.04683721549808979,2.5445871782767564,0.035943716764450045,1.54442978756224,-0.635595977306366,0.23839838132602115,69,40,18,91,0.9923607264879065,1.6951780760403434,0.2233269924752412,2.391732850877796,0.19118684902787203,1.3061672780939904,0.1357345420250203,1.4793117909704947,81,14,0.0569045227092728,8.79197871834769,1.1641775134022971,5.118992392320086,0.09639302641153334,0.5612495941863473,0.5552481412887573,10.09264346221601,1.1462186574935913,10.040639925782092,-0.02396971238777041,1.9498078246744743,-0.02201259136199945,1.1308195511988797,-0.590970516204834,0.052003536433919285,90,35,17,70,-0.24431537836546158,2.3705582892036903,0.18764553652419272,2.233881860167606
LegMomentum,0.34966307279324454,4.982135424885932,0.8412577736377714,7.702046203274467,0.2994110733270644,2.738298992343518,0.24148068837821485,2.9745363292501263,90,14,0.20843531558487827,32.25059575618592,4.546870566738096,7.881440463653464,0.1434753835201262,1.0972082871033257,1.6028640270233154,23.72501501384344,2.445659339427948,23.44953308181104,-0.050878587365150454,3.670354504370415,-0.01841971278190605,2.0622826269459082,-0.8427953124046326,0.27548193203239757,87,43,19,73,0.8205429841428798,2.605451067623584,0.35845011103556584,4.333485152672584,0.2504156306385993,2.0941394952617935,0.15088550641899925,1.4544736524910573,77,18,0.06161760203411465,9.335743079076481,0.635391720936878,5.048990903622007,0.1326359212398528,0.8244933264450257,0.6345465183258057,10.745479256062351,1.1337537169456482,10.429428490085918,0.03362715933471918,2.338174147909585,0.023110643029212903,1.6591431298089592,-0.4992071986198425,0.3160507659764327,76,40,14,84,0.6062354023599624,1.9723348982556166,0.19394667081676012,1.966897235018588,0.20068607851862896,0.9608659115763949,0.132885846523568,1.4663690821569515,82,11,0.05133432524436352,7.844705702562443,0.5523644845297557,8.14474858161988,0.10175947844982146,0.4857036854977658,0.439541220664978,12.031776065288694,0.9511449933052063,11.904384200225827,-0.031196319684386253,1.6935175509944664,-0.0281273424625396,0.9184124286439398,-0.5116037726402283,0.12739186506286693,92,34,16,68,-0.4680938295308583,2.7380942955225174,0.1769361691844326,2.2308527533291276
LegMomentum,0.3746499815480949,5.720115101871661,0.8958630348742007,8.895295814185024,0.29719537496566767,3.6896738250731334,0.25300485981628296,3.44148329606667,76,15,0.2524340070760095,39.42689550608836,4.745635130467928,2.472648409276463,0.14907351136207575,1.297302716981017,1.6847667694091797,20.62677096121221,2.462349593639374,20.532211220284655,0.04244302324950694,4.260850149551913,0.013645619153976399,2.357208740721619,-0.7775828242301941,0.09455974092755488,76,41,21,84,1.3881846316889719,1.7677191554399574,0.39617014856788446,4.612163430446909,0.2770264074206351,2.504146793552631,0.17599810918327416,1.7340779191664382,70,18,0.08793717276558183,12.587168209050908,0.3787399695753644,2.7077778967861343,0.1405453234910964,0.932276203828965,0.6973865032196045,11.325786950321993,1.2556257247924805,11.116611430410893,0.05725583862513304,2.7636837577033337,0.03021702170372005,1.8938009959601612,-0.558239221572876,0.20917551991109892,75,37,18,85,0.4628163934252,1.579318489429814,0.22805163692400807,2.2246843138876327,0.19071982800960532,1.3219470624296141,0.13087987792212513,1.477784577493715,84,14,0.0516387647373036,8.01779196624527,0.9522419355245253,3.0705050257386812,0.09852336347103116,0.542349367463996,0.439541220664978,8.703709877681796,0.9511449933052063,8.548321158584594,0.016992730181664223,1.87076190692978,0.018241703510284403,1.0343678374077172,-0.5116037726402283,0.15538871909720228,68,37,19,92,-0.5437085851495155,2.0045047690941464,0.17940635883863276,2.1255685954176404
LegMomentum,0.3773784050102152,5.989765891280173,0.9144144023954867,9.457300917796593,0.2844751924276351,4.489078515505197,0.2573987414967268,3.6970540442965913,78,16,0.28076276296164077,44.08043803123471,4.999134251695502,2.0700032496695533,0.12885534763336184,1.4683705717661109,1.861680507659912,20.363451215464707,2.6269425749778748,20.17225061448764,0.038602716848254184,4.475762318919642,0.0293022692203521,2.5890609580068644,-0.7652620673179626,0.19120060097706507,65,38,21,95,1.5225761220778844,1.7209901691051845,0.4184265911472146,4.903874967387909,0.2624195292592048,1.7952317492648222,0.17516576450783755,1.5998461352473752,69,17,0.08881681342817391,12.685878952268768,0.6272561900430631,2.947061588677247,0.13425213098526004,0.8816026181918335,0.7558777332305908,10.313639387909356,1.3141169548034668,10.160049353093141,0.06075961403548717,2.7537158961154575,0.031430661678314153,1.9550435228039005,-0.558239221572876,0.15359003481621594,70,38,20,90,0.5066508433699515,1.8308733004190452,0.22835210083793664,2.258966072288342,0.17203191667795178,1.410481525076589,0.131820090416586,1.3996387650141435,83,16,0.057827066510517985,8.820763019772416,1.2815410524011943,2.9246070214557705,0.0868150144815444,0.6331155910287112,0.6363335251808167,9.148797705059424,1.1377220749855042,9.081396830041255,0.023278419580310572,2.2278227027614936,0.031126782298087997,1.5869741062052718,-0.5013885498046875,0.06740087501816994,59,41,18,101,-0.13130442049584487,1.8430622188055816,0.18927210920174486,1.9640695061104356
LegMomentum,0.44115557966346797,6.155840999285123,1.0825210244208572,9.816060581583347,0.38860706984996785,3.5801727847628575,0.3089828065875917,3.971335065961871,94,14,0.3482770256516999,55.35826839000631,2.974410585939367,4.697195342440791,0.1507412195205688,1.311747173100555,1.861680507659912,25.87302437499291,2.7759687304496765,25.698992961523153,0.00359462238848208,4.533898228965631,0.036409109830856295,2.241166685719543,-0.9142882227897644,0.17403141346975481,65,38,19,95,1.069802866259381,2.3097440048388473,0.468005504157491,5.899324981672786,0.3039765879511832,1.827186472356671,0.18930515628308056,1.8071243223725761,80,16,0.10144723490018905,15.20938312337088,1.5483853755122468,7.895036348382185,0.14465375244617457,0.769897511757434,1.0611705780029297,15.485440683886104,1.528789758682251,15.184379848863728,0.04709165003150702,2.6425132814043844,0.04844382405281065,1.6850459144225791,-0.4676191806793213,0.30106083502237563,72,39,16,88,0.8598131580596855,2.7506110379101343,0.24813649785901928,2.8681887457021222,0.2614505551755428,1.347868208420599,0.17898579870001413,1.602351810724668,94,13,0.08753829649110995,13.460050297341722,0.33685941339904657,7.215403556546885,0.13288620114326474,0.5581250339938421,0.6363335251808167,13.553694829347464,1.2475162744522095,13.259347957501566,-0.024834531312808404,2.639649071213333,0.0136153399944305,1.7461792133555027,-0.6111827492713928,0.2943468718458972,74,40,17,86,-0.24601138816390677,2.693891158929564,0.23331287894839145,2.547999819109944
LegMomentum,0.4444856197937327,6.010786257953422,1.0804961984604597,9.609886223406043,0.4228264093399047,4.015847103141703,0.3134276928938925,3.8848724981755822,83,15,0.3443108461802322,54.549668635320685,2.935582262574081,5.318962333754298,0.1701913177967072,1.2141519822383735,1.8050785064697263,27.858733229933794,2.719366729259491,27.691820039868595,-0.012768910825252538,4.531551018741075,0.00280568003654475,2.229399077423277,-0.9142882227897644,0.16691319006519956,78,40,20,82,1.149933068384379,2.3842581981464,0.4651705402061754,5.832213473447917,0.2655902951955794,1.4654410322906593,0.17972953386837612,1.6528159030617136,78,15,0.09381641797163248,14.048149757369735,1.9685000361255227,6.998016263781357,0.13799679279327395,0.6195924149532368,1.0611705780029297,13.302605043450868,1.604985773563385,13.255414116903934,0.04363152468577027,2.6451484866726873,0.032239615917205755,1.7425330436791213,-0.5438151955604553,0.047190926546934193,73,37,17,87,0.8735455766338313,2.6523022100231564,0.23893169211138648,2.655435791131642,0.2854678034782409,1.9883264221798271,0.17901773954275993,1.7518002761882103,88,16,0.08712780987977546,13.043389140858494,0.023399637889959912,5.932592759638823,0.14296098053455347,0.7897248492449036,0.5095263123512268,13.32927524707831,1.1207090616226196,13.124115650756552,-0.04427479705773294,2.4331867179922817,-0.03694306313991545,1.5701710029754667,-0.6111827492713928,0.20515959632175865,89,40,16,71,-0.2167068385626961,2.448323509811088,0.22983641657766968,2.6688933167596725
LegMomentum,0.42880972690912345,5.921454199724451,1.0284036898612974,9.190394460879254,0.3855097591876983,3.8455517374532615,0.3022032147832215,3.9604464245550157,82,14,0.350982986449666,55.453972539470314,4.164357547567803,4.687474779930088,0.15395641326904294,1.280243927979095,1.8050785064697263,26.80924460452506,2.80048143863678,26.6192699139066,-0.030861163884401327,4.697029014833427,-0.01139697432518005,2.2797706312340424,-0.9954029321670532,0.18997469061845929,83,38,21,77,1.3767654886447522,2.2622098565305047,0.46881298530403026,5.778571707029623,0.25913727656006813,1.8408638701896158,0.1744307819777168,1.6140558142802737,69,14,0.08054693137992217,12.176233186226083,0.29956940258913267,4.724980921025221,0.12461020052433008,0.8543776127868206,0.7230486273765564,11.013015170142513,1.2668638229370117,10.680749140832468,0.03703970666974783,2.388703359747357,0.0017237365245819,1.6687208450495934,-0.5438151955604553,0.3322660293100457,80,39,18,80,0.44543925094826936,2.342331020029369,0.22198621350420047,2.5436842267384088,0.2322600781917571,1.1892828383250111,0.1661100803874433,1.754044610355332,79,11,0.07854492470081077,12.23802286192894,0.2825121291927295,7.764582910720167,0.11668559908866875,0.44671096032091195,0.5112183094024658,14.30237002842212,1.129730224609375,14.244056130771567,-0.02112438529729843,2.1046620862984726,-0.02313572168350215,1.076848746316814,-0.6185119152069092,0.05831389765055379,92,37,19,68,-0.029900921784282827,2.801754585096061,0.22124709606751322,2.7943550891800957
LegMomentum,0.4340467033068521,5.806466441844812,1.0451170213520526,9.162304403340244,0.39656573534011835,3.669057694010487,0.3043773624813184,3.607386380348869,83,14,0.3311539562034044,52.40082564391023,3.271757186044116,6.380160374291576,0.1661860048770904,1.5172964787383658,1.7983481884002686,27.65614183447603,2.7937511205673218,27.057839549366168,-0.034031251445412636,4.497612081261194,-0.01990431547164915,2.629947812318993,-0.9954029321670532,0.5983022851098642,85,39,18,75,1.1421282319774673,2.5892265589277863,0.45509067068341563,5.672064104927199,0.2858752757310866,1.6156441216557789,0.18661880282452326,1.7976554120931134,70,15,0.09312229604329023,13.833085030054209,0.5955387219799424,3.58948656697802,0.142672300338745,0.7674482048890359,0.8588523864746094,11.545740929186895,1.3314770758152008,11.362311203484042,0.054231843631714585,2.6397909724363147,0.01124373078346245,1.6824250984178133,-0.4726246893405914,0.18342972570285265,78,36,18,82,0.5776162776909832,2.0616869535060487,0.23581325553315233,2.6200360020232445,0.22215829044580454,1.4615638508638737,0.16517277207458392,1.7142069759346736,83,13,0.07698330440125503,12.1736488435376,0.24948191018815757,7.39344307174947,0.11134704947471616,0.48605621367734525,0.5112183094024658,13.873545577432077,1.129730224609375,13.815961187901726,-0.005241199396550659,2.0249013496427355,-0.0015045702457428,0.968484138478757,-0.6185119152069092,0.057584389530351436,80,36,16,80,-0.1280534441524877,2.823157377633241,0.21997620243999003,2.841377019642523
LegMomentum,0.3887114783927255,5.096442523227433,0.9335502179712056,8.140906510513023,0.35401502251625055,1.6912594117173323,0.263520148829557,3.2180593192598206,87,12,0.22712855608724683,34.71159402239575,2.088202567821054,5.299957855011511,0.16360828280448908,0.7733695285701561,1.3989702463150024,22.168765070674826,2.260413944721222,21.84827521511998,-0.0729117315262556,3.4728830604938152,-0.0335382223129272,1.620430072697447,-0.8614436984062195,0.320489855554848,88,41,17,72,0.5153988073376647,2.4282172910186306,0.3708080273776047,4.759272766981407,0.24725981056690205,1.767655931849681,0.1610806956561282,1.5512176362166898,72,17,0.07919788351793919,11.460921241729919,2.0431894290894412,3.8201881119465684,0.12343236058950416,0.8717624271380101,0.8588523864746094,10.330181956272169,1.323587328195572,9.976660676205956,0.057257113186642526,2.5416263986575753,0.02716574072837825,1.9209766723576207,-0.4647349417209625,0.353521280066213,70,35,20,90,0.8442007806202335,1.9827750386344378,0.21566407651743894,2.236304203675529,0.20698495209217066,1.7316691278944647,0.16150633562821892,1.855836540322162,94,14,0.07796469118508866,12.033427304852475,0.5728257593576913,6.016800948715101,0.09459178149700165,0.6751191707744033,0.5007951259613037,13.234028429204258,1.1696125268936157,13.063816842843726,-0.03332092296332121,2.1263970513616313,0.0047603547573089,1.079094071301529,-0.668817400932312,0.17021158636053246,78,36,18,82,-0.5568865259515042,2.4745201279115396,0.21889981760378738,2.7407777882953295
LegMomentum,0.3723967189424117,4.847434103243513,0.8869256038963793,7.819687385305737,0.25808578729629517,1.1758213681850895,0.25253830672241745,2.988515934526359,94,9,0.20391202018454724,31.663896160385537,0.9280522346244626,7.6908792795278185,0.1334945261478424,0.5771879322922131,1.024630427360535,24.092555441206997,1.8860741257667544,23.747185331058937,-0.0498621042817831,3.1709838795569563,0.0031688511371612002,1.5052847791808892,-0.8614436984062195,0.3453701101480598,79,37,19,81,-0.18343068685055963,2.7774377466821747,0.3546049738351303,4.648522065772674,0.22442326694726933,1.5613335631899399,0.15532509762328112,1.4657025266778925,67,17,0.07391512777454583,10.887757399320725,1.5284118081097473,6.607265219006036,0.10751585662364954,0.7066223908944759,0.7453360557556152,11.468699853265996,1.2100709974765778,11.071363435413009,0.04873364381492138,2.4938934260022783,0.0105664730072021,1.78021007550131,-0.4647349417209625,0.3973364178529871,75,37,15,85,0.9310901041600771,2.432281027106211,0.20999427801635231,2.160614028248299,0.2157328762114047,1.4521937555835223,0.1553411845117807,1.670719633715992,90,13,0.07066222133317726,10.84340023960312,0.6391330956128716,7.8020860962750564,0.1088398247957229,0.5146003305632639,0.3932149708271026,13.6656262065781,1.0620323717594147,13.401314121552153,-0.035645118355751036,2.1548100797465035,-0.01112213730812065,1.184089115990647,-0.668817400932312,0.2643120850259483,83,38,16,77,-0.8449403270681533,2.626844283763976,0.20775726976514433,2.4900188272031167
LegMomentum,0.36362203785586056,5.1721860997203075,0.8662149246782063,8.156135620430128,0.25969034433364857,2.368170303594629,0.24036927595734597,3.181291671844071,80,13,0.20874836647412828,32.34936525705416,1.7375871825178804,3.210425404850323,0.13318049907684315,0.7529063165358972,1.1994404792785645,19.111825787643838,2.0173838138580322,18.788521195129924,0.04932153820991516,3.5441386832615085,0.049605041742324746,1.6171769471695967,-0.8179433345794678,0.3233045925139131,66,38,18,94,0.4666176635841058,2.045331610358835,0.3589434039093079,4.44842064679854,0.22500245645642272,1.7006608041454847,0.16772692838567307,1.478941270951982,70,15,0.08523429827152079,12.022019510378806,0.3737955273592415,3.964463482565032,0.11078112572431555,0.8181825684028657,0.6912599802017212,10.531376391309866,1.1824003159999847,10.131870326546629,0.06784246391616762,2.75202655013898,0.0378317385911941,2.118146429754086,-0.4911403357982635,0.39950606476323625,70,41,18,90,0.6668830551394457,1.9778409626182052,0.22130280120428747,2.109115781010837,0.20689939707517613,1.2302452509374322,0.12849643607507458,1.3234257169293562,81,14,0.045746276524640965,7.1012441576479635,0.756499563257274,3.3780148274997375,0.10423237085342404,0.617610729471884,0.4402788877487182,7.99995069399479,0.9184213876724242,7.821455630434907,0.01234271014109253,1.8599703870296411,0.01859126985073085,1.2110692977219477,-0.478142499923706,0.17849506355988276,74,42,17,86,-0.36733785493661514,2.045189010454026,0.1691683849740864,1.9083381034347062
LegMomentum,0.4019066620893984,5.904325727633241,0.9602647434175013,9.442543129628174,0.27975791692733754,3.465646208252494,0.25871679109055545,3.668276867873023,81,15,0.2671142682698026,41.82442532195543,3.2065459713975173,2.3237858125414714,0.1286178827285766,1.1362838859485063,1.5415114164352417,19.894137797083037,2.480737626552582,19.64475253635578,0.04189583919942379,4.055010385588527,0.04752317070960995,1.8421108698528,-0.93922621011734,0.24938526072725403,65,37,16,95,0.8349249686886728,1.8432750447224473,0.40771325023416377,5.037987305931271,0.271876499056816,1.9108230374087383,0.191163190016523,1.912576665290478,72,15,0.12028420880257613,17.38549881463548,2.182670603020192,2.228619856771962,0.1363774091005326,0.9706757737607274,1.1602818965911863,11.110324701627391,1.931171894073486,10.710951443990215,0.07723558535799384,3.1821369719254973,0.05314025282859795,2.3713425448773853,-0.7708899974822998,0.399373257637176,66,41,18,94,0.5001685205115995,1.7564744606631122,0.2639083028401016,2.6943465082539597,0.19090297073125828,1.2371987039659331,0.1412075839284807,1.543389401419286,84,12,0.06528719946112611,10.185672836086672,1.81537982681695,2.999730621692664,0.0954872593283652,0.6175475988950676,0.708309531211853,9.129499986142182,1.307640790939331,8.954822045200757,0.011464090459048741,2.2053957721141497,0.02783032506704325,1.4086573838511867,-0.599331259727478,0.17467794094142597,68,39,14,92,-0.420046087462903,2.0302163311488455,0.20230887225193467,2.3069248631950945
LegMomentum,0.44190440252271285,5.999327640054194,1.059585141688585,9.500806174741063,0.3146230876445769,2.7473787842732977,0.3041751284897328,3.531965755823131,96,12,0.3164944625218355,50.3061249227327,1.820298545302756,7.376840389634216,0.12725377082824704,1.1492707337661163,1.5415114164352417,27.727704214443698,2.480737626552582,27.131259472051575,-0.007558145001530655,4.098910021595957,0.0492623448371887,2.147129504974405,-0.93922621011734,0.5964447423921244,66,34,17,94,0.43863449366764234,2.811427081227469,0.4460892693697369,5.788355686859,0.26679416000843037,2.6463188123577357,0.18849262458505106,2.0934731842147927,62,16,0.1114652637948795,16.884325062222604,2.619664332869954,3.3433969002546347,0.1309833675622939,1.1791435960702699,1.1602818965911863,13.729751930473894,1.931171894073486,13.582210613056349,0.05007721083238721,2.996107925759336,-0.00256977975368495,2.0391949119705943,-0.7708899974822998,0.14754131741754586,81,39,16,79,0.7514109984454911,1.7921778846740293,0.25996238301084557,2.8120566067248167,0.2533101513981818,1.500889880872139,0.17706170759163795,1.7326643592150737,87,11,0.08988524822483449,14.17328158358908,0.3740895260273138,7.107003303009106,0.13389600813388813,0.793614034022416,0.708309531211853,14.423014382916616,1.307640790939331,14.29915496456997,-0.013424248248338697,2.405788227385769,0.0014150589704513,1.5948777178744415,-0.599331259727478,0.12385941834664625,79,34,16,81,-0.40097192309902624,2.7411080674388413,0.23738209455874168,2.895766666801922
LegMomentum,0.42017240355566904,5.013096824122276,1.0040453127771614,7.971894853599936,0.35310347378253937,1.9046265881141955,0.2988686811085791,3.4093188800407592,93,11,0.2732295275135364,43.38318424413318,0.7618229279984643,8.147216977900207,0.16843760013580314,0.4260575855395591,1.2134239673614502,26.501269568515642,2.1212286949157715,26.209452031408073,-0.026477041095495236,3.4818562806609408,0.02544125914573665,1.4229957747017505,-0.9078047275543212,0.29181753710756847,73,34,17,87,0.3481995730385165,2.9723323025643444,0.4136871129393728,5.591051876432121,0.23658081889152516,1.428255439452434,0.16519717708404638,1.4073438183386384,63,13,0.07585508088968798,11.488333793279633,0.6143619572205483,7.0059656607840015,0.11099573969841,0.8118183478834595,0.6702419519424438,11.694687540020027,1.085454136133194,11.304716163300913,0.041031649848446254,2.434008821941585,-0.0212813019752502,1.8713075799343557,-0.4152121841907501,0.38997137671911325,87,38,18,73,0.839216221275318,2.6682165473121864,0.2145073730635755,2.358799450565938,0.2585110142827033,1.1353786552866607,0.17144165697507557,1.6780604388314748,83,10,0.08074629440725391,12.491155179613544,-0.046326555875224606,8.37865093478965,0.1256964579224586,0.5758650921378774,0.602562427520752,13.150402782018114,1.191108763217926,12.866651802602188,-0.029310829192399974,2.056029750997411,-0.023265495896339403,1.2430213210684178,-0.5885463356971741,0.2837509794159261,91,33,16,69,-0.16943707020340884,3.026276002343151,0.22342628527669037,2.874699435180497
LegMomentum,0.42978899279647587,5.310998255966026,1.0262761417031285,8.462360669206369,0.33880352973937977,2.2215801760121625,0.3012048797449097,3.628706336516128,89,11,0.2901639011290033,45.937202972949635,1.0026682375962128,6.388778194374019,0.17299544811248774,0.7064463876891676,1.314393162727356,27.326116460281646,2.197499394416809,27.020621292991,-0.03181224875152111,3.668301333826582,-0.0020723640918731997,1.3910128505295951,-0.8831062316894531,0.30549516729064735,80,36,18,80,0.4939726585575769,2.6452404241252987,0.4259983984792861,5.699190143976227,0.26496730744838703,1.7804273594728597,0.16766415278543717,1.5395169551861232,70,15,0.07700776103748867,11.01614015753067,0.4219227751020753,4.10154070462088,0.12383428961038584,0.8735600032418623,0.6928074955940247,10.423505418526794,1.0652790069580078,10.343772737331687,0.05730159790255129,2.42555289678363,0.0145906955003738,1.8433314877666276,-0.3724715113639831,0.07973268119510678,77,39,17,83,0.6905510622416499,2.0688112859189975,0.21243453159759373,2.2655757110357637,0.25032518059015274,1.3712963900067046,0.1735608133021742,1.7446574954473244,80,12,0.08824452648216084,13.663385082848063,0.16735553434743178,8.190908739563437,0.1282425113022327,0.6638324747503639,0.602562427520752,15.11433116507773,1.2199480533599854,14.790017180482533,-0.0323886293452233,2.3685064385961567,-0.03300114721059795,1.4977351468132896,-0.6173856258392334,0.32431398459519684,94,37,13,66,-0.08335192800485598,2.8494833144540554,0.23333255505456174,2.8378799011192517
LegMomentum,0.41219152857606317,5.714953246977809,0.9973604916781185,9.11585661479665,0.3310081809759139,2.8962719671301143,0.29272211862728,3.4098349303101583,89,14,0.309000054695576,48.3408589717561,2.909368541703798,5.628433183718904,0.14611080288887024,1.3053405681168768,1.8176190853118896,23.9032520889579,2.742274761199951,23.468902868362303,-0.0478855237364769,4.3874700438420415,-0.0114545822143554,2.447028635725083,-0.9246556758880616,0.43434922059559683,82,39,18,78,0.7908703565442854,2.517058016853933,0.43821480135546775,5.3936041369519145,0.25152729451656336,1.664562066975674,0.16033108530333262,1.6018211074182849,74,15,0.0806384483194708,10.987404029499835,3.165002833623693,6.258454158961744,0.12754672765731812,0.7711469531080773,1.0488560199737549,12.486112008949572,1.421327531337738,12.263244331805451,0.0682131160981953,2.345776044033715,0.046633794903755146,1.6047641640983874,-0.3724715113639831,0.22286767714412153,66,41,18,94,1.2436232286838158,2.3546590465794197,0.21455468228380684,2.341951916828646,0.19358176179230202,1.6206799357027113,0.16786779293383,1.9454423685715543,83,13,0.09354980515838002,14.660888306561167,0.990007363438187,4.524682706655203,0.09641185402870175,0.648529117767424,0.6699751615524292,12.548722012018917,1.362532138824463,12.509604632572906,-0.020450177928432817,2.382610526920893,-0.0087925940752029,1.277238942863161,-0.6925569772720337,0.03911737944601074,88,34,16,72,-0.39589555251096287,2.3655933905303166,0.24169301896837175,2.9973413858896545
LegMomentum,0.3482272319814078,5.29315660891859,0.8435625947266816,8.413856889968294,0.27716718614101404,3.6224093128524917,0.24721400864422322,3.1086527214021995,86,16,0.23030340258620363,35.756131493880304,5.150315841655548,3.887406180963696,0.13415122032165525,1.409531400045455,1.8176190853118896,19.80928097796073,2.742274761199951,19.277001242955834,-0.04640721976757049,3.9939009151526603,-0.01031377911567685,2.1836070753407193,-0.9246556758880616,0.5322797350048967,81,38,22,79,0.7993992196681525,2.0897476888615603,0.37772706071620665,4.450268191224327,0.20627050846815104,1.5809356320690673,0.1364509080490097,1.4087958569306216,72,15,0.06252097298875682,9.210099503033438,5.842802579150007,4.626768046847266,0.1042506992816925,0.7993119772023549,1.0488560199737549,9.771433565368964,1.471391499042511,9.647761319343727,0.04118297290988266,2.2231382945168408,0.0255565494298934,1.6488460045517717,-0.4225354790687561,0.12367224602523687,65,41,15,95,1.5612830973582872,2.142260572381432,0.19394499864886322,2.065854696363273,0.16918925940990434,1.1817843848940923,0.14500401051947845,1.6641965719191472,91,11,0.07234899055581905,11.212270569338864,2.02318808000648,4.721129149835224,0.08455134928226475,0.4860720984002891,0.6699751615524292,11.246585701712004,1.362532138824463,11.074568233875786,-0.022124399803578856,2.196817680298793,0.00130663812160485,1.3158366436744091,-0.6925569772720337,0.1720174678362178,78,35,20,82,-0.7325848949479191,2.3478883088324713,0.21215546697946833,2.52710558720159
LegMomentum,0.3348631165055525,4.837176817433286,0.7962099169939756,7.680296890682091,0.24151340126991266,1.973534741448573,0.2217834145016968,2.9591846567973565,83,12,0.19410325848980484,30.01250844537359,4.130708820789223,3.3017052535750144,0.12490132451057429,0.8602532975407635,1.4610419273376465,17.676330554000863,2.2963907718658447,17.2452415282217,0.025524993240833283,3.560274266553283,0.0380403101444244,1.9598942323908646,-0.8353488445281982,0.43108902577916064,73,35,20,87,0.7901114823220002,2.058803600421114,0.3484564508508282,4.163766995437194,0.22510927915573115,1.3489992630294134,0.15137784362304957,1.5427966471486725,72,12,0.07044482815908243,10.311460441270226,1.7370921831656743,5.496759653605205,0.11370481550693509,0.6971299315213917,0.7831718325614929,11.917765075790351,1.2211313247680664,11.829138669787207,0.04130567028187215,2.244312095239628,0.02196246385574335,1.5753639811302782,-0.4379594922065735,0.0886264060031444,68,37,18,92,0.754137281798049,2.3069463010801075,0.20636868565046065,2.2966331140239475,0.1559810377657413,1.0940330452994484,0.12180658943951124,1.2656946735035197,86,12,0.04776261915085797,7.44213103436027,1.605535979422685,6.194756041039984,0.0808011442422866,0.5657530450007053,0.4286977350711822,10.382597019644361,0.9684930741786957,10.139425533959407,0.003622075915336603,1.87571052888918,0.0135288387537002,1.2661105045863779,-0.5397953391075134,0.24317148568495323,72,38,17,88,-0.7861812254660051,2.4734742182505602,0.1732806427955747,1.9808687604620714
LegMomentum,0.4150406787169911,5.743063322045345,0.991767496690154,9.123933855428334,0.2570599168539046,3.983816698465462,0.2645710668293759,3.6042290988464027,79,16,0.2673565821073418,41.967421209592004,2.329512838198079,2.534127128146028,0.13095995783805833,1.0826051770286345,1.4610419273376465,19.620007442353977,2.258990228176117,19.227557134396847,0.046695789322257035,4.245506670069601,0.0407918989658355,1.9840328517702064,-0.7979483008384705,0.3924503079571315,67,33,18,93,0.8800484914303995,1.858680381763394,0.40737523638753037,4.893168127500475,0.3038913458585738,1.0919324940840454,0.1886794305068906,1.8252895844742754,78,12,0.10506106105835994,14.753440638342,1.0144630318472938,4.996766520996553,0.1517236828804016,0.5664986159353136,0.92805016040802,12.99026218760953,1.5156605243682861,12.517878658388607,0.07950757495127618,2.6337019529995134,0.0625047832727432,1.7489399666832108,-0.5876103639602661,0.4723835292209211,67,38,16,93,0.5430276037123564,2.410360122758003,0.24436637858034008,2.795899615706642,0.17987532913684834,1.3263412056795816,0.15802058344357645,1.8489942696972699,101,11,0.08244840466254104,13.032030598048628,1.2784569327088748,4.9626404155684485,0.08917726576328275,0.493735965596695,0.5661669969558716,13.33470895557324,1.227239966392517,13.065893930784455,0.00034402525052426857,2.244725232359219,0.03070580959320065,1.2087160022195336,-0.6610729694366455,0.2688150247887837,59,36,16,101,-0.9903281202649649,2.3954245845871696,0.22771522447417392,2.827231725426566
LegMomentum,0.45342019222284335,5.804949089374676,1.0956341459602115,9.274881230665493,0.41650742292404164,3.3846203364248235,0.3050545614212751,3.6014761455869455,88,13,0.2874695643883814,45.73998986189907,1.3451278747275586,5.835070998004129,0.19637382030487066,0.8653234152900445,1.4101396799087524,26.015876086499972,2.208087980747223,25.504686934972984,0.002019051462411869,3.9836400090361566,0.02854451537132255,1.7729832819298221,-0.7979483008384705,0.511189151526987,72,33,16,88,0.7628589939807647,2.528721612999016,0.4251992073854183,5.465400455621298,0.28290675580501545,1.8633812424632954,0.18130601225479034,1.6256923660576452,69,15,0.09655801146181732,13.96069347761681,1.463789947373174,4.812708734506672,0.143069639801979,0.8854095824272851,0.92805016040802,11.451515001659946,1.5156605243682861,10.923622020158852,0.06234906106255948,2.752106605268492,0.020696610212326,2.0286844541256195,-0.5876103639602661,0.5278929815010925,73,34,17,87,0.7520100149607268,2.308614690986852,0.23836202421828234,2.5271728692066837,0.2707484140992164,1.565960813700967,0.20682590518146754,2.0760731634011167,96,12,0.11986095171389906,18.651900640695136,0.1839932234655639,10.31790487195625,0.13246446847915644,0.6668441689880121,0.7305164337158203,19.20254027545615,1.3915894031524658,19.11969663651384,-0.0372144346125424,2.539134616360844,0.00990124046802515,1.4325014049457687,-0.6610729694366455,0.08284363894231085,71,33,19,89,-0.407815739851268,3.1634829763168764,0.2720121726422652,3.4935220109072183
LegMomentum,0.4427429996112293,5.711095047166492,1.0517173939989877,9.1321054851841,0.42691461741924275,3.570645146953626,0.304052285561338,3.5380734933502116,82,15,0.2781689129286072,44.19524776417117,1.299865440174786,7.625952048920146,0.21233904361724848,0.8363153920682149,1.4101396799087524,27.92364366343469,2.0696317553520203,27.765549205444717,-0.014738354459404954,3.686995728577459,-0.0056689083576202,1.440448210329082,-0.6594920754432678,0.1580944579899702,82,35,18,78,0.8480136844974019,2.7661834026008165,0.41800767527870564,5.53184510463035,0.1731745414435862,2.0862177486995668,0.16243932583736748,1.6187221736739679,69,17,0.08958355714185881,13.06300352860332,1.385661791897273,3.960968159089278,0.08938785642385474,1.0420372550807544,0.8351998925209045,11.12622780584264,1.3965476751327515,11.039000479831317,0.04924867851368617,2.7467738322682265,0.026015415787696797,2.1885846548668066,-0.5613477826118469,0.08722732601132342,68,35,18,92,0.6927600344654743,1.939080398018167,0.23216626199963974,2.3490928127619473,0.2571324408054351,1.6293651456231995,0.192848294370342,1.960307623555099,89,12,0.11196900549073145,17.41970884227839,0.8413874630039353,6.04381928751056,0.1321266144514084,0.7833130420673468,0.8122215867042542,14.888010196985327,1.4392846822738647,14.518975008492164,-0.035269675590097915,2.698335924338416,-0.0094961524009704,1.78972180580006,-0.6270630955696106,0.3690351884931626,82,31,18,78,-0.010535771755693885,2.5777570467623363,0.2629999706635589,3.1841312915304125
LegMomentum,0.4580481421741666,5.84391786186609,1.077839393992908,9.265549132255329,0.3944585472345351,3.1693280758601103,0.3105718922428787,4.004714551699356,81,13,0.31501902611693716,49.96431602151437,1.7576779247020555,7.480782038887321,0.1751455664634704,1.037862077994522,1.5169628858566284,30.3939406709924,2.3724172115325928,30.211895724289537,-0.023894046247005467,3.912644901776549,-0.01399108767509455,1.5723471691207447,-0.8554543256759644,0.18204494670286434,83,37,19,77,0.8597773716252468,2.6481750117990894,0.44446671133654225,5.886894418461771,0.2486017383635043,1.9194020631337914,0.1864616627080613,1.8353379104225918,73,14,0.10281070442623143,15.151220313794097,0.11220768120522395,6.597553492983803,0.12826334685087198,0.8208326342249678,0.7486945390701294,14.573116451465728,1.3100423216819763,14.3239058359038,0.05442697521939408,2.745860353228929,0.029832191765308352,1.9145658373640917,-0.5613477826118469,0.24921061556192775,64,37,19,96,0.3371347154299393,2.4902401412959643,0.24835437175976646,2.7588894929590047,0.22051830589771265,1.9069128220019274,0.1757202951458748,1.9200275224686063,93,14,0.09816577113506324,15.424930158084816,1.3302648667221657,6.846838795353284,0.11033703386783592,0.7880703353023653,0.8122215867042542,14.04170725389665,1.4826582074165344,13.851449161588317,-0.024155346956104044,2.607043877249851,-0.0017638206481933,1.7537697811765165,-0.6704366207122803,0.19025809230833404,81,34,19,79,-0.027765955190431863,2.598532058888087,0.2472899679005323,2.9373887009006623
LegMomentum,0.470236297662,5.891071750120083,1.1282389846444127,9.322626534256232,0.37676526606082905,2.5427339221702314,0.3216858028899878,4.2493772515526835,82,12,0.3540131356994566,56.10331882948471,1.9767895447924255,5.446017297333485,0.15749081969261167,0.780971630374248,1.5169628858566284,29.39171794621564,2.4803543090820312,29.156979496988303,-0.03065900318324566,4.1771302745573005,-0.01198592782020565,1.5715583603829302,-0.9633914232254028,0.23473844922733536,82,36,19,78,0.8612474916093782,2.4376877561656873,0.4708544197677374,6.217306611295727,0.2655264101922511,2.4797856521186388,0.19212521513807584,2.146290585055292,73,15,0.11058571477241283,15.902828368489311,0.430261042176006,3.1423913540337045,0.1335886269807815,0.8222506097091398,0.8104650974273682,13.164258860271064,1.372780442237854,12.970025691612165,0.07772119278088212,2.7202660393904803,0.05181537196040149,1.5205587652057764,-0.5623153448104858,0.19423316865889967,64,32,17,96,0.481416758017555,1.9170519485508806,0.2519368752433756,2.9159871473358967,0.268700249493122,1.6404877538516982,0.18829032142646607,1.831008260414879,88,13,0.0966202363327098,15.291755239189612,0.1644995896263577,7.416596910287442,0.1355370879173278,0.7332157672778745,0.7275580167770386,15.49940387441402,1.3979946374893188,15.306202356439092,-0.013418021332472569,2.4252302203084515,0.0007583796977996,1.4921006480169567,-0.6704366207122803,0.19320151797492702,79,33,17,81,-0.19814833042233487,2.797268202546762,0.2461427809019663,3.0675745496551885
LegMomentum,0.46772381616205194,6.352222702216765,1.1128952005505561,9.983617861636086,0.4097605049610138,4.294012022038363,0.3298647684045136,4.515047846423453,81,14,0.41708903114123325,66.25363105794243,4.260110179099326,4.821052758152862,0.1739776134490966,1.3236830677621332,2.297363758087158,30.71927369700004,3.2730616331100464,30.37601132378153,-0.026603318750858307,4.977338552809821,-0.0229759216308593,2.065455643442524,-0.9756978750228882,0.34326237321851166,87,36,20,73,1.4031007814683234,2.2439849750631704,0.5114762532414363,6.440476068479369,0.2316646585240959,2.199630031341365,0.1690028874145355,1.8335140533767882,70,16,0.10395370288962064,13.641095370089124,1.5503832742484898,3.546367273983341,0.11513147875666616,0.8273869216157739,0.8683614134788513,12.083312790782848,1.4306767582893372,11.879200467312398,0.10207798886112869,2.6009463572014453,0.06672942638397214,1.6974110807118918,-0.5623153448104858,0.20411232347044997,54,33,18,106,0.8495696848711461,2.023370226326715,0.23429519303718602,2.6222458727300255,0.27494507282972325,1.2792325764931791,0.1882956591597758,1.8537344312323336,86,12,0.0949567826478603,14.773063263102701,0.07294292812410053,10.200714930595531,0.13563248515129084,0.44079236035743435,0.5549827814102173,16.989055631522742,1.2847560048103333,16.707549792610394,-0.028722490090876823,2.4053329516248216,0.00293640792369835,1.3354818344681738,-0.729773223400116,0.28150583891235015,78,33,17,82,-0.47850630023044516,3.0614387580391473,0.24267483789800354,2.997905377914808
LegMomentum,0.4293706487350374,6.342905743456426,1.0153377661108967,9.940406103356967,0.33706425130367274,4.417150988835617,0.2856465356610715,3.822268785510099,84,15,0.3275416238834502,50.808832954796564,7.472504417700215,4.115305342411368,0.16053429245948792,1.7641918829308993,2.297363758087158,25.959205519970872,3.2730616331100464,25.605924962564412,-0.06715756319463254,4.749193912184152,-0.0459177494049072,2.7416010116073783,-0.9756978750228882,0.3532805574064607,92,37,17,68,1.612996952100837,2.0340735546001882,0.44884576122144193,5.315448253841772,0.26997938007116307,2.1284497606597537,0.17138726264005524,1.6955147972096531,76,19,0.09770337508714072,13.362936041895939,2.9807766679898746,4.934285759447907,0.1350292265415191,0.8691868363931772,0.8683614134788513,12.896165720323339,1.84177964925766,12.515062828406707,0.06876887283287943,2.753265054957024,0.05875846743583675,1.9606129414528408,-0.9734182357788086,0.38110289191663194,58,31,17,102,-0.13563715040961316,2.086483851647128,0.23809612045317124,2.404676190061447,0.21428637206554407,2.149946205813932,0.17201485406723802,1.9480721051269851,97,14,0.09302762034124053,14.020672637662274,1.2064197702203785,9.493866735020596,0.09953078627586359,0.7136201460656895,0.4921272993087768,16.301253191071606,1.2496826648712158,16.103845100880566,-0.047851526830345395,2.43794713621579,0.00238980352878565,1.4381697343810218,-0.757555365562439,0.19740809019103875,79,33,16,81,-0.917934621017831,2.7791995438614543,0.2370733381066638,2.8420215338169945
LegMomentum,0.4153684983716216,5.2984783864047325,0.9932802898064254,8.444812314711491,0.32388198375701893,2.4484309719693673,0.272232422940433,3.2146896153919884,84,12,0.24332986225860742,38.009740815101274,2.270496991825052,8.93445335502479,0.16441446542739863,0.9375340623352086,1.4133849143981934,27.07400206519972,2.3462542295455933,26.88861931894981,-0.05224351510405541,3.61499971815023,-0.02323722839355465,1.6538155989994503,-0.9328693151474,0.18538274624991208,86,36,21,74,0.38950312087015093,2.870250543805174,0.38767395889618506,4.994148361119746,0.27016586251556873,2.099666014285376,0.16258008067554325,1.6429289414817632,82,14,0.08162726145956181,11.341106320232832,2.981959851113233,3.332777777289934,0.13742505013942716,0.8480753656451963,0.6333557963371277,10.890214870956891,1.6067740321159363,10.614294027629944,0.051540538831613955,2.4683752447991463,0.0557288862764835,1.7414647036556747,-0.9734182357788086,0.27592084332694744,61,37,19,99,-0.6634363943353752,1.870239022319583,0.22060092034492843,2.290901562943198,0.2167258746922015,1.3627221525612718,0.18285858231363816,2.0340828756190934,97,10,0.10290590338891349,16.011137882080615,0.726006708169689,8.084110682936494,0.1109402254223823,0.571676648584307,0.6047427654266357,16.53569503062024,1.3622981309890747,16.419275085946722,-0.036190327070653436,2.3614373517621146,0.01024401932954785,1.2242382047634988,-0.757555365562439,0.11641994467351625,76,32,15,84,-0.6759281969779328,2.8403207325934203,0.251798961127215,3.230286599635294
LegMomentum,0.4070425586497818,5.673510053073706,0.9850149914994835,9.039441998958978,0.2985089570283889,3.4806026069814395,0.26994444417767227,3.5801804870344336,82,14,0.2648402119846527,41.54382041673197,2.144650572971095,3.726676749160661,0.15383371710777272,1.3155172037443295,1.4133849143981934,22.372539369311927,2.201310634613037,22.168567328600187,0.043464680388569835,4.155171761868351,0.05684867501258845,1.895451615808616,-0.7879257202148438,0.2039720407117385,66,37,19,94,0.8388012032847973,2.008229809533456,0.40578949098372746,4.927308397705977,0.2609079107642172,1.583385533777623,0.1638209299065056,1.5262514835619994,83,17,0.08324083292601295,11.146509375121596,0.36601931470652493,3.2354180182824095,0.1333100926131009,0.8428353109698362,0.6987589597702026,10.211047851074166,1.1703173220157623,9.984719385951873,0.07774091109167784,2.4790810496400977,0.08577327802777285,1.9730035707556488,-0.4715583622455597,0.22632846512229363,56,45,19,104,0.2154856371770698,1.9196221988981004,0.2151071023482209,2.236217011928169,0.2305060029029845,1.718301259202176,0.16398581895511594,1.7339029153926695,84,15,0.08202759688813874,12.80868159731681,0.763033127741469,5.864843089955203,0.11517456173896784,0.9642447835863404,0.6047427654266357,12.76718470627814,1.1847929954528809,12.656431749062795,0.007118682283908129,2.405189187450529,0.0173805356025695,1.7501834829873983,-0.5800502300262451,0.11075295721534428,74,35,15,86,-0.2934295553698944,2.42241671645388,0.22702134090275633,2.650235191428842
LegMomentum,0.40718384955013615,5.480405158172716,0.9930151043646035,8.661308792350193,0.265024572610855,3.171415661607978,0.26278988069389014,3.6206614117027947,85,13,0.2626254041243452,41.149111805612705,2.0714565602634494,2.041192116789449,0.14352798461914051,1.321162931356087,1.3720567226409912,19.12159519101376,2.2946183681488037,18.83262443751664,0.04569889567792415,4.053496602568887,0.05684867501258845,1.9144884145483103,-0.9225616455078124,0.2889707534971229,60,37,18,100,0.61764921785373,1.7915426727786719,0.40382135475044784,4.97174789169515,0.28248145431280136,1.2396173476778083,0.17724601631387485,1.7395597835328138,79,12,0.09672580534792484,13.034841422852814,0.2539260157037546,4.2783721053099795,0.14113947749137876,0.6020583218542982,0.712295651435852,11.380933558967307,1.1838540136814117,11.1847069950166,0.08609939672751352,2.4979082622837137,0.07797921821475025,1.678447652433567,-0.4715583622455597,0.19622656395070823,59,46,14,101,0.3667084989170872,2.265886739475153,0.23102837578035612,2.6067788045915163,0.2359846606850623,1.5825825209203477,0.16095612440258264,1.8372509616138226,83,13,0.07577336038133434,11.773321851773751,0.46140990305329455,3.787397641116579,0.11808559298515314,0.6302959002539854,0.5969756841659546,11.93497626870264,1.140614926815033,11.868985899271587,0.026318207383155816,2.1099039274975913,0.02834317088127135,1.1043570677029957,-0.5436392426490784,0.06599036943105155,68,38,17,92,-0.21634494621097333,2.178835688876199,0.2167007087686874,2.705850562855235
LegMomentum,0.44551068813039796,5.51234326093212,1.077375623192638,8.842479738853386,0.3601457029581069,3.487226918417657,0.30727562037762257,3.688000398457051,89,14,0.30859317668731107,49.05036821965051,1.3940470632380189,6.729122822886216,0.15517941117286677,1.1816598943917063,1.4196710586547852,27.58792940097128,2.3422327041625977,27.424384160563406,0.0009934712201356763,4.0104486397741645,0.0405609011650085,1.7924258795212593,-0.9225616455078124,0.1635452404078753,71,33,17,89,0.514021125852957,2.6575367610669196,0.4405482558475503,5.741660903204234,0.2837392315268516,1.33157008021263,0.1785384947055718,1.5444596486858304,76,11,0.09091033401161269,12.815580873875035,0.22958480128777614,6.668624035755135,0.1504465714097022,0.6467761249957945,0.712295651435852,12.502950971394771,1.1866636872291565,12.095084769436335,0.07031397888204083,2.500599576337893,0.06049469858407965,1.9035950063433011,-0.4743680357933044,0.4078662019584354,68,42,16,92,0.42348064157162396,2.6524717822501516,0.2284757325919545,2.5617538196895087,0.27204829454421997,1.044236033118565,0.1841100577148609,1.8892345289027281,89,12,0.0920155806715492,14.566017880695075,-0.21820212140610806,7.025845521128456,0.1371089369058609,0.48215681487802425,0.5516694784164429,14.086313558166445,1.0953087210655212,13.837354413763524,-0.00383024569600821,2.3314315227413296,0.01038441061973565,1.2526921718763453,-0.5436392426490784,0.24895914440292163,76,34,18,84,-0.2555065166942319,2.7646634775144583,0.24053413756359115,3.0216626111237375
LegMomentum,0.42996128844856685,5.150911279981724,1.0354297693818806,8.118493859436589,0.4184751212596893,3.773285238348013,0.3009367618476972,3.6879590499729726,85,14,0.2781853577750508,44.238178355455936,1.1530500044088194,7.232660109784769,0.18199163675308225,0.8521646370078906,1.4196710586547852,27.723835837227767,2.194863796234131,27.688080806826537,-0.014985072240233432,3.6248105933037262,0.0116692781448364,1.5078426169653154,-0.7751927375793457,0.03575503040123169,78,37,17,82,0.6320869630886274,2.698511147144236,0.418011219757775,5.576641150202246,0.25609955936670303,1.7363653937491057,0.1639192015759181,1.5381954018379813,74,16,0.07317029942659675,10.700274640072063,0.18909689636616456,3.574593912156815,0.12764074280858034,0.7759055133376138,0.6491985321044922,9.854739168343256,1.1235665678977966,9.367192669930823,0.050490414584055544,2.3501471084587764,0.0284381210803985,1.6031708250880885,-0.4743680357933044,0.4875464984124323,74,39,18,86,0.3376658672468446,2.097009650496016,0.20845560932334722,2.2753204628524126,0.2901405245065689,1.1104094472787502,0.18385118961334224,1.7683864162476988,88,10,0.08992454301388486,14.187928127464133,-0.18891653629801253,8.225033152825086,0.14677952229976649,0.6038106147030343,0.5516694784164429,14.980471791175624,1.1576200723648071,14.903088908388677,-0.018551097065210347,2.1435361576740863,-0.0010980069637297999,1.0627972034979902,-0.6059505939483643,0.07738288278694676,81,34,18,79,-0.296164285261464,3.001997460207531,0.2370865005350471,3.0972860488188605
LegMomentum,0.43887212014931265,5.5787466462636175,1.0579130286350844,8.773051589806617,0.4508359134197235,2.7313984202536834,0.31065805335063484,3.5114557035392324,81,13,0.29208272243230876,46.205074312084335,1.818660007777125,7.752311672407204,0.20474997162818906,0.9456675824138943,1.6841533184051514,28.592465841601047,2.515870690345764,28.264978966747854,-0.02274528481066227,4.076743065511267,-0.0168277025222778,1.883782675970934,-0.8317173719406128,0.32748687485319405,83,40,18,77,0.7613444892901146,2.7472148899624282,0.42799442015886063,5.439231590021713,0.24404954165220247,1.9148159628267614,0.164713931150618,1.545840468787535,70,17,0.0828348349429875,12.081427245531406,2.792953700143366,4.604642957128327,0.11966481804847709,0.8711598686298326,1.0589139461517334,11.37609259931637,1.4565786123275757,11.139984198052927,0.05414027830120176,2.6070292144112397,0.02598643302917475,2.051680372752553,-0.3976646661758423,0.23610840126344285,75,40,16,85,1.1421132775162748,2.1423816280316217,0.22169297621480755,2.2988749249878127,0.258920133113861,0.945688288943639,0.18694397225044668,1.9037336586918903,85,8,0.09580865013415925,14.984500435558202,0.08975379316177756,8.978146056869049,0.13039949536323547,0.44412125718076484,0.6591805815696716,15.668538213774386,1.2651311755180359,15.43692735645457,-0.016180869191884995,2.089279309884111,-0.0009671151638030501,1.0721007168568881,-0.6059505939483643,0.23161085731981632,81,37,15,79,-0.07239307051815129,3.0803031733197064,0.24493579865997975,3.258743991302228
LegMomentum,0.47714204596700627,6.378043995065298,1.1471260829642413,10.041731780401928,0.42276035249233235,3.3889973222198586,0.333428322840482,3.7794854568289686,78,14,0.36009777793039743,56.84520836328482,2.1757829419335373,5.815191601303969,0.21305575966835014,1.3467815727193355,1.6841533184051514,29.01547868806039,2.6575315594673157,28.683813480832494,-0.03333570286631584,4.569550792012131,-0.042978227138519245,2.2759200031267652,-0.9733782410621644,0.3316652072278953,85,33,19,75,0.8454963366347914,2.531851936139495,0.47471921352942376,5.997033760327361,0.27741064131259907,1.495299789024589,0.19643614085798614,1.8880791747697094,70,12,0.13480100532969788,19.037738060196713,3.858300548486832,8.65121968708413,0.13777455687522885,0.6832831369427996,1.413164734840393,17.147043001404572,1.8841484785079956,16.043325634373073,0.08679645925294607,3.2428440432132977,0.05838391743600364,2.027752388016738,-0.4709837436676025,1.1037173670315008,63,38,17,97,1.4727237493916725,2.7385063992187826,0.2778479797773914,2.9191951924447856,0.24445587396621693,1.1698665645761697,0.18282409416511652,1.855445605913044,88,11,0.09192930716442108,14.26028784852776,0.1992838492011666,6.498688125306385,0.12558332085609436,0.7358836897773842,0.6591805815696716,14.04685409948552,1.2940605282783508,14.020071910597025,-0.02294760700315237,2.2293369451764993,0.01175780594348905,1.4021936426822426,-0.6348799467086792,0.026782188888494325,78,33,16,82,-0.15111660363963014,2.6781430389824097,0.23934759189619542,3.0480066655765166
LegMomentum,0.4411005863124675,5.844732909304947,1.0546310818195341,9.305944704392587,0.40164002776145935,3.472715276699553,0.29911182452458884,3.6417990448511484,81,15,0.3075425577430866,47.75695501887389,2.7121965963141186,4.442755954442959,0.19911536574363706,1.3816236579163639,1.511310577392578,24.588236905678936,2.4846888184547424,24.332051270382273,-0.058534834161400796,4.234808688580512,-0.05623644590377805,1.951767790759071,-0.9733782410621644,0.2561856352966649,88,32,20,72,0.9257426029717457,2.2599760406446765,0.43586134980716595,5.461075937028975,0.22572934255003924,1.3863392902245606,0.16292348464950918,1.7800637266563535,77,12,0.10715186092556152,13.828717492735134,6.22348723683705,4.213724475909903,0.113295342773199,0.711844024222681,1.413164734840393,12.464934086115916,1.8841484785079956,12.313691620198732,0.10498729795217514,2.672905984892741,0.09514609351754186,1.8960153664913535,-0.4709837436676025,0.15124246591718332,47,36,16,113,1.547260396546756,2.1183559337958178,0.23727505541393873,2.585399599415862,0.27834422513842577,1.9549764970810135,0.17776126646902407,1.765636701929657,86,15,0.08153449038535779,12.655185335574318,-0.061902445683716945,8.553973262611729,0.14492377638816828,0.6843927535726202,0.5451264977455139,14.81546028839602,1.1800064444541931,14.638558232499772,-0.03264939654618502,2.398230030919336,-0.01041400432586665,1.2934443254621075,-0.6348799467086792,0.1769020558962473,83,31,14,77,-0.10731042750853423,2.6806961317729523,0.22406888742183495,2.627485119723985
LegMomentum,0.3699723487894072,4.857303476269917,0.8839798509143291,7.675204566294209,0.3464401513338088,2.6547595309371324,0.25425716317258773,3.144173777405209,90,13,0.20971329619892376,32.570916822182774,2.3813719806950955,4.138417280377206,0.14913532137870777,0.9811782593678267,1.354870080947876,21.12350056382783,2.1926114559173584,21.004042953190126,-0.05562279336154461,3.420632262403576,-0.0104099214076995,1.4815360969800828,-0.8377413749694824,0.11945761063770449,81,34,18,79,0.5607548870200677,2.1798379074087624,0.35886181357277463,4.568390498587721,0.2029245421290397,1.3640427951068703,0.12728922612601307,1.113670830044572,83,16,0.05092374711660101,6.839699375808753,1.8922985107910755,5.623030421715113,0.1074957400560379,0.6949509289015043,0.8017314672470093,9.017347681702972,1.1512527465820312,8.615212158278851,0.06500564332818612,2.036061053105881,0.08184109628200525,1.691918045455772,-0.349521279335022,0.4021355234241205,54,35,14,106,0.4643699798193094,2.239015420756595,0.16665894306641443,1.6413880600985629,0.2619014121592044,1.892582680132301,0.1648116296296939,1.7796385329535322,91,13,0.0731604605973881,11.295649224367128,0.08406029935638015,3.4958504460264406,0.12235215306282035,0.6276625846444727,0.5451264977455139,10.38565764860599,1.0516464114189148,10.179358903221402,-0.032217157259583476,2.2185112507847506,-0.00156246125698085,1.1200901156910466,-0.5065199136734009,0.20629874538458834,81,35,14,79,-0.13066552297501247,2.074003679739308,0.21205752785738352,2.524649887510862
LegMomentum,0.34347207801951113,4.83935874445818,0.8290233281441032,7.676496413684202,0.2728594690561294,2.5400189193457674,0.21996915219351648,2.6395123982164233,90,13,0.16589075789175348,25.86945848513694,1.8582142864460716,5.996976266936475,0.1314128041267395,0.8657816633959788,1.031050682067871,19.90976599967875,1.849843442440033,19.66601178306917,0.01690209284424781,3.360456520405651,0.041743874549865695,1.9237514477186206,-0.8187927603721619,0.24375421660958155,67,38,20,93,0.34141903852584354,2.3870736107839927,0.3225621374527213,3.8179563197606234,0.23544456809759126,1.882103895485588,0.14162843573067221,1.375216856809001,85,17,0.06257217063508067,8.609943572864074,1.5151020347634434,3.3154287701799516,0.10391810536384581,0.7799033875693163,0.8017314672470093,8.755009847143373,1.3178874254226685,8.508560379503788,0.06143362337024881,2.262871547736192,0.08438704907894129,1.6627718702278889,-0.5161559581756592,0.24644946763958636,54,38,16,106,0.29905084083435834,1.849149303590691,0.18856229724194623,1.8679817802403977,0.19012048095464695,1.2823592481466233,0.13923484175465997,1.446841458206203,94,14,0.05631702215076272,8.878720069926805,0.6656975757221844,4.891203351903655,0.0911053121089935,0.6168196092671419,0.4350389838218689,10.603066460316263,0.9415588974952698,10.436314295807096,0.007721921429038043,2.0531683455423586,0.037248253822326605,1.398615596625651,-0.5065199136734009,0.16675216450916788,61,38,17,99,-0.6788987504362973,2.266883381346843,0.18804123935130643,2.15944896091333
LegMomentum,0.3919979552564155,5.327524195628836,0.9502951231226323,8.531159287374617,0.2690885812044143,2.5290796607019845,0.25283671838697047,3.545991003307084,83,12,0.2432693335012789,38.110087272250794,2.7323353054601984,2.410081640585969,0.14223095774650565,0.8390396900984181,1.5680184364318848,20.442973468226715,2.38972544670105,20.276242696433354,0.04167496226727962,3.7969318685093634,0.0433096587657928,1.4847480399393116,-0.821707010269165,0.1667307717933622,63,39,17,97,0.8881930053760855,1.8732057230276709,0.38891111459097905,4.867586225034826,0.204692730680108,1.845263076404772,0.1565318645976367,1.6273072415972376,83,15,0.09329997515246752,11.853668286568034,1.7202894943992462,3.83997288680105,0.10012802481651306,0.676292897383028,0.9256664514541626,10.763181370804066,1.4418224096298218,10.414884087168403,0.09835824414622038,2.4820987965911927,0.10602191090583796,1.6487881116919008,-0.5161559581756592,0.34829728363566337,43,41,15,117,0.39366799196477104,2.1268315581229844,0.22123300054939876,2.3859702115761188,0.14304694533348067,1.2027805850718685,0.1464710871782154,1.827013722943182,92,11,0.07623236772340468,11.855762554715971,1.8268100479561653,2.9899645852609478,0.06842638552188876,0.5319630023298659,0.6524949073791504,10.56778499939851,1.302563488483429,10.357524948520213,0.02909708451479673,2.252128622274063,0.051532283425331046,1.1618411875481558,-0.6500685811042786,0.2102600508782972,51,36,16,109,-0.49388266908059947,2.0366587912418335,0.21700903264942265,2.6045497160641613
LegMomentum,0.46322702728693954,5.873770119184331,1.1151882457733153,9.311931362042586,0.3180043548345565,3.5984637963137054,0.32462313057854764,4.323298413714164,92,13,0.3670135201098292,58.42871741766118,1.612632783537764,4.864875601986042,0.14116856455802906,0.6888075044727661,1.5680184364318848,27.001441708837753,2.4915806651115417,26.70615477209175,-0.003626495227217684,4.284973762243792,0.0408629179000854,1.3867951396827536,-0.923562228679657,0.29528693674600076,70,33,17,90,0.7176480528848521,2.373979922752148,0.480429889885461,6.329906577078644,0.24820279330015174,1.571839125442777,0.18286665787338277,1.8314164686040957,77,12,0.10952110677791861,15.238036907904668,0.9210876033141213,4.609985239267744,0.12182985246181484,0.7075856668768072,0.9256664514541626,13.264506279394292,1.4405268430709839,12.780812413197811,0.07999670440331101,2.656741168235965,0.0777493417263031,1.6700849897228691,-0.5148603916168213,0.4836938661964807,60,36,18,100,0.6374974582845038,2.3395420660795097,0.2498829291086788,2.8600285440716973,0.22766927629709235,1.4981528125366417,0.18034720632247625,1.9381106676371829,94,13,0.09748734298948594,15.406451640731333,0.6706870032807792,6.064484105221352,0.09800535440444945,0.5524949088741247,0.6524949073791504,14.2222904419839,1.302563488483429,14.15357280204794,-0.00437916107475758,2.3702164315628296,0.03106328845024105,1.3252557773659581,-0.6500685811042786,0.06871763993595922,68,32,16,92,-0.3403360793583503,2.6274574069029697,0.24757523436503737,3.1286619677237266
LegMomentum,0.47119823820668927,6.095103191366266,1.1290388015657662,9.68701237808581,0.37091603875160206,3.400587269169545,0.32861289791762827,4.115765098207655,87,13,0.3729296334028597,59.161882263450394,1.809043829117016,5.703775254210965,0.16446611285209656,0.7822286943370345,1.6802375316619873,28.676500915291328,2.6037997603416443,28.643064776935685,-0.022582918405532847,4.332887695019983,0.0054488480091095,1.571883639670923,-0.923562228679657,0.03343613835564307,80,32,20,80,0.7621265814706738,2.52797187674651,0.4837703417639317,6.355152750783793,0.25550550781190384,1.73308717910902,0.18786046424007505,1.6453357827837052,73,15,0.10438661395131991,15.116356850224049,0.5949006162517292,4.360053242731802,0.12945979461073875,0.8580113209474688,0.7321121692657471,11.890318794662392,1.404149353504181,11.477317231598567,0.056627516029402615,2.8921308315432,0.0312903337180614,2.213809700450569,-0.6720371842384338,0.4130015630638245,75,35,19,85,0.5135427504359608,2.218175154726236,0.2498501853459357,2.598448787923536,0.2752377986907959,1.029987650530626,0.19227275028824803,1.8807982743143756,90,10,0.09972975878726982,15.596875333213209,0.14501885174311768,6.25477632945743,0.13356579840183255,0.5513796197807133,0.679784893989563,14.333422009889446,1.3164217472076416,14.283362091854144,-0.013089066743850719,2.4619938515226285,0.024186223745346,1.5510592639593794,-0.6366368532180786,0.05005991803530134,74,33,19,86,-0.3792631131944522,2.6597814405109914,0.2501014145472985,3.087954275613222
LegMomentum,0.4662463017564692,5.9941396827715145,1.1260438233613967,9.538457235742023,0.35276164114475245,2.9201027497376453,0.3125608958303928,4.112314358479977,80,12,0.3513498334880645,55.63573730681569,2.2132880821819017,6.445239135845835,0.1656616330146789,1.0198885089514222,1.6802375316619873,28.342595676938057,2.6314167976379395,28.28435934886166,-0.03005804494023323,4.082710387064515,-0.03226441144943235,1.4707727685328948,-0.951179265975952,0.058236328076397954,90,32,19,70,0.8866262384834964,2.5999953334042485,0.46911146828326344,6.242372401753294,0.26851044595241547,1.7741411154715383,0.1847369817411527,1.8700831804587628,76,14,0.109862451344608,15.459533004763427,0.8129706278495101,3.1683004292315777,0.13356260955333701,0.8043769394612879,0.8618775010108948,11.428162875054783,1.5339146852493286,11.299070018008308,0.08123119426891208,2.888627922341738,0.06271947920322415,1.971930332695292,-0.6720371842384338,0.129092857046474,58,34,17,102,0.2310983447966349,1.9230436180633736,0.24991173318377732,2.6674635388381756,0.2906758859753608,1.128712432310542,0.19696818343247285,2.0501664244290114,91,11,0.11065544417071978,17.367561272094598,0.24819289335856265,5.159409433155565,0.1434168070554733,0.5856733904132376,0.6818962097167969,15.060829732552792,1.353607177734375,14.80972577692496,-0.012056379485875377,2.56711892633577,0.01136717200279235,1.511978816373411,-0.6717109680175781,0.2511039556278316,74,35,16,86,-0.2597224653628815,2.491843110194984,0.2635305456650293,3.282904459490602
LegMomentum,0.47607258417507126,5.682857207525233,1.1694935553893449,8.966267415764994,0.38640648126602173,2.427506881996159,0.3231307846587151,3.856072592035771,74,11,0.32020851906283226,50.73021651582054,1.251150990558294,6.383544251859796,0.1957834362983703,0.86417026970934,1.4613761901855469,27.29032765544076,2.412555456161499,26.960376618971896,-0.03427992127835751,3.8552549152518822,-0.06033200025558465,1.5249764093073357,-0.951179265975952,0.3299510364688628,90,30,18,70,0.5215929845527748,2.6409629157486925,0.44744441224494846,5.988925283742213,0.2693913131952286,2.4545901931998007,0.17479006400535582,1.8768013472551115,75,16,0.11127568338534732,13.782172524222362,0.9999658807802261,4.204707893185717,0.13629610836505884,1.063600764158455,0.8618775010108948,12.913272702580262,1.3637662529945374,12.82159342770096,0.1175377669511363,2.5863073025479126,0.10292328149080275,1.7938373228568572,-0.5018887519836426,0.09167927487930111,44,36,18,116,0.3924032087890287,2.0431284010629374,0.23681784620832452,2.663303786842519,0.28598008304834355,1.4050000238498177,0.20365732465637842,2.192880898838145,82,11,0.12539499341204588,19.82012944221808,0.8936133755247044,5.607463272691859,0.1430897563695907,0.7455854452252308,0.8200472593307495,16.071220157709,1.6088066101074219,16.06218248251855,-0.005634141992777586,2.524705197965199,0.0054011642932891,1.3400065471943186,-0.7887593507766724,0.00903767519044718,79,35,17,81,-0.20680614366001965,2.609631345973331,0.2807718513844389,3.6668778416502477
LegMomentum,0.3502996372953199,4.613858680572195,0.8408435091376303,7.281464279092421,0.2382414191961288,1.97537623919925,0.24981520334258675,3.1604452021933542,90,11,0.22842769796889748,36.037980811480686,1.30326813435431,4.505399298470016,0.11179378628730768,0.9527824432260208,1.1446850299835205,20.447259891275973,2.0893301367759705,20.277515607450525,0.031471138447523105,3.503132598070482,0.06393781304359436,1.7221700943866618,-0.94464510679245,0.1697442838254497,60,34,16,100,0.16667672721544216,2.353366934174174,0.3777149151908259,4.875042852305674,0.19687081128358835,1.5626657309797742,0.1469261025660671,1.5707716794616036,75,16,0.06156477530382579,9.475294090012014,0.7984372136966069,3.7972738512232995,0.0951561033725738,0.7495495934680294,0.600943922996521,10.078767284377715,1.0618727803230286,9.877791831539504,0.0204500013962388,2.041086996251499,-0.013259291648864701,1.2360717026792074,-0.4609288573265075,0.2009754528382108,84,40,15,76,0.7088887031998202,2.1421851086108665,0.19570169060574594,2.3041827105820074,0.14768993854522694,1.2101287051484528,0.12339490514714266,1.4529060051218885,75,14,0.04907254582187319,7.66716859940753,1.1107446464155322,4.742720574101193,0.07663682103157039,0.43340482873747366,0.5517885684967041,9.189693834533713,0.9905664622783661,9.15528721470893,0.018048619106411933,1.7372446847704408,0.01125451922416685,0.8704751477357582,-0.438777893781662,0.03440661982478483,71,35,15,89,0.5018477177296843,2.3328763892241144,0.1747439124991032,2.1561886523781686
LegMomentum,0.3666011265244985,4.478317397658339,0.8696598608791827,7.041831872809087,0.29095134139060963,2.058159788866364,0.2759145722398534,3.4549752424359705,79,11,0.25644515851592603,40.784767225190606,1.395182831078369,6.849015594606458,0.1505941152572631,0.7573696154826617,1.3406033515930176,26.311701357822415,2.114154040813446,25.910670731514465,-0.020099366828799252,3.5379349669288627,-0.022555410861968953,1.445722226807424,-0.7735506892204285,0.40103062630795067,86,32,16,74,0.5881432342731134,2.6826506469349907,0.40109816490147515,5.316745564250057,0.2040593177080154,1.2367286334613217,0.14640162364812564,1.4787536974569384,63,13,0.058084680809257196,9.053259746607095,0.7356491106984939,6.19706241877064,0.0940059274435043,0.48107334272041763,0.600943922996521,11.052965118089789,0.9199880361557007,10.917123080337127,0.010545269586145883,1.820640392061969,-0.0378284454345703,0.9633626744211303,-0.3190441131591797,0.13584203775266127,95,40,18,65,0.9628633445680481,2.6510288331091814,0.19083852780092364,2.3955225545587195,0.1508424133062362,0.9441734570143512,0.12257109914789903,1.3849339626502124,75,10,0.04776746956615895,7.529214604055094,0.8646223938109716,6.045567367577899,0.0739201605319977,0.44138335053913014,0.5177080035209656,10.192124820479057,0.9564858973026276,10.011404506578401,0.0006597558967769187,1.6832565138182547,-0.0047489404678344,0.9635926212550722,-0.438777893781662,0.18072031390065554,85,36,17,75,0.3347170134227591,2.5739346937191963,0.1733262694284058,2.166993796194052
LegMomentum,0.34067537697913697,4.715630306888521,0.8041140411794183,7.257237411283741,0.2730790823698043,3.566377376371819,0.25845859263092275,3.2634947880422693,86,16,0.2564692107650452,40.005149828521574,2.7057988972739855,7.1116424793337885,0.13197755813598633,1.0960415404721613,1.3820531368255615,25.095278277586377,2.165753722190857,24.525586055247146,-0.05305307954549789,3.9747614742781643,-0.030749678611755298,1.9943247707229421,-0.7837005853652954,0.56969222233923,92,33,18,68,0.9128459800710346,2.6424456775012035,0.3980817241450007,4.920002139340555,0.18437666818499548,1.0994148485825324,0.12235569676966404,1.2841340698638408,77,13,0.045917968158004,6.87434611422315,1.1217757932979362,8.335270642488268,0.09520369768142689,0.5702542979572762,0.5933108329772949,10.001852853114968,0.9073697924613953,9.951257987073069,0.03778759455308317,1.6334218291718192,0.0307947993278503,1.0132394730587226,-0.3140589594841003,0.05059486604189905,67,39,18,93,0.8218881081317325,2.833091183936629,0.16565730420622798,2.0509215592528487,0.1392109841108321,0.8259172738607393,0.11704133866587652,1.3362080554040263,81,12,0.044857061714388136,7.087046982552456,1.5577192609817283,6.852399595275285,0.0702033489942551,0.31120807275282913,0.6078846454620361,10.150902973370645,1.0075980126857758,10.02670566962593,0.004737089388072489,1.649054107833757,0.0063489526510238006,0.8976105457704888,-0.3997133672237396,0.12419730374471469,75,38,18,85,0.3854310405691486,2.691945943024419,0.167897014123448,2.0898965361924176
LegMomentum,0.2593802653891491,3.7841117724052644,0.6173700250685213,5.869862634360363,0.22045777738094322,2.0851614323926166,0.19065173175185918,2.6538274585423607,90,13,0.14925115931966715,23.488048557625184,4.826531503585163,3.604803579559219,0.1055977344512939,0.7641475617787781,1.3820531368255615,15.723912008600367,2.165753722190857,15.611405958218812,-0.024708597362041475,3.024870929191633,-0.00369656085968015,1.4932192077211832,-0.7837005853652954,0.11250605038155428,82,35,20,78,0.7056385086819703,2.116426213097607,0.30537566890790174,3.7865821553686807,0.13556853681802744,1.2944128922552927,0.09904174170223992,1.1943081879315198,78,14,0.03313172240921056,4.867059409393319,2.6625160201458584,4.212419274259747,0.06409107148647306,0.3634026482112326,0.5933108329772949,7.665329103503821,0.8854607939720154,7.656698418222943,0.03572424082085489,1.4000826908320374,0.02957884967327115,0.6557215098811509,-0.2921499609947204,0.008630685280878334,59,39,16,101,0.9499418224129001,2.187135327481626,0.13983316248964067,1.704942189115467,0.12312357127666468,0.7650238958054425,0.09236452821642156,1.1489536003340681,90,12,0.03006127578291036,4.737138993970899,3.776161594003959,3.5802787329062093,0.0640703588724136,0.3622306777462747,0.6078846454620361,7.164841697934153,1.0075980126857758,7.0168953634127735,0.009984754025936118,1.4449090143366916,0.022540166974067598,0.8224830740078727,-0.3997133672237396,0.1479463345213793,69,39,16,91,0.2466289105300477,2.0811074510842125,0.13713548202067194,1.6276906752388394
LegMomentum,0.2796402973326584,4.23778292000765,0.6582810768485068,6.520054141597326,0.20597314834594718,3.2019986065915758,0.20191030874848365,3.0229282802759956,80,13,0.1776091201450842,28.106835615807846,5.040306226859293,1.9451372208789603,0.10470315814018255,0.8331704604810848,1.4454100131988523,15.95472733798836,2.3931292295455933,15.82670191895047,0.015552425384521475,3.4399794620165762,0.014900416135787901,1.6054781069768576,-0.9477192163467408,0.12802541903788955,77,38,16,83,0.6410307060951966,1.7523476449795656,0.33385693038730563,4.034027381750401,0.17955448478460298,1.6275090880399714,0.12195639112498609,1.358028550541903,73,15,0.044776433698576694,6.756173190403115,1.3069509985077907,3.1748480819379576,0.0883401334285735,0.593755244201863,0.6354564428329468,8.451789882780924,0.9769448339939117,8.263247313942784,0.021839787438511848,1.8188643583523345,0.009702980518341,1.1519903555710025,-0.3414883911609649,0.18854256883813839,70,39,16,90,0.8350496486000949,1.9108074383229907,0.16637699026400626,1.8568536927605974,0.1210143268108367,0.6440376806755332,0.0851335783023387,0.9755771569449685,76,11,0.025052592130881835,3.719330518246121,2.275754837491612,4.797178386733639,0.06158019602298735,0.3419391098041343,0.4713117778301239,7.158815827017663,0.8137255907058716,7.070880470178909,0.026158099062740792,1.2612103212284158,0.021352708339691148,0.7236603695540007,-0.3424138128757477,0.08793535683875355,65,40,16,95,0.29912782355492423,2.2856499316203083,0.12275095792158466,1.4589993296341974
LegMomentum,0.3802494260317505,5.08314176070717,0.9071325720846652,7.831688550473158,0.2641834616661072,3.5787327776195728,0.28797521649394187,3.8848254267239044,83,13,0.3124741998104288,49.75384554391122,2.3263984545444227,4.887912818491394,0.12663701176643372,1.2346105937967775,1.5738933086395264,26.15219554634536,2.521612524986267,26.06289319949746,0.00463479198515414,4.118013976409523,0.02968850731849665,1.8056660030340816,-0.9477192163467408,0.08930234684790012,76,33,17,84,0.6863297639621501,2.3214537915075586,0.443286631390551,5.72676229941553,0.24672625958919517,1.7470880193031355,0.15371943056583404,1.4745842081496574,64,17,0.06216801636538502,9.316731876145347,0.2397617219601873,8.852481036261977,0.12106233835220334,0.6342219480285096,0.6354564428329468,12.868327734270364,0.9769448339939117,12.623892624606258,0.0331641424447298,1.938934176013554,0.00342233479022975,1.0742904805064426,-0.3414883911609649,0.24443510966410667,79,39,18,81,0.8079881033411782,2.8668430607457043,0.19491691475376977,2.3573854451981306,0.1438230350613593,0.89318084442388,0.12626674533705223,1.4565224064478501,81,11,0.052338037578338055,8.117348160475316,0.7014328083715631,6.547452103466389,0.0723980069160461,0.46764294206545887,0.4887029230594635,11.578688177515073,0.929575115442276,11.481689730979054,0.021203715447336433,1.7747403980500822,0.023658886551856953,1.019109378664991,-0.4408721923828125,0.09699844653601723,68,37,16,92,0.04842988222939404,2.545388878119024,0.18017929836676377,2.2288213656559277
LegMomentum,0.4202240968623271,7.223833936312765,0.9896165911853312,10.944273775264529,0.3558298349380492,4.437791134174259,0.31960375582333655,4.163109371925741,77,18,0.4430699586735696,69.56991454828845,8.281045410934933,3.914344219750591,0.16585767269134527,2.186662421120229,2.8708367347717285,27.851260037026726,3.7334105372428894,27.33357514062202,-0.02168631218373776,5.812007445488214,-0.03507390618324275,4.085647051588873,-0.8625738024711609,0.5176848964047049,86,29,18,74,2.1586959827591774,2.0357577437105037,0.527434448432751,5.982514855968017,0.23033019155263895,1.2623858784284776,0.1603507033316418,1.2207535479471945,65,16,0.09777485192887787,13.919990219860658,9.845026724782983,5.700295289207586,0.11232783645391455,0.6084478291360931,1.2943700551986694,10.910537793552432,2.5583255290985107,10.19231206740796,0.022098514810204507,3.2546967063683097,-0.01025899499654765,2.725404423953174,-1.2639554738998413,0.7182257261444721,86,41,19,74,0.7098373807536296,2.231758134842196,0.24698623820034807,1.8239900135186955,0.14011001586914057,1.0570585621391624,0.1400414027657825,1.6902848349391573,77,12,0.06519129733701036,10.341308483921726,0.9035504841848145,6.220396963878679,0.069997563958168,0.4034340226493385,0.621528148651123,12.46677017064799,1.0624003410339355,12.40154707843969,-0.003103739488869902,1.877569623408005,-0.01081719994544975,0.8735871921854852,-0.4408721923828125,0.06522309220830189,85,35,17,75,0.5536556327379418,2.599562074715321,0.20246264383894574,2.610754832070075
LegMomentum,0.42833794812472253,7.526431478942104,1.003740299195051,11.32380692197092,0.3415169566869735,6.707345252991859,0.31477509006857873,4.811063836502229,72,15,0.4958254759987363,77.3782318700978,8.401721345935945,2.033469415998339,0.13710817694664001,2.2166816439886228,2.8708367347717285,25.496581572029104,3.8198789954185486,24.838490123627448,-0.04654311239719391,6.092928485138952,-0.06659546494483945,3.407666571091908,-0.94904226064682,0.6580914484016575,99,31,15,61,2.378577687580176,1.664133631498742,0.5564710562241196,6.344639812083911,0.21073082089424122,1.024000122854178,0.15755397845641705,1.2060418511525144,65,16,0.10225490760612736,14.104801752543477,9.724200284744292,7.101559085949772,0.10293096303939815,0.5596017696898421,1.2943700551986694,11.226487404635645,2.5583255290985107,10.762933273945416,0.04911041809245943,3.2155059526529963,0.01208130270242685,2.8515518125370614,-1.2639554738998413,0.46355413069022794,73,39,19,87,0.6614837943466918,2.366246647937361,0.2487654733239755,1.9404440782966723,0.15987822413444508,1.4692153916267703,0.15036013214383268,1.8743985644753804,82,13,0.07459008770616457,11.784653125276908,0.8759359139342004,4.9369188657592495,0.07599091529846186,0.4348320597825692,0.6249675750732422,12.205658176028845,1.1301040649414062,12.088305134376192,-0.004647848941385745,2.0153724841789704,0.0011218488216400001,0.8796168360220695,-0.5051364898681641,0.11735304165265187,80,33,16,80,0.5214808347384535,2.357957789250802,0.2165416045061178,2.7790154507111313
LegMomentum,0.27381665453715487,5.007242973264507,0.6566643556952475,7.711457131896706,0.15303856134414662,4.91423874384731,0.1891373626887798,3.481918923236655,80,17,0.22461263015152683,35.7779109061985,11.524211825139702,1.0728309463293062,0.07562711834907526,1.0644163039557335,2.027026653289795,16.302917201410878,2.976068913936615,15.996161522887345,-0.01096565946936608,4.0249901540304895,-0.0115538835525512,1.6826704954507785,-0.94904226064682,0.3067556785235324,86,39,14,74,2.0739483668177874,1.4711682558244328,0.3756924316205507,4.424631641860835,0.15520245209336272,1.4472831321321822,0.11313569961581375,1.2242945541977601,71,16,0.04728440405983576,7.187978604526453,4.585647250314004,3.3427246313138124,0.07123115658760065,0.6267564928918827,0.7145209908485413,8.149057035017455,1.3757389783859253,7.598082212592556,0.03262521214783191,2.0799857659889853,0.01426264643669125,1.4937725706903335,-0.661217987537384,0.5509748224248991,70,36,16,90,0.5999650340615357,1.8902645269114111,0.16931485484193262,1.6916376142098715,0.1070586442947387,0.9308181353210773,0.10599548144964496,1.4624327396653223,87,10,0.04530505219640988,7.115783780225415,2.848053942714607,3.5704885563277395,0.05606810748577115,0.47037470971277584,0.6249675750732422,9.072133086144035,1.1301040649414062,8.959887519294046,0.01183781679719686,1.6064812118772307,0.0181709229946136,0.8175347667379116,-0.5051364898681641,0.11224556684998918,64,37,18,96,0.08765865712445044,2.1453779191066498,0.16838268399068412,2.129554389094319
LegMomentum,0.26679475036617506,3.9232248665554232,0.6407240483164786,6.184544300998983,0.17150263488292689,1.981409993704161,0.17374266795814036,2.578602961458995,88,13,0.1412001844627786,22.283941339930767,5.532419615676956,2.3257562784861125,0.08856549859046935,0.7103941125505088,1.3928155899047852,13.463438519343187,2.2137813568115234,13.275279452336997,0.022764820605516423,2.9777479432121368,0.04867118597030635,1.500258005763527,-0.8209657669067383,0.1881590670061895,65,39,15,95,0.4602622751951565,1.9359423209497575,0.29712564859181156,3.6629166693533524,0.15060141682624809,1.4378363366258826,0.1227095234021544,1.3915992642542818,76,16,0.05008561207859568,7.8751659327394625,2.10828563621979,6.303997226731216,0.07661758363246915,0.6520843147760316,0.5476295351982117,10.908520671781432,1.2088475227355957,10.787998030782713,0.008437754213809965,1.833275087754753,0.00018192827701570002,1.0836213230700869,-0.661217987537384,0.12052264099871816,80,33,16,80,0.24983677367090878,2.477300212850936,0.17728153171508,2.124680772576733,0.10483267903327934,0.6530482688848752,0.09621449962258335,1.3222886577708592,88,9,0.03553169304933877,5.494284502683283,2.6143630337719737,2.509039974714881,0.05166316032409675,0.3045948775790329,0.4804846346378326,6.947242068597057,0.9362772405147552,6.8732363761586255,0.021200583130121218,1.373521270032093,0.03184720873832695,0.6278943564420514,-0.4557926058769226,0.07400569243843166,57,41,17,103,-0.5965562924924578,2.0158755186396453,0.14796852777994066,1.8994009117226174
LegMomentum,0.3865328081917139,4.900574089547846,0.9224518031626938,7.662824801210632,0.30078348517417897,2.4907732736449466,0.2844971466064453,3.5709523755605117,84,12,0.27575823924913595,43.95415284296395,2.368877719427471,5.426117030319428,0.14655131101608265,0.7596622308958454,1.484765648841858,24.03431407527159,2.305731415748596,23.76590155991399,-0.004299184679985056,3.7373747150117937,0.0286014080047607,1.4684877008327528,-0.8209657669067383,0.26841251535760025,76,30,17,84,0.8208993420129356,2.5057640735511053,0.4164303730992067,5.475964123563491,0.23221455514430997,1.4467565102358189,0.14841402409365398,1.408629415809985,60,17,0.06454534178035434,10.008264850644998,1.4276661699640574,6.791140420838458,0.10592557489871975,0.6993012836911152,0.7352451682090759,10.963955758035619,1.211574375629425,10.77034976826577,0.02714727255515754,2.241191694193196,-0.00023945420980454993,1.601497915855051,-0.4763292074203491,0.19360598976984805,80,32,17,80,0.8406055075749422,2.5602951712592112,0.19963202426587404,2.2327840559544563,0.20016081631183613,0.6999465568618568,0.14656154843745747,1.5490994185531965,83,8,0.06411580935529741,10.119308686152735,0.5656512510662233,6.920270953217278,0.09359566867351529,0.35733328846192136,0.6280537247657776,11.599068841773093,1.0838463306427002,11.57606429482304,0.009860084764659393,1.6842583920056433,0.02089041471481315,0.9082970481618022,-0.4557926058769226,0.023004546950053908,72,33,16,88,0.08424144835460436,2.8709792969452943,0.20056563931405025,2.698626012457321
LegMomentum,0.3826612591015867,5.234849672174311,0.9111264394596217,8.119476990642546,0.3113831877708434,4.585423692188923,0.27730015470646324,3.8805876297719792,67,14,0.28676773332971556,45.30567843923092,3.1405891544798097,4.208850234778765,0.15842914581298817,1.0831756106425021,1.484765648841858,24.887131199629543,2.2472994923591614,24.653838223118896,-0.03938225880265236,4.072927602037673,-0.0709106028079986,1.6464631577618731,-0.7625338435173035,0.233292976510648,101,27,16,59,1.3244468991405582,2.1327922807266795,0.42284317210866296,5.358818823937843,0.19008003175258628,2.047502917805108,0.13765473348525115,1.4707039927406083,67,16,0.061876491773189136,9.228826410177783,2.0258379167680802,6.593526801861399,0.0932836793363094,0.6705209750013033,0.7352451682090759,11.519713983024,1.211574375629425,11.444247726036473,0.0477951220003888,2.2259597200542482,0.0187008567154407,1.5069664775466902,-0.4763292074203491,0.07546625698752656,69,34,17,91,0.6457161340517747,2.2863050582452695,0.19135645205901736,2.067348479302364,0.19930612295866007,0.6993742324085818,0.14700586895924056,1.6579744889141788,75,9,0.06317239616855068,10.017789621711936,0.7127732055785159,6.268098153869545,0.10131697356700894,0.33145171161720793,0.6280537247657776,12.566859529237075,1.090059518814087,12.45237831952861,0.000661812350153921,1.8205896685506247,-0.012331679463386501,0.8961943389116944,-0.4620057940483093,0.11448120970846565,85,32,15,75,0.2912896510662287,2.617788625344803,0.19932542743563186,2.5890621623434735
LegMomentum,0.2887006228602823,4.199492430867773,0.6886314180120824,6.553541132843612,0.226220354437828,3.438180460317832,0.2032719129743054,2.90809288625935,77,15,0.17129695524306027,26.627340679917065,5.897840338758735,2.2219980045501817,0.12145441770553585,1.025796709733934,1.392470359802246,15.817202163326193,2.1512463688850403,15.684629286699396,-0.043005948141217235,3.334833661120025,-0.05007234215736385,1.5594319823431886,-0.7587760090827942,0.13257287662679826,93,35,18,67,1.3508397259961697,1.7832729640626415,0.32538099267064363,3.9377944502700846,0.15111182257533065,0.887333363872848,0.10895284970756616,1.1658969504843568,80,12,0.04069433665635037,5.939840878571661,2.3272097139123904,6.706307759980962,0.07939768582582471,0.4396075965138037,0.5550509691238403,9.290886445861096,1.015947937965393,9.253896667554333,0.044603959866799416,1.6660227171508912,0.044047348201274844,1.123761562351603,-0.4608969688415527,0.03698977830676345,67,38,15,93,0.5705830278554338,2.550864985404171,0.15359653813715388,1.7788224151131056,0.14887286722660054,1.1106784605212572,0.10965612204745408,1.3595040682024961,84,13,0.039197575661061176,6.1849806220002,1.6811077647222197,4.177185559123852,0.07343156635761255,0.47123881027172454,0.4994742572307586,8.76682907733225,0.961480051279068,8.71875723118063,-0.003845931962132456,1.5526847545726952,-0.000322088599204982,0.8474566609762988,-0.4620057940483093,0.04807184615161937,81,38,16,79,-0.22914464615122307,2.146733363659534,0.15696394200521738,1.9427173430321074
LegMomentum,0.26852943085975073,3.449071308971763,0.637579538375139,5.351551210802004,0.21758194267749772,2.1099545709047076,0.18849583819508547,2.772805186527599,92,13,0.13484305606166358,21.448851054817897,3.4076793205349345,2.7220716217321383,0.09826928377151489,0.5781287585988072,1.1403354406356812,15.554283835285243,1.8258858919143677,15.431013193628514,0.0047605812549591005,2.6086572991483803,0.036239117383956854,0.8544507683189424,-0.6855504512786865,0.12327064165672919,68,37,14,92,0.5402277481599284,1.9690647123533818,0.2911771760090123,3.826716366601759,0.17815281823277462,0.8518663899290498,0.11608393112779591,1.240151266453229,79,10,0.041674981443302686,6.222902415708964,2.1677407318173865,7.2238238869976215,0.09063145518302915,0.3985108447947845,0.5656324625015259,10.167624278278431,0.9317532777786255,10.150550681034508,0.03695896612480283,1.579049858423958,0.0325636118650436,0.9372275723067948,-0.3661208152770996,0.01707359724392433,70,41,17,90,0.9570134486117016,2.646718584851899,0.15759480955935753,1.9311923675077634,0.12576372176408757,0.6582029510710705,0.09018047560472037,1.0468712470680135,78,11,0.025013300786336626,3.894986193149918,0.9621835188840988,4.399824555453543,0.0558303594589233,0.39016659873603843,0.3573117852210998,6.540592332761308,0.6778937876224517,6.500152260347444,0.015284827537834639,1.1638440532296657,0.011009335517883249,0.6748430261703455,-0.3205820024013519,0.04044007241386394,71,41,18,89,-0.43202639069257576,2.332093680149774,0.12448510118162853,1.5938799242451926
LegMomentum,0.3515474863527027,4.241642020566994,0.8315742117166518,6.579660885424882,0.27083216607570637,1.5059283694427372,0.26143016710877415,3.437934032039154,88,12,0.2341647110206366,37.20625491533587,1.287115194135648,4.638179454766873,0.12174734473228455,0.5856434008230278,1.1404244899749756,21.14410837713982,1.8309718370437622,21.0028147301424,0.015921580791473385,3.349629935168609,0.0465880930423736,1.3221548630013615,-0.6905473470687866,0.14129364699741875,69,31,16,91,0.6135189131781146,2.374365323648936,0.38342967034861325,5.097669488379784,0.20381309837102887,1.0181538611848926,0.13953624910209328,1.3387646903445587,70,11,0.054569174945227096,8.242947849167685,0.6887356435285223,7.202025391561223,0.094619795680046,0.5308480727257956,0.5656324625015259,10.657899431897984,0.9317532777786255,10.627007365024557,0.03699554223567248,1.7797247785821193,0.0006829351186751998,1.0875212714695994,-0.3661208152770996,0.030892066873427045,80,36,13,80,0.8176026685878064,2.785988275749034,0.18150194952385917,2.2528931536290204,0.17234018445014948,0.9793022166372157,0.1180049539287574,1.2488815805794231,77,13,0.03770042765842932,5.845885291218218,0.18544547842500725,7.186607119553418,0.08901046216487885,0.3429611798654494,0.4705049097537994,9.75045449640124,0.8111686408519744,9.663782279709995,0.02132427375763654,1.4503061716741539,0.01526534557342525,0.7538602696441752,-0.340663731098175,0.08667221669124507,72,36,18,88,-0.031755220380508556,2.6834867593912293,0.15249057753417788,1.9345535142823207
LegMomentum,0.37865768796319804,4.516175764775485,0.8851081196218726,7.020789331442162,0.34001794457435597,1.9856690390088987,0.28836923647671936,3.628044669442582,81,12,0.2736696149900901,43.33948349984843,1.2143651857958986,6.54402656565861,0.15229365229606628,0.6311528825069823,1.1877975463867188,26.943310176466998,2.0428813099861145,26.783718313120765,-0.03083857595920563,3.4431371676031146,-0.0290646851062774,1.1595185304777078,-0.8550837635993958,0.15959186334623082,89,31,16,71,0.6399331602255773,2.6543231934940867,0.413717603806918,5.611086342671839,0.17822831496596325,1.417123540475158,0.13135742837330325,1.352608327159676,69,14,0.05584182122510182,8.424338571400913,4.389841302542089,6.047734066509529,0.08753985818475477,0.5261549060825261,0.9976043701171876,9.980433033529335,1.3040575683116913,9.909225399047015,0.03658655378967523,2.003775206096427,0.008387162350118101,1.358783810323812,-0.3064531981945038,0.07120763448232086,76,36,15,84,1.3920676249193393,2.5097918855074477,0.1837760801771187,2.0998151096785005,0.21015667915344236,1.2024129538710548,0.1334614068572409,1.414682929732224,77,14,0.047438359695943004,7.517485182312787,0.43044911229846283,7.8903817153350175,0.1045468598604202,0.29209963402591504,0.5800904631614685,11.335383157678612,0.9327143430709839,11.210286526829723,0.0036418197676539427,1.5738769577426206,-0.0055372714996337,0.7049431924520793,-0.3526238799095154,0.12509663084888836,82,32,15,78,0.3465894003766977,2.840263113170532,0.17269076432823788,2.2450827388316053
LegMomentum,0.3683226339791833,4.729748117648271,0.8572875203192232,7.3251009638042675,0.3444632738828658,2.799372874658806,0.2661356813460588,3.1162001968131556,77,14,0.24838752328740354,37.580383707028034,1.9467365783503965,5.926246441418982,0.1729656159877777,1.0315446084898374,1.2863783836364746,22.861420647205854,2.1414621472358704,22.661605281102563,-0.07471267580986023,3.740698495910442,-0.081281304359436,1.9537619501191672,-0.8550837635993958,0.199815366103291,104,32,18,56,0.7083357123284041,2.541488840183954,0.38807406169630443,4.856702427544989,0.1916849706321954,1.1645980646275746,0.13327689769095738,1.3398838530287966,58,14,0.06156326533325258,8.686089338934886,4.003985071335058,8.983865575539829,0.0854513272643089,0.5940584760827351,0.9976043701171876,12.10669346961683,1.3040575683116913,11.806282243258106,0.06306233112700282,2.0443626811128177,0.029207669198513,1.3688660606333936,-0.3064531981945038,0.3004112263587237,66,40,13,94,1.4699611833656834,2.829411980618008,0.1863254290496927,2.122892029050959,0.18603856861591328,0.8663490762754582,0.12570683542173353,1.3335262137244208,81,10,0.04529804340874679,7.177540368190925,0.6204467822673152,8.378177143857338,0.09214514493942261,0.32835198075233824,0.5800904631614685,10.760434312171117,0.9554770290851593,10.669320862495937,-0.0035352077335119242,1.5400397867810078,-0.00158505141735075,0.7730326060355687,-0.3753865659236908,0.09111344967518122,81,35,16,79,0.18480771167341603,2.954414246507313,0.16875058275938742,2.192217558392057
LegMomentum,0.2886608057342512,3.924619722235877,0.6847956670075652,6.016769170852147,0.2503284662961959,2.8409825575913192,0.20391117915045465,2.601452055685992,77,14,0.15127759495027443,23.797192682616107,4.349678544847278,4.496092039375128,0.1276730597019195,1.0891255465400604,1.2863783836364746,18.028941812344435,2.018913686275482,17.721499266039036,-0.022764239832758902,3.1358919475646934,-0.03044837713241575,1.7541349579217158,-0.7325353026390076,0.3074425463054007,89,36,16,71,0.9484744855893279,2.1721001120019054,0.307606358316498,3.73675987665986,0.201233509927988,1.2313429497977673,0.12546265264973044,1.2450859135419008,64,13,0.04482521937285884,6.523439047543788,0.9812326332622048,7.850654690091137,0.09597591310739509,0.4356387242990216,0.6044806838035583,10.599354695200816,0.9222801029682159,10.397302018366917,0.04526731395162642,1.6496023258111585,0.01099021732807155,0.9268758285100562,-0.3177994191646576,0.20205267683389852,74,40,20,86,0.8685533495727289,2.7137034432013287,0.16164759370022608,1.949936207731475,0.13047656416892994,0.45588165238294925,0.09975411403924224,1.1049643491600414,76,8,0.031328848332207636,4.882209916000515,1.1766449386538085,6.195385325374923,0.06545896828174586,0.22903684515602762,0.3964248299598694,8.114407837231322,0.7718113958835602,8.028163552881498,0.015932589024305343,1.2312748974762942,0.01008194684982295,0.6258552905257737,-0.3753865659236908,0.08624428434982488,74,38,16,86,-5.7017954370871854e-05,2.729512161985645,0.1394569262491297,1.8347130682603359
LegMomentum,0.29409018910545726,3.9619776218328595,0.6945247183740137,6.155112046376456,0.23744404315948478,1.3977154790538862,0.2005339420586824,2.493666316039465,81,11,0.1477280490370999,22.898292353040645,2.892401409116407,4.074072830185796,0.113741248846054,0.5422876395272591,1.2420768737792969,14.941687670951847,1.949291467666626,14.924430246151514,0.02991688847541809,3.0869007908386026,0.0336707234382629,1.6441480568756495,-0.7072145938873291,0.01725742480033302,71,36,17,89,0.6714320765088554,2.2518616319421176,0.3033316228005737,3.6564102423771674,0.20968340337276453,1.1949066704678755,0.12524379119859075,1.0876969122386608,79,15,0.041711361075834896,5.972715242889693,-0.24929067424685236,15.469553655431163,0.10564696788787833,0.4583339799308904,0.4410756528377533,11.609813874202093,0.7588750720024109,11.549686873797262,0.04505006270483135,1.609388428880476,0.042496576905250494,1.0430678981714339,-0.3177994191646576,0.06012700040483064,64,43,17,96,0.1823930874201325,3.5891298591285796,0.15553548814706156,1.8391802869418015,0.1279084011912345,1.1028092673153025,0.10159825384616852,1.1498607636054117,72,14,0.03556084390155369,5.185785199276854,1.3719384987848846,8.305164319390979,0.06376175582408905,0.33905126244071826,0.4411568343639374,9.471324684848348,0.8223291337490082,9.279434247428616,0.03680934756994247,1.4588228266573782,0.0179539620876312,0.7746380188732445,-0.3811722993850708,0.1918904374197317,62,40,16,98,0.373902228623114,2.7581982017365445,0.14492018838382645,1.7486054900120356
LegMomentum,0.3349846702887048,3.779533155679472,0.7916101980209349,5.944780580050373,0.2769986987113952,1.5536925211076844,0.24834900291170925,2.877684731335825,87,10,0.19172598280999284,30.440566207934257,0.7293090278730778,6.809003755442873,0.12254032492637626,0.5286622120662892,0.981060266494751,21.188471682489833,1.68827486038208,20.9444302026315,-0.0036819893866777476,2.8893746852918714,0.04650610685348505,1.1430965378635591,-0.7072145938873291,0.2440414798583335,75,39,15,85,0.2747859753112601,2.7885881435197506,0.3472300920362444,4.7002212858469505,0.2236127853393554,0.6501545164793313,0.13736467762850219,1.1950617633453484,71,9,0.04679060273476972,7.098861416348908,-0.239448603177006,11.074016619535781,0.1039705276489257,0.3549498949715964,0.4909411370754242,11.759662094665003,0.7955902814865112,11.55936633643404,0.031157939881086356,1.5184474812932007,-0.01154488325119015,0.9336409783517079,-0.304649144411087,0.20029575823096285,84,40,16,76,0.5496897685563811,3.372596624861118,0.16867462479030035,2.1893329264648727,0.14380314201116556,1.0827284489095552,0.11241469065891574,1.181935569171324,69,14,0.0392180195162398,6.069732107720713,0.6493288419476428,7.0094603602408,0.07311932742595664,0.3732635558585309,0.4411568343639374,9.368082447383841,0.8223291337490082,9.260413797920016,0.014123351685702798,1.5369584134653005,0.00245133042335505,0.847880891327577,-0.3811722993850708,0.10766864946382534,78,39,17,82,0.319171641512079,2.748941329330866,0.1564119480543295,1.9254845995226602
LegMomentum,0.33321700857640935,3.6919327507471933,0.7910820764303206,5.736477148791702,0.3023480772972106,2.1154580319554515,0.24648977145552636,2.9478908704336586,80,13,0.1948538709250804,30.68636356087788,1.3358818717080663,6.467782165858951,0.14714005589485166,0.6453436893512722,1.108835220336914,21.230633742077696,1.897698163986206,21.12045697761213,-0.036034511774778365,3.0188270161829633,-0.03505477309226985,1.1362228891396864,-0.788862943649292,0.11017676446556571,88,35,16,72,0.5485139473255056,2.676025579208904,0.34819958606765916,4.6446794299759535,0.20551885664463032,0.6795366839826016,0.13373498037923123,1.2619832104506867,62,10,0.04527747220512929,6.931031568696717,-0.20714106453741277,10.494441711769898,0.1001964807510375,0.30031776201868354,0.4909411370754242,11.682674060041387,0.7866929471492767,11.606720213122713,0.027168083377182496,1.408996617250954,-0.0189410597085952,0.6685752364988503,-0.2957518100738525,0.07595384691867381,87,37,16,73,0.6801386514949703,3.2888943760829132,0.16653423278903567,2.2239064956225305,0.16818336397409425,0.6365162688574799,0.11638127248734231,1.1722488996235232,75,12,0.035720019375547904,5.638766237686895,-0.21450124763080636,9.052096839207127,0.08692729473114011,0.28989311041118887,0.3665197789669037,10.188785789300061,0.7017043232917786,10.073318948846739,0.007720190286636351,1.3086535153577854,-0.00298228859901425,0.6346435091114846,-0.3351845443248749,0.11546684045332323,83,35,16,77,-0.10640782518399151,3.066506361203445,0.14968448417142632,1.981462140548894
LegMomentum,0.2904447496724493,3.5464499134806413,0.6785353042185305,5.479158053949751,0.25077404081821425,2.2946795059910237,0.2111857725679874,2.5012998973298988,96,13,0.15703272147397468,23.427826042419515,2.291656466730336,5.385513442187129,0.12724542617797852,0.7785180500392488,1.108835220336914,16.9170711717579,1.897698163986206,16.62276176822441,-0.07639309875667095,2.869610108478042,-0.037303447723388644,1.4530807034583346,-0.788862943649292,0.2943094035334897,98,34,20,62,0.25938252384359645,2.5067450586623354,0.3047787862730948,3.89784092386287,0.1804729923605918,1.0591246160941585,0.10944016718771306,1.0098768575125776,68,16,0.0314832490851608,4.7599197514733795,-0.12339502467455565,11.28119412322792,0.08707217127084725,0.4719621218479839,0.3945677876472473,9.900846380240825,0.6266232430934906,9.816387225418575,0.026545102614909416,1.358668010933497,0.00686337798833845,0.7882514647731396,-0.2320554554462433,0.0844591548222494,76,37,15,84,0.6447347820012189,3.156901863473678,0.13817275926046255,1.7070269439992427,0.1366042345762252,0.5483352193922677,0.10453771475702522,1.1925827074350672,88,10,0.03153419061771081,4.987100295163101,0.12293486044565594,6.526719384250878,0.06878033280372614,0.21448759432946354,0.2945681512355804,9.089268160844677,0.6351484060287476,9.024500540983723,-0.0077918965369462995,1.2508799345382122,-0.00017546117305755003,0.5271234236814515,-0.3405802547931671,0.06476761986095424,80,32,16,80,-0.5054011714197071,2.6421051532113196,0.1406119795371656,1.8499728875128898
LegMomentum,0.2573291675094801,3.4237406443525806,0.6126271037757395,5.32424238698732,0.18715716898441304,1.5409840940532709,0.1814310864312574,2.633107491985013,75,11,0.13208433584853677,20.99267603482266,3.3809845303632047,3.603259705060456,0.096249371767044,0.563879111361518,1.1029949188232422,15.962362962871419,1.8400583863258362,15.82849200669948,-0.0019844938069581985,2.5793420688874216,-0.0124668776988983,1.019724517833725,-0.737063467502594,0.1338709561719379,85,39,16,75,0.49088317285870253,2.1672315213199913,0.2882151043133938,3.786775742830597,0.18354070931673047,0.771581915074815,0.11593704563681966,1.1107446930228795,77,10,0.03879635003140451,5.870497846860384,0.8823519836059162,8.699113017974701,0.0915376991033553,0.38659453604069827,0.5004439353942871,9.901152435833692,0.8134360313415527,9.781948356330979,0.03203576682135463,1.6037565794354671,0.02349944412708275,1.0428028149139958,-0.3129920959472656,0.1192040795027128,71,36,17,89,0.7708130992100067,2.8920074256418857,0.15286423758806122,1.816167029977649,0.10727480798959722,0.7221434156299091,0.08287081345915792,0.9837864105841473,78,11,0.022875803331464946,3.570236882874068,1.7017932087224006,4.282637622701536,0.05656133592128755,0.3178062709946509,0.3468151092529297,6.573397898050392,0.6873953640460968,6.547847824359533,0.01553112268447875,1.141143738664432,0.01431371271610255,0.5635890123126406,-0.3405802547931671,0.02555007369085959,68,33,18,92,-0.3392791254126803,2.287987289516859,0.11893092466040478,1.505997294347181
LegMomentum,0.3310478118071368,3.9151016510580536,0.7996940095722673,6.144281312703658,0.26151810586452473,1.628826918533297,0.2350839713867753,3.0693497655267032,82,11,0.18499763927694102,28.723692888748783,1.208363943749247,3.537721184446208,0.13334003090858454,0.569708299818674,1.1029949188232422,17.035161362616634,1.7559941411018372,16.812213344508972,0.05114985145628452,3.062478371608748,0.054924666881561196,1.2103696781231745,-0.652999222278595,0.2229480181076609,71,35,14,89,0.49425677522581757,2.1772815408685036,0.337220928264335,4.3982859288792735,0.23294931650161732,0.9740660522075801,0.13874700779211704,1.3867150047134498,71,12,0.05491044170126177,7.8082345137423985,-0.23331514330812242,9.82991264694767,0.1140815168619155,0.4854931628447381,0.5004439353942871,12.599747194838558,0.8134360313415527,12.420690963678258,0.05849571460857987,1.6482899243721645,0.042485266923904405,0.9250985289017601,-0.3129920959472656,0.17905623116030056,60,37,15,100,0.461259223990915,3.0027489310802613,0.1763281030786525,2.2564075072902066,0.17119350284337986,0.7125912663102916,0.11666255177697164,1.2268597101737448,79,8,0.03963537552323598,6.089414660693924,0.514163013013083,5.9394179720368925,0.0858014971017837,0.3132597256294368,0.4723766148090362,9.240677448055138,0.8653228282928467,9.077582508489725,0.02653301786631345,1.4335130167227452,0.0168404877185821,0.7527993595112472,-0.3929462134838104,0.16309493956541385,68,34,16,92,-0.0005545211466249673,2.6414224985896926,0.15562609169910424,2.008595303086308
LegMomentum,0.35519700524881503,3.9923089340529483,0.8459800175018607,6.259583509937545,0.35100321471691126,2.227920640222403,0.26603284020908174,2.966731457317565,77,12,0.21426319472389876,34.03968277304909,0.963685056614501,7.579989123279551,0.1791413426399231,1.1744260179175505,1.2168785333633425,22.168693121656656,1.9229733943939211,22.065577331238607,-0.01800291016697884,3.169592367162876,-0.027421802282333298,1.7004460638000602,-0.7060948610305786,0.10311579041804914,84,30,18,76,0.5717106428413452,2.8701182279676156,0.36664776430814,4.898302460962564,0.18188266083598126,1.0639247101160945,0.1282037054635293,1.2321091864496205,59,14,0.04632757077149513,6.880718277585304,0.32429363732830385,10.58158638959498,0.08228292316198345,0.4298131362959884,0.5896222591400146,11.049566558299443,0.8984934091567993,10.907614788000917,0.0398811372811906,1.6251683725040003,0.00546581670641895,0.9260357847194963,-0.3088711500167846,0.14195177029852626,75,39,18,85,0.7277130959332249,3.1919860081797378,0.1659407384446796,2.0590157936737645,0.17244070023298258,0.6349865474077979,0.13804398941574617,1.4890892294741584,75,9,0.053890270441735215,8.514148071781198,0.07690391821372033,8.405076172048531,0.08682721853256226,0.3097861570686624,0.4723766148090362,12.687038680290657,0.8724440038204192,12.618191822837547,-0.010747713036835188,1.4648227702706693,-0.0176991373300552,0.6307461656336588,-0.400067389011383,0.06884685745311042,90,35,15,70,0.15171461890645208,2.997280508511423,0.18378523339936817,2.523577287003067
LegMomentum,0.3398968340354444,4.445927974985028,0.8018107149191199,6.781720474206796,0.3040333241224288,2.956553581468034,0.24235972478054463,3.1145932889040724,78,14,0.2167478803230743,33.40333431645281,2.5436548196993103,4.532238848803693,0.1512184739112854,0.8245592965560704,1.2168785333633425,20.016260211781656,1.979754686355591,19.666420684177744,-0.058594921603798866,3.6738288678387256,-0.06307110190391535,1.736868266969904,-0.7628761529922485,0.34983952760391335,100,30,18,60,0.9869263521572778,2.240354704230101,0.36450577945972024,4.46164944457626,0.15672738105058664,1.1137375720268752,0.12104654347043833,1.103130483568496,63,14,0.04640071310144331,6.194855339721744,0.5686501401993791,15.472901776344298,0.07244825176894659,0.49338371882620047,0.5896222591400146,11.970615770601773,0.8984934091567993,11.85904402711945,0.06516053116647527,1.5914607854334182,0.028938204050064052,1.0143576827428182,-0.3088711500167846,0.11157174348232228,65,40,16,95,0.8111196465458039,3.617696833942471,0.15782978130145553,1.9136634782921982,0.17301180958747855,0.7966512701336905,0.13198565693339329,1.4687062398059378,79,9,0.05165793971223581,8.181859392092438,0.32828777187162217,8.307542674345788,0.0831147879362106,0.28399867126646683,0.4603601098060608,12.206413934229706,0.888552188873291,12.118606003592884,-0.005003287084400653,1.5164308209346524,-0.009161964058876,0.6336193380960727,-0.4281920790672302,0.08780793063682162,85,36,15,75,-0.025841526483580905,2.9508589352299297,0.18017791190407234,2.425344708987136
LegMomentum,0.29816340557725407,3.965380798165498,0.7077399626374243,6.19871641811096,0.24906064569950093,2.200986657454431,0.21250466838479037,2.7734243803696863,88,13,0.16256646459490207,25.2344257726186,3.1263954501317217,4.033449142320774,0.1203769445419311,0.8738879520605891,1.163074970245361,17.21255943225649,1.968728721141815,17.06216225237691,-0.04395551830530167,2.996742354184241,-0.01356765627861015,1.3120047090052247,-0.8056537508964539,0.15039717987957993,86,34,19,74,0.5468577998593237,2.197698883681164,0.31669989013242156,4.031620150170015,0.17598415911197657,1.1432872882328553,0.11484983471222218,1.1074107382377982,72,16,0.0392433947733816,5.5580408749519385,0.47095884138753785,10.188993003648367,0.0894404202699661,0.5257746160708435,0.5005967617034912,10.221102531059667,0.8900496661663055,10.13171563267527,0.04840252557769418,1.577896618292239,0.0324131846427917,1.0585631856651299,-0.3894529044628143,0.0893868983843967,62,38,15,98,0.4111027048927677,2.9087437111109447,0.14941165034538803,1.7516515455232116,0.15446550399065012,0.8387231394288652,0.11314053290057924,1.3070644869613182,89,11,0.04180228202115115,6.572379776384471,1.7676426071997868,5.6255365737711145,0.07647095620632166,0.3553452753424801,0.4603601098060608,9.628234055161489,1.0265564322471619,9.543077320317524,-0.0034608159214258223,1.6240774456344806,0.0040197670459747,0.9349031301269084,-0.5661963224411011,0.08515673484396519,77,34,16,83,-0.6149541409490518,2.4579082290546683,0.1621070351159707,1.9836209887389906
LegMomentum,0.2758415056530183,3.9226654458658112,0.6628898040950297,6.118701006591429,0.2105237841606139,3.0416403889995918,0.1899031883198768,2.6848097049425035,87,14,0.14480437083317696,22.719130350197947,3.718645117351799,2.7796473304360827,0.095607191324234,0.6974503613918659,1.1593232154846191,14.811882870973427,1.964976966381073,14.635828734564042,0.013284174352884287,3.0433185023044462,0.0350216925144195,1.4082120989513314,-0.8056537508964539,0.17605413640938603,69,39,17,91,0.6289954616688208,1.9366408100471355,0.3014869021759412,3.6684251176396345,0.21262353658676142,1.2623378489971615,0.12573335622786544,1.1126263112836952,79,18,0.042193989529377036,6.154150776032421,0.1407583090925133,13.265219617000472,0.10784395039081571,0.6033881101207886,0.4501872062683105,11.324592254566964,0.8396401107311248,11.252283485643975,0.04456537617370485,1.660233473128238,0.03890042006969445,1.2062560279659027,-0.3894529044628143,0.07230876892298892,65,34,17,95,0.31694261149273084,3.2629106083948862,0.15664781056826416,1.8433056151210976,0.10369085520505898,1.039804510416833,0.09088236540555951,1.1908126424769245,80,12,0.03167139715212934,4.902374791663986,3.957542139885173,2.790002788297592,0.05438821017742155,0.5362845405193438,0.4336570203304291,7.369896744499933,0.9998533427715302,7.283095734952029,0.019902554526925076,1.4151490311587451,0.0203232020139694,0.862294128734137,-0.5661963224411011,0.08680100954790347,59,42,17,101,-0.9259176677246558,1.9454105188701398,0.13971583575471178,1.7028587760805216
LegMomentum,0.33104115903856257,4.286233959422558,0.7949021594226358,6.691394906899324,0.2241849303245544,2.848563365464843,0.23354157928377378,3.0740826020175986,88,15,0.19718256130325781,31.22443819944874,2.0232359227819545,4.171758189143181,0.11901471018791196,0.7840872866139761,1.1593232154846191,19.057516521894538,2.143663704395294,19.010099859309246,0.010539150610566131,3.317369933348981,0.0357615947723388,1.4415226003397263,-0.984340488910675,0.04741666258529267,70,35,15,90,0.1859592356138922,2.233481116185519,0.3519977517351641,4.496609269745473,0.2316212356090545,0.9425959215048273,0.13734458874794653,1.3507039501270404,67,11,0.056365178013837544,7.668675581486566,0.29218051886775687,8.114686040628797,0.11765126883983601,0.5002823457189698,0.5918950438499451,11.496397263140144,1.0159149467945099,11.319929776337357,0.0679319749586284,1.7032402316805386,0.0502242594957351,1.103481353175261,-0.4240199029445648,0.17646748680278715,63,36,15,97,0.4705669643850052,2.820623244692657,0.17551643987396578,2.1834945144587357,0.14616623520851124,0.9863743719017661,0.11756065365625543,1.3186861654236648,77,12,0.045270638232849,6.973890465464576,1.2289203501269226,5.793874032478245,0.07300101220607749,0.4833289706644529,0.4336570203304291,9.100066148265594,0.9469158351421356,8.918829408290323,0.024737757630646222,1.6707847418698036,0.02346491813659665,1.0275190089057902,-0.5132588148117065,0.1812367399752707,66,42,16,94,-0.5038117807100398,2.5305309682471226,0.16690204936112657,2.0450840598370594
LegMomentum,0.33722051334669045,3.996429531989566,0.8123262400925158,6.338603955136901,0.25960485637187947,1.5855529052990704,0.24044719656929373,2.9693892490385654,74,11,0.19082607630159287,30.006821626511087,0.9237280349036041,8.25367384416491,0.14807716012001032,0.48801709151175277,0.9278782606124878,24.434161432227725,1.9122187495231628,24.38112178236087,-0.034533547610044485,2.851515513335159,-0.0441387593746185,1.0442766040631466,-0.984340488910675,0.05303964986685542,90,32,16,70,0.048996958450950166,2.8433167298418596,0.3446974526517627,4.677144524570521,0.18855619430541987,0.946339456351209,0.12779666000977158,1.2551090964340512,68,11,0.048960929507163194,7.189962761912113,0.8388760432422409,8.355437666714757,0.09949670732021335,0.49982806879071073,0.5918950438499451,10.973731530499139,1.0159149467945099,10.790252928632325,0.04226317517459392,1.7187923483563068,0.02898222208023065,1.1114974062246392,-0.4240199029445648,0.18347860186681278,71,41,16,89,0.7309513284415788,2.860727732728715,0.17028102548106056,2.058085427076321,0.18492928892374028,1.3728403907898028,0.13464628680725577,1.529113088574904,79,13,0.05150412937839716,8.177374716510844,0.08049460788435514,6.427673381957408,0.09910377860069264,0.4460805694689821,0.3447943329811096,11.583747294703295,0.8580531477928162,11.485766493335902,-0.004771747346967456,1.7682960934454344,-0.00892759859561915,0.9481621025791077,-0.5132588148117065,0.09798080136739268,83,36,14,77,-0.22743666227504014,2.5051525638808907,0.1799155952735795,2.247332561597517
LegMomentum,0.26679358108864754,3.5028942889347876,0.6406862271577118,5.498952172601783,0.18220527470111839,1.5012765614700485,0.18697548243217169,2.453602590241683,86,11,0.13173341129041705,19.81674480489393,1.9145338139262584,5.243970172447202,0.0933045744895934,0.5027655615364568,0.9278782606124878,16.404554965732384,1.5901803970336914,16.252329055250073,-0.06240052916109562,2.5562050717906897,-0.0483334064483642,1.1170597877597164,-0.6623021364212036,0.1522259104823113,95,37,18,65,0.251853356275961,2.4286179782777095,0.28094997162824714,3.6445247201583757,0.15514185279607762,0.6306514943962233,0.10028382176940794,0.9226182178065925,77,11,0.028520100840012833,4.299279270920037,1.3838922123338495,10.802151781880674,0.0754249170422553,0.3179097591940123,0.4736600220203399,8.971400835437374,0.7386225461959839,8.83335262605994,0.02385021136142313,1.3579096191344915,0.014040932059288,0.9189855073951696,-0.2649625241756439,0.1380482093774341,74,40,17,86,0.8608976634741465,3.1526286951689966,0.13177541574298843,1.5669590732313528,0.1320438906550407,1.1717035044715074,0.10933345234370787,1.2527138152441915,95,13,0.03784114080380847,5.87098251979755,1.1875873705068853,6.975808461996985,0.06749786436557764,0.4659536269906832,0.3447943329811096,9.824859584339093,0.8943020701408386,9.783975083804101,-0.024360854644328356,1.5848374816766022,-0.0009143054485320884,0.9371378981984191,-0.549507737159729,0.04088450053499092,80,36,19,80,-0.4754335424212405,2.4759883222044237,0.15232293323168744,1.8328318734871774
LegMomentum,0.23971928495462622,3.0584978321495195,0.5711396191269158,4.827724216894033,0.18264107406139363,0.940634106800877,0.1595509267970919,2.167329214182864,87,10,0.09785157875198344,15.587234515546031,2.738537804571002,5.48733036140457,0.0883989036083221,0.35515939404596975,0.7944157719612122,15.282885603165441,1.441120207309723,15.190309476075916,-0.0009547382593154907,2.1025127074995957,0.0174680948257446,0.7666029090491508,-0.6467044353485107,0.09257612708952509,73,39,15,87,0.0710730154558777,2.519896397518305,0.2480744972199159,3.341657497462711,0.16690032742917524,0.8131420164627127,0.10415325774112712,0.9811218862435476,84,13,0.03226971272719603,4.566152216228743,0.5115871974014841,11.460000286397417,0.08176834881305695,0.38287853379868275,0.4298713505268097,9.547376931136036,0.8057126998901367,9.519929319284095,0.04497844181023537,1.3629552127638649,0.04729333519935605,0.8882477531656208,-0.375841349363327,0.02744761185194078,62,38,13,98,0.21713080713017527,3.188142769259673,0.13512820924089036,1.6457537191902532,0.10408301651477808,0.9577735721740653,0.08716374659910794,1.11342829034019,84,13,0.028747557807074095,4.545511383544625,3.401816006377765,3.712654439546413,0.04672411084175105,0.36262910169033713,0.3882956206798553,6.58228956990343,0.9378033578395844,6.43685967264247,0.00791463516652583,1.362256296630572,0.011206299066543551,0.7252733097987087,-0.549507737159729,0.14542989726096006,69,38,15,91,-0.8552409758768073,2.1804763108596816,0.13422812527445185,1.6400515741387478
LegMomentum,0.3022227783196573,3.9213123716906613,0.7248049757257102,6.143323636251338,0.20753416419029225,2.2554125483011944,0.20701093015726652,2.7109727428597274,83,13,0.15454249323827998,24.216249204712778,1.604039805522019,4.290796919807823,0.10785606503486629,0.7754903792652602,1.034312725067139,17.25830000631732,1.7341017723083498,17.187744149173664,0.03479185365140437,2.899838643861907,0.0446502268314361,1.2929794801129852,-0.6997890472412109,0.07055585714365778,69,33,16,91,0.42213921462893744,2.2498227475658505,0.3098038904034392,3.9758250771730292,0.20078882575035095,1.3289989729470562,0.12815788705309386,1.1618692511666566,74,16,0.04905291655365012,6.7438602799847835,0.25419749108924794,12.246059510218313,0.1062808334827422,0.5234837878344588,0.5558884143829346,11.753259123462385,0.9482751786708832,11.629989921691335,0.0605677680345252,1.628471732192202,0.051763117313384954,0.9881074438164015,-0.3923867642879486,0.12326920177105008,58,39,16,102,0.33529683932478804,3.3489318857273425,0.16480098406419041,2.022854442968083,0.1364593803882598,1.1324228494462876,0.10769381907768545,1.2137923757517737,73,15,0.038580067507796786,5.909469703904318,1.2044634932475118,3.9661513399006223,0.06334026157855985,0.3644141424836178,0.4567092359066009,7.8958346944915965,0.8984688222408295,7.69062745296854,0.027841403335332852,1.615013260197229,0.01915006339550015,0.8332900498534628,-0.4417595863342285,0.2052072415230564,64,40,18,96,-0.22473333967035106,2.22469151516218,0.15324547152718654,1.8169209870799103
LegMomentum,0.32462258064724636,3.8291409047296328,0.7767757172882555,6.069868293380881,0.2656654268503188,1.7132440185758058,0.2339995346032083,2.7865763218311868,83,11,0.17501139864738285,27.75318184584551,0.8069454765270319,10.096346601247008,0.13348263502120966,0.6692912890890738,1.034312725067139,24.729509019127327,1.7341017723083498,24.598529183702247,-0.024018801748752594,2.7412220001439658,-0.01273113489151,1.090756669488187,-0.6997890472412109,0.13097983542508032,86,31,14,74,0.34106435792503287,3.051773728266041,0.3308920230002544,4.498764696199639,0.17124327272176731,1.140299965771976,0.11600694311346157,1.1678649497285516,65,15,0.041598794001592804,5.965114202015961,1.3319184155286434,10.564564197283394,0.08431758917868129,0.504378335867844,0.5558884143829346,10.462489386040653,0.9482751786708832,10.345898427350738,0.04375817661639302,1.6030256506613239,0.0197369400411844,1.018698514253734,-0.3923867642879486,0.11659095868991574,66,38,16,94,0.8616684196472076,3.0401206573642336,0.15567897376704828,1.8426673507005542,0.174730896949768,0.8801506270379835,0.13755464838817716,1.4962655783313614,91,10,0.0551353920171075,8.749184239805375,0.24655411847194575,9.152397517611526,0.08861723542213429,0.4468252668805852,0.4567092359066009,13.203649632475758,0.9206578433513641,13.139082378980818,-0.009159599244594582,1.7256206425755913,0.0039516985416412,0.915458511937499,-0.4639486074447632,0.0645672534949391,76,31,15,84,-0.30296333645774814,2.9127234769217387,0.1859890353226425,2.4023774969230747
LegMomentum,0.25006049144394604,3.3273864628717775,0.5930179420113562,5.320863850035867,0.18556530773639673,1.5617035579732113,0.17600966752972452,2.2434477201987097,97,12,0.110254477445547,17.04494155478047,1.2663459300823892,5.109474387325529,0.09383592009544361,0.4468520424341011,0.6997931599617004,15.595741755530364,1.4221487641334534,15.30334349755058,-0.040401221439242366,2.381368362587159,-0.00539529323577875,0.9828232159027039,-0.7223556041717529,0.2923982579797829,86,33,17,74,-0.3991687467608109,2.409654832940366,0.26019207169563624,3.3725400333353233,0.13162111118435849,0.6131901862419609,0.08482232677517455,0.7358231956027578,72,14,0.022985242228844512,3.3660694782764016,3.3515666060980536,16.301212455024416,0.06354949623346325,0.3007286986939919,0.5401628017425537,8.519725035443704,0.7793392688035964,8.294295037937653,0.027354711596854025,1.2775466844412882,0.02133502066135405,0.903446069061427,-0.2391764670610427,0.22542999750605125,68,38,15,92,1.1088970440585375,3.703933883305839,0.11706041506988107,1.3167930541089106,0.13313430547714233,0.7974748237349949,0.11462103440891949,1.3547149098251874,94,12,0.0440764792404377,6.767324693965884,1.0505106897727305,6.542143901693272,0.06501002609729756,0.34170797178062084,0.354691207408905,10.462695296779803,0.8186398148536682,10.368319297765408,-0.026701486296951772,1.6619488030074203,-0.00340653955936425,0.8438900010600934,-0.4639486074447632,0.09437599901439343,84,34,15,76,-0.7306869388564478,2.522148027281951,0.1643277294661621,2.0013122870127202
LegMomentum,0.2647226948066318,3.5083372628380802,0.6290293587371705,5.619451179008102,0.1654526889324187,0.9305777451818323,0.1660915888333693,2.4616974665218105,89,9,0.12248010876387536,19.479038607808945,3.5327995965095065,4.236671693104762,0.080374002456665,0.47645494627909357,1.0558714866638184,14.873195896565589,1.7782270908355713,14.800619338985486,0.008968747779726977,2.4220837025495388,0.0173059999942779,1.0745806751986828,-0.7223556041717529,0.07257655758010279,68,35,16,92,0.13129359105954846,2.3453611814712847,0.2773996586280873,3.6895188230517078,0.18115454167127595,1.186653193564216,0.11708972058986544,1.0935409049104161,75,14,0.042857259344113136,6.037299639572431,1.7399081285257196,12.49167695985255,0.08953387290239335,0.4001934109497189,0.6725987195968628,10.987333492485844,0.9876861572265625,10.941489519643453,0.05084286753553896,1.6535191212573574,0.043939806520938846,1.1204342131694252,-0.3150874376296997,0.04584397284239093,62,38,15,98,0.7744946764542223,3.2572623309913533,0.15605446528916964,1.8174636599417138,0.11013181507587427,0.9165893065559091,0.10278644538018848,1.3084260827471268,82,9,0.03938419386523709,6.229824925340296,2.392109592149769,4.008817828048022,0.057174280285835204,0.3348297132719801,0.4988837242126465,8.880534519838493,0.956024706363678,8.779481643042395,0.008985059522092336,1.5438483552012061,0.013536304235458301,0.7853937301367026,-0.4571409821510315,0.10105287679609891,71,42,14,89,-0.21364797890882123,2.2385786728774453,0.15712636382851208,1.9612131912372062
LegMomentum,0.34384857595240037,4.238449104220675,0.8223598595708607,6.719466058482119,0.2217149138450622,2.0920795143825313,0.23257308288011697,2.8374314999453554,85,13,0.18661377504765153,29.568832937488565,1.0357197510786458,5.288324288585656,0.10724762082099905,0.8454878552245702,1.0558714866638184,20.286990024019556,1.830611765384674,20.15277943951736,0.015452560409903518,3.1479672408480797,0.03466263413429255,1.63025727217997,-0.7747402787208557,0.13421058450219522,66,33,16,94,0.18458603109892335,2.472914085397915,0.3422380322576421,4.433862333004476,0.25716542825102795,1.334944606965465,0.14590577190450854,1.3110765620205738,77,14,0.06231041447990194,8.202731457573881,0.051335208557764744,12.07482246844594,0.12828087061643595,0.47027094627223637,0.6725987195968628,13.042383905034535,0.9876861572265625,13.020768988532485,0.07804361996240913,1.7827621209797018,0.06252400577068325,1.0530384503350647,-0.3150874376296997,0.021614916502051135,58,36,14,102,0.40955683671349863,3.318802617876638,0.18182361328434585,2.2415375699670603,0.14382646977901448,1.2982929691362264,0.12378640936221923,1.458803869352197,85,14,0.05123449954647596,8.00522902446927,1.3018445246735215,5.209249570559351,0.07412798702716825,0.4852260810724137,0.4988837242126465,10.177007948851534,1.0008720755577087,10.055519662216577,0.012665620818734163,1.7887366966543374,0.01749125123023985,1.0456691108965481,-0.5019883513450623,0.12148828663495709,70,38,16,90,-0.37318800816498576,2.3891911275610718,0.1790573338932379,2.1921792934227335
LegMomentum,0.3466908612722489,3.8819264924934758,0.8279310154169796,6.120333190960303,0.31093348562717427,1.166747436825296,0.24841294204816222,2.910111269333633,84,11,0.19047643957079477,29.895367340230763,0.44766198227930154,10.618109062884297,0.1394468545913696,0.49161003021673927,0.896669864654541,25.850241453500804,1.6714101433753967,25.694712155798566,-0.04134315811097622,2.857704883210793,-0.0360671579837799,1.106367648564586,-0.7747402787208557,0.15552929770223867,92,32,15,68,0.32004732435677186,3.1319151539110788,0.34362260709948067,4.661425762650731,0.21020692586898793,1.0302267060561703,0.1305393753875978,1.2081609361217422,68,13,0.04946340488682703,6.717765830016219,-0.20079603224963005,11.299949449870251,0.10209585726261135,0.4670833695217833,0.4783068895339966,11.38590738763588,0.7480014562606812,11.314583060474684,0.06213094159029424,1.600761797320048,0.037486165761947604,0.9461227436646309,-0.2696945667266845,0.07132432716119688,61,37,14,99,0.4868756552929357,3.2358123668337986,0.16499856801778565,2.0384620423880615,0.1848018616437911,1.2127960092106878,0.13366381161846214,1.4487387361860737,87,14,0.05197275746550317,8.18533886708761,0.2990516142369284,9.667812448406268,0.09245932102203365,0.49547443981050593,0.3557545244693756,12.80113650003524,0.8577428758144379,12.757933515193594,-0.0169077567756176,1.661866510429462,-0.0067019611597061,0.8743951562271454,-0.5019883513450623,0.04320298484164528,85,33,15,75,-0.5311733658938904,3.00258931811721,0.1799988851866415,2.328849194044263
LegMomentum,0.28686263856310734,3.5411995252595143,0.6801567103713748,5.5482025979939,0.198551446199417,1.5099647869806225,0.20408024775329975,2.7293037596441536,101,11,0.15579401328039158,23.334417333371356,1.723990613666567,6.2559155785873415,0.0979436933994293,0.4366629284754351,0.896669864654541,19.168404495745857,1.8060511350631714,18.903996701259175,-0.07481641806662083,2.6589206904872675,-0.035251498222351046,0.9264196720200197,-0.9093812704086304,0.26440779448668383,97,34,15,63,-0.20569853150536968,2.5642500557683805,0.3038929998517876,4.032934179362473,0.16785818338394154,0.9289347016957457,0.10483065479842477,1.0206697667934843,79,13,0.03127212860452163,4.62454373311008,0.9733542631051741,9.809624708617996,0.08535742759704584,0.4843311621656835,0.4729377031326294,9.412061702473526,0.742632269859314,9.315110036599647,0.033497940329834816,1.3611727378061567,0.0245265513658523,0.8014041957807334,-0.2696945667266845,0.09695166587387942,69,39,15,91,0.675754183721742,2.9590138105007484,0.1361573945736759,1.6648581053541378,0.14923723787069312,0.8263342312576252,0.11797655051341276,1.3406636445156972,95,10,0.04144714268263236,6.438115695919405,0.44157063240307926,6.233368313818053,0.073584035038948,0.3116881488823625,0.3557545244693756,10.182033634747981,0.7646268904209137,10.061194953529439,-0.022220833785831933,1.5281091697004752,-0.0005357265472412,0.7573260105544204,-0.4088723659515381,0.12083868121854262,80,34,16,80,-0.5691989961563785,2.5393823313786426,0.15990783107072506,2.0255858563380444
LegMomentum,0.25512297499784004,3.527996086959693,0.6027461197972296,5.514647107560132,0.1622024029493331,1.0256015917700991,0.16876643836032595,2.375809808538471,91,8,0.12542435903510035,19.96173702635922,3.868544249950145,4.404698369015571,0.08091425895690904,0.5974084431735477,1.0101542472839355,15.829358999735874,1.919535517692566,15.687565724435935,0.003904707357287407,2.5918517755968202,0.0318876206874847,1.2707607375215302,-0.9093812704086304,0.14179327529993957,67,36,16,93,-0.38779916050281027,2.3575157809946847,0.2808342964190343,3.639236375902894,0.17261960357427597,0.8965891084945302,0.10970544660231096,1.1231834846709037,75,12,0.036713565376931975,5.377995445785594,2.5959192128549367,9.57023471157814,0.08897495269775389,0.4397403727340194,0.5892432928085327,10.278670492563544,0.987472265958786,10.104973940476599,0.033903699181973924,1.4449657850915438,0.0211861431598663,0.9037012312827141,-0.3982289731502533,0.1736965520869445,68,40,18,92,0.8841798709418753,2.8941636907820922,0.14809997487626522,1.8138548248689508,0.11146907508373252,0.854009981195966,0.09460968444123859,1.1560883476214938,88,11,0.03282336662641349,5.1234302343063,2.545674542424516,3.855668343709688,0.05221404135227199,0.4342586069729442,0.4975076913833618,7.511489263426051,0.9063800573348999,7.469232989159094,0.013633056171238417,1.4778295468717682,0.023352518677711452,0.9476771960681347,-0.4088723659515381,0.04225627426695686,65,36,14,95,-0.29644090354240166,2.1583836750838095,0.14302656276472603,1.7144824480580383
LegMomentum,0.3252470962776085,4.239964674961925,0.7707405187189578,6.610325216567826,0.22138184309005732,1.2593808955891095,0.21374654866289342,2.593089728795552,91,10,0.16726209372409623,25.981081772509793,1.7431165550398378,5.250958690273444,0.1113388538360595,0.8253102584169723,1.103562355041504,17.256089248605246,1.848300814628601,17.220367445559166,0.04622846953570842,3.223594718086945,0.06478959321975705,2.0018120610566523,-0.7447384595870972,0.03572180304608052,63,36,16,97,0.2722057179982878,2.4666775557243628,0.321007434905878,3.9483564765648684,0.20773952454328526,0.9182206729711225,0.14051579955266785,1.2069283462474483,77,11,0.05598905649360402,7.98153565273377,0.5364112704814215,13.333212638031988,0.1107055246829987,0.4742478723804944,0.5892432928085327,13.184351327455689,1.0001145005226135,13.045853832316308,0.048894095234572874,1.7808457558205288,0.028422623872756902,1.2462832070143879,-0.4108712077140808,0.13849749513938167,64,40,16,96,0.4258692322478519,3.4732809193703766,0.1811286148130538,2.1931994999793747,0.14426880329847322,1.3404064661816704,0.11130444835871453,1.2417322504296908,80,15,0.04245433440270023,6.2562275205337805,1.3416059988330664,7.026555772258881,0.07313655316829676,0.5524448391421917,0.4975076913833618,9.239279995227626,0.9048445820808411,9.07531265350717,0.04002780970185994,1.6058847426603529,0.0396712571382522,0.9649280684966168,-0.4073368906974792,0.16396734172045652,55,34,18,105,-0.1571903195903517,2.6574420994234114,0.15839361353035783,1.9176448351622544
LegMomentum,0.34888776824690365,3.7907922052831156,0.8218809383362531,5.975937366120927,0.34706948697566975,1.2358500598411766,0.26107831075787535,2.7444239176959924,80,10,0.19297592902551905,30.60379316460138,0.48074309376910795,9.301965505788935,0.1719017326831817,0.5922595945469646,1.103562355041504,22.900885700065043,1.848300814628601,22.711868746319354,-0.019201840460300445,2.917538327450251,-0.01798644661903375,1.293610566237167,-0.7447384595870972,0.18901695374569036,85,37,17,75,0.20246635006194277,3.139885103206448,0.34784691921726496,4.700187578433458,0.20912361890077577,0.9970714824766773,0.1292395564267644,1.1498506367776562,67,13,0.04445384228575909,6.700817190631886,0.13491188615431549,13.459477222662798,0.09665155410766595,0.4745681158617434,0.4453658163547516,12.112784013046461,0.8562370240688324,11.920246180671125,0.02599195563234389,1.6003636037672024,-0.0006825178861617999,1.0574971204317074,-0.4108712077140808,0.19253783237533711,80,41,16,80,0.5713458930811155,3.5019734585738522,0.16516222532778446,2.0346138519063364,0.1548517197370528,0.43274577436667805,0.12451448446139687,1.3183231989985649,92,8,0.04595423343809497,7.28168992770639,0.2351419896768867,8.25247831511076,0.08053053915500635,0.20903427110914452,0.4300438165664673,10.899774972884375,0.8373807072639465,10.797991865730442,0.00111239366233348,1.4580354349034752,0.01361070573329925,0.7359805923390653,-0.4073368906974792,0.10178310715393321,68,33,17,92,-0.2658717738577729,3.0218838669921735,0.17000231882739478,2.2706436528597402
LegMomentum,0.3221228587420336,3.393367808443342,0.7616990005224942,5.344101795053066,0.3237989246845245,1.5336450755293591,0.22294639045838266,2.548584158810874,87,11,0.15712753124329448,24.183032724507807,0.32401448010470846,7.088035314027984,0.16832509636878956,0.5785142103777079,0.7520290017127991,19.724451255271756,1.5436552166938782,19.643663547738843,-0.055051977559924116,2.4475462677551048,-0.051286876201629555,0.877216042194934,-0.7916262149810791,0.08078770753291198,101,35,16,59,-0.06965697174519157,2.8358768299745503,0.3094714289350392,4.265272557727801,0.20661230012774462,0.805630608934102,0.11735282386653126,1.0428950022388068,72,11,0.04078943909301966,5.509333215385945,-0.06066016943522046,15.248639677669868,0.09923671185970304,0.3619290881979118,0.4558333158493042,11.334285448297127,0.6809333264827728,11.141837269392385,0.059143171180039644,1.4859183881451625,0.0365091115236282,0.8630964678836218,-0.2251000106334686,0.19244817890474236,62,39,17,98,0.6041904926432905,3.6203491008934057,0.14877439671493428,1.8169699389802871,0.1551667228341102,0.7034843446840018,0.12513452657498417,1.3185312419014743,86,8,0.04691398183342042,7.450115727304877,0.3700251221604369,10.22234022764872,0.08145220577716825,0.35011141377196103,0.3730020821094513,12.387155168298372,0.8792107403278351,12.30863433256949,-0.0023523073643445954,1.4106371391527994,0.0051108747720718,0.7145198072038761,-0.5062086582183838,0.07852083572888201,75,34,17,85,-0.33340207103565095,3.238263973726909,0.17175587559369665,2.336711062358306
LegMomentum,0.29726806544425977,3.420614250313818,0.6988105928897856,5.3548915564644055,0.2809144854545592,1.2513107141012878,0.21228619431145485,2.6239044780674625,98,8,0.14567767974161858,22.08625505379627,0.7327036874545261,4.664984750358845,0.14177489280700678,0.5556777331095408,0.5823796987533569,16.963769378638144,1.4496425986289978,16.778248115255963,-0.0663230199366808,2.528995854513887,-0.0366447269916534,1.0727617414033805,-0.8672628998756409,0.1855212633821802,91,34,16,69,-0.7174018718736834,2.4016497082888226,0.29528761268255693,3.961115375957615,0.17276035249233238,0.7856857058430595,0.09877196197630836,0.9362239277644022,85,14,0.032562718858473436,4.036563506564416,0.34235161339590814,12.038546056386506,0.0838232263922692,0.42010118884052994,0.4558333158493042,9.160645665325214,0.677830696105957,9.117139307828694,0.06445015650242567,1.2913872689219794,0.06759589910507194,0.8344210191610617,-0.2219973802566528,0.04350635749651959,49,38,16,111,0.2732480617279033,3.199994306869366,0.1276704744691528,1.539117418597635,0.1438302993774413,0.606212970481622,0.11382610267959532,1.3732116026097347,92,11,0.043141041905547045,6.829409497505235,1.599722961212847,5.824768623898116,0.07306197285652155,0.24717870905380732,0.3730020821094513,9.429520061300252,0.9023338854312897,9.323373070915558,-0.01213223058730364,1.5345084330285383,0.00355581939220425,0.7060499086744438,-0.5293318033218384,0.10614699038469454,77,33,16,83,-0.8415829664051585,2.553079626258254,0.1642699425016725,2.115347103070684
LegMomentum,0.2563789881562914,3.203011721574658,0.6018597733974455,5.008786834574854,0.19441075623035423,1.1776723419380446,0.17348073527216906,2.1870165555786367,87,10,0.10805915821734814,17.01669272556124,2.6517156863902676,6.236108022960764,0.0948577225208282,0.5172839470511561,0.6867445707321167,16.766982644174988,1.5540074706077576,16.536930875886384,0.017066526412963863,2.38735529148254,0.045444965362548745,1.0392390089355863,-0.8672628998756409,0.23005176828860455,67,40,18,93,-0.7316850287929532,2.567951370769464,0.260131959859637,3.3641087137296193,0.14585215598344795,0.592816624597819,0.09534115980321073,0.808685604611298,89,12,0.029010998433588772,3.8128683751592494,0.3602169907126318,18.250763336858885,0.07540374994277954,0.3051046786125694,0.3567059636116028,9.556023805315679,0.6796734035015106,9.42654461578896,0.05414428082294761,1.298310203754509,0.06966243684291835,0.9407225754793151,-0.3229674398899078,0.1294791895267189,47,38,17,113,-0.23454534981984926,3.9302237544204535,0.12367647336115647,1.4585125950728624,0.10434363782405846,0.7567194341764294,0.08744374417001378,1.1724014610583304,85,9,0.030211610147310868,4.682125406943706,4.071940551761567,3.4085958975746724,0.053296834230422946,0.27268041471501725,0.3909300863742828,6.9604929835750635,0.9202618896961212,6.862826951333818,0.019522673450410356,1.3231213393378056,0.0251793563365936,0.6476937845150259,-0.5293318033218384,0.09766603224124569,63,40,13,97,-0.8936684821966923,2.142890032829542,0.13644588970919486,1.7121551706351381
LegMomentum,0.3007696076572812,3.3926230702920974,0.7160231871344147,5.3655054412569285,0.21032795310020436,1.2800133269019662,0.19896130340173837,2.472192304562229,86,11,0.13430792207640088,20.908484878434855,1.1574765015253963,5.553662702959803,0.10401618480682366,0.5101859845794842,0.9849649667739868,16.73786389079357,1.6303285360336304,16.689567090918494,0.04124836102128028,2.3694043136353415,0.054643154144287054,0.8540562071215114,-0.6453635692596436,0.04829679987507589,64,37,17,96,0.007756551055645554,2.5676894697875294,0.2876773594767769,3.9108065762654505,0.15572587773203841,0.9821269638870136,0.11622729984665055,1.0596277725718952,86,14,0.04526958948245091,5.910351658480065,0.3764113163631655,16.589686022018792,0.08558516204357136,0.4839118624526457,0.5105347633361816,11.830413060257532,0.8335022032260895,11.728986409142419,0.06870216474635524,1.568958818805902,0.0766057670116424,1.028508410095629,-0.3229674398899078,0.10142665111511413,48,36,18,112,0.2513498489803035,3.732889665269683,0.154018722984031,1.8570729343165966,0.11887726932764046,0.707145546739056,0.10344711633166295,1.1478413809269736,79,10,0.03768076675948507,5.473399682337816,0.6878206033342433,6.442658029663223,0.06111446022987365,0.360655542048895,0.403441458940506,9.299536876423986,0.7380233407020569,9.222005822200883,0.04341474007815121,1.427142308815685,0.03980341553688045,0.7815520908303085,-0.3345818817615509,0.07753105422310333,47,43,16,113,-0.16791098051922562,2.620734044442835,0.14765466959329168,1.8538242939194784
LegMomentum,0.3539261249441855,3.8696432604375666,0.8447743941284714,6.1452165510876995,0.3020845055580138,0.9595506063718693,0.2497347210953012,2.8537339665169617,79,10,0.18161654308884384,28.767348396551657,0.21503675132702993,9.269499253851318,0.16809746623039246,0.357040360333459,0.9849649667739868,23.62181584216466,1.7276382446289062,23.54923018052239,-0.02463059537112713,2.546775606645598,-0.02631783485412595,0.8266655013427741,-0.7426732778549194,0.0725856616422709,87,27,17,73,0.16076237059145043,3.0869730075639485,0.33706640176258085,4.720305329737325,0.19656733050942418,1.0400544473205104,0.1350864129720139,1.1424199488671642,78,14,0.05648497114222013,7.722697998760242,0.8558587848772956,15.358685248204448,0.09966467320919029,0.4346654517161883,0.6288089752197266,13.044685920312775,0.9323900043964386,12.7231923953564,0.06238879448501392,1.844927079402855,0.044339939951896654,1.2853136630108024,-0.303581029176712,0.3214935249563764,60,38,15,100,0.8591874051687904,3.687756814918683,0.1777872243546838,2.0782064552027295,0.18130055069923398,0.9367937362138906,0.13776834989432243,1.3931901855799356,93,10,0.056079901135369245,8.845293806889748,0.7401796373892937,9.520979304665383,0.09124316275119779,0.4501999695361968,0.4984846413135528,12.859675557080884,1.029278427362442,12.729999110696337,-0.0035863433033228006,1.7535138650392461,0.0155002474784851,0.9577453049209694,-0.5307937860488892,0.12967644638454737,68,37,17,92,-0.4827463596419343,3.088822321316887,0.18776963365272747,2.4021829514016773
LegMomentum,0.2971501581910213,3.4833829416577977,0.7111562170833348,5.588585559674738,0.20427097380161274,1.2686572289414815,0.19179511638358235,2.305311168887006,86,11,0.12728047611942728,18.770548195093358,0.9248621334656999,8.123572090546894,0.11157289147377006,0.3639635969814542,0.74933260679245,17.18137776363174,1.4920058846473694,17.171858417472023,-0.07563939318060875,2.1670818929266638,-0.06459850072860715,0.8175795595389432,-0.7426732778549194,0.009519346159715612,107,30,14,53,0.10765844026958041,2.933846319252113,0.27256799698430584,3.751573571775282,0.19173020683228967,1.0212515691229718,0.11319593518914187,0.9535886797472446,79,16,0.0404695309420752,5.602776803298031,2.4940769531090305,18.366505018524023,0.0941499173641205,0.4328854571247541,0.6288089752197266,10.932996685976,0.9306332468986511,10.532940630421344,0.04796761046163737,1.7256514989445788,0.044212132692336994,1.263539800829807,-0.3018242716789245,0.40005605555465645,61,39,17,99,1.0788149781311922,3.8610939620783222,0.15210908097022893,1.6201554578151935,0.15913664549589152,0.9569734974288435,0.12484312322922046,1.3964315754075367,86,12,0.04760500440436787,7.251151985167497,1.2840110128230506,5.252723302914356,0.08196988701820371,0.3845274236393014,0.4984846413135528,10.244487100284088,1.029278427362442,10.168442427078434,-0.030357157811522484,1.695852167803496,-0.0082033276557922,0.8629731753042151,-0.5307937860488892,0.07604467320565439,86,33,14,74,-0.5154785848271384,2.3798259880570343,0.17033173913223,2.091706817439691
LegMomentum,0.23991727847644614,3.0928555268500664,0.5758801933750508,4.868441909843215,0.19466875493526453,1.311070084308303,0.15679649380967017,2.0990999854194827,76,11,0.09145288497729818,14.51523165146575,2.441094055761436,5.35311502058317,0.09039270877838129,0.4489707520993357,0.8779929280281067,15.037509263873302,1.4557400941848755,14.908596237209842,-0.00026380904018878936,2.1642788565945796,-0.00737705826759335,0.7915632961704088,-0.5777471661567688,0.1289130266634598,84,36,18,76,0.4023771054177316,2.4197976007209276,0.23982799604853428,3.135463073034573,0.1802831869572401,1.0039409743787575,0.10554337457317158,0.9137321349752306,87,15,0.03028359464811157,4.475042820337464,0.4206676751564373,13.594335509202534,0.08969026058912274,0.4101900332066365,0.3985617160797119,9.560453429001612,0.7172952592372894,9.438012446775357,0.034182570339180526,1.4527614163795133,0.04869466274976725,1.0700685890219843,-0.3187335431575775,0.12244098222625564,64,38,16,96,0.2497315983597648,3.329304507503359,0.133680548685785,1.5377018850923136,0.13294406235218037,0.7321190342792195,0.09219706418458368,0.955674400963177,87,11,0.02473336906373258,3.873802952861256,0.6282593972804409,6.87556871568645,0.06710782647132874,0.39219811301005936,0.3277523219585418,7.890837361277319,0.6857693791389464,7.859052502796016,0.007069521024823183,1.2514016368691228,0.0140260756015777,0.7872110260357996,-0.3580170571804046,0.03178485848130331,69,34,15,91,-0.38833717063751444,2.599797303035441,0.12452022153906693,1.519143474495591
LegMomentum,0.27868902388110567,3.469574347383041,0.6670389253646133,5.4223429628094095,0.21184277534484858,1.2100200593100328,0.19081712122075253,2.300629935740586,77,12,0.12287966580917839,18.781770748492693,1.229744257704425,7.247139232967923,0.11086845397949215,0.3873718678756484,0.8779929280281067,17.100256568584236,1.5134757161140442,16.957309252042993,0.05505257323384284,2.483310784142294,0.04289487004280085,1.0757627367526748,-0.6354827880859375,0.1429473165412415,61,35,13,99,0.07491633799729043,2.7543832900987466,0.27245726512485324,3.5517514408887454,0.17440011352300633,1.0120368877480101,0.10962016141042111,0.9860612811356095,78,14,0.036110742144369185,5.16003234010317,0.4705252733228904,15.425902959652355,0.08731566183269016,0.5300733050311036,0.4526426494121551,10.6539579667191,0.7713761925697327,10.52609640090577,0.043244293332099906,1.5353055176845354,0.0400724411010742,1.150556561793419,-0.3187335431575775,0.12786156581333039,61,40,17,99,0.5643620729007043,3.531987190399074,0.14432369256609429,1.6741772031271336,0.11988657712936396,0.7832101676823667,0.10573856863658873,1.2011802319593103,78,10,0.0373697673766765,5.68888856914914,1.1516758206286504,4.956247563088559,0.06036487221717835,0.4097559111415102,0.4023187160491943,8.411095251657489,0.8430478870868682,8.323456367773613,0.029643407277762872,1.4037266609825796,0.02413091063499445,0.7804785522619705,-0.4407291710376739,0.08763888388387701,65,35,17,95,-0.21485239112894727,2.470138682820783,0.1503952796508934,1.9283257065122164
LegMomentum,0.3182022733580453,3.5178334954049864,0.7565121749462558,5.486584447129234,0.29489366710185994,1.2950243771247942,0.23310923093929886,2.5771623145661215,76,9,0.1548533425649973,24.636057288368594,0.2833980030748702,10.402757320169522,0.16551062464714042,0.4619195013553624,0.8793405294418335,22.666945398370984,1.514823317527771,22.46126828789888,-0.012932911142706874,2.5762777233608354,-0.028840512037277152,0.9574739055162271,-0.6354827880859375,0.20567711047210657,86,32,16,74,0.2070746894202924,3.1775613770893956,0.31180719556730135,4.242505200996611,0.14598467200994483,0.8937053996560679,0.10206707628163711,0.9304226548182,69,14,0.032179634368054745,4.605559282279664,0.41628717649444225,13.54035515090402,0.07315154373645776,0.469792729727361,0.4526426494121551,9.764982697759503,0.7226094901561736,9.668438794137783,0.04159911305468994,1.450440687471087,0.030397802591323853,1.081632770901532,-0.2699668407440185,0.09654390362171938,56,37,19,104,0.5450531688008889,3.359823409454119,0.13600512485015687,1.581701961308787,0.16304499655961982,0.4749701472117701,0.13277476628078144,1.4947581133074461,79,7,0.052136733019824,8.291590729335688,0.11361648385960033,9.77258410016751,0.08372527360916135,0.24251086241197795,0.4023187160491943,13.380342048146538,0.8584902882575988,13.289613797066298,-0.00940037313848734,1.4598660362973113,-0.01033146679401395,0.6475850865327315,-0.4561715722084045,0.09072825108023934,85,33,17,75,-0.16108129834844212,3.0939339594871544,0.1808354924873484,2.4820116610123457
LegMomentum,0.2614401494423109,2.9983063846876523,0.6266820196108891,4.711029580074269,0.18916192650794972,1.2982136615348754,0.18134306298568842,2.332437139032051,87,11,0.12069159096260279,18.267702234164478,1.7814179718215488,6.83719221271846,0.0952107012271881,0.4550167118988403,0.8793405294418335,16.22644865639192,1.5295960307121277,16.18359154551307,-0.06165448278188705,2.243340600565939,-0.05023437738418575,0.8123317054241619,-0.6502555012702942,0.0428571108788482,105,33,16,55,0.3726900724229544,2.716178585251907,0.2684799403012743,3.638011157764215,0.10229788906872267,0.8989957948001306,0.07675313700041439,0.8124896241438679,82,15,0.019779096729743914,2.797324952204842,1.2059884985932845,6.519781040335026,0.051372081041336,0.42319437957799944,0.3745258748531341,6.341609935163836,0.6444927155971526,6.239395072754128,0.0328990901383804,1.1502752706262158,0.0350721031427383,0.7767855502082512,-0.2699668407440185,0.10221486240970842,51,37,16,109,0.28239392831951715,2.459972994035971,0.10653884790234457,1.2141629849367948,0.14946883916854847,0.552729255695255,0.11940481753088532,1.3580366926769039,92,9,0.04422015352364986,6.631265038080992,0.6127895372382706,6.86681576244839,0.07467871904373165,0.20071025485581617,0.31958869099617,9.727262809459706,0.8026303350925446,9.667217343278939,-0.039133339934051034,1.3174137088821138,-0.02066281437873835,0.5185638650741593,-0.4830416440963745,0.06004546618076806,85,35,15,75,-0.7024174931140234,2.8084833655325365,0.1620813606016363,2.212619749918739
LegMomentum,0.23673533459870288,2.9361465910263087,0.5736704920977351,4.727881304996404,0.21648062765598292,0.8123538771720599,0.15289921911433332,1.8510200951098017,76,10,0.07885668368676985,12.544666341479074,2.0486286713819135,5.568541922020572,0.09145063161849959,0.3469756316315304,0.6793754696846008,12.811532330138752,1.329630970954895,12.620593695277867,-0.0006292384117841832,1.9210885861836373,-0.0152653455734252,0.7747849913100286,-0.6502555012702942,0.19093863486088497,84,38,19,76,-0.1969641544118653,2.5965884435754543,0.22269934915478437,2.975581453348912,0.11970915645360936,1.0201771382494846,0.08514726861321831,0.9921498995867931,77,16,0.02898135779726989,3.7567187831517423,2.699869793953013,5.6205900917329785,0.0578594356775283,0.35752304999023177,0.5415148138999939,7.404055322864314,0.8290748000144958,7.3832131746993035,0.05557353817857802,1.327198104126087,0.05308947712182995,0.7593626382166647,-0.2875599861145019,0.0208421481650103,46,36,17,114,0.7761108737923358,2.279460875169721,0.12296107878392243,1.4125381324254092,0.13216903805732716,0.6765606030764936,0.10670222099870438,1.367935821203666,85,11,0.0395319768310929,6.2528896432278325,2.679839320255474,4.216506660044428,0.07055622339248654,0.3172834528050257,0.5259116291999817,9.1847091392937,1.0089532732963562,9.149135444138919,0.010747858881950378,1.4795946146866796,0.02244205772876735,0.6750879474446269,-0.4830416440963745,0.03557369515478189,70,38,17,90,-0.19141082982157903,2.2628519222130397,0.1573106338455615,2.0158594741246243
LegMomentum,0.29449729599294183,3.433446072015063,0.7099097955133764,5.485954232318045,0.21998515725135795,1.2261867069597527,0.18950975565239786,2.3201628459055557,77,10,0.12144782083045279,18.806765199673695,1.2834487224181235,6.3059477256928655,0.11818939447402955,0.5213376390431945,0.759739339351654,16.546814886944315,1.442482829093933,16.496722951199875,0.04419095069169997,2.316928679734244,0.0396361649036407,0.9849095012526464,-0.682743489742279,0.0500919357444395,68,39,16,92,0.0012122666997111458,2.6522592838147623,0.27279507897956734,3.6658705231770834,0.18923335522413243,1.0469191108915008,0.11636461851005149,0.9578374371763759,73,14,0.0445531684831281,5.769282885652342,0.4853665856952021,17.694034305261294,0.09514224529266345,0.4935261660883936,0.5415148138999939,11.593789970645373,0.8290748000144958,11.526255736144554,0.06740571382106282,1.5976070113987584,0.05803056061267845,1.1424558664483975,-0.2875599861145019,0.06753423450081922,52,37,17,108,0.5091979983596239,3.9359816213667713,0.15312986241585905,1.7935815350247866,0.16025140881538383,1.1497176530193265,0.12235775863286105,1.3945132576410921,78,13,0.046482061734631125,7.032690231299896,0.9610575675008937,4.756645138930296,0.07957191765308375,0.48887427379556564,0.5259116291999817,9.106706705439164,0.9326836466789246,9.030876923541577,0.036322621069848536,1.5714185411850434,0.0274691432714462,0.830203894827986,-0.4067720174789428,0.07582978189758731,67,39,16,93,0.046461731312584006,2.3804540052839203,0.16705199968573983,2.1361961519766313
LegMomentum,0.34554740113248755,3.918591761650894,0.8194914866518227,6.181288202371338,0.30396297574043274,1.195027063848097,0.24546810049563642,2.9903572525677147,88,12,0.19351628095039705,30.580042245756726,0.8535978854760011,8.869700865568786,0.1384122371673584,0.5873073487893692,1.1143839359283447,24.87994817704008,1.7971274256706238,24.783292685050416,-0.027521431073546414,2.9303492651092893,-0.0132219791412353,1.15442583803123,-0.682743489742279,0.09665549198966572,87,32,17,73,0.4463179437789251,2.91654375379058,0.34777314434152995,4.689679672454205,0.19539860449731344,0.9701623290670832,0.11391542364166525,0.9892371002679977,73,15,0.04333275767114058,5.569423209349266,0.5972511825530034,15.232263482262699,0.09745192527770995,0.41274079056360896,0.58509361743927,10.924893166508445,0.8504738509654999,10.648419582048454,0.06797953688655978,1.6106630761142091,0.0628256946802139,1.0781137511016428,-0.2653802335262298,0.2764735844599906,51,40,17,109,0.511157777733806,3.6014046621952263,0.15034302449897227,1.724873231455454,0.16651068627834315,0.6439071065664054,0.14126048484817144,1.5743842324935178,84,9,0.05869451304819741,9.29420501903191,0.18147768753179383,7.439797753697574,0.0935029238462448,0.24353091429512774,0.5357349514961243,12.594430253849104,0.9425069689750671,12.488443193063517,0.0012146037071943292,1.6402758611478399,0.00637648999691005,0.7043208745376178,-0.4067720174789428,0.10598706078558674,75,36,19,85,0.03484998281838884,2.8649984228517535,0.1921283517341555,2.5697665493907462
LegMomentum,0.29713005426060696,3.501462645539411,0.6949380061402916,5.531321315526549,0.25798684358596796,1.358687514204178,0.2082246597111225,2.6261445647416104,96,11,0.15788104408422915,23.360282502518384,2.424738525731571,6.177128600770775,0.12279734015464774,0.522514751228353,1.1143839359283447,18.95564100743223,1.7837197184562683,18.639526610169806,-0.08248390965163707,2.6881580930823206,-0.04537072777748105,1.1295839245608619,-0.6693357825279236,0.316114397262424,102,33,18,58,0.5712264062291155,2.5993918012641974,0.3040557002947562,4.016726100833166,0.16872157901525484,0.8433174673353712,0.09908115093130615,0.9494821346776842,80,13,0.031976134779350844,4.269294250676543,1.4704396479340733,12.001744271424284,0.0866927951574325,0.39351319207033475,0.58509361743927,9.322294426994603,0.8504738509654999,9.193204460363187,0.05425295520108192,1.3534272328598271,0.055344834923744146,0.8941684074433867,-0.2653802335262298,0.12908996663141523,55,41,17,105,0.5357151599583627,3.2209084703960245,0.13095373839275326,1.561258779328377,0.1267421096563338,0.6519281133283652,0.11474620868917551,1.3904918056172904,89,11,0.04268897939700894,6.741413676224174,1.3704762820694256,5.044063883458135,0.06378121674060816,0.25447707731944336,0.5357349514961243,9.738037917944318,0.9345536828041077,9.552196306912245,-0.007420326396822931,1.4897359895844005,0.0067205131053924,0.6343170250973614,-0.3988187313079834,0.1858416110320737,74,34,16,86,0.18541270543847463,2.4500258548845935,0.16368569630280325,2.1265230677237343
LegMomentum,0.24650731364343104,2.9521184667397824,0.5881416992098091,4.631306533358876,0.1865098476409911,1.1156068593471997,0.16602909201756116,2.075388567636938,90,12,0.09489315887498534,15.035864531946453,1.883729056654869,5.910842373589707,0.0916560292243957,0.5410301517192128,0.7452373504638672,15.141702244369144,1.4145731329917908,15.110475556279374,-0.00882536843419075,2.038626862946925,0.01892751455307,0.8396276632820088,-0.6693357825279236,0.03122668808977057,75,42,18,85,-0.12995593624151755,2.6005044436073077,0.24413695953848524,3.2984640434022667,0.180706575512886,0.7205219650467349,0.1056703078205464,0.9642438879123967,81,12,0.03362553780215092,4.617173973180689,1.0653530829689322,15.255833431558528,0.08702453970909124,0.37509464035018686,0.4981928467750549,10.385375239087274,0.7943244874477386,10.252919640866454,0.04679871262051165,1.364027206776028,0.047432482242584145,0.8983186360352042,-0.2961316406726837,0.13245559822082145,59,41,18,101,0.6379887478044822,3.588315312318041,0.13763808754502208,1.6603023075197711,0.11816597729921333,0.7704403986290136,0.08653869994217525,0.9289128494439407,82,13,0.023759558015473095,3.6145910688254084,1.188763977876154,4.710347700751194,0.05967453122138975,0.2770769041562174,0.3793843388557434,6.514986162876099,0.7081289887428284,6.344827066528765,0.023164375778287637,1.2286524636359222,0.0241678655147552,0.6958953403424228,-0.3287446498870849,0.17015909634733328,58,33,15,102,-0.15009025313487703,2.3789352826816987,0.1200131458395805,1.4508632576596554
LegMomentum,0.2990333819856053,3.538890063336413,0.7268929651379583,5.59528050251952,0.20690475404262534,1.2337552889244359,0.19439793888479467,2.551851005087432,94,11,0.1318379000275096,20.497612296202632,0.9565074915288956,5.056880880261959,0.0916706025600433,0.4868787467786997,0.7452373504638672,16.407686846645234,1.4849537014961243,16.37013403767489,0.04413945823907851,2.458108641219501,0.065169870853424,0.929946671775135,-0.7397163510322571,0.03755280897034121,55,40,17,105,-0.09858063386856139,2.427618006627944,0.28452833439795516,3.8020144928925057,0.19072032719850532,1.0953480189940579,0.12718212978215887,1.1593247535693576,70,14,0.04733823841335755,6.7303744277296085,0.40092428965636495,14.341650582853887,0.09568917006254185,0.460602924162769,0.4981928467750549,12.406829298707663,0.7943244874477386,12.237886267025258,0.049620131496340036,1.5786491093177915,0.02366106957197185,0.9077532228397729,-0.2961316406726837,0.1689430316824051,64,42,16,96,0.7542963481529682,3.5990986011833965,0.16521148347751025,2.0586989623011305,0.16577529907226557,0.6044406135106694,0.11824295876198446,1.322459926944866,81,10,0.04493052369195079,6.859368590357098,1.7200577011591056,5.950007351520439,0.0839201509952545,0.2815442113876705,0.4417556226253509,10.182232573403082,0.9914716184139252,10.030385264990029,0.03159228591248392,1.5585227519822271,0.03306652605533595,0.7911387335776354,-0.5497159957885742,0.15184730841305424,66,38,17,94,-0.38546812185728,2.6129101962735017,0.16508737470301202,2.104845700261861
LegMomentum,0.3341570044942171,3.6767110406826786,0.800649422779679,5.7272313661796135,0.3089563101530074,2.2120675110345385,0.23908474150113754,2.799007321582307,79,13,0.17286801464241747,27.33146031541769,0.6258906436122711,10.328976512314965,0.1573267579078674,0.5502319535796685,0.9393501877784728,24.303117163463988,1.67906653881073,24.199276016825426,-0.03061514869332314,2.736226303016835,-0.0340357720851898,0.9497976873479448,-0.7397163510322571,0.10384114663856271,87,35,14,73,0.41406212095538486,3.1013509495589506,0.32829687718482004,4.4547195123931775,0.1966620534658431,0.7194657324356994,0.1281165726447943,1.165441179696814,66,11,0.04504501548415619,6.60630969889925,0.06550552975527335,11.022107724353539,0.10080124437808985,0.40506404190652795,0.4872990846633911,11.57689112589056,0.7910279035568237,11.510918806418672,0.0447706492152065,1.5028522696357802,0.01743882894515985,0.9598260361937312,-0.3037288188934326,0.06597231947188748,69,41,15,91,0.6440941451762591,3.2925456307705363,0.162213381161576,2.0851246376535464,0.1807933300733565,0.8083982072014235,0.13341876896563912,1.4309294988709342,81,9,0.05000295657201336,7.923516460028219,0.7466842212657072,10.111487820999812,0.0922795236110686,0.28318498268599634,0.4417556226253509,12.875521663181068,0.9914716184139252,12.865503128896046,0.00044390968978405153,1.4881527935269971,0.0048765838146209006,0.6314916699162373,-0.5497159957885742,0.01001853428502245,79,39,15,81,-0.30719030416639687,3.141565365353546,0.17733640930333347,2.3893341589543335
LegMomentum,0.2772755207482528,3.392418522965571,0.6311867912486193,5.210611010861651,0.15335702896118159,1.2456587791423988,0.18773126261774448,2.7453329291385753,91,12,0.148119677029047,22.570017989200842,1.9160161032573226,4.281712040919612,0.0707469284534454,0.431868578667183,0.9354742169380188,16.08543351758019,1.6716274619102478,15.974070645828785,0.060796261206269256,2.5358783347467946,0.0825179815292358,0.8168238827054319,-0.736153244972229,0.11136287175140278,46,36,17,114,-0.026920728179954036,2.31223901750208,0.29906119399287867,4.017379626144717,0.20705530792474736,0.7494611269024806,0.12034692952438486,1.1134084563258597,79,11,0.03839788395273282,5.843193358732751,0.10133516641133866,13.834979315236545,0.0987572520971298,0.3839526950975123,0.2868015766143799,11.407575863452928,0.7295048832893372,11.229993473574126,-0.026663422933779657,1.4984931724302823,-0.0291560888290405,0.9616187537386138,-0.4427033066749573,0.1775823898788018,93,44,14,67,-0.5812977828716236,3.502345420059427,0.15308234097176632,1.8967634462190006,0.07457586377859107,1.1069053957927701,0.06731991173001002,0.8964034911647345,94,14,0.01841105292135654,2.844963509810203,4.22967377265391,2.2386580761221584,0.03826466947793955,0.3951324066906349,0.3293094038963318,5.153817874953075,0.7282760143280029,5.121955223970496,-0.007917202543467283,1.176239503684574,0.0031359940767287497,0.6992325560807653,-0.3989666104316711,0.03186265098257936,78,43,19,82,-1.156304750755989,1.7040727778883533,0.10731356970931977,1.2088937669547597
LegMomentum,0.34194253436289607,3.860393942100383,0.779470826089382,5.879390541896287,0.26629301905632013,2.8022467648411142,0.2666863566823304,3.349941122935241,97,13,0.23338877995113713,37.12872679632347,1.0312259485378377,6.833611646492697,0.1237956583499908,0.5042721783566633,1.1893234252929688,22.670027609610386,1.9534006118774414,22.52435751484054,0.012127207219600662,3.069815465450335,0.07609662413597104,0.7476775965409171,-0.7640771865844727,0.14567009476984877,60,34,15,100,0.2735629845646112,2.7397652300601627,0.38293263386331794,5.263550114172507,0.20577022433280934,0.9721416449478473,0.13686665579094548,1.2691193214321168,83,13,0.049113284113561965,7.730634095167178,0.2105678883325499,12.02956161063963,0.10585118830204004,0.4054135401061911,0.2837916612625122,12.328642440854212,0.8344429731369019,12.312587528097819,-0.014637091103941203,1.5664329528613155,-0.008918613195419249,0.8887360129365425,-0.5506513118743896,0.016054912756394462,83,37,17,77,-0.7343194089248398,3.449615613099505,0.17513784870150095,2.29715517528907,0.09798747301101679,0.7990653084449473,0.08718222330207934,0.963510084878828,105,12,0.024675540045013395,3.656094697918547,1.5632075984401332,5.3441137301394654,0.045542836189270006,0.37838833641238406,0.1931831836700439,7.005219259847948,0.592149794101715,6.91192620805254,-0.03045762171968818,1.2431421235846365,0.00398233532905575,0.7341690389486273,-0.3989666104316711,0.09329305179540819,73,43,13,87,-1.415084912807762,2.3738123698980473,0.12077129821596086,1.4528222047064214
LegMomentum,0.3459154988767454,3.8309989185663524,0.794915931597352,5.754540831072717,0.33152219653129567,2.340838347485621,0.2737630303017795,3.5073552973545725,79,12,0.24313405369215724,38.7401209060105,1.3719096203379708,7.480413826642035,0.1520687937736511,0.4183538709106046,1.1893234252929688,26.923829362251066,1.9534006118774414,26.794340715693664,-0.01684794574975968,3.085830630562108,-0.02275711297988885,0.7056239600842513,-0.7640771865844727,0.12948864655740103,82,28,16,78,0.7696254921890665,2.7489446808203,0.3906774381260595,5.405346448239482,0.2186570465564727,0.8120658683772941,0.13579397896595763,1.3181332104751036,79,9,0.04926963214680214,7.8105162111040185,0.2054593042911388,9.080973525607392,0.10501265525817866,0.3737311325071212,0.3355438709259033,10.853157575539965,0.886195182800293,10.790487636123736,-0.006664066528901454,1.4845092350048987,-0.009494736790657,0.7485729667641893,-0.5506513118743896,0.06266993941622906,83,33,16,77,-0.633188247709431,3.160541071207948,0.17590480647192172,2.3678573737219035,0.1172951273620128,0.8429523032548727,0.09147814539028329,1.0035654710731534,103,12,0.02670489113801944,3.7169067500333903,0.8528586441677155,6.529556011357879,0.05406060814857481,0.3806947326618584,0.1931831836700439,7.784370141335985,0.5865083336830138,7.697816572463632,-0.04512374196201562,1.1842009655057106,-0.01206682622432705,0.6449354176137098,-0.3933251500129699,0.08655356887235274,87,37,17,73,-1.1502266178453258,2.525566951270815,0.12143545998178934,1.5213726773308154
LegMomentum,0.2975004060715638,3.446347596747746,0.6991378397494552,5.3126063443424325,0.3048371821641921,1.9952048905147062,0.2197916717734188,2.815548737895939,90,11,0.16797990512219824,25.72133665135786,2.15742257776896,5.981798324041597,0.14295673370361325,0.42291691201506776,1.1106410026550293,19.488234868864424,1.8395737409591675,19.441739675545087,-0.06531063728034496,2.4975434689268026,-0.0499066412448883,0.686847781224211,-0.7289327383041382,0.04649519331933768,91,29,14,69,0.5351081558909042,2.632326644311229,0.3183636801120689,4.414024611641731,0.19326865486800662,1.0302675134917907,0.1207905623572878,1.2086349889603598,76,13,0.041345260611460495,6.425183866928279,1.0733452687204528,12.43495456006834,0.09499649703502641,0.47095060127632055,0.3355438709259033,11.746114349478555,0.9510000348091125,11.662770008295213,-0.01538687204010784,1.5211962527408323,-0.02314728498458855,0.8511498432496343,-0.6154561638832092,0.08334434118334154,88,38,20,72,-0.734900325267575,3.3356339402422472,0.16051499524687268,2.027596071108723,0.1189367175102233,0.5807186212628533,0.09340051992330697,1.058815501188181,100,12,0.03009288768140239,4.185433187269862,1.6476869667438008,4.996473678759545,0.0595099329948425,0.2814394717305826,0.4060953855514526,6.913727086882804,0.8165897727012634,6.746515401224255,-0.046464268583804355,1.2938666226747977,-0.020847439765930148,0.6824577065877766,-0.4104943871498108,0.16721168565854883,96,37,18,64,-0.78455946348545,2.3941356074125566,0.12943661782339003,1.5847215370524796
LegMomentum,0.23625570927791664,3.135397873015289,0.5546950185298918,4.813982680684328,0.1908095031976699,1.0373621958156551,0.16929598020855333,2.3563860435178405,93,10,0.11106334911861157,17.669760453055275,2.8757566804526604,5.25098407140297,0.0859200358390808,0.3683036318328903,0.8759055137634277,16.39713946650141,1.604838252067566,16.35352153297366,0.00682806633412838,2.0335889144266504,0.035644143819808946,0.5795310669606744,-0.7289327383041382,0.0436179335277535,66,35,16,94,0.024608185933361816,2.5057632976685644,0.26420493419807717,3.6788961089131496,0.1440466046333312,0.7773404481509896,0.10518734358949582,1.1724444325987895,79,8,0.039927532619670816,6.086769013524044,8.680279982728633,7.244562778549652,0.0728393048048019,0.37762364450185654,0.3753698170185089,9.962926919514622,1.346782773733139,9.801256241296548,-0.02434510234743356,1.5593134108201525,-0.02620707452297205,0.9431274389650103,-0.97141295671463,0.16167067821807485,89,42,17,71,-1.8012419392863743,2.728696470597644,0.15657344651937544,1.9118866860670554,0.08202024921774853,0.7659040000756252,0.06929227375192563,0.810114142291922,89,14,0.018930612582078038,2.8738128692085785,4.189082894815319,2.817763549670146,0.041910171508789,0.34879465773932955,0.4060953855514526,4.979395899850129,0.8165897727012634,4.887078362123216,-0.017475103400647635,1.221080355437525,-0.007170483469963,0.849140437073903,-0.4104943871498108,0.09231753772691302,87,41,14,73,-0.8670763837685128,1.9343319023551675,0.10769747344343118,1.1759148076170938
LegMomentum,0.2781355083390641,3.702646642190722,0.6461281353235242,5.706675384722946,0.15032280981540674,1.7104601854420545,0.18657931510359047,2.962084494701466,73,11,0.16078005097620185,24.604149866853664,2.093658732860886,4.423802736536514,0.0632884800434112,0.33009797252641937,1.0175631046295166,18.39518567178477,1.710460364818573,18.360225582682396,0.06304073035717009,2.540540948205621,0.05456784367561335,0.5302472392467585,-0.6928972601890564,0.034960089102373144,46,35,17,114,0.5767500814973059,2.2824878366413155,0.311641461747973,4.260258390912944,0.18341614305973042,0.878860813615843,0.12413135480368505,1.2217916267060378,78,10,0.04902671624761018,7.2565312449835595,4.888046352034571,8.673501983817486,0.08673308789730065,0.4584571324451786,0.3753698170185089,11.067895111516716,1.346782773733139,10.915736038438148,-0.027425757702440018,1.8147953783762032,-0.037017554044723455,1.246857117188589,-0.97141295671463,0.1521590730785678,92,42,15,68,-0.9762148317672334,2.8521454211467048,0.1734286882442367,1.9907408117602687,0.07737408578395832,0.7727757112350657,0.07889282704680223,1.0968418532765696,99,12,0.026222660309453923,4.068067131334539,4.833839262665448,1.8833159820783045,0.039303556084632804,0.3174098864312987,0.2328635454177856,5.585247192364592,0.7809382677078247,5.523277057882627,-0.01350306803360582,1.3513390581411209,0.0065515935420989505,0.7023195761972728,-0.5480747222900391,0.061970134481965186,74,40,16,86,-1.8185778636323653,1.7734018235650415,0.1277057539602444,1.4973142226255671
LegMomentum,0.3509723642194128,3.9838511542850963,0.8219073253124951,6.236308718870149,0.24831794202327723,1.569654424565693,0.25190408971160655,3.394150691224454,92,11,0.21507251088521237,34.323132051483064,1.043692167626637,8.077954477001915,0.11936217546463004,0.378957949851413,1.0175631046295166,26.374097961556352,1.710460364818573,26.300603235504475,-0.0009879417717456943,2.809017902262233,0.04863101243972775,0.5936287353211949,-0.6928972601890564,0.07349472605187511,68,33,17,92,0.5329319134176412,2.79559037477188,0.36778356128162465,5.141259619612041,0.21159515529870979,1.446344168939605,0.14294620761007532,1.376191095155957,79,14,0.05283815210472526,8.196719588239171,0.13500357519131123,8.82781769031593,0.11373566091060626,0.5651266326335576,0.4953315854072571,11.763545183404414,0.9674641191959381,11.593785659985192,-0.014303189283236855,1.7744631423201382,-0.02769415080547325,1.0209400411514933,-0.472132533788681,0.16975952341922257,84,40,16,76,-0.18562317008580187,2.962668796519736,0.1817296737084918,2.2467754994183355,0.1285089775919913,0.7803264362771344,0.12888858677470125,1.3997417511432,113,10,0.05221687391240543,7.632757561815858,0.878258095384091,7.653835218508695,0.0556073486804962,0.3828522982343855,0.2328635454177856,11.657327990384244,0.7809382677078247,11.496823510501903,-0.04882317455485463,1.6528276742877772,-0.00310429930686945,0.9296472913663961,-0.5480747222900391,0.16050447988234104,82,38,18,78,-1.1840668593639128,2.746707444147016,0.17447666603396894,2.213801761884816
LegMomentum,0.3305766736323656,4.049348665143222,0.7767738383263348,6.4180408761613545,0.2504426538944244,1.8644691951183787,0.23606804851442575,3.1349285125229933,84,11,0.19400231553143926,30.51829832260598,1.2692824738603647,6.767427070627869,0.1176139712333678,0.4226604983119936,0.9924514293670654,23.55204755979468,1.7356361150741577,23.17429645341816,-0.03722820058465004,3.1016563646251827,-0.02403283119201655,1.0314611065346995,-0.7431846857070923,0.3777511063765176,92,35,17,68,0.5292551179431483,2.549991470901782,0.3473030080631164,4.5714358924069005,0.20621263980865467,0.9624230323006584,0.13819699209299868,1.3469219804122121,78,10,0.05379438819260268,8.16791493641819,0.29795479798347957,9.155409364244198,0.1092165857553481,0.5046459471830136,0.4953315854072571,12.147451473272346,1.0113734602928162,12.01505251182012,-0.02991537335328757,1.7839050372143472,-0.0321481972932815,1.169824387927603,-0.5160418748855591,0.13239896145222738,91,38,16,69,-0.20730281289013522,2.983404852587882,0.18147283680519063,2.2328452151054874,0.1461807563900947,0.7475158933135068,0.11450992773752659,1.2552842431786053,108,11,0.04090314509043763,5.79708454298781,1.233083490095579,7.02429768182277,0.06715162098407734,0.3632851828330945,0.2010210752487182,9.93999466673325,0.7479262948036194,9.793829130641193,-0.05034231813624501,1.532479474321826,-0.008427992463111801,0.8384906267845753,-0.5469052195549011,0.14616553609205815,88,35,15,72,-1.2429689578129488,2.55439541871934,0.15223324271447297,1.857038288180971
LegMomentum,0.24424194445009859,3.1340452351586436,0.5839435294270513,4.880153056184868,0.18441997468471516,1.285038810719711,0.17436087936162945,2.473660231081328,92,11,0.11910712476205126,18.892525445601095,2.6254431248509773,3.5700148024166154,0.09274441003799436,0.3845028772501006,0.908482015132904,13.678422988112947,1.6516667008399963,13.58714387122081,-0.01097531020641328,2.4010918352403317,0.00836133956909175,0.8803793343324793,-0.7431846857070923,0.09127911689213729,77,41,19,83,0.24162233294437807,2.2170824919035357,0.27347564120361495,3.623159318101167,0.1841792538762092,0.9248452797866568,0.11652517867041748,1.2200631763419125,74,10,0.038286012240002734,5.912052872378508,0.6840727842125696,8.438300868767168,0.0895725637674331,0.33984150844859806,0.3192300200462341,10.277972761808622,0.8352718949317932,10.021968801849361,-0.021602084394544356,1.4692923228865735,-0.033051744103431646,0.7308529910191042,-0.5160418748855591,0.2560039599592606,97,36,17,63,-0.23744610120608367,2.8586346347958527,0.1536543784763999,1.9373262353783078,0.10768016427755348,0.5825520387628281,0.07655225037597116,0.7722872208676809,104,12,0.017014585711222382,2.4752910328641,1.3645213242897531,5.907588608348053,0.048459455370903,0.22560659573412536,0.1028589159250259,5.546170349616793,0.45772244036197657,5.427673271189831,-0.025704036932438612,1.0097688980579635,-0.0003332495689392,0.5916011718250852,-0.3548635244369507,0.11849707842696201,81,40,16,79,-1.3430473965976335,2.5691344250631762,0.10018055928048496,1.2065064464721709
LegMomentum,0.26235247666919853,3.6012221991626108,0.6193536189198492,5.4465896126925335,0.13617388904094685,1.9468715836325117,0.1810101430304349,2.7413785464268097,94,12,0.1528289925534233,23.73041441136983,3.1797668261051504,3.0178766644343016,0.06706967949867243,0.5516881110074412,1.104645609855652,15.354213875591196,1.8959524631500246,15.070915439872238,0.042508519440889334,2.960198003997472,0.06882423162460319,1.164727581086952,-0.7913068532943726,0.2832984357189576,48,41,18,112,0.30119665044150795,2.051085516989884,0.307083904492441,3.86880371542667,0.17482334375381464,1.0234926364958918,0.11892450191080566,1.298006014549575,75,13,0.04056101069064324,6.388166656688078,1.3983608005315764,7.500156771652588,0.08726762235164635,0.38614567237952746,0.3416338860988617,10.515748644685381,0.8951493203639984,10.447890174886023,-0.011144909262657163,1.5044852531602428,-0.01764357089996335,0.7302921085281907,-0.5535154342651367,0.0678584697993575,89,41,15,71,-0.6205528051688777,2.7248264383694942,0.15932695762358953,2.0309334749595904,0.09318083524703968,0.552589656945373,0.07604866814101112,0.8427394854002657,101,12,0.018575185535326444,2.867095592306937,1.501421902487543,6.437789113001884,0.0420960858464241,0.28222104441474355,0.2506006956100464,6.189431519887555,0.5883331000804901,6.153066854757159,-0.013452052511274817,0.9819063555348189,0.0054923817515373004,0.5256818145406058,-0.3377324044704437,0.036364665130395685,77,41,15,83,-1.0185743937899177,2.7129335802196533,0.10723996834379332,1.3794765316116353
LegMomentum,0.33708889003640913,3.9493906622109103,0.7825858359038829,6.072534904629389,0.2278868108987807,2.394910176803034,0.2507757781445979,3.366960238319952,96,11,0.21976959228075693,34.946951528814786,1.1292238232482124,5.882285161547651,0.11157408356666555,0.3767322919657711,1.104645609855652,23.991428745432277,1.9261763095855715,23.85312197655566,0.014525749534368504,3.15264562438872,0.0587530136108398,0.9636356309492051,-0.8215306997299194,0.13830676887661755,62,35,16,98,0.09892667786165606,2.5064045046904004,0.3714936674181155,5.0007776491099305,0.19643937051296223,1.2860573508721223,0.1397701989335473,1.370189949111135,85,13,0.05193007608714022,8.189996183558852,0.46228995975784315,10.909924713791321,0.09896875917911516,0.4923523297115523,0.3778485059738159,12.91515391850493,0.9313639402389526,12.69351520889261,-0.010114604886621241,1.6408489104746737,0.01022717356681815,0.8575438746375258,-0.5535154342651367,0.22163870961232077,78,38,16,82,-0.5252241048801113,3.2539678096632176,0.18043690462567036,2.344698495873815,0.12078133225440968,0.9746473860435323,0.10043330428423358,1.0437889000936673,107,14,0.030728776056803016,4.537956373495421,0.23542243986332068,9.338808722210546,0.057342052459716755,0.46547957389831585,0.2506006956100464,9.367566840238124,0.6345700025558472,9.328222249925913,-0.03581851702183485,1.279040369765996,-0.006847217679023651,0.7593299642794191,-0.3839693069458008,0.03934459031221194,85,36,19,75,-0.8059361076731999,2.9351248720493035,0.13429534287661685,1.7035293088186907
LegMomentum,0.3271195992302697,3.4580791481599333,0.7628552600741385,5.382497774969776,0.25487962365150446,1.265716975704403,0.24005657841917127,2.924596761182717,83,11,0.18049479755107978,28.666219180028328,0.461382764790065,10.078805340684216,0.1280943155288696,0.4693119480428677,0.7781146764755249,25.188163047172768,1.5996453762054443,25.061425379594784,-0.022582212463021282,2.5934874770608025,-0.01227948069572445,0.8116011349070975,-0.8215306997299194,0.12673766757798455,81,35,18,79,0.04620557834754181,3.0943359059658775,0.3361630214731942,4.684019842651942,0.21737085282802573,1.0298340420182521,0.13745020681526507,1.3530041944880464,79,13,0.04881983797850932,7.586923680675043,0.26302798709722497,13.967283688432804,0.10893225669860834,0.3250221062664689,0.3778485059738159,13.684636733953514,0.8999449014663696,13.592417215487915,-0.018116923049092293,1.4895847445389274,-0.02160476148128505,0.6861778594538779,-0.5220963954925537,0.09221951846559981,85,36,16,75,-0.43578999966248794,3.535427679218716,0.17428142017918768,2.3169076307682057,0.12949223071336738,1.0942724091752751,0.10428004974965002,1.0767324760386718,105,14,0.033345130492247035,4.690345950704613,0.46058674301930935,9.253148134437923,0.0586812198162078,0.28056802067530007,0.2265918403863906,9.361174487035502,0.6726673990488051,9.280709766910846,-0.04861862547695637,1.2994255533700465,-0.01366829127073285,0.6207051310088189,-0.4460755586624145,0.0804647201246563,89,35,15,71,-0.9048836927492346,2.9798556711637256,0.13635667551635508,1.732581652319325
LegMomentum,0.2493037165221942,3.224648314583214,0.5958200459927319,5.018442526675958,0.1827543228864669,1.7949708540544338,0.18481519311666486,2.2511286372122847,96,14,0.11664225436188318,18.188789407212077,1.3601827189975246,6.928930731996282,0.0826355218887329,0.5201740804924231,0.7168976664543152,17.646251966148462,1.4877498745918274,17.452707665284404,-0.03193818107247352,2.4901876736902575,0.0179454088211059,1.0432864196473008,-0.7708522081375122,0.1935443008640587,74,42,17,86,-0.31576457942586295,2.6404226357867473,0.2689487787683092,3.4623337154314258,0.1489799097180365,0.5647302226094141,0.10674020651029421,1.1876985160805313,76,11,0.034436101790704304,5.320988996321329,1.6530348471779348,8.300732429069924,0.072890505194664,0.23747482826047095,0.2848320007324219,9.9150760787119,0.8069283962249756,9.894054299268737,-0.017673172382637846,1.302401168719514,-0.02683171629905695,0.6131960714063192,-0.5220963954925537,0.0210217794431634,96,39,18,64,-0.6819733131549158,2.887272248505705,0.14609455918520975,1.9038750463303442,0.10488173365592947,1.0897546364996629,0.08864500622730699,0.9723790139373947,108,15,0.0252466266479569,3.6323153498305287,1.505110691845938,6.505409304251412,0.04498107731342315,0.41337315803183,0.2265918403863906,7.6290536410088405,0.6726673990488051,7.523828769165723,-0.03633979381993413,1.225853684266187,-0.0015476197004317999,0.74592574351397,-0.4460755586624145,0.10522487184311734,84,41,17,76,-1.2167826585986685,2.4957446807205526,0.12062128910877165,1.4593142549161728
LegMomentum,0.24681007282843734,3.3693769056294216,0.5817738065868614,5.166967969555098,0.14872729778289792,1.9611681774195548,0.17526066149119282,2.8435680193761197,91,11,0.1510702423360487,23.94311691529435,4.331924784717368,3.3326201560940785,0.07488366961479179,0.4417617910136816,1.1894090175628662,16.83489694547974,2.014064073562622,16.775044072265505,0.018442899361252776,2.604707084071036,0.041406482458114596,0.726429477598497,-0.8246550559997559,0.05985287321423654,60,40,17,100,0.3681036750670697,2.138417194182937,0.307685637044456,4.142296213633752,0.15831634402275074,0.9972569228037067,0.10077901229611594,1.0413829125259688,74,15,0.028426114386911533,4.389330380833275,0.4930038129105667,7.565141304133004,0.07373534142971036,0.43811453925861277,0.306848406791687,8.300794092160334,0.7082467675209045,8.203004083146144,-0.015995196579024186,1.298641506185457,-0.021636955440044348,0.7284813278718685,-0.4013983607292175,0.09779000901418997,95,39,15,65,-0.2570689664122305,2.7500054695077134,0.1327426229698805,1.6440379007935442,0.09485633671283716,1.1205796287184184,0.08419934428995471,1.0454339616285153,99,16,0.022296541620057,3.4734420195663893,1.046179739072123,2.774703324505812,0.045808404684066654,0.39200033450649296,0.2449102997779846,6.3998950512563075,0.6225053071975708,6.368235979976234,-0.01102761421352626,1.2636193792986061,0.0131725668907165,0.6976270504340044,-0.3775950074195862,0.03165907128007409,68,39,16,92,-0.8419442196172284,1.7639849567161767,0.11790084411834004,1.3699299558106592
LegMomentum,0.33387488968247014,4.285593296890837,0.7826108299940823,6.587671232885491,0.18306230008602134,2.574723548625371,0.24871233183424915,3.584931022907827,83,13,0.2552751690748995,40.37961868023432,1.6222462997330336,5.22848616217995,0.09119772911071775,0.49721349417951577,1.1894090175628662,22.838327258613976,2.0354596376419067,22.698096700290446,0.03271721713244914,3.4256623497149086,0.041406482458114596,1.1285074608784291,-0.8460506200790405,0.14023055832352913,64,31,17,96,0.369314096666645,2.4514466795325602,0.39934104763593214,5.352051582896044,0.22433963790535916,1.5867498727127518,0.1426251034624874,1.4227982076317653,84,14,0.05209088315862535,8.182153673272063,-0.005020215772312486,7.955674957395756,0.1087792962789534,0.5648882379534157,0.329416275024414,11.2957379689067,0.8586629629135132,11.227269247148842,-0.01434212438762188,1.7023814781606053,0.0148674547672271,0.9077233824706149,-0.5292466878890991,0.06846872175785862,78,36,15,82,-0.512828951373439,2.847746159694313,0.18042885443895687,2.298706370132509,0.10837257653474798,1.3632010852893583,0.09782617510121779,1.2926323907627413,101,14,0.03238019473122158,5.021255009307602,1.8940562801290017,2.0322991209652175,0.05647255480289455,0.40330450727167444,0.2449102997779846,7.132847623181058,0.7518991827964783,7.059423472141855,-0.019103230955079202,1.4596274050099765,0.0039355754852294,0.7113169014840148,-0.5069888830184937,0.07342415103920244,77,35,17,83,-1.1850093152044827,1.7223977499706264,0.14141313140912243,1.7002184706241266
LegMomentum,0.34566999181873975,4.123574026555661,0.8121246195584534,6.354714402311978,0.24389611184597007,2.9947536084852207,0.2638542384840548,3.6897201574837806,84,13,0.2685094748459932,42.76602541076971,1.3963561425143993,7.842443080902823,0.1131795942783355,0.425772072026789,1.164829969406128,28.809774068605854,2.0108805894851685,28.62246770280964,-0.020393023267388344,3.3222036898244034,-0.01117703318595885,0.8241197517586939,-0.8460506200790405,0.187306365796213,89,27,17,71,0.559620846789557,2.767630625853173,0.41043317675891416,5.632849017512082,0.2384314499795436,0.8387385557697575,0.15023823642171913,1.5324923662015748,88,11,0.056801751183767804,8.985620686464294,-0.036041763558793516,7.814396899633815,0.11734659224748611,0.3786397477655783,0.3492225408554077,11.417425005866836,0.8784692287445068,11.255167892954777,-0.007365911360830073,1.6765259826940906,0.022990107536315897,0.8038526282295239,-0.5292466878890991,0.16225711291205946,75,33,16,85,-0.5241404521666228,2.909669633077762,0.18886443266724756,2.484930847290505,0.09525930508971203,1.0258927399932602,0.09857883816875981,1.1307611186852766,105,14,0.0336889118463675,4.9860532307934475,1.885824096602592,9.122436501075518,0.04829312115907665,0.40194232351898446,0.298997700214386,9.84281260191428,0.8059865832328796,9.782599673689079,-0.03672695145942271,1.3559847297934848,-0.00551693141460415,0.7134193910180119,-0.5069888830184937,0.06021292822520168,89,36,15,71,-1.2350954190768828,2.8573824948516338,0.1408213139259317,1.7740796609398173
LegMomentum,0.27512134817729683,3.605237785433934,0.6566897676885126,5.57604961617523,0.18760225176811213,2.259337307227981,0.2113798448443413,3.0343224107393114,104,12,0.17980558317452847,27.71677535397289,3.0101718316836807,5.043247458320186,0.08938694000244135,0.47830895038145105,1.109650731086731,20.670743336742074,1.9244813919067383,20.46366010758479,-0.06042941212654114,2.863670346889555,-0.02584931254386895,0.8434109852607955,-0.8148306608200073,0.20708322915728286,97,32,17,63,0.5495690265717824,2.350294596735148,0.3307727192999411,4.41771066258513,0.17457900941371907,1.1154115454753624,0.11775340533815322,1.2695311997998424,72,13,0.03584900531163545,5.653383033686367,0.4172576098843117,5.9401359159451115,0.09523090720176691,0.3450041528315609,0.3492225408554077,8.600320004422661,0.8496825695037842,8.490065043887942,-0.0007783162407576982,1.4516532081755091,-0.0215965658426284,0.707149159566804,-0.5004600286483765,0.11025496053472043,88,37,13,72,-0.28725717736925116,2.491744075762572,0.15015303738210134,1.8831054131089204,0.10408625006675715,0.8812529235420302,0.09041267931461332,0.9851556376514626,100,14,0.02712691349029257,3.823931406313633,1.3282085675252073,8.265791679287076,0.0469434857368469,0.2979940488998542,0.298997700214386,8.322273436175244,0.7133990526199341,8.198607885090619,-0.041726956516504286,1.2607260611101665,-0.009071826934814401,0.6367323336532114,-0.4144013524055481,0.12366555108462654,88,38,15,72,-0.9656184667103069,2.6789488859851196,0.12372898779767252,1.4948248075113273
LegMomentum,0.23109191182590028,3.0658419286560687,0.5518001690506933,4.8149299855972885,0.17509476840496058,1.4243777757735852,0.16132097501773385,2.3808295074286745,87,12,0.10866001903381996,17.236619083304877,4.185124585265908,5.0055837736180795,0.08262044191360471,0.37495848966340334,1.0789268016815186,15.532494942709645,1.789980411529541,15.399987251866978,0.012574494257569313,2.2771299234675024,0.0318661034107208,0.8045507765919515,-0.7110536098480225,0.13250769084266628,71,34,15,89,0.3920634068822387,2.3793652914172774,0.2611140024096636,3.471498004457696,0.15633315593004216,0.7903846253582907,0.11078889422933569,1.276506945083067,75,12,0.036902578495961486,5.7384362048648,1.0991199429579623,5.450819775409004,0.07933738827705386,0.2149256407455071,0.4243783950805664,8.512917383799058,0.8835836052894592,8.367151225123505,-0.009804048109799615,1.4205736492477932,-0.020548567175865097,0.6456237291867722,-0.4592052102088928,0.14576615867555268,92,42,15,68,-0.2958555307243203,2.496420452397914,0.15202777700727174,1.9288355844725613,0.07607141137123105,0.9551876406200804,0.07137143163126891,0.8753539025797175,93,13,0.018428258815165282,2.784738815561747,2.520589116196212,4.156575861103337,0.03926853835582725,0.38108312629266583,0.2969031631946563,5.754290861121708,0.7084185183048247,5.729037615207819,-0.018947735894471407,1.1172264128819929,-0.0068336725234985005,0.7214048373206042,-0.4115153551101684,0.0252532459138895,86,40,17,74,-0.8372947925660909,2.097954648348667,0.10596615130118946,1.2395741034406058
LegMomentum,0.3006844522203302,3.6080231042360214,0.6932653462141751,5.677603951718374,0.22047670185565943,2.387862385037865,0.20811609611380844,2.983193913580464,81,13,0.17022974398332028,26.13924596459668,2.1644889823162865,4.264204617516293,0.11404055356979359,0.5005480364878981,1.0813977718353271,17.559714706686172,1.864264726638794,17.507568845035166,0.06103758178651333,2.7252764676041035,0.0636869370937347,0.7230352317979123,-0.7828669548034668,0.05214586165100619,64,33,18,96,0.5009145056908251,2.2742010189647646,0.3214245079543413,4.325750124512508,0.19518182426691047,1.2101916659899639,0.136860173062887,1.4010720229362972,84,13,0.05311589336598016,8.275185055197387,0.405108628830789,9.904601943374066,0.0976642146706581,0.5791291850189333,0.4944030344486236,12.867072523510586,0.9569309651851653,12.844558238337008,-0.01643903567455709,1.6439912865000097,-0.0054501965641975,0.9017852079966011,-0.4625279307365417,0.02251428517357881,83,42,17,77,-0.27271810243729866,3.0791200939090757,0.18202824152941915,2.3606096045533302,0.0950510054826736,1.41823502512536,0.08298321082722392,1.142422038105587,92,15,0.025043577446578667,3.8890341525301135,2.9661179567677225,2.760736866410072,0.04774072766304005,0.36842366481497296,0.2969031631946563,6.73918958705977,0.7783871591091155,6.664975209387642,-0.008960881922394037,1.3083361976142616,0.00362837314605705,0.6490477010028269,-0.4814839959144592,0.0742143776721279,77,36,18,83,-1.247713142091862,1.7762458051354868,0.12517937218010747,1.475564484033948
LegMomentum,0.3675248121404361,3.9898292001036695,0.8394813317432998,6.285427622702624,0.28249292075634,2.7712682133154964,0.27113980216905476,3.458855362854606,83,13,0.2466464501636652,39.35978992678571,0.983573298281764,10.642571245066494,0.1410526633262634,0.591757547127177,1.1390364170074463,30.208589361828633,1.9310495257377625,30.098520802189487,0.0010914370417594867,3.0206771553141376,0.01345622539520255,0.7963669571841037,-0.7920131087303162,0.11006855963914483,77,24,15,83,0.38016319133735677,3.107488169570389,0.39385575384294513,5.498663423973956,0.2038361057639121,1.1774204568193585,0.1432489502272801,1.4552921064669264,90,12,0.05604590044749573,8.844393405016099,0.5518415748008816,11.052154495781123,0.1045089587569236,0.5548561258528343,0.4944030344486236,13.419149179650887,1.0902038514614105,13.367606139606677,-0.010967752919532364,1.7527123775868032,0.0244450122117996,0.9546142179999921,-0.5958008170127869,0.05154304004421084,72,41,15,88,-0.43392149928353063,3.1975727358550596,0.18742450703433253,2.4025804308014567,0.1397615857422351,1.4019198917470166,0.12208092021290211,1.5253208495675181,111,13,0.048025648984581164,7.088339235144282,1.5278396910257346,6.72920870419882,0.06305655092000961,0.3659883270539122,0.2159821987152099,11.265660483737783,0.7903760671615601,11.152777977715358,-0.04493346028029919,1.5120380898016825,-0.00027900934219359994,0.5657366481712067,-0.5743938684463501,0.11288250602242525,80,36,16,80,-1.4279509394714895,2.4998811042070863,0.16784843346440514,2.1913648829287102
LegMomentum,0.3025717464395895,3.5808088211852316,0.7040375419799237,5.634738047070027,0.23482999205589286,2.257339841532921,0.2206396151985973,2.8952843688757315,93,13,0.17549379716669677,27.330371986973077,2.6643913252437477,6.3638214522207175,0.09917032718658439,0.5508155900107936,1.1390364170074463,21.261130640135683,1.9310495257377625,21.173335035527693,-0.05183975324034691,2.7276107353989745,-0.0064261555671691496,0.8141262799797602,-0.7920131087303162,0.08779560460798858,85,30,16,75,0.5749439829424646,2.608118284200298,0.3281298457717679,4.459877987468867,0.15249267593026156,1.177936086402294,0.10250787825847507,1.1294992239301462,88,16,0.03442064470172568,5.168667037939632,2.5153772406021746,8.870537674205437,0.074768541380763,0.46600270733306703,0.4287429749965668,9.541309866489762,1.0245437920093536,9.466714443813677,-0.030283585836878048,1.4012267379189556,-0.01905439794063565,0.7469584933567599,-0.5958008170127869,0.07459542267608416,88,40,19,72,-0.5490493005024076,2.8836065486803357,0.14396298394763987,1.7903158008800106,0.1612891629338263,1.1656832118543434,0.13103374713100494,1.4763798112652602,107,13,0.05338064443365116,7.4337920967625,0.9433459963775968,7.045526146878403,0.0734850913286208,0.2882982096932287,0.2159821987152099,11.549481288306104,0.7903760671615601,11.473413462775092,-0.0634797178208828,1.5059005737520974,-0.00882439315319055,0.5067033487771078,-0.5743938684463501,0.07606782553101318,89,36,13,71,-1.3157236657404352,2.6451590074946463,0.1718071998152004,2.272895853033219
LegMomentum,0.2320110863426743,3.0252490810844264,0.5555616844911127,4.898734293991705,0.1546012759208679,1.8458005851535755,0.15659549497067923,2.3004421138190643,80,13,0.1003852709704486,15.946191170689888,3.8220574501452393,3.9258445612080335,0.0807543396949767,0.39596011014659827,0.9642826318740844,13.677810140119956,1.5734078884124756,13.582805914898875,0.01179986484348774,2.134150054877109,0.01182043552398675,0.6906294630548471,-0.6091252565383911,0.09500422522108104,77,41,17,83,0.8575301265848835,2.2435979625057225,0.25098860140237,3.375143658269662,0.12220145948231212,1.0095268604976975,0.0934501735215599,1.0799501923636134,86,13,0.031099193219396096,4.6136539027920564,1.772044472114315,6.655465024726674,0.06146737188100815,0.4445227803108458,0.3394531011581421,8.567869315564653,0.7892755270004272,8.447255747756099,-0.03264271329971961,1.3753537399947329,-0.024310953915119102,0.8369142926446752,-0.4498224258422851,0.12061356780855363,98,42,17,62,-0.43112495304836546,2.5514412842230794,0.13596688102309898,1.6498654468393954,0.1194728314876555,0.918470536686185,0.09672820767154913,1.258902806549765,95,11,0.03303936546826465,5.151032208356699,2.4727558941051493,3.1155388528181147,0.05435919761657705,0.32130135236930646,0.3952348828315735,7.484275784771235,0.9012941122055054,7.404461393911068,-0.018269767053425312,1.389230499119862,0.00502842664718625,0.6741488663347985,-0.5060592293739319,0.07981439086016748,77,34,16,83,-0.9742550754653853,2.0576358386413163,0.14298108782704538,1.7947341944343396
LegMomentum,0.29468744389333923,3.528116774991353,0.6735138486325738,5.4348683567770335,0.16082942485809318,1.9879347856886642,0.20723497974220662,3.0817393986771004,81,13,0.17644909959996607,27.04973293146953,1.4900035640096192,4.4879536887979565,0.08205005526542655,0.36273606526189806,0.990532159805298,18.44853857793768,1.695188045501709,18.373001543740006,0.06343317441642285,2.7095575148810185,0.0664339363574981,0.7212347837674165,-0.7046558856964111,0.07553703419767406,57,36,16,103,0.4162069344045729,2.3219287143040783,0.32699419283353076,4.4393728166286435,0.1399749666452407,0.616816257972361,0.11958632082736584,1.2599716934339522,94,8,0.04635842775351419,7.123725134972806,1.2043323917933586,10.408258391873597,0.07119661569595329,0.305512291183353,0.3394531011581421,11.211975541544632,0.9705239534378052,11.090502216875263,-0.02320578654762357,1.4577115205198252,-0.00350688397884365,0.7489034719083094,-0.6310708522796631,0.12147332466936851,85,47,16,75,-0.868900557421435,3.28595070950883,0.16915776214748365,2.2358001381869057,0.10082588344812377,1.2042972141997108,0.08510023560258555,1.0593747213695441,89,13,0.024982694130158384,3.9230984995045985,1.9992868748941568,4.147389872153514,0.0517487525939941,0.3561310187434891,0.3952348828315735,6.771951385196062,0.7610471844673157,6.746453470712568,0.0024961986579000867,1.2675993213761907,0.0088366568088531,0.6880278087335183,-0.3658123016357422,0.02549791448349401,69,36,16,91,-0.2877293387214332,2.1725073116828426,0.12532404417714507,1.5219364178411718
LegMomentum,0.33087714650313405,3.785672005551486,0.7473219153285026,5.810585627468609,0.28550587594509114,1.5532582643669788,0.25752528067678215,3.454708324226335,84,11,0.2271967511881266,36.092534065692064,0.8724826259024221,8.675973970090268,0.127101331949234,0.5700410445582043,1.0988996028900146,27.535949483807247,1.884004533290863,27.479458496433324,-0.014362554997205738,2.9579498516237783,-0.0081520080566406,0.8059828616370021,-0.7851049304008484,0.05649098737392296,84,29,16,76,0.5031538102522586,2.8533142920809347,0.3777346398197814,5.2290598333707115,0.12913449294865126,0.8735718925341933,0.11198847910709442,1.2701767842754637,97,12,0.041154261969118026,6.1611955598508255,1.6227356430887676,8.154044834107209,0.06520334631204605,0.39960322859287534,0.2821964025497436,10.563780338009906,0.9132672548294067,10.400573127165362,-0.03220178361516446,1.5103881038987472,-0.009882172569632499,0.850874251857336,-0.6310708522796631,0.16320721084454337,87,41,14,73,-1.1321634409030987,2.77960318968448,0.1576061770098136,1.9697520999993814,0.12388350069522851,1.3443984807916354,0.10211018058238548,1.1656231590680253,99,15,0.032121736654390734,4.758853322793655,0.24675766997081983,9.105124543375084,0.0622468590736388,0.31810293365462017,0.3481196761131286,9.637009488601874,0.7139319777488708,9.590615540604606,-0.03416749108582735,1.3422476719460832,-0.008896455168724001,0.6330264188419,-0.3658123016357422,0.04639394799726852,91,40,16,69,-0.49604213767046784,2.7718912115114542,0.13794053212129503,1.7196582538251532
LegMomentum,0.21939423563826638,3.210976915567415,0.5029918687045573,4.927307539487229,0.13169804215431205,1.75886351365572,0.15715820550918574,2.3986349856956397,87,11,0.12025117680129306,18.981989632843185,4.635258542438624,3.8207520475448034,0.0723914504051208,0.45088140448261854,1.0988996028900146,14.904790254947294,1.884004533290863,14.626525249962171,-0.014971280097961425,2.585355487092038,-0.0112155675888061,1.0156621184757761,-0.7851049304008484,0.2782650049851233,93,35,18,67,0.7133532172175865,2.216726011194497,0.274598110036759,3.5068399789848237,0.10315876454114907,0.7777397673557924,0.08781721622450274,1.017999097927252,86,11,0.028221562403779002,4.2666428765304305,2.171890815803607,5.823853188499189,0.0521946102380752,0.39028123959244443,0.3307550549507141,7.52426254227483,0.7916728258132935,7.457922748219471,-0.024810624960809942,1.2245053402340371,-0.01873850822448725,0.7044506315662233,-0.4609177708625793,0.06633979405535816,97,38,18,63,-0.6070986299134488,2.5896533714633683,0.1308815178496657,1.6634991879375103,0.05789794772863377,1.1107850967652837,0.06675191450864074,0.8819615263487747,96,15,0.017733267914657326,2.645173249807921,1.937864490637896,3.4474691833519975,0.0289184898138045,0.3771496568483401,0.2471676617860794,5.734562410411995,0.5815914422273636,5.591569954152665,-0.02173906164243817,1.1174467121611547,-0.0098962783813476,0.6338451223461586,-0.3344237804412842,0.14299245625933074,97,43,16,63,-0.8426264632258146,1.876988615099341,0.10333169718599401,1.1817301279429857
LegMomentum,0.22504611749095896,3.0384034847638617,0.5154495548084376,4.796025145955514,0.1292472183704375,1.1896906325861862,0.1506622684653848,2.2824609107584304,90,11,0.10285230143694374,16.2734038683997,3.5561472628404296,4.222737246215764,0.0641611516475677,0.3693027586586999,0.7736250162124634,13.670679956258827,1.581993579864502,13.604811249770435,0.01882597096264361,2.1166500530723744,0.0453619062900543,0.7062992728342903,-0.8083685636520386,0.06586870648839077,61,36,11,99,-0.6660201397242884,2.3495255263092,0.2536342559952077,3.4341223655001594,0.12145610526204098,0.968839498236006,0.09621587534842543,1.045242524814143,86,14,0.03160948784732009,4.820044460111567,2.2630290776573148,9.369471662895643,0.05938832461833955,0.3389148974803413,0.340383231639862,8.37962473602549,0.8471208214759827,8.302681262484567,-0.017600956303067496,1.4247495676391189,-0.01375125348567955,0.8323416313217494,-0.5067375898361206,0.07694347354092154,92,40,16,68,-0.6792175899434222,3.0066132203988754,0.1398872366781603,1.6703691596840833,0.07798074930906287,0.7976199126140144,0.0714661355502903,0.9045536588798107,88,14,0.020675992488029014,3.2229182260516382,3.7099814543849226,2.5823517031907164,0.0402968823909759,0.29048683230675865,0.3091592788696289,5.20937793097132,0.758660614490509,5.1005422894507175,-0.007926558516919613,1.2546255252440206,-0.0005199834704399,0.7464918288412548,-0.4495013356208801,0.10883564152060266,80,38,14,80,-0.9975479773444419,1.8998450693951108,0.11375650913756878,1.2840689301816328
LegMomentum,0.3263648476479393,3.798321630453626,0.73733229663223,5.901325660879678,0.19813367724418635,2.0983857621583253,0.23477239394560456,3.008282688514811,94,12,0.19684417704073623,31.337533967623575,0.7884632227048702,9.401706002037804,0.10163933038711549,0.6485491211315033,0.9682756662368774,25.623653377875936,1.776644229888916,25.4800167992426,0.004221413284540165,2.9977442380364834,0.028850525617599453,0.9530020685782715,-0.8083685636520386,0.14363657863333854,63,32,14,97,-0.1436819723062659,2.940216249009259,0.3518287037754927,4.727691133200502,0.1781156584620475,0.7121924813505844,0.12721600848832165,1.2431058593315436,92,10,0.046492569372230445,7.025819771819042,0.43193052565002477,11.110635713446575,0.08444462716579429,0.3493111244707039,0.340383231639862,11.358682538098128,0.8471208214759827,11.289635491969134,-0.031137247080914678,1.4575338003099583,-0.0039841532707214,0.8074062969902283,-0.5067375898361206,0.0690470461289929,84,37,14,76,-0.7721254506972821,3.351889968061528,0.16812193149894047,2.2139139533353713,0.12419134750962242,1.1334497758923905,0.10216016929480243,1.19213661762292,97,14,0.03191947726776689,4.936018075595624,0.9189851865061867,5.670208347766444,0.056874960660934504,0.3901688180121542,0.3091592788696289,8.707069913014747,0.758660614490509,8.646410128660177,-0.018147909548133615,1.4460476225332366,0.008196987211704199,0.8168269287845298,-0.4495013356208801,0.06065978435456968,74,34,15,86,-0.844621182090354,2.2883359166891224,0.14051236583425383,1.6867022111094772
LegMomentum,0.2855648584801891,3.3076281312820237,0.6596936666965483,5.231165800354729,0.18364094197750086,2.189329074028452,0.218500058632344,2.656305977241292,109,13,0.17171300959232583,26.011421870644863,1.6222727590267434,7.91480442903336,0.09339073300361625,0.4840864225770355,0.9682756662368774,19.663888110584487,1.9045225977897644,19.505765100506515,-0.07226216048002243,2.486892113578547,-0.01352316141128535,0.7981822832557899,-0.936246931552887,0.1581230100779707,89,35,17,71,-0.12217432537396608,2.967340595861714,0.3205322792570961,4.452728319363947,0.15310190990567196,0.7233258740886428,0.10103771050460635,1.0401584030968736,88,12,0.030778970174808996,4.6475424956273335,1.6064391375379383,8.002727275983737,0.07380762696266174,0.3273029781117652,0.2844208180904388,8.183098675421103,0.7916906177997589,7.953120045443391,-0.01924922754988074,1.3983725122081005,-0.01268079876899715,0.848031717029835,-0.5072697997093201,0.22997862997771293,86,37,17,74,-1.0098086010995653,2.8257755412467995,0.13778599247110107,1.6407610468097238,0.13933527469635,0.9095701530665685,0.11220187275670465,1.1215286422376824,108,13,0.03969456651846597,5.474643080691041,0.8469832840581311,8.59699041997324,0.061656638979911756,0.3467306895897822,0.1584551930427551,9.035523713878703,0.6797773241996765,8.943814910222045,-0.0562896715477109,1.3459011745680818,-0.013021856546401901,0.6605885050722775,-0.5213221311569214,0.09170880365665743,88,39,16,72,-1.271981858572523,3.0411821167182738,0.1475692420819667,1.913946997434176
LegMomentum,0.23972854950882852,3.4728290938629534,0.5728850615769623,5.517295503302207,0.12772551178932182,1.7868734013313616,0.1648554991977289,2.6424131747696253,87,12,0.13460167473551268,21.40180160675904,4.271467577103252,3.719671110730671,0.06205654144287105,0.46353806090647265,1.072197198867798,15.51964509822943,2.008444130420685,15.48143056495539,0.00974600650370121,2.4289856697883896,0.0226108431816101,0.6789177523371323,-0.936246931552887,0.038214533274040126,72,40,13,88,0.14167139261924558,2.220807688674502,0.29079126416147577,3.937236368662883,0.1237458176910876,1.070419320364834,0.09979562578373587,1.271675069484508,74,13,0.03913474102398347,5.9166140301222505,3.9286568059614373,4.887247051525468,0.05800208449363705,0.47155832626153327,0.393559455871582,8.438228223208382,1.003231406211853,8.313897818861449,-0.02583826449699699,1.5564705839079747,-0.0318692326545715,0.9580851017492489,-0.609671950340271,0.12433040434693328,102,41,15,58,-1.0717841117681717,2.3207607813923787,0.15472953795167882,1.8692280095139326,0.08337323740124694,1.0552040052577438,0.0934122494922485,1.1901960181827018,109,13,0.03381733757065824,5.212442626943158,2.5060192186862045,2.706707350661853,0.0415545329451561,0.5032571210009199,0.2705423831939697,6.7737762412358675,0.7918645143508911,6.7236937157517485,-0.02243471210822464,1.531839249605842,0.0044180229306220505,0.9629880857884159,-0.5213221311569214,0.050082525484118824,74,41,11,86,-1.350704106988118,1.9202456432166504,0.14409123480962852,1.692900215697951
LegMomentum,0.28456644237001616,3.767927755432142,0.6576947958953676,5.853149675954239,0.16087935864925376,2.3833150035377035,0.1914131830818951,2.9434257221595903,74,13,0.1692772022623962,25.706397184056968,2.618672280002362,6.530741168175052,0.0869822800159453,0.38941797416604523,1.072197198867798,19.587079614842693,1.8575741052627566,19.4610375575644,0.0717256210744381,2.671282210867077,0.06190025806426995,0.628189896574665,-0.7853769063949585,0.1260420572782956,58,36,15,102,0.45142778618757345,2.570391260451885,0.31825575996385724,4.309367532940544,0.13277184218168245,1.5647134672394076,0.12728510759217895,1.4036451867381359,86,16,0.054870849992813005,8.411407018953376,1.5646195345752592,8.832685323364144,0.07018707692623134,0.5619286222578302,0.393559455871582,11.938430757250856,1.003231406211853,11.825034237364967,-0.025002484291326253,1.8609666345202494,-0.01125517860054965,1.0384586585488629,-0.609671950340271,0.11339651988588814,84,39,13,76,-0.8839780045061989,2.8769752612176775,0.18406768518490257,2.224457283059343,0.08794208243489254,0.7111727660677759,0.08271459466777738,0.905128459241266,100,11,0.02380697619439252,3.7522843928507177,2.01560923465534,7.29672628164564,0.0443800911307335,0.3801335358604483,0.2705423831939697,7.622288233904459,0.6840383410453796,7.416388882100635,-0.0029583273455500688,1.320900830566913,0.01175457239150995,0.8429231777765183,-0.4134959578514099,0.20589935180382396,65,39,14,95,-0.9347721732319577,2.644185804329637,0.1223279782385718,1.4168646331454384
LegMomentum,0.2808125605439188,3.550839930346005,0.6487930808030067,5.571349289972572,0.24466848373413072,1.7619553230002158,0.20814142286777493,2.4607752848522026,104,12,0.1534774874293967,23.519279016480624,1.8487201586684012,7.973510688840404,0.10923197865486134,0.527835699321918,0.9651731252670288,18.6019339909105,1.7505500316619873,18.450327018336278,-0.05960797220468521,2.5816396371618437,-0.023651808500289848,0.9227097078440937,-0.7853769063949585,0.1516069725742211,92,32,15,68,0.1591166809288056,2.9434992256515407,0.3048790984921351,4.105412987790083,0.11183069646358476,1.8129795168695257,0.10297635669368899,1.2634673316818648,99,17,0.03898511415552103,5.92559510097142,2.60306451857332,5.209351172005267,0.056650862097740104,0.48267805201743297,0.3711449801921844,8.548164728032363,0.9663163721561432,8.518251250180231,-0.027827555814292283,1.705881368473994,-0.0032763183116912,0.9134845154408638,-0.5951713919639587,0.029913477852130835,84,38,16,76,-1.3052445887012216,2.14900611600567,0.15407691776602955,1.7365378941056007,0.13946507871150965,1.2278036566508128,0.105288564809598,1.1581872305715348,99,14,0.03308660207056555,4.659643105749817,0.4515013922299449,6.000075437858333,0.06592479348182664,0.34985450844529675,0.2686842679977417,7.649916440582912,0.6858335733413696,7.589167693279981,-0.04679774306714535,1.2838282843367352,-0.0076929330825805005,0.5902910958621855,-0.4171493053436279,0.06074874730293099,86,39,15,74,-0.7846168583076192,2.524749650772528,0.1364015438704376,1.7353466633750192
LegMomentum,0.21465997125321962,3.0485116143720945,0.49858583372086274,4.755573942687475,0.12505795061588276,2.36759398091436,0.1492048681341111,2.449066761728211,82,14,0.10903437843210029,17.26305630276297,4.0477197022915625,3.569439881921326,0.06078058481216425,0.3671225266690255,0.922528088092804,13.88451786958552,1.5572497248649597,13.81534114768304,0.0018435396254062653,2.2655064447088815,0.00641182065010065,0.5924990014655176,-0.6347216367721558,0.06917672190248135,76,41,15,84,0.7403864256807783,2.1508216560010815,0.26186191162800176,3.482892024129587,0.10580326989293096,0.6364334834782613,0.08753917103167622,1.1416934768378149,91,11,0.030874241068624388,4.642060795866789,4.509068291780911,5.969887799336565,0.0526213198900222,0.30817942441098356,0.2640837430953979,8.592998957602763,0.8592551350593567,8.582821711523579,-0.029832595959305746,1.379225042743726,-0.01973028481006615,0.7846865839482919,-0.5951713919639587,0.010177246079185012,107,43,16,53,-1.4403820736123754,2.3869015661777913,0.13609621785499504,1.6552338437016554,0.08294936269521705,0.7190840968001961,0.07427192530594763,0.97565932751555,100,12,0.019879036602876935,3.0885939148306556,2.600278546201176,3.4026839484368905,0.0411654710769653,0.26697511396489554,0.2686842679977417,5.47052435238696,0.6858335733413696,5.369760700358961,-0.009429496340453637,1.110842455234867,0.009792506694793649,0.5548126292458797,-0.4171493053436279,0.10076365202799861,70,40,14,90,-1.043046499581048,2.068014135670335,0.1114139314733717,1.361845422387735
LegMomentum,0.2785064349337877,3.70391889323763,0.6284467566572128,5.729383237601241,0.1317078769207,2.0354589216063452,0.19165904659312216,2.8929537019903346,75,12,0.1704659423243753,26.05597057739666,1.952600309134053,5.925541848609498,0.06780940294265735,0.42909626972650755,0.9435014128684998,18.72508535448503,1.671419084072113,18.607701339618245,0.06387341432273388,2.8175309830382833,0.0560409724712371,0.9636623761902068,-0.7279176712036133,0.11738401486678682,52,39,15,108,0.3810213491114718,2.51690233024165,0.3211009377468052,4.256464464437121,0.18910537660121915,1.1700874839587678,0.11471686724617028,1.2331735580228584,85,16,0.04340021074705223,6.679994714606559,3.224046532276362,8.254716864202758,0.0855313688516617,0.4840791547458347,0.2741794884204864,9.925273903693283,0.9971343576908112,9.867389112088016,-0.022854126885067667,1.7183780159695718,-0.017131119966506902,1.0943333568679938,-0.7229548692703247,0.05788479160526626,98,44,15,62,-1.2873103046293102,2.763754504966874,0.16361581200588013,1.9305884359021308,0.08616234548389903,0.779532623839448,0.08027224741235839,0.9216740843223404,105,13,0.02225973323616786,3.4324398381423684,1.5676406952267703,6.242466773288561,0.03899843245744695,0.3453855175989227,0.2439838647842407,7.044381081475053,0.617221713066101,6.988437055117745,-0.01698098541237415,1.193474238593386,0.00851754844188685,0.7514316017753331,-0.3732378482818603,0.05594402635730748,72,38,15,88,-1.1761884953552495,2.5596382253519137,0.1170882778595078,1.4170600128280757
LegMomentum,0.2844655617874382,3.425807975783963,0.645695947576314,5.329472508385046,0.20748293399810785,1.2699051171909495,0.2178940604021772,2.8275668616212535,107,9,0.16545361619845797,25.66561432787108,1.4292223487485236,6.930305637405267,0.09068793058395384,0.38110579500089403,0.9435014128684998,19.8920248305088,1.7121503949165344,19.87795560872629,-0.053399679437279704,2.36683252408638,-7.158517837524997e-05,0.6413127428172434,-0.7686489820480347,0.014069221782508553,80,31,14,80,0.030789188892174062,2.7670554151532616,0.31810284221291,4.479254193590489,0.12369062751531584,1.0851559681094263,0.10084084069982051,1.1234969502797367,91,13,0.03749531918832373,5.637522315933005,4.099383679832705,8.303096102936193,0.0610901415348053,0.46364460737387486,0.2741794884204864,9.506282367864051,0.9971343576908112,9.225566554380334,-0.03391208221437409,1.6448533305893114,-0.0202204436063766,1.07116035576846,-0.7229548692703247,0.2807158134837175,93,41,14,67,-1.5729825128349697,2.729951019160465,0.1497487881244536,1.712302495700527,0.12621514499187464,0.7459913915491925,0.1008739691734081,0.944449952353187,107,11,0.03335949618360036,4.364587271087899,0.41744136156329237,8.118077120834057,0.0504490286111831,0.37596505873898955,0.2406622022390365,7.954941525898849,0.6945691555738448,7.820259345668002,-0.05974966757930815,1.3177866537093559,-0.0225475430488586,0.8370266833767248,-0.4539069533348083,0.13468218023084702,100,36,15,60,-0.8944348857266367,2.921840783622074,0.13186485301451928,1.6211186281063446
LegMomentum,0.2068564779062129,2.695740887597665,0.47168341673910597,4.239544004971002,0.10048282146453846,0.6807665863115127,0.1410133589431643,2.205720753342151,82,11,0.09895993965292291,15.755632360750889,3.468398060442161,4.671197076686964,0.05055314302444455,0.25346322147435507,0.8295816779136658,13.851468643253938,1.5982306599617004,13.693435332110816,0.0062967374920845035,1.9993921996240533,0.0074029266834258495,0.6384707100762427,-0.7686489820480347,0.15803331114312127,71,39,13,89,-0.19155755114658526,2.464579690157712,0.24939738869791916,3.429003236048834,0.11566193774342533,0.7788724284709584,0.08620593345258382,0.9373407451854121,74,12,0.023620430931624296,3.5831449494107517,1.3843158180847226,6.579675152386818,0.056412711739540045,0.391468690319396,0.2718596756458282,7.189486467787339,0.6778221130371093,7.0974576136532646,-0.01886922027915715,1.1838017867595043,-0.02923291921615595,0.7287159218867888,-0.4059624373912811,0.09202885413407481,95,40,12,65,-0.5284765219589201,2.6197169252861756,0.12040485941977666,1.4770776144386446,0.07039061933755865,0.49898266507480293,0.06662769965711046,0.8027178244474446,99,11,0.017375113643184812,2.674126742525715,4.424467396839402,4.74508519833443,0.03614613413810725,0.2231160087539836,0.19936203956604,5.54551366476883,0.6532689929008483,5.489228838473643,-0.01628558831289411,1.0563500185874435,0.0004067122936248539,0.601383167022322,-0.4539069533348083,0.05628482629518672,80,39,14,80,-1.6452465291641365,2.3978459080851358,0.1032514212504234,1.248299395480116
LegMomentum,0.2625453106237511,3.1619959862224927,0.5887461475282906,4.911707834624351,0.1449703723192214,1.4164131828115922,0.1891122913127765,2.7256279048516654,73,11,0.1505239956268323,22.96735480202187,1.636532777107842,5.984111066039652,0.0711597800254821,0.39037763751417887,0.9697043299674988,18.04742947129854,1.6256625652313232,17.93639674765709,0.0639899481087923,2.4032770679522537,0.04396522045135495,0.6366357107803842,-0.6559582352638245,0.11103272364145038,55,35,16,105,0.3109987351767356,2.5822297181091542,0.3009131324248162,4.146277141807659,0.15212228894233693,0.6351865257607888,0.10139814750291402,1.0588626195421795,80,12,0.02934493229127238,4.549086639605132,1.001892518918888,7.887007752703042,0.072619218379259,0.3349672158645654,0.2718596756458282,8.741350208607958,0.7234020233154296,8.51913722318444,-0.0022088238736614574,1.4194284708545684,-0.0021794438362121,0.8919465914825305,-0.4515423476696014,0.22221298542351856,81,39,14,79,-0.7643621554591948,2.6743907481905564,0.13583454152325575,1.5919514614876278,0.08332660049200055,0.5640191357816096,0.07434256346896287,0.8317931330035271,100,12,0.020515191486723684,3.205570212766708,3.536405971888092,6.902616674363591,0.044300571084022494,0.23023665399043736,0.2097060680389404,6.573206294832017,0.6314524412155151,6.515578382903124,-0.01217583157122135,1.0890022958175283,0.0060232281684875,0.6056969817556153,-0.4217463731765747,0.05762791192889331,76,38,16,84,-1.595631303782933,2.800952241698128,0.11293118650436902,1.4211418692272988
LegMomentum,0.25938857150405836,2.9209638947142214,0.584759072109591,4.440182326464223,0.2079885154962539,1.1499419563511122,0.20667001367546617,2.8361950433137038,109,11,0.1563500169951969,24.2368928239151,1.5657686547087728,7.01669336349717,0.0981865525245666,0.20955225174265635,0.9697043299674988,19.926954640380135,1.6759971380233765,19.815478895009782,-0.05192631855607034,2.306616198499963,-0.014884322881698601,0.43540973262229876,-0.7062928080558777,0.1114757453703518,86,31,16,74,0.16180821557294972,2.739621999005369,0.30922490736363617,4.349300465216525,0.08714762702584258,0.8345463615735739,0.0748786525526884,0.8828331008161756,86,14,0.02030690981299558,3.0697764665750067,2.8578180395390786,7.5487493964156585,0.0415686927735805,0.35969808887345206,0.2211485505104065,6.915792197016445,0.6726908981800079,6.827323305194466,-0.021692381748289337,1.1057632428623696,-0.015053257346153249,0.630852359857551,-0.4515423476696014,0.0884688918219789,92,42,14,68,-1.2436703698236313,2.703080561743955,0.11089690019411212,1.3590673704086575,0.12220712378621092,0.49989265943390643,0.09573799020145086,0.9645859376167835,110,9,0.029939902388918062,4.078381940106335,0.8943435969159061,9.22189148107185,0.043975323438644395,0.2515794062215432,0.2097060680389404,8.000355678765338,0.6314524412155151,7.9344895212546165,-0.051259333454072464,1.0278028851018899,-0.01120513677597045,0.4912862120709977,-0.4217463731765747,0.06586615751072147,94,37,14,66,-1.175551164536525,3.2027023615004175,0.1272245367217677,1.7383909714107944
LegMomentum,0.18856872460875854,2.51927132022362,0.42292188682360554,3.9014479504473227,0.11690171062946308,1.0083891295157925,0.13661506678909058,2.1576639175610257,90,11,0.08920155912949511,14.166787027725094,3.542037585213329,4.536655740359708,0.0580252110958099,0.3620473216396363,0.7561357021331787,12.563149896444084,1.4624285101890564,12.512160860007782,0.006252260506153106,1.9416276140426867,0.0188753604888916,0.616982335007531,-0.7062928080558777,0.0509890364363031,65,36,16,95,-0.5051407742713557,2.384653179959221,0.23677473028202017,3.22441765844811,0.0711298612877725,0.671556427818149,0.06445675940414727,0.7726730215707976,77,13,0.01865446188722667,2.726487347915708,7.752645805986756,7.504118766630619,0.03493124246597285,0.3610514864290315,0.2781708240509033,6.316313294011924,0.8870624303817749,6.255948292890434,-0.025439665788144328,1.073276112022147,-0.02620632946491235,0.6600986016876955,-0.6088916063308716,0.060365001121490215,110,41,20,50,-1.4795305333021624,2.7345412375450655,0.105266894503181,1.2548170126669198,0.060099819675087846,0.44377670965421934,0.06061074716155414,0.7521811565528091,107,10,0.014146857391035566,2.1605687001281546,4.019068681449161,5.408983293121791,0.0309555530548095,0.1773316386150863,0.1705303192138672,5.086638638544393,0.5371946096420288,5.029564742258637,-0.01604698849841953,0.8865442243824885,0.004798665642738301,0.4720522852258102,-0.3666642904281616,0.057073896285755425,69,40,15,91,-1.9589761686979263,2.5279428841876417,0.09294228968615134,1.172436795030848
LegMomentum,0.24469207546142205,2.987209577558603,0.5507299187406896,4.7163186971789415,0.1441985666751861,1.1530112977393938,0.16696342133451253,2.408081501916553,83,9,0.11930461539825284,18.23845624457483,2.1315496338361326,5.935667766759288,0.07271745800971975,0.34500151571738513,0.7561357021331787,16.856688087251623,1.4727039337158203,16.713645381827416,0.056054290011525156,2.1298692868138693,0.059708684682846,0.5967764044287913,-0.7165682315826416,0.14304270542420724,50,31,14,110,-0.3365931539185806,2.584197400052461,0.2680904779125566,3.7016365388381676,0.1338414624333381,0.9262718502889888,0.10124216389522185,1.0945914877346388,85,13,0.03287468891400159,5.065827821250217,1.8342613762173494,9.078518522923202,0.06229834258556359,0.3740920271439767,0.2781708240509033,9.57123384450081,0.8870624303817749,9.503743391035316,-0.014216642105020582,1.4676776841644608,-0.00903877615928645,0.8161983676849311,-0.6088916063308716,0.06749045346549394,88,38,13,72,-1.0159670157953316,2.8450129290353057,0.14308221732354667,1.7063850786548334,0.069541037082672,1.0419568954654321,0.06801571957767008,0.8515718854794524,110,16,0.01801071052726094,2.8059335127571012,5.107740707708256,5.4761835014771485,0.03495439887046805,0.28904081433684614,0.2190252542495727,5.653607791619864,0.6680949330329894,5.558068712430171,-0.012601393461227425,1.1187717262006107,0.0079904198646545,0.6280444834999226,-0.4490696787834167,0.09553907918969261,68,36,15,92,-1.883255824669443,2.4003665333414843,0.10567732523609319,1.246709002699189
LegMomentum,0.25631064646362095,2.970239208765197,0.5967157982289789,4.579504139138001,0.18375606834888447,1.0175854925161298,0.2032158757094294,2.528350451777723,110,11,0.13642525702978592,21.048414951187706,0.9663354669244177,8.303053831444538,0.09057018160819999,0.3613768289067505,0.7433048486709595,18.917216548862637,1.5540555715560913,18.85891272130259,-0.05349281392991543,2.190032336290188,-0.00028270483016965,0.6013031884661351,-0.8107507228851318,0.05830382756004555,80,31,17,80,-0.602595916063074,2.9570182513923373,0.28796279372086014,4.031398431957706,0.10666212439537037,0.5597353931961686,0.08333490661461834,0.800967013874064,86,12,0.02167343478960531,3.2948555919214795,0.8762643835929405,9.176633529848754,0.054294159635901354,0.29292592549530444,0.2066045701503753,6.812489544764986,0.5597939193248749,6.738939396990979,-0.01747870235703886,1.0643815195123805,-0.01305538229644295,0.6928176799278025,-0.3531893491744995,0.07355014777400715,88,43,13,72,-0.6935780987389073,3.1725489792294956,0.1154281794504167,1.4703562741193017,0.11939672380685795,1.2333523652730503,0.10701338748913256,1.2191370156785852,110,14,0.038947826794665644,5.269263001151712,1.4161297415641316,6.765660060190621,0.0501369088888168,0.40652605076735904,0.2190252542495727,9.052902580218811,0.7148948311805724,8.959283087380687,-0.058965510316193105,1.3250902833354319,-0.0143184810876846,0.6080788753749693,-0.4958695769309997,0.09361949283812424,94,35,15,66,-1.3721079602817723,2.645181063940396,0.14490234521956594,1.8744062372286685
LegMomentum,0.2072765149148646,2.793332619210533,0.4813703947141764,4.375317419143187,0.10753481090068812,1.830503665569216,0.14220484844408926,2.3533585241206363,90,13,0.10562278326791538,16.741270469211955,4.228616774165466,4.2021888985076234,0.0529667735099792,0.36394310728541546,0.9245997667312622,14.30142952872113,1.735350489616394,14.231499752269926,0.01747179515659809,2.1524818605932965,0.027800172567367498,0.6918219275889413,-0.8107507228851318,0.06992977645120338,56,39,14,104,-0.09011023971750122,2.31554143268262,0.25714245062985525,3.4796684194084895,0.10312112420797337,0.5777866056710501,0.07610304864851056,0.7319435294347933,77,12,0.018046954905933287,2.658672553093039,0.9553674326711383,10.074010205797322,0.05082964897155755,0.32073647731735333,0.2345668226480484,6.542097040944281,0.5800254493951797,6.491612103826939,-0.024063119222410008,1.0423463506190112,-0.030494719743728547,0.6791995594172331,-0.3454586267471313,0.05048493711734181,100,47,14,60,-0.4242091198287612,3.1303659554303542,0.1037670982355331,1.253868668738584,0.07651337608695015,0.7891583584624127,0.07926415376132351,1.067082270466463,110,10,0.025720081767698244,3.9725615121666698,4.694800521200148,3.1601633456936407,0.037809818983078,0.35288622847200024,0.168156698346138,6.066359109340786,0.6640262752771378,6.001502052875056,-0.019615965429693467,1.180489207930879,0.0099386870861053,0.5611560946990539,-0.4958695769309997,0.06485705646572983,71,40,12,89,-2.1443732225790564,2.1292990784259143,0.12565407242526627,1.605928622985902
LegMomentum,0.2993030570330877,3.867033209334825,0.6825222754478453,5.870847793924222,0.1566201001405715,2.7611216150186007,0.21216394904069605,3.347172068839451,73,14,0.20859634889346096,32.10990111582961,3.1649431050819707,3.4186822765753675,0.07585158944129941,0.48388834859204566,1.429490566253662,18.365549494473505,2.201068162918091,18.182558053588945,0.06778126135468482,3.1438162063856305,0.051981598138809204,0.8001353758306738,-0.7715775966644287,0.18299144088456193,49,37,15,111,0.7945603298002343,2.0909679806596415,0.35576604377664267,4.714479905174767,0.18515036255121223,0.7184042258879885,0.12300035192165522,1.1550941277512756,90,9,0.04070045243297091,6.340731017498529,0.44982471404932767,12.037780585558187,0.09510605037212365,0.3283067025175979,0.2754406332969665,11.303090193950995,0.7564134299755096,11.0424049887633,-0.013720635510981082,1.4510248806216857,0.014817327260971049,0.8018455321715192,-0.4809727966785431,0.2606852051876952,75,45,16,85,-0.8297715239598014,3.4595533759256165,0.15939990272254353,2.0579742013240483,0.09622847288846963,1.250458986884156,0.08240310584078539,1.1565384316974132,95,14,0.02776184275667256,4.36735068829434,5.63310204884935,3.971779397911125,0.04787006974220265,0.33915135509658506,0.2420017719268798,6.769002750777878,0.7986996173858641,6.74491878289768,-0.0038063668645918424,1.2760067069169063,0.01313421130180355,0.6090437240613507,-0.5566978454589844,0.024083967880197343,66,37,15,94,-2.0324809369441934,2.1968425422841444,0.13208216727634006,1.6550400515387576
LegMomentum,0.3030935130833926,3.81112085429329,0.7004512093868105,5.836971545228411,0.22645251452922815,2.837129451532772,0.22733940330334007,3.2788002323849206,94,14,0.20603732254560458,32.01164153050966,4.120076990130252,4.7108435252241865,0.1031480729579925,0.3961836133315156,1.429490566253662,20.238416356663038,2.201068162918091,20.11845928189911,-0.05864234678447248,3.0571524912207986,-0.02403065562248225,0.6473912885797182,-0.7715775966644287,0.11995707476392724,95,33,16,65,0.9874851845394994,2.3091200240778296,0.35513753453037666,4.76082557713808,0.1110643371939658,0.8978115987988515,0.10372476687341985,1.1917078723583505,93,11,0.03555692511118964,5.534234868157107,1.4259001739512112,9.123584427193075,0.0569071918725967,0.41462113070563433,0.2754406332969665,10.265094899262998,0.7564134299755096,10.22665249866012,-0.015851470042252916,1.3548326081478115,0.001914769411087,0.7321090061162521,-0.4809727966785431,0.0384424006028772,79,45,16,81,-1.1135904541152084,2.962241529598725,0.14869430577718526,1.9231909608919509,0.13713110238313664,0.985622947867281,0.11099977274425324,1.2164741967028263,100,14,0.04322627021820694,6.254544233909707,1.776404790373312,9.68426921617463,0.0700176060199737,0.3622646391470024,0.2420017719268798,10.875534150681325,0.7986996173858641,10.820290799039528,-0.048758322931826116,1.424986445859802,-0.0196887701749801,0.6744413781293178,-0.5566978454589844,0.05524335164179719,90,36,16,70,-1.2456082596925035,3.096516798467183,0.15746112973481305,2.0552269614389447
LegMomentum,0.2100493676959699,2.952283527749878,0.4830930285993962,4.573548121419927,0.1277219206094741,2.562364282854647,0.144933671252802,2.515570291568133,77,15,0.11013783415720439,17.534158278712535,5.333806847219305,3.4660751825564686,0.06758165359497065,0.3833669520685251,1.0451717376708984,13.902017868221845,1.78154718875885,13.861914197617148,0.0022579364478588103,2.3029665386136853,-0.00422450900077815,0.6185091789517533,-0.7363754510879517,0.04010367060469699,83,40,11,77,0.7508909851070044,2.09198186092095,0.2631804471169054,3.4972136624373182,0.0948730409145355,0.8391592219009217,0.07919291962265558,0.8776694689678248,79,15,0.022581797011901026,3.395503391985882,1.8945726545316015,8.112969802693062,0.047422528266906794,0.31667693454743845,0.3428317904472351,7.188039367074315,0.7450452446937561,7.133238915435178,-0.022035402635810882,1.1254592333976323,-0.02377146482467645,0.6271840974340556,-0.402213454246521,0.05480045163913693,105,46,13,55,-0.47157160472861626,2.8801002011673673,0.11710582931042052,1.4590561695650708,0.09994190931320182,0.7600582929428468,0.07684951401315628,0.9263940753493591,100,13,0.021216800704934095,3.290747200414123,5.181460018693729,5.813312452633534,0.04549518227577205,0.2867983822344047,0.2383036315441131,6.794686635934033,0.7366558611392975,6.706228052375282,-0.015163677744567405,1.1451223494086102,0.00927925109863275,0.6469148590432933,-0.4983522295951843,0.08845858355875039,68,39,15,92,-1.8690918983056368,2.4916648977512907,0.11450989715416231,1.40692643919255
LegMomentum,0.25741018338389443,3.3269010375671435,0.5777076547406612,5.0373831305920636,0.14708714187145225,2.8669435069766394,0.17747429441660642,2.8462238191118594,72,13,0.15099704164742153,23.030354808627624,2.840327221114843,5.150798962466309,0.07713270187377924,0.38592817417405656,1.0451717376708984,17.804238119246577,1.7572613954544067,17.659392909787023,0.06301711685955523,2.6330094214902537,0.0537241995334625,0.6837931332905999,-0.7120896577835083,0.14484520945955445,55,36,19,105,0.7029128985121205,2.349125688172892,0.3016132623284747,4.012183469754491,0.11736482009291635,0.9862053925369656,0.09429237172953434,1.0441219091972695,79,14,0.028797005884223025,4.34510906882622,1.075051206155547,8.919278514771019,0.0609305351972579,0.42170377296315853,0.3428317904472351,8.398862487013902,0.7702549397945404,8.300740081457127,-0.02283526229439302,1.2957679485974964,-0.026159822940826402,0.765762690053274,-0.4274231493473053,0.09812240555677654,102,45,15,58,-0.3494629786696411,2.8796330053957884,0.13261446262263393,1.632817960525195,0.09618123620748506,0.759745192560091,0.07959035016596314,0.8902905108354975,104,14,0.020416821273335568,3.1851906717300955,1.655587638671233,5.097796951968247,0.04795114696025845,0.3243057499454066,0.180726557970047,6.337972889792687,0.5766542255878448,6.252073927827392,-0.009856459870934498,1.108605760504314,0.0110662281513214,0.5805274126067284,-0.3959276676177978,0.08589896196529548,66,41,17,94,-1.2533885517041412,2.4287543610993203,0.11288492942023398,1.3986364572349554
LegMomentum,0.30783914895248204,3.5243028069988314,0.6979834842123089,5.442608830984671,0.19086548686027527,2.0705698755678776,0.23398735214024774,3.075408677410155,84,11,0.20071777026893925,31.84845498561447,1.0313724250950989,9.171283105212643,0.0929326713085174,0.31579475045450667,0.9922670125961304,23.268354883141345,1.756669819355011,23.074157658274842,-0.02228463962674141,2.843197862751883,-0.0145486295223236,0.7616995499442248,-0.7644028067588806,0.19419722486650398,85,29,17,75,0.3716868721973947,3.018454921461448,0.3545953509253967,4.874903168151917,0.10431774333119384,1.1499797978487285,0.09372586914687416,1.104471373526778,99,15,0.03244310995604029,4.467095268136526,1.5804408528413818,8.68829844190767,0.05335086956620215,0.3614928694768691,0.2631945610046386,8.829902544691363,0.7378244996070862,8.749814762837332,-0.0496826716698706,1.299606725125778,-0.0255104303359985,0.6811240535947567,-0.4746299386024475,0.080087781854031,104,43,14,56,-1.0531454064119792,2.8181267441971007,0.1338677686376341,1.6667686186583839,0.15634614229202254,0.7168164202307845,0.1150472152419388,1.0764262529875892,101,10,0.03661671878833061,5.410741539053443,-0.0641923079255231,9.849868071186517,0.0604973435401917,0.36342263951718695,0.2320331335067749,9.857075967010152,0.6637443900108337,9.796284271334626,-0.039292733371257785,1.2998042431070118,0.0023729503154754,0.7438720345960519,-0.4317112565040588,0.0607916956755259,78,40,14,82,-0.7759415320842119,3.2123721435425923,0.1465460808354262,1.9290542938586386
LegMomentum,0.21429914713933726,2.8354407206873167,0.49911649456247664,4.394886775179188,0.12516468763351432,1.2553116256128936,0.15478376168292013,2.508074546292176,79,11,0.11758625363193137,18.729392820261662,3.6235221186993662,4.0291714366415805,0.060943812131881596,0.34814761673762795,0.8969661593437195,14.582007052474175,1.6613689661026,14.537306704957551,-0.002153769508004186,2.177929390792904,-0.0025122761726379,0.5979158503181901,-0.7644028067588806,0.044700347516624946,82,37,16,78,0.20845669766998393,2.3077431066680245,0.271935563578915,3.739788281304453,0.10285631008446215,0.7311410321650806,0.08087284679291767,0.9512453650527255,88,12,0.024753233702433715,3.6031696145054832,2.9104464177899043,7.596341846022048,0.05335086956620215,0.3346307285469372,0.2984546422958374,7.737028675344904,0.7730845808982849,7.58635316633515,-0.033025210280902675,1.1843730957340284,-0.026066645979881252,0.6589430052467746,-0.4746299386024475,0.15067550900975418,104,40,15,56,-0.970232602093918,2.7116882826117368,0.12029358865550925,1.4833846381188112,0.07686948776245107,0.5149937286634638,0.07553002985659982,0.9495081513001705,105,9,0.02069220882790049,3.2487776737161096,3.284891943397362,4.509705660953737,0.03559851646423335,0.24771740705514583,0.2320331335067749,6.084312269029749,0.6637443900108337,6.022977180729807,-0.007947267964482318,1.0325842886522556,0.019296288490295348,0.5120330097332746,-0.4317112565040588,0.06133508829994198,57,37,15,103,-1.6132289819950094,2.4051810083097513,0.11379987487403903,1.4773446992982457
LegMomentum,0.23558891503579557,3.0583788127336033,0.5408315468579529,4.765566280874712,0.1482316851615905,1.9446855806715095,0.16021767705678935,2.3388815829447687,90,13,0.11176541093171878,17.62127923199415,3.8095881649992593,4.460391260475986,0.07415941357612604,0.3943030083985924,1.0063601732254028,14.587342226934853,1.6816757321357727,14.574699089449295,0.02303673028945922,2.313603681718117,0.0400069653987884,0.68771409665619,-0.6753155589103699,0.01264313748555754,62,36,15,98,0.3530554267213269,2.343435463207345,0.2641186904717234,3.502644320500517,0.15837337821722025,0.781256362905419,0.10106365037790961,1.044419448354839,75,12,0.031120858647620535,4.827225863996905,1.9468611762696577,8.650951240205943,0.08172811940312386,0.3324654351634089,0.3021831214427948,8.936677568788442,0.857213705778122,8.748117983852868,-0.0060741566587239485,1.4491847567237972,-0.0102510601282119,0.9152327789440495,-0.5550305843353271,0.18855958493557293,90,37,18,70,-0.7209321090802256,2.8535617584454798,0.13977031032537252,1.6513901431449485,0.08902568370103833,0.578825010830911,0.07292296823114153,0.8129090106818588,98,12,0.0175219388509339,2.710694516687358,3.1066891182842395,6.239498518211285,0.0440885424613952,0.28247798166578764,0.262367844581604,6.136422991543436,0.6753602027893066,6.038273257359274,-0.004820342361927044,1.0027778424327987,0.0129369050264358,0.5773259722914019,-0.4129923582077026,0.09814973418416248,63,38,13,97,-1.2721771944377638,2.6263241521526712,0.10486517768384389,1.3058066914414166
LegMomentum,0.3289455818208279,3.490733793932684,0.7421666152402756,5.297954818033996,0.3153328895568847,1.8571840201101992,0.24764022350311277,3.0372583711483685,88,12,0.2076426005453038,33.071716110228984,0.915415078745847,11.47881626534283,0.131841629743576,0.2934760389077223,1.0063601732254028,27.446986446175703,1.6999583840370178,27.31368034732389,-0.010931600630283362,2.6604221318764787,-0.0021364390850067,0.5644354253147447,-0.693598210811615,0.13330609885181335,82,27,13,78,0.5112228635702534,3.3124169827526226,0.3612098822951106,5.098418400881865,0.1654276847839355,0.7105295914926697,0.1184014579176437,1.1779680997185733,92,8,0.042483592356662554,6.5791061413950445,1.0108879410227658,10.041225011315044,0.085980199277401,0.357882396465798,0.3043029308319092,10.826671243900137,0.8593335151672363,10.721489840523763,-0.018799205240793527,1.4193029126046353,-0.0089482143521308,0.829100165189417,-0.5550305843353271,0.10518140337637438,86,40,16,74,-0.8388746961771428,3.2565075794229776,0.16236873976557262,2.136512434709202,0.14568444341421116,0.617303214272093,0.10545516284415495,1.0982016931200373,109,11,0.032680556263271605,4.8864603486509655,0.9162086860401351,12.768856183994743,0.05528722703456875,0.3120578047541053,0.262367844581604,10.76511290203425,0.714076817035675,10.750694370864919,-0.031931569613516335,1.218229773552882,0.0066313892602919994,0.6684397376136693,-0.451708972454071,0.014418531169330891,72,38,14,88,-1.0312575634467378,3.3650992723941333,0.1397418015337979,1.8445532162234461
LegMomentum,0.22244216533228273,3.0540971147115465,0.5113182655163108,4.758890719820779,0.08950461447238914,1.1516081695941027,0.16199682689271866,2.528596310894686,106,11,0.1216096701927012,19.16343472325893,3.140181518090669,4.785870328209659,0.04457527399063105,0.34420170547951756,0.9665732979774476,16.340291553422045,1.6601715087890625,16.09069993119053,-0.02296774201095105,2.3687227269242768,0.00054156780242915,0.8115710284917607,-0.693598210811615,0.24959162223151474,79,37,20,81,0.4368405147723401,2.372012526349324,0.27559614368208124,3.681383892805984,0.12131664156913748,0.5164283429456857,0.08366698204772544,0.9875823732369698,80,11,0.023239512641731085,3.6267483247819516,3.134108937395853,7.066962278835598,0.055858455598354395,0.23459020653160226,0.3043029308319092,7.580439999058963,0.8337358236312866,7.387357747400404,-0.010471499699633569,1.1511996385783692,-0.0096426084637641,0.6087320518521211,-0.5294328927993774,0.19308225165855844,87,41,14,73,-1.0862149625352941,2.708101128231903,0.12043962696521232,1.5170654952634657,0.08078788965940473,0.6729470650540312,0.0845252730324864,0.978373486521358,112,11,0.023798424594546123,3.5625473520170643,2.5324855297427673,4.299256342681812,0.03517097234725955,0.2508621792489114,0.1540606170892715,6.534096958547447,0.6057695895433425,6.346792608346081,-0.027004814334213745,1.238968354318133,0.00848741829395285,0.7006782562183088,-0.451708972454071,0.1873043502013659,70,36,16,90,-1.612756810797827,2.2336385819210034,0.11930513861519508,1.4239047612165925
LegMomentum,0.21445655766148003,2.7580433384895473,0.4855334275774656,4.354801123697848,0.11457790434360494,0.9331351222813858,0.14373409342952073,2.2025070089957963,91,9,0.10004260339424782,15.869459908885297,3.464789808574075,4.70209436584693,0.05434334278106685,0.3374609054353215,0.944569170475006,13.649403183582967,1.6509079337120056,13.557547128964254,0.01388670876622199,2.0248675185649807,0.0230881869792938,0.6487870271540561,-0.7063387632369995,0.0918560546187134,54,41,16,106,-0.10130163415884375,2.471944912497799,0.25045123843526507,3.4306517516567885,0.12325350940227493,0.8850156851506186,0.09209996397636128,1.0138057105425362,82,14,0.027705927515340244,4.316133227675914,3.0470398276909307,8.95176137565807,0.0630258917808532,0.30912184845143753,0.2667194604873657,8.245898789281034,0.7898293733596802,8.15462780469834,-0.010435328737366948,1.2237767215266844,-0.0042400062084197495,0.67193749122035,-0.5231099128723145,0.09127098458269481,82,38,17,78,-1.0468360547438835,2.9906472683861876,0.13158848991446037,1.6788400053386012,0.06345876306295392,0.8354643866567992,0.06768453679396767,0.9238034781458134,105,14,0.01872325511169346,2.8922257626869214,4.950950979174817,2.9684297071897925,0.032335817813873347,0.2180434984846066,0.2270511388778686,5.507592654411274,0.700904369354248,5.383463072023065,-0.013062599580734977,1.1061568836061826,0.00817210972309105,0.5474561102990022,-0.4738532304763794,0.12412958238820951,71,39,17,89,-1.9578048422960517,1.9974866776700013,0.10772152748534246,1.2917595409121545
LegMomentum,0.29217438353789155,3.4484484178756922,0.6482996332086621,5.3664931019308195,0.16539621353149409,1.8927380232944353,0.21028794562444092,2.6211865132009633,84,12,0.16664398345694825,26.45492407599595,1.098525495048527,9.441970619166632,0.0836622416973114,0.4900265025451957,0.944569170475006,22.018373145274552,1.6509079337120056,21.84525713283267,0.014741936698555943,2.6750792578688505,0.0234502851963043,0.9827981713065297,-0.7063387632369995,0.17311601244188202,67,34,11,93,0.1828110647248155,3.102248984104655,0.323401987077622,4.393048490526343,0.13604336604475964,1.2301013465813067,0.10955128801506357,1.167398714395514,95,13,0.036622163843721474,5.699171134843059,1.2673882297109058,10.456769780652639,0.06725607067346576,0.46462393941284297,0.2667194604873657,10.448679617352498,0.7898293733596802,10.273902751215195,-0.014408661809284243,1.4017377045001933,0.00259883701801295,0.8165389372173802,-0.5231099128723145,0.17477686613730364,78,39,14,82,-0.8909634978524819,3.160355156613644,0.15107578294816262,1.9324343566148858,0.0844055414199828,0.7639128689127899,0.09066113246954044,1.167721372781762,111,12,0.031189197015272715,4.742097356129908,2.634541473119577,5.901125310380749,0.04148754477500915,0.3423961743757652,0.2270511388778686,8.495499413481195,0.7168948650360107,8.392849209187675,-0.02644502790644765,1.2896761395617746,0.00231105089187615,0.6108199650257566,-0.4898437261581421,0.10265020429351908,78,38,14,82,-1.5708749238370021,2.49815527266507,0.1375213049560055,1.7546603121900677
LegMomentum,0.205563895211382,2.9802692932969936,0.46692098008468724,4.641698158816798,0.09962521493434898,1.8327532652584166,0.14615319111384445,2.2670498484274786,94,13,0.10222055614126109,16.199274901785408,3.2081835502125546,4.171932572925351,0.05385774374008175,0.4804904383224884,0.821993350982666,13.415760501159541,1.5047380328178406,13.132618133817884,-0.014042713865637782,2.3568626233709513,0.0008752048015594,0.9089520834287665,-0.6827446818351746,0.28314236734165704,79,39,17,81,0.19397421073818866,2.2556801630964016,0.25316243777454567,3.2625869300820796,0.10323240607976905,0.6944563405728643,0.07210250729753165,0.8339796436130242,84,13,0.016486254255604318,2.5961488412354674,2.1925218828819615,4.85964407881702,0.0517896339297294,0.25346889684164015,0.2098741233348846,5.644056042869885,0.599608838558197,5.566258995903457,-0.0018051264458335907,1.0631679720380312,0.00599053315818305,0.6191735254898565,-0.3897347152233124,0.07779704696642847,77,40,14,83,-0.954177251234913,2.308063790871755,0.10181077739230217,1.2107116520741044,0.07763119786977762,0.728767905742938,0.08095572556369005,1.0444980825846575,108,12,0.02488348397501767,3.6664936740288296,3.4019934305713617,3.3074745718297,0.035650372505188,0.29479681135228675,0.2035991251468658,6.159030040340172,0.6934428513050079,6.118252716713025,-0.031223701126873497,1.2216675634078158,0.003380537033081,0.6407867146020076,-0.4898437261581421,0.0407773236271464,77,40,15,83,-1.6842939645391037,2.056118425833444,0.12111539472782226,1.4744565231114952
LegMomentum,0.21015445007433803,2.879478429435551,0.47976301811635474,4.448504147528956,0.12224416434764857,1.8277163787061672,0.14558117220178243,2.4033480922886494,84,12,0.10492057281651287,16.632981419560984,4.4658104573934,4.055205101995253,0.05910983681678775,0.38392576865424055,1.0386805534362793,14.695423880556593,1.7242953181266785,14.62994024468798,0.01841969452798365,2.144818767070068,0.0229583382606506,0.5097007840319809,-0.6856147646903992,0.06548363586861268,59,43,16,101,0.4387640277188942,2.2299647828436764,0.2562154613411443,3.468823125497324,0.11885288357734668,0.8409232098874463,0.0896153253037482,0.9552616142952773,80,15,0.0264846966698963,4.102044645200112,2.2204445199706235,7.570812342031385,0.05990761518478395,0.425626757585699,0.3668711483478546,7.322900258819445,0.8304398655891418,7.200786260052832,-0.013334864890202872,1.2855049176541329,-0.012639001011848401,0.7641384780270195,-0.4635687172412872,0.12211399876661269,91,41,15,69,-0.5936187027046858,2.8293559678028064,0.12836707113976498,1.5650948060380092,0.06081022322177875,0.8271384222942231,0.06422168188146313,0.8645956249858279,105,16,0.01643026905921665,2.548131523402124,4.378998953665844,3.1475255560953856,0.0278991758823395,0.2534051763309396,0.2369509637355804,4.888393381959722,0.6408123672008514,4.872652241980356,-0.011862818431109198,1.0181804628047548,0.0064243078231811,0.5152169310747349,-0.403861403465271,0.015741139979366242,72,41,17,88,-1.5770857322699472,2.0352500907696225,0.10095489596723087,1.2294063886953002
LegMomentum,0.2902370676177173,3.6303748404246856,0.6530563437286763,5.6157900784069374,0.18648569285869587,1.7701469420337468,0.21077594622969623,2.8116676512024856,78,11,0.16646254733722665,26.4163226185569,1.3244491697703937,7.340921891873913,0.09224483370780939,0.6532684829440096,1.0386805534362793,20.994252004986677,1.7242953181266785,20.904263347730954,0.008987194299697873,2.7422172554788022,0.006569892168045001,1.106268460553822,-0.6856147646903992,0.08998865725572247,73,35,11,87,0.461383553483176,2.748708042688958,0.3234380131517993,4.347018189783797,0.13199254870414723,0.9741559908976142,0.10802568332605,1.1778962710614187,83,13,0.03753743681678288,5.6526298274849385,0.6149151497129184,11.129784757893479,0.06866455078125,0.39247279854844774,0.3668711483478546,10.759188694113494,0.8304398655891418,10.569647024180801,-0.028153226018184783,1.4750229412578455,-0.026859760284423752,0.868367338704424,-0.4635687172412872,0.18954166993269317,100,42,15,60,-0.43728891405337195,3.1255317209966247,0.1510326513084711,1.8646547000042646,0.11345314234495155,1.5247154453414538,0.08949573067016896,1.0296230828285395,104,18,0.025588417899989516,3.841562466048056,1.5519332753661557,2.7597400082481602,0.04905371367931355,0.542146254478856,0.2369509637355804,6.226667395600734,0.651727169752121,6.217267225587403,-0.022726110462099314,1.3985498816702906,-0.0006238222122192,0.8239691001637154,-0.4147762060165405,0.009400170013331868,81,34,15,79,-1.0323881923138631,1.7239228720057846,0.12479431163764988,1.3731790467845306
LegMomentum,0.1928206978875183,2.7118817209693424,0.4408690617885439,4.125362473762869,0.1196806281805038,1.0904575826000023,0.1327141749486327,2.1029867956689254,84,11,0.08298608826867898,13.129668840924182,3.5792329572296797,4.012898762749008,0.059293627738952595,0.40814608433199007,0.7870417237281799,11.760567112432286,1.436328947544098,11.698703738661306,-0.009042461961507792,1.9707692475742022,-0.0019884109497069497,0.6604872196836831,-0.649287223815918,0.06186337377097964,82,38,16,78,0.3690695693897026,2.2577997883534886,0.22827664789557273,3.040680419534416,0.09580803383141752,0.8499327942213555,0.07547279848513422,0.8472191567091317,84,14,0.019573324964958103,2.8809857555987275,1.6295065451227977,6.300388540041759,0.04639347083866585,0.31249350038972734,0.2603807151317596,6.069699413740366,0.6359003484249114,5.97135242055194,-0.02199377937358803,1.064935160184012,-0.01650303602218625,0.5757888639653406,-0.3755196332931518,0.098346993188426,101,43,15,59,-0.565839037270194,2.5779993013601805,0.10873591236778717,1.321703015129564,0.07135061174631113,1.103564947493862,0.0698393592657521,0.8703444981310317,107,15,0.01702517272369196,2.5231184809811564,2.92367181245113,2.4973411074674585,0.0318722128868103,0.35046998405090846,0.2254111766815185,4.998552492718078,0.6401873826980591,4.890199804549022,-0.020887763425707816,1.0896580660046542,0.0051625296473502506,0.6015627882893406,-0.4147762060165405,0.1083526881690561,79,36,16,81,-1.375721760215519,1.7652374129342818,0.10133416562739532,1.1557524735738847
LegMomentum,0.20356979831624877,2.5739911387924814,0.4693684437684713,4.050951672587614,0.11708229780197135,0.7504132501156657,0.13593197846785188,2.200122274502343,95,10,0.08847252213328752,13.979071921392372,3.8990618479260535,4.395523952293272,0.056906133890152,0.2693307309926105,0.8091527819633484,13.307797825656229,1.522638976573944,13.225661970721852,0.01991644650697707,1.8733410407969806,0.0367349982261657,0.5170592901217779,-0.7134861946105957,0.08213585493437738,56,38,17,104,-0.27945202248893014,2.3594331941694273,0.23504028610520586,3.2356862125765624,0.11303444206714616,0.9099559567146441,0.08539412218437062,0.9531214022632717,78,14,0.02386996108223037,3.6126346350398513,1.168440088536963,7.513442731096873,0.05223140306770795,0.3795603184767631,0.2774597108364105,7.11446994598912,0.6815007925033569,7.021702402309482,-0.02277723185252397,1.2023500214557334,-0.02516886591911315,0.7203208359370692,-0.4040410816669464,0.09276754367963717,102,44,17,58,-0.6024053470373543,2.7094169972757283,0.12037644678845687,1.4720696522057806,0.06638620793819418,0.5127993384873241,0.06669219338800755,0.8600235424514615,105,10,0.01780432001680818,2.741011741592473,3.678767725977341,4.292563319232107,0.0324811488389969,0.2421883657309339,0.2208881378173828,5.208227260774857,0.6204178929328918,5.091296759268433,-0.015324107930064206,0.9752606103349002,0.004387855529785101,0.5158846913117413,-0.399529755115509,0.11693050150642391,79,39,15,81,-1.608795572935478,2.3874672218859807,0.10469661099512488,1.337863402415086
LegMomentum,0.2936497130779281,3.189921226431207,0.6729172882810233,4.99410152082695,0.18001481890678395,0.5914071305299382,0.21209851142019032,2.7517128061488525,84,9,0.1565621938736389,24.9393081431022,0.678736583872618,7.7097586042978055,0.09114733338356015,0.2818654740222795,0.8091527819633484,21.994095205587197,1.522638976573944,21.88608665665238,-0.0008699469268322018,2.3040518051872607,0.0143305659294128,0.6060708809465909,-0.7134861946105957,0.10800854893481458,76,32,16,84,-0.09676587240931213,2.8556739123494603,0.31379296842396076,4.430649322855007,0.13108642026782025,0.9030695096741024,0.10314742450747869,1.1298013049848954,89,13,0.035830313557460414,5.131077672088456,0.7122539038376021,8.059700411132539,0.0678194761276245,0.41330508631464413,0.2774597108364105,9.567823864447272,0.7582169473171234,9.529258124014104,-0.04583589241374283,1.4115616489259453,-0.0332258641719818,0.7445979294358491,-0.4807572364807129,0.03856574043316696,106,41,15,54,-0.7609432630093591,2.7363816666693905,0.14290082567083842,1.771601361302797,0.12528976798057548,0.7318796536144854,0.1063103063427843,1.1455131872175168,106,12,0.03585963688004887,5.185767049519955,0.9636999937741813,8.32744036942752,0.0603125989437103,0.34874817086927495,0.2208881378173828,9.724814808058312,0.6845823526382446,9.680612128266128,-0.04309337856248022,1.2784880667137448,-0.0045608282089233,0.6456832704236067,-0.4636942148208618,0.044202679792183126,83,38,15,77,-1.141296176476518,2.9231742404049696,0.14382111101621495,1.8844721576055472
LegMomentum,0.19399690927034288,2.542580878807209,0.45367670435458396,4.044048886123033,0.11740411818027492,0.8869257580814567,0.12832363914698358,1.9875689475874179,83,11,0.07692357293316845,12.249963302218895,3.392529215057137,4.68792537977456,0.0583451092243194,0.29214781081186686,0.638408899307251,11.896263664834901,1.326420247554779,11.85771162176015,0.002554020285606384,1.7476328651437918,0.00863942503929135,0.5391464059296363,-0.6880113482475281,0.03855204307475192,76,40,15,84,-0.31212532504234963,2.449013002208679,0.21993872231475073,3.0324482964905095,0.11633325368165962,1.082556050585298,0.08026617301919028,0.8803930025538189,82,15,0.022032419224932903,3.235738737868012,3.1877066602151807,6.408783020698664,0.054199416190385846,0.41021142566269153,0.2336339652538299,6.9510394037236765,0.7143912017345428,6.89449995801783,-0.029587557469494635,1.2241132273567257,-0.02781606838107105,0.7499570050566666,-0.4807572364807129,0.056539445705846764,96,40,14,64,-1.1822513950044056,2.427780924772731,0.11391197510147655,1.318061282520017,0.08048301935195912,0.6406254755335606,0.0764065047318581,0.9506972273445742,105,11,0.02192097416169446,3.2885226737374245,4.418191048856674,4.789276572191743,0.04169963300228115,0.19508157732075734,0.1716269254684448,6.046626913056738,0.6353211402893066,5.91226500153837,-0.024564953614026313,1.072302793622515,0.00388038158416745,0.48981949682802706,-0.4636942148208618,0.1343619115183675,75,41,15,85,-1.948817441610652,2.4357307936313095,0.11480219534201289,1.4624258588136267
LegMomentum,0.2894668191874309,3.49329494571248,0.6736141037940977,5.396526605999252,0.21720024943351735,1.0104442632026054,0.21531574189662933,2.883315045690426,104,10,0.1716320338235684,25.974697481563723,1.8250786279354827,7.73255719129237,0.10121142864227285,0.3058020145264459,0.9836533665657043,22.207991335341646,1.8080504536628723,22.148821135747657,-0.0716868981719017,2.4480237685593473,-0.02680435776710505,0.6875488305676876,-0.824397087097168,0.059170199593990266,94,36,15,66,0.011761663307808624,2.8184528308231873,0.3205828179503744,4.470109295099194,0.17586899921298016,1.4884653905887395,0.12100762910558838,1.2883924667346593,75,16,0.04641300274153952,7.019931417653862,1.6210008805643552,4.893753272259661,0.0808058008551597,0.604373802235094,0.2911452651023865,8.74210329479927,0.9145118594169617,8.506050173900174,-0.02995489994063973,1.7783685789705552,-0.0383938997983932,1.1013000225461747,-0.6233665943145752,0.23605312089909528,100,39,19,60,-0.8966575350622452,2.352089934113318,0.16818926351066554,1.9640103398363533,0.09888135641813263,0.8525418636636545,0.0911229242046829,0.9327173051796882,109,14,0.028331982018194334,3.8584420870295855,0.9866569265277034,9.025657539357699,0.0424208045005798,0.4053090650108711,0.1633052378892898,8.512674149973067,0.5779186934232712,8.43474118466759,-0.048871175851672874,1.1701342584693502,-0.014295190572738599,0.640139258294125,-0.4146134555339813,0.07793296530547626,96,39,16,64,-1.2573145859659312,2.960389837327901,0.12415894431668136,1.5777287169174459
LegMomentum,0.2268912737867364,2.939592911807468,0.5300166855752466,4.649935203065564,0.14154367148876185,1.142037169344054,0.157141323313117,2.4353605061194745,88,9,0.11435500423302188,18.11311552875317,3.479422283776862,3.7843455239134993,0.06912598013877855,0.3423961602124923,0.8521870970726013,13.979828882303723,1.6765841841697693,13.840610790485146,-0.0014052532613277435,2.17688036589528,0.0080080926418304,0.669851301337183,-0.824397087097168,0.1392180918185777,72,40,15,88,-0.2612838967832434,2.2850663452039224,0.26817792443379884,3.657090018215685,0.09317705407738673,0.8601820551200832,0.09360495846252886,1.1551655903527476,76,11,0.03742650383373772,5.300622500450908,2.9760641246749593,5.369018517698404,0.04674528539180755,0.4401279956824238,0.2516545355319977,8.236382685991973,0.8750211298465729,8.114262395109199,-0.04806387545540927,1.4467243822103832,-0.05264408886432645,0.8605166843335562,-0.6233665943145752,0.12212029088277505,116,40,17,44,-1.0238145376204288,2.4595566481347513,0.14565032226066116,1.7909804751501042,0.08037062734365458,0.5689270624956814,0.0670674206735566,0.8741343684734961,99,12,0.01724825577014794,2.6574282115045516,3.9762107964636533,2.772506359046397,0.03812322020530695,0.21727106395599238,0.2169112265110016,5.0291334343582275,0.6315246820449829,4.937445452652004,-0.013919941708445552,1.026330454959901,0.00625754892826075,0.5335711402096954,-0.4146134555339813,0.09168798170622347,76,41,16,84,-1.7409632295224593,2.0364005641160787,0.10321325583617073,1.2665204336000087
LegMomentum,0.2764662653566852,3.401484390833441,0.6463115398585794,5.2901344107016595,0.13837024569511408,1.5242325469506548,0.18966221758164464,2.8308791137202762,78,10,0.15777147895347585,24.146448284771626,2.065145376920289,5.557114680051095,0.0695720911026001,0.31919679439760373,0.9128451943397522,18.93150047826282,1.7276485562324524,18.87598414429889,0.062051976099610315,2.4964046325570513,0.05573335289955135,0.6697025467768373,-0.8148033618927002,0.05551633396392957,48,38,16,112,-0.009407877596062588,2.502144735121303,0.3087922940480419,4.232542048854248,0.18361917883157725,0.803235072168518,0.12103495462913993,1.2989537854031061,71,11,0.0445112938803964,6.807771490447051,0.7551876064542573,8.678727087817757,0.07718947529792786,0.2584143103575157,0.3593396246433258,11.204161194990453,0.8835993111133575,11.078705111617742,-0.02388985743746161,1.5559763212810396,-0.035409078001976,0.7863553097716227,-0.5242596864700317,0.12545608337271186,94,40,16,66,-0.7089807770118782,2.929035460177577,0.16559048794382702,2.0944472249402164,0.10112909972667684,0.7584599000756435,0.07997892156359737,0.9203374954879976,101,13,0.02155061964615903,3.392352473685834,3.011622462004082,3.1155009476725555,0.04803334176540375,0.34071277524280785,0.2169112265110016,5.710498511328925,0.6680311262607574,5.662788705830187,-0.006404377240687617,1.237753456863568,0.0170684456825256,0.7428981477415812,-0.4511198997497558,0.04770980549873812,64,40,16,96,-1.5952799794286932,2.0418630105074596,0.1162436012159646,1.3639350621302029
LegMomentum,0.34377049877343685,3.851009557505161,0.8024628742039202,6.008605925007357,0.27115032076835627,2.1919199701558316,0.25493482209742063,3.2693435228472576,94,12,0.22258804327721335,35.47108890848943,1.0657383377519531,10.55946614370452,0.10456094145774836,0.43301994460987603,1.1027562618255615,28.66325753874887,1.9175596237182617,28.56414777869716,-0.015774556994438187,2.8893276329294184,0.01914465427398675,0.6601977404907062,-0.8148033618927002,0.09910976005171021,72,31,18,88,0.32886244869856235,3.0905585638379187,0.373820917539166,5.207962628329807,0.22606391645967958,0.840805586457937,0.1387437847477849,1.2409430312337186,83,10,0.04819930454743359,7.544761587247201,-0.3341068963202045,10.08120031115175,0.12400020658969871,0.36610350083785453,0.3593396246433258,11.986236932646442,0.8403846025466919,11.745681272359818,-0.016297765169292686,1.6387025497241483,-0.007269009947776749,0.9226262590832318,-0.4810449779033661,0.24055566028662398,85,38,15,75,-0.4315259822074934,3.1902011128321894,0.17333995592370002,2.2044082064751023,0.12962655723094932,0.8207501362881174,0.11486112706828859,1.1859023639485464,101,12,0.03798810625876581,5.666708089418077,0.0042674822848871585,9.622952913008254,0.06328111886978136,0.3986416816249363,0.2861485481262207,10.470875407263554,0.7372684478759766,10.408002579190772,-0.037658600881695745,1.4805757423537904,-0.00309015810489645,0.8759512427923952,-0.4511198997497558,0.06287282807278283,84,39,14,76,-0.7194505092305189,2.938916560798754,0.14988262473967626,1.8640288518613657
LegMomentum,0.2950778998432291,3.4503312471888403,0.6914301311969755,5.3121994455872965,0.25257475674152363,1.9178582624295482,0.22209162180311975,2.9202341842984514,98,10,0.17720518152354334,27.068330718860455,2.466278121489024,5.935806548449264,0.11889809370040885,0.4941669396608564,1.1027562618255615,20.610427791296157,1.9439389109611511,20.52637340010007,-0.06721691079437733,2.6017095002451476,-0.0172275900840759,0.7330444807302401,-0.8411826491355896,0.08405439119608689,87,34,15,73,0.3305571715252955,2.571426275334509,0.32696065634562604,4.505489806357862,0.19105862081050873,0.7170886251807811,0.11009567869827146,0.9820243431173844,82,12,0.031122670599381008,4.811911481065726,-0.021351118585715145,11.084640135982722,0.09235835075378415,0.3614808306931914,0.3252918720245361,9.711349833640735,0.7034897506237029,9.552405038912168,-0.018122578412294386,1.4026948751574153,-0.0164242386817932,0.9371878382341996,-0.3781978785991668,0.1589447947285673,87,39,17,73,-0.3188463842681704,3.2103303166390966,0.13872099060349868,1.6865226260779458,0.13651150465011586,1.1198574382581188,0.10972317001782354,1.1953672924951786,106,13,0.03481499371130615,5.066171821915636,-0.09458846854995118,7.38742448061158,0.061972588300704956,0.34024910914409234,0.2861485481262207,9.402383922341164,0.6492286324501038,9.316515305438644,-0.04133581630885601,1.3077950701847343,-0.0032439827919006,0.5298834124908536,-0.363080084323883,0.08586861690251962,86,41,16,74,-0.6509523197310105,2.692067819503731,0.1420451566419313,1.8318962515153916
LegMomentum,0.24325653930535163,3.004339964901854,0.5718648861721156,4.632420199132525,0.1726549714803695,0.9095921180812245,0.16596744657494125,2.4565892073396456,86,10,0.1124760948564472,17.854357672816224,3.557925340879236,4.701717190532004,0.08292794227600099,0.31254219706995323,0.9318953156471252,16.388420182044747,1.7730779647827148,16.339519601050704,0.006342535093426705,2.1067556705745196,0.032351911067962605,0.5968069239544813,-0.8411826491355896,0.04890058099404342,72,40,17,88,-0.22059850222973523,2.3916224725315702,0.26589321454959153,3.6627773911771278,0.1678088810294866,0.7382889666361412,0.10382135810854376,1.0161559220203176,74,12,0.03260262924564561,4.733203977726795,0.9858164961396456,10.103683322474643,0.07674917392432695,0.3259010883307761,0.2509128749370575,9.422382115197315,0.721368134021759,9.366021191090153,-0.03857392941135912,1.2843795091494008,-0.04791289754211895,0.747386006632237,-0.4704552590847015,0.05636092410716182,101,44,16,59,-0.6112331808343378,3.176446746634361,0.13786766145023627,1.7560106076570094,0.10622991621494282,1.2500714549314973,0.08139225580380294,1.0131602035276845,97,13,0.021106943331602637,3.282787239892451,1.6681336446639081,2.145319689918014,0.0544846653938292,0.29386088207562205,0.2653916180133819,5.363914533797535,0.6284717023372649,5.315273386622082,-0.006665051449090245,1.2412850194086054,0.00761210918426505,0.6518971996699351,-0.363080084323883,0.04864114717545294,70,37,15,90,-1.0610750712838775,1.7138647360125456,0.11502219275687137,1.3198479990075485
LegMomentum,0.289767563222637,3.233083367035552,0.6658284363895653,4.98770233344702,0.17972637712955472,1.6195035924815695,0.19544462238438426,2.719812695875061,82,11,0.14598262433524997,22.19330423209757,1.1613321343436507,6.017937206850128,0.0955943763256072,0.24888759144228334,0.9318953156471252,17.79115896691799,1.5189360976219177,17.75009823488174,0.06509223096072672,2.303601179489161,0.0686496794223785,0.5007587624093355,-0.5870407819747925,0.041060732036251074,56,36,15,104,0.38233421833337755,2.5679402605057096,0.2958873518065294,4.109346156988204,0.19024068117141715,0.5677651557378081,0.12058821846847416,1.1880629328815542,79,10,0.04409288369006803,6.4063743341519555,0.5100462505482022,13.388860832128394,0.0919059962034225,0.29255216678485674,0.2665238678455353,12.262122924163222,0.7763518393039703,12.128092489964535,-0.046185977663844816,1.4606693071267571,-0.05006270296871655,0.8514169910733045,-0.5098279714584351,0.13403043419868663,100,41,16,60,-0.6674871384515104,3.477866954920631,0.15995253312737498,2.067079947503191,0.1023114249110221,1.012438597831312,0.08299548809882248,0.9732362032898729,100,15,0.02265873317047391,3.5544684629206866,3.3126384986952093,6.452665723945604,0.05190342664718625,0.408383922245878,0.2653916180133819,7.39846715317589,0.7173791825771332,7.343956773839704,-0.0008712346665561282,1.2234318468311018,0.026251405477523748,0.7353749999444228,-0.4519875645637512,0.0545103793361857,60,35,17,100,-1.4889938615577358,2.478356524624361,0.1193734131001196,1.4344626098578261
LegMomentum,0.34314433560768587,3.406765491601916,0.7869150740280746,5.302316752818266,0.3625381439924239,1.4868040294280713,0.2635122427344322,3.012383234072101,88,11,0.20169947311036587,32.21458099769407,0.24735277733055216,9.186527269344626,0.1306136548519134,0.2509511328640306,0.891613245010376,23.293611290798466,1.6925969123840332,23.210086273229553,-0.004383677244186414,2.472500126685259,0.0385214984416961,0.4538528562621622,-0.8009836673736572,0.08352501756891426,72,30,16,88,0.15849417477025327,3.158160655987268,0.3561399683401962,5.108945499928088,0.1934002041816711,0.8267362078293538,0.12653736902488158,1.2319427276715962,97,12,0.04388443662575172,6.800414284256966,0.500973260055317,12.622380043694399,0.09078910946845994,0.4331557243439871,0.3153325319290161,11.858887597348197,0.8251605033874512,11.772078424995362,-0.023281309078447526,1.4982462943518118,0.0068572908639907,0.762126621144988,-0.5098279714584351,0.08680917235283558,78,36,17,82,-0.8611291071899063,3.460901620229885,0.16448357464573815,2.134402100288985,0.17314686626195896,0.6385795175808611,0.11323220529593528,1.1378555407763766,104,11,0.03705952980932528,5.3064148531478565,0.5736362255666263,7.525059879318301,0.06471145153045646,0.3097405924366934,0.2480692565441131,8.76569761046323,0.703648716211319,8.696882855928669,-0.04685991303995252,1.331570331781194,-0.00167191028594965,0.7019135876071113,-0.4555794596672058,0.06881475453456115,82,38,16,78,-1.0039330333038659,2.861327406998278,0.14525225831852956,1.879716815019746
LegMomentum,0.31048541583806816,3.564595261811937,0.7227069871872662,5.498304770203803,0.2752162665128707,1.3912433981110082,0.2346795408800244,2.9999847143366662,92,12,0.19266922276123616,30.298173729216145,0.9915572475431373,8.382670088121666,0.12311592698097225,0.3594735992385204,0.891613245010376,24.579294381068593,1.6925969123840332,24.486083921710023,-0.03750988766551018,2.9320520653943736,-0.01406186819076535,0.9623372343833689,-0.8009836673736572,0.09321045935856971,86,32,17,74,0.21436546871166953,2.8507704169021246,0.3460632472866914,4.658459446537315,0.175052836537361,0.979036522105364,0.11624581957294136,1.155915962955266,83,13,0.03801204082599385,5.744558166875902,0.18272560677868688,13.951456369273266,0.09208813309669485,0.31532621107437475,0.3153325319290161,11.990422078728324,0.7770995497703552,11.91399732905803,-0.03275563544593751,1.2578949012094973,-0.021651841700077,0.5714210885410935,-0.4617670178413391,0.07642474967029246,92,39,15,68,-0.5809248851389304,3.5677996459171326,0.15108694273308892,2.040161411356232,0.14609260857105244,0.7807118712817342,0.10851285009179261,1.2149147114913081,108,11,0.0369822852549778,5.141262909063775,0.8972730687788695,7.4960548528344475,0.0500833690166473,0.3720956122895507,0.2480692565441131,9.728295236618843,0.7124349176883698,9.646474337833672,-0.053044973965734245,1.3083578035999326,-0.0101407468318939,0.6132487486158635,-0.4643656611442566,0.08182089878517151,90,39,19,70,-1.0272443189996943,2.6790131531571393,0.1429259702693836,1.8518808727407212
LegMomentum,0.21930815731319528,2.8208698663615555,0.514607113599777,4.322243809623262,0.14210881292819966,1.2301581715187957,0.15934054415673016,2.346971077827902,98,12,0.10869238338373875,17.21791718852205,3.3176849176743204,4.572581436342756,0.0674437880516052,0.3340088906516291,0.8589500188827515,14.42724531316862,1.633141279220581,14.286666797149378,-0.01253215521574021,2.2352263115331894,0.0101109445095062,0.697961090290118,-0.7741912603378296,0.14057851601924118,74,39,20,86,0.13448213182806504,2.376745470553988,0.261155024589635,3.495952019801156,0.1538842618465423,0.6521529523864149,0.08969116976717482,0.8461906498027199,71,10,0.022345375566536454,3.325397925753993,0.16793218745678784,13.009379110213398,0.07165589928627006,0.23909150616589142,0.2144237160682678,8.85939526823968,0.5700040757656097,8.827517117185016,-0.028975188545882692,0.9544610609266077,-0.0419278815388679,0.45991519964487876,-0.3555803596973419,0.031878151054665425,102,42,15,58,-0.2961626083253168,3.539887820632164,0.11492977643877804,1.553834614406838,0.06763448566198338,0.7348058709522112,0.0718096559308469,0.9391153916069611,108,12,0.020318846872320356,3.080855661768758,4.692625083142287,3.40534997645394,0.03403137624263759,0.29617133499561143,0.177951842546463,5.6129793345946295,0.6423175036907196,5.520197305198075,-0.02141377367079258,1.1325564371634647,0.00386604666709895,0.587422406271202,-0.4643656611442566,0.09278202939655442,76,40,19,84,-1.9035197539616517,2.064583131887417,0.11098520312673696,1.3409592008738958
LegMomentum,0.2524364266388412,3.4280563311466867,0.5877840917557475,5.275399212228687,0.16058138012886042,2.050288571952565,0.17555172239430245,2.5975511378808385,93,13,0.14060150798151846,21.96012271594496,3.6374790409802644,3.559688548594891,0.0784362852573394,0.5982936732726998,1.0963571071624756,15.714396730462115,1.9123764038085938,15.506706057407174,0.03101130053400992,2.779745764567736,0.04515364766120905,1.0547136749207855,-0.8160192966461182,0.2076906730549407,57,37,16,103,0.14400857686355106,2.1535468404739206,0.2957378436702945,3.772682891565722,0.18366021662950505,0.6847649577453578,0.10815079454623625,1.0203190533708981,75,10,0.03175653180628827,4.862555941723923,0.6990159946874575,10.92986721975847,0.08513143658637995,0.3572508444807676,0.2552339136600494,10.059958480691812,0.7288957834243774,10.001959874706154,-0.02651532064191997,1.2891544696918826,-0.036921218037605244,0.7580504697544019,-0.473661869764328,0.05799860598565762,94,41,18,66,-0.5452708647944856,3.2249721149860475,0.13879905442625132,1.7890323348104593,0.07573229819536205,0.6231726282779015,0.07385848770616572,0.9678274006828387,94,12,0.021249718242875863,3.343549623333544,4.3959998028336695,2.6831012058206056,0.0389035195112228,0.2655994846247901,0.3108281791210174,5.307561757879564,0.7650310695171355,5.205214912988172,-0.007084547448903328,1.2064989779690685,0.012323230504989551,0.7021228874140844,-0.4542028903961181,0.1023468448913919,72,40,18,88,-1.6076628378464448,1.9753411294924423,0.11538672449823614,1.3740123141708511
LegMomentum,0.347100626686904,3.9259805211790684,0.7974386851489541,6.065008801849552,0.24085496366024012,1.7308706940159722,0.25982635292690254,3.235704522859269,93,11,0.22831668262975516,36.29077601664584,0.9420760086258433,7.234240434457613,0.12282276153564445,0.5201010579875758,1.0963571071624756,23.279303620479773,1.9123764038085938,23.08030633352125,0.018219273164868342,2.9861118074603525,0.0483811199665069,0.937104138811908,-0.8160192966461182,0.1989972869585232,62,30,17,98,0.21043645489760832,2.84488539086122,0.378498835243512,5.232008437492404,0.1797616556286811,0.5171455575047778,0.1230890706181526,1.2085836777168628,88,9,0.04193975485863213,6.366733431117715,0.19264861423190416,9.610761648608866,0.090987741947174,0.25210906454594495,0.2552339136600494,10.752128163873445,0.7288957834243774,10.573019996427035,-0.03221775405108929,1.4460799949893097,-0.0036227107048034,0.7555573727745897,-0.473661869764328,0.17910816744640964,81,38,16,79,-0.7368805560941447,3.1559081581362607,0.15916247182765134,2.067749036805345,0.133413016796112,0.8459166056894871,0.12109426947776222,1.253629514958436,108,10,0.04600611425639812,6.8355314953261015,1.245708898272384,6.5080569174434935,0.06330963969230645,0.41661243340377835,0.3108281791210174,9.592472588133877,0.838844507932663,9.526128745792203,-0.04048731839284301,1.6328169993998887,0.0051278620958327996,0.9949918339321228,-0.5280163288116455,0.06634384234167326,78,39,17,82,-1.314800984038144,2.6695813592456505,0.1651821132126268,2.041920699193983
LegMomentum,0.3463154138388792,3.696124327096194,0.7904729010909793,5.799783150261614,0.3131613731384276,1.3788327870215014,0.26081697582732877,3.166997197830048,83,11,0.2230970042628991,35.54019043451666,0.7130184114199003,9.368185901889046,0.150903195142746,0.45139294535353824,1.0232274532318115,27.28518410733437,1.8565760254859924,27.174383182864375,-0.012613012269139292,2.807307056245759,-0.00696107745170585,0.8400298495606651,-0.8333485722541809,0.11080092446999333,82,29,15,78,0.3499594838171327,3.077817267800968,0.3743694601125558,5.259203126564844,0.1572427339851855,1.1617585393791394,0.11931866408151104,1.1971075758077492,89,14,0.04189227080064865,6.4659951032318235,0.630920960808794,9.688107788797259,0.0784611031413078,0.43325997317305465,0.2713729739189148,10.873742290020541,0.7542127966880798,10.799492252999586,-0.022719388687983153,1.4696945160319346,0.00329080969095225,0.8218106507311732,-0.482839822769165,0.0742500370209551,78,37,16,82,-0.8856517113049317,3.1432110999677594,0.1607106814985333,2.075088704797335,0.16180637478828425,0.8393389489857863,0.12334159693215038,1.3102409212119495,108,11,0.0462938309400751,6.707377835914103,0.8029394842592987,7.689515708530584,0.07483474910259236,0.39624129664627933,0.2279487699270248,10.627299044838235,0.7559650987386703,10.515681961218684,-0.04930486148223281,1.5227815779839202,-0.0021896213293074998,0.7937782234010311,-0.5280163288116455,0.11161708361955067,85,35,17,75,-1.1774125276895182,2.789543747209347,0.16330755788435888,2.094878063675045
LegMomentum,0.3077406023812712,3.527992420276559,0.6985592037811873,5.546934140793396,0.2576206624507903,1.5814053929493896,0.22529350991360841,2.840731407775268,98,10,0.17810408215774093,27.3756944400693,1.442331770255235,4.981377513134543,0.130544900894165,0.4696351767397291,1.0232274532318115,17.71590314012721,1.8572728633880615,17.65203398149368,-0.059376285597682,2.650316692001061,-0.02494910359382625,0.8563169079931701,-0.83404541015625,0.06386915863352981,94,36,18,66,-0.010168127552582151,2.506327922968226,0.32934393799117156,4.511265440225155,0.1633025556802749,1.1260600196805144,0.11825369403377403,1.2544414690555536,89,14,0.04391382515167955,6.514308775159444,1.0527302118022552,8.373658834732206,0.08148312568664545,0.3623881969688981,0.2713729739189148,10.584190630804962,0.7962841391563416,10.454149961981894,-0.038268144358880804,1.5916656193577112,-0.02406328916549675,0.858094106490556,-0.5249111652374268,0.13004066882306684,87,38,16,73,-0.9666573507769017,2.862131735695458,0.16169445476426217,1.9952216246106793,0.1259520687162875,0.7471662886493864,0.10194843606324863,1.0906074238207735,106,12,0.03161912179495727,4.543540308422551,0.8768268044411855,6.65770652515136,0.050557106733322046,0.2780764199885899,0.2279487699270248,8.068010934407281,0.6539134830236434,8.053882199682418,-0.04299514451995492,1.3049518294346245,-0.00277395546436305,0.6318216080984392,-0.4259647130966186,0.014128734724864069,84,34,18,76,-1.0891682770531734,2.650130744931669,0.13426105677221312,1.6854201349449276
LegMomentum,0.2700198359322281,3.398391558249003,0.6128981692157683,5.283375441355492,0.26849636435508717,0.9049889064924199,0.2022200574167073,2.5906637709436042,78,11,0.13649851663467116,21.469300627258058,1.3383211205894643,7.512622305804165,0.1302983164787292,0.3213259909552141,0.8180255889892578,20.002584785872042,1.6520709991455078,19.775403810877773,-0.018515747040510178,2.6370114205546558,-0.02062413096427915,1.0664240120677833,-0.83404541015625,0.22718097499427042,87,42,18,73,-0.37660410326651317,2.6816465473778845,0.2924091903471022,3.8099175050284706,0.15121489763259882,0.9093583336711415,0.1021832794761576,1.0809358393985358,87,14,0.03230731527767705,4.844886409468406,1.9370875033287538,9.49775569933596,0.0757867693901062,0.33019433639682927,0.2844551205635071,9.587478400368868,0.8093662858009338,9.51980077691737,-0.027467600197996933,1.3543015431813914,-0.0172202885150909,0.7479295026729351,-0.5249111652374268,0.0676776234514987,88,40,14,72,-0.9475298011077723,2.9707532496116245,0.13985654101008943,1.7351523678354324,0.0931383334100245,0.8822521803053438,0.08286763811018316,1.0109509980513687,108,13,0.02445043301602077,3.608131764461368,3.129913033127261,3.250550458311336,0.03947892785072325,0.3851214993308073,0.2170698642730713,5.928766279072631,0.6981592178344727,5.7677085544299524,-0.029423309210687875,1.2920624776194447,0.00022754073143005002,0.7799066620163033,-0.4810893535614013,0.16105772464267884,80,34,18,80,-1.5430173279062636,1.9641308233179047,0.12044274512371461,1.3923743456374331
LegMomentum,0.28113119487048616,3.446512677608544,0.6468957719393074,5.3542138757639,0.24842679500579826,1.5653090058924608,0.21221899935044347,2.7310844503888605,77,10,0.15353968599631324,23.39578016215309,0.9464871271245245,3.8636850059954844,0.12491807341575616,0.5291236638385108,0.8180255889892578,15.865389610040966,1.555230736732483,15.729783986092519,0.062191870063543306,2.6286461093542646,0.05846303701400755,0.9749555969295494,-0.7372051477432251,0.13560562394844589,57,39,18,103,-0.18062735125429086,2.271599346974592,0.30442352993908617,4.060295530368422,0.156199026852846,0.9563662842962107,0.10321236916148332,0.9574893529799889,82,15,0.03137757924805463,4.784116662855607,0.9628495140761575,13.292420987837566,0.07638873159885405,0.487943665702641,0.2863227427005768,9.926674883229797,0.7355968654155731,9.78823386663487,-0.02082671077223494,1.3536635061108988,-0.01631455123424525,0.9215681482447458,-0.4492741227149963,0.13844101659492727,92,43,17,68,-0.5982350628981128,3.5004893491734834,0.13891668974697724,1.7180546484553847,0.10191598534584034,1.498339623843469,0.08190257482347074,1.0715188658075934,95,17,0.023964047245984645,3.767942715127607,4.068268188796504,1.4763591450615419,0.0479173958301544,0.525072287036868,0.2170698642730713,5.925059830971548,0.7207717895507812,5.869883489642274,-0.007537957932800062,1.371904260298737,0.01205638051033015,0.7993045856572946,-0.50370192527771,0.05517634132927397,72,36,13,88,-1.6548763773117245,1.4553989282520388,0.12253387145717304,1.3732521311477304
LegMomentum,0.30292983452845174,3.7628623022420657,0.691708147432655,5.762729261867734,0.27066472172737116,2.412243401859415,0.2293019121000543,2.840713958511304,87,13,0.16711565592884076,26.164589847817762,0.696098205754863,6.3915749445407215,0.13229420781135554,0.7016075162481354,0.940256655216217,21.23121726598598,1.6608698964118958,21.124305065259065,0.03506188578903674,2.9117073365021056,0.0643471181392669,1.2651382911032671,-0.7206132411956787,0.10691220072691505,60,36,13,100,0.21373824682138542,2.521036506180458,0.3222842202338885,4.205538043387264,0.15230275690555561,0.788711775558459,0.10544295034414967,1.0303964481868966,87,12,0.03205591137315879,4.847579965307504,0.7559981365685622,12.156644299152871,0.07649126648902885,0.2893916527443144,0.2863227427005768,10.048558919328872,0.7355968654155731,9.893655452578535,-0.022267797088716176,1.3888358849863223,-0.006999105215072601,0.7723862375838411,-0.4492741227149963,0.1549034667503378,83,43,14,77,-0.7916675317940727,3.2958773159657437,0.14022117236139853,1.708424669068485,0.12912899255752555,1.1369788809930825,0.09602513953577725,0.9935525981127654,106,16,0.02800564345795758,4.190731312111169,1.4905299004469237,5.407682980326667,0.0619866400957107,0.5293988136567905,0.2009488344192505,6.960390742601357,0.7046507596969604,6.818368127493723,-0.024782515130937106,1.4621860403793072,0.00041595101356505,0.9587860588842008,-0.50370192527771,0.14202261510763384,79,38,14,81,-1.1916886610822963,2.243569786568185,0.13036708349069578,1.432739786364242
LegMomentum,0.3211825007072263,3.8094774693817937,0.7343348157033323,5.832817098948492,0.2971280217170714,1.9574365690549462,0.24856324580032368,3.31377759762239,75,12,0.21323279981321708,33.9423738533073,1.7193780898340956,8.380491100879997,0.1515095829963683,0.5515724678056909,1.2051565647125244,26.323028471969263,2.050825357437134,26.25524119296152,-0.01448334865272045,2.9632803755534862,-0.024646222591400098,0.8220823855923339,-0.8456687927246094,0.06778727900774342,88,30,18,72,0.7124399303414427,2.795264974593103,0.3659201995625051,5.016108378929515,0.14355404209345574,1.1010428635036067,0.10247505858424115,0.9810589336398533,95,15,0.030775832168566587,4.631839029096796,0.4484988115510524,11.414569857002324,0.07039849460124964,0.387696018018452,0.2353573888540268,9.21440453642629,0.6791622787714005,9.167302758720389,-0.028498044703155756,1.4351005890969832,-0.0070988237857818,0.9525753761703422,-0.4438048899173736,0.04710177770590158,87,40,17,73,-0.7163461797492795,3.2240314368738665,0.13615661183677044,1.6038470401725617,0.13063617050647724,0.9518465810740664,0.11526902645127848,1.200382425648592,105,13,0.040494541701027044,5.887821335938214,0.8168938111229869,11.511888968669926,0.06731159985065449,0.3434829658807751,0.2143190205097198,11.320456328765598,0.7114631831645966,11.211047956742597,-0.04589829239994288,1.4344361342980223,-0.0072538703680038,0.7269735053440396,-0.4971441626548767,0.10940837202300048,85,38,14,75,-1.0718151424907476,3.1868771998435523,0.15280171001681112,1.957093332613026
LegMomentum,0.2583923648148782,3.6669467404654186,0.6120451760850845,5.692158484940492,0.14487989246845234,2.4137646803174704,0.19021927611902356,2.7385508870358586,95,14,0.15817456826728737,24.803814150237404,3.8430380160553703,4.909640229665929,0.07944571971893295,0.6047510481550912,1.2051565647125244,18.791067001064885,2.050825357437134,18.482451038238445,-0.03092139810323715,2.9049937989144587,-0.01046118140220635,1.1567513574217114,-0.8456687927246094,0.3086159628264403,86,33,16,74,0.5226931607776188,2.3536755596116796,0.3138769094256328,4.045346113561353,0.12687673419713966,1.0858303947430972,0.08820131331623994,0.8933817334645349,84,17,0.02364508639222953,3.6298213425394943,1.5810605395008634,8.389223725779248,0.06390133500099185,0.5216403437043535,0.2353573888540268,7.6453710022998,0.6791622787714005,7.482268395120937,-0.01570296756690368,1.305120561871754,-0.00740456581115715,0.866903469655208,-0.4438048899173736,0.16310260717886307,88,42,18,72,-0.9119298510318811,2.7490933011784753,0.12092555349901338,1.3879775435932138,0.12535831332206718,0.85055175373392,0.11528514260426162,1.2150226817377314,108,10,0.04102545987328783,6.006916574084977,1.0207952525372308,9.022399711111511,0.05813243985176085,0.35546975650527435,0.2143190205097198,10.760701445194705,0.7114631831645966,10.57198125331828,-0.04287595860660077,1.482044124154279,0.0090946406126022,0.7833641705349021,-0.4971441626548767,0.18872019187642616,72,38,15,88,-1.3077394731181353,2.903447121019399,0.15476519718103773,1.952040416626857
LegMomentum,0.2448667765184304,3.333917318022358,0.5815784067660569,5.1770620087450006,0.14741304516792286,2.344226028997732,0.16603981804568319,2.6613844586734983,87,14,0.13038561155638984,20.518528072762333,4.715116615042706,2.9144039801824277,0.07326680421829215,0.4747846584429145,1.1695387363433838,14.15185667398017,1.9095547199249268,14.091396158505042,0.021912235394120204,2.524894019150652,0.03295296430587765,0.7194618330640961,-0.740015983581543,0.0604605154751282,61,39,15,99,0.7143800310810332,2.0190391878819827,0.28551771124439956,3.7607762848672084,0.16819442808628074,0.6050940419787841,0.10862278869026336,1.1455040559498564,78,9,0.03385524146792977,5.324980192935995,1.215899170648429,5.705052342176037,0.07854592800140385,0.26136427948624213,0.3563209772109985,8.076148059837072,0.8065917491912841,8.014349967161623,-0.004733748501166696,1.4049485254099492,-0.00837408006191245,0.7985444973840392,-0.4502707719802856,0.06179809267544962,84,42,15,76,-0.7055649899702997,2.5898450161863877,0.14584257056416547,1.830600948837404,0.10234034433960905,1.0388530035511365,0.0880789816821925,1.0070461290597617,101,14,0.024564600069327078,3.7799447666183505,1.7980052445203034,5.162773331642905,0.05547615140676495,0.33772693881946025,0.1675784587860107,7.02027346044757,0.5960766673088073,6.949696687479354,-0.019076712243258957,1.2472194641843983,0.0131058990955352,0.7358523965716475,-0.4284982085227966,0.07057677296821695,70,35,13,90,-1.4287611163278657,2.355956164834233,0.12281377872554697,1.491438357686275
LegMomentum,0.3286651507387652,4.151847929423794,0.7580789179354904,6.491871147667519,0.20222097635269154,3.2916121980319435,0.23178516924381257,3.2855563220649113,80,14,0.21243439354275714,33.27166420566331,1.686000011784306,5.878485023415584,0.09923052787780755,0.514262846062592,1.1695387363433838,22.98428349587337,1.9095547199249268,22.79065670430746,0.043130803108215314,3.267028814845949,0.0431536436080932,1.0153931520032964,-0.740015983581543,0.19362679156591317,58,33,16,102,0.5277451025346896,2.442107015874558,0.36295257383755974,4.753755034562634,0.19334930181503285,1.154326320451653,0.13476113907177928,1.3732961562029635,86,12,0.051027708030559026,7.891239154945027,0.16187497629795455,7.004937831579447,0.09329027682542804,0.6297122676876844,0.3563209772109985,10.655131132159106,0.872003436088562,10.518029543964845,-0.021856221323832865,1.7594515178899672,-0.00993943959474555,1.1624472312053795,-0.5156824588775635,0.13710158819426083,84,39,15,76,-0.6153166392186377,2.6817786249234645,0.17779819840062697,2.189878880472552,0.1306563317775725,1.2904293878027844,0.10434811981394887,1.272384349961866,104,15,0.03563529262514662,5.510930157438406,2.755690592588077,7.5626843561370105,0.06894277036190019,0.393682358621473,0.1675784587860107,9.971839981072431,0.7330466508865356,9.850618100641556,-0.021460278891026977,1.4653908149316022,0.0033717304468154005,0.7221845627627317,-0.5654681921005249,0.12122188043087552,77,36,19,83,-1.6021764166384875,2.546042303138693,0.1481509151371867,1.8340010678711451
LegMomentum,0.32877050422475923,3.7706951474053567,0.7561114461929535,5.936549389302126,0.21225765347480766,1.9732567914374033,0.24054861092474314,3.25349155747346,83,12,0.2089134002475962,33.17638292840314,1.0132215316486048,8.578324084190845,0.1060684323310852,0.35138332313972387,1.0320920944213867,26.257553403355672,1.8040162324905396,26.163333385610294,-0.020888662710785866,2.8774987924116457,-0.0113052129745483,0.6708209650471215,-0.7719241380691528,0.0942200177453776,85,30,14,75,0.39042593264803305,2.846647883617114,0.36187428085532153,4.989627604147694,0.1505241394042968,0.947500477179047,0.11643104128805133,1.233226121954644,94,12,0.04384975178057055,6.413303922365978,1.2061545634243478,8.70900874715698,0.07159896567463869,0.4546336275438626,0.2840439975261688,10.658362983982377,0.8280967175960541,10.59748269107764,-0.04313049720221897,1.5446443808763692,-0.018605696037411648,0.9007217841298595,-0.5440527200698853,0.06088029290473633,93,41,14,67,-0.9871066141016434,2.9220313493191017,0.16033253203616546,2.006832743153509,0.16904627531766886,1.0931499929912396,0.1264950129552744,1.3196431463886278,110,13,0.047718903402939716,7.056671308064236,0.8251270778670916,14.647908541881073,0.07560762763023365,0.41097748616500973,0.1889587044715881,13.260418627829926,0.754426896572113,13.171575330674665,-0.04514432260766626,1.514406216014111,-0.00294995307922355,0.7409146234280388,-0.5654681921005249,0.08884329715526178,83,37,16,77,-1.211360036836053,3.5200706630276604,0.16721561349605685,2.1824859955935705
LegMomentum,0.27071464186207744,3.2024848311182392,0.6301110149384475,4.9142085668024045,0.2043002843856811,1.0217152747893299,0.19982125024311242,2.5726187487092993,93,10,0.14223671138469376,22.055839474441242,1.4740150076516354,5.657383725870691,0.10459762811660765,0.43548903429226526,0.8333467841148376,16.666141950741473,1.6052709221839905,16.48817198900088,-0.04420215412974357,2.4205125482817396,-0.009786844253540001,0.8705617052310808,-0.7719241380691528,0.17796996174059523,88,36,20,72,-0.03860905082632148,2.612493035891971,0.2957886619090328,4.024544505661713,0.14238087832927696,0.8863829846745618,0.09364309066222629,1.0203690906828744,88,15,0.029384607175759542,4.388847047581604,2.9596825828643514,10.058563586962611,0.0715595036745071,0.3280179011576527,0.2561361491680145,9.40020881140708,0.8001888692378998,9.36365785930361,-0.028989407779590682,1.1731187191181947,-0.0193631630390882,0.6007482823577446,-0.5440527200698853,0.03655095210346988,98,40,15,62,-1.1870503974747204,3.126431955411945,0.13279764232747762,1.7356956871629572,0.11221278458833685,1.145393449156287,0.11084834246779791,1.2618081389798943,111,14,0.038179013759124844,5.595841039245552,0.6532206907685847,8.71895356934158,0.04882164299488065,0.25879545489026223,0.1889587044715881,10.485760108780292,0.619252622127533,10.441258116107994,-0.04151128167286516,1.3205772994024698,0.0007264316082,0.5118773192274428,-0.4302939176559448,0.044501992672299207,79,37,15,81,-1.2029581077381863,2.8651007261538317,0.14925794512174675,1.9626300302268969
LegMomentum,0.24969192874193585,3.1374707447439185,0.5943632753938435,4.918938818482496,0.21505458652973167,1.4285033514880348,0.18232720809988673,2.409857619547526,74,12,0.1197787396236782,18.683086054354668,2.560873684205279,5.6814171539197496,0.11164402961730954,0.606455497252457,0.9548400044441224,17.085866823392877,1.621117889881134,16.990701807924715,0.027547833696007728,2.2919179967662022,0.01559919118881225,0.8978396113337443,-0.6662778854370117,0.09516501546816244,73,39,17,87,0.361451803523305,2.5200368759238585,0.2730730390436491,3.6647234480181266,0.14843846857547754,0.6115975682809063,0.0960852388653438,0.8675675441293151,74,11,0.025916670405750485,3.941574435512024,0.8103024713823284,14.29222987797004,0.0814877897500992,0.3228420310523818,0.2768395841121673,9.251521346602402,0.6885669231414794,9.08798097594871,-0.011823956063017248,1.2980550134948563,-0.018136367201805052,0.8644240848770828,-0.4117273390293121,0.1635403706536916,90,39,17,70,-0.44536870136961343,3.5227793871460444,0.12711847815489488,1.502207581345831,0.10995000600814815,0.7738204501281221,0.09323055259184906,1.1103323105859468,99,12,0.02855172978538951,4.471288133909085,1.9309323631974689,4.112751230749689,0.0552137047052383,0.299590432052667,0.2443127632141113,7.288324925032406,0.6746066808700562,7.108853118483395,-0.007941704802215115,1.328965808221438,0.01663258671760555,0.7172029153491313,-0.4302939176559448,0.1794718065490099,65,38,14,95,-1.1637639624372176,2.2593737126492126,0.1337669443922081,1.6447303774441042
LegMomentum,0.3190910512612783,3.896196935346133,0.7597047244757411,6.128571653257269,0.23263455927371973,2.1592024325036143,0.23603230697568506,3.146289528242853,73,12,0.19780733876836254,30.462601584464768,1.3464561667841677,4.9181929015714845,0.11895695328712459,0.45868440316290315,1.0837042331695557,19.93725960503117,1.7559388279914856,19.765783162249182,0.05875701792538165,3.0322783514581824,0.0399363040924072,1.0135615650323588,-0.6722345948219299,0.17147644278198676,65,36,16,95,0.5740995848211085,2.3757911901293856,0.34775426815297217,4.611712218226851,0.17851837724447242,0.9173673000588065,0.12351751383859659,1.1654597846307395,84,11,0.04431031722744061,6.696488884634367,0.5476047511853324,10.176197973360305,0.0866203159093856,0.5111645956745874,0.3627218008041382,10.302785562792188,0.8591282367706299,10.148880230683504,-0.02731808936223388,1.6180556111377278,-0.01713947951793665,1.1677588186668046,-0.4964064359664917,0.15390533210868448,84,36,18,76,-0.7391558446732392,3.1521182553253095,0.1646728649888778,2.0195011571920634,0.13302893936634055,0.890807163683974,0.11476692461874331,1.3868230218265554,100,12,0.04176132971717459,6.58804250766106,1.9426098595515713,6.49237488522445,0.06830178201198575,0.34280345036792276,0.2443127632141113,10.21200112106147,0.8114826083183289,10.102512359691385,-0.007251821737736479,1.4782376906613584,0.018954351544380153,0.6441438839668208,-0.5671698451042175,0.10948876137008472,64,37,16,96,-1.3118598506987054,2.604806715872636,0.16190141314106843,2.0982983194887312
LegMomentum,0.3501411207761012,3.881318951099471,0.8188400348555295,6.116414851801782,0.30710335075855255,1.802798646209244,0.2616796591179445,3.373683750012803,83,12,0.2148800333320411,34.20545963813516,0.9033534788647621,9.867853865256762,0.1567757129669189,0.360166467899854,1.0837042331695557,27.80669990750765,1.7559388279914856,27.728151660177577,0.005058057978749265,2.854725467253699,0.017194628715515102,0.6560277094752628,-0.6722345948219299,0.0785482473300728,75,31,16,85,0.5808031388519133,2.965323955363783,0.36758526928555313,5.104508021812514,0.1557499933987855,0.7573906873842906,0.1209966421845456,1.190415787946905,97,11,0.04386699757353123,6.733188256283545,0.8732984112949747,9.784985798477274,0.08359189331531519,0.47300673322108777,0.3627218008041382,11.235397230584082,0.8591282367706299,11.063548084038043,-0.026050700404448436,1.6254939851023424,0.0079522430896759,0.9981484397883875,-0.4964064359664917,0.17184914654603917,78,38,16,82,-0.9350856007458227,3.072381604174085,0.16403170269401904,2.0226115694022053,0.1590307131409644,1.3152860210387345,0.14094240563688798,1.6048551997618483,109,13,0.061101551400005345,9.114496072402638,0.9981186149761312,9.81317546045394,0.07464310526847835,0.40805243329589036,0.2372773885726928,14.031063457886972,0.8504533171653746,13.943490531913225,-0.04728107284754515,1.6361953994457394,0.0022324919700622,0.669950990919745,-0.6131759285926819,0.08757292597374654,79,36,15,81,-1.191221461790796,2.962064957492625,0.19020801529418238,2.5371954373353334
LegMomentum,0.26189490998811954,3.219657214272813,0.6121079802326856,5.0737160757087105,0.2050123661756515,1.2422682500207456,0.1986216805828735,2.542521296926246,97,10,0.1387171309587495,21.45925405686177,1.8149749211284174,7.8168016074903655,0.09132397174835205,0.32535155740559435,0.9824430346488952,19.44791982140284,1.6741014122962952,19.260510905893902,-0.04560075961053371,2.28218637574889,-0.0026137232780456,0.6821276360740502,-0.6916583776473999,0.1874089155089396,83,37,20,77,0.21128787430109736,2.867032043415668,0.29180639325038266,4.031237949217078,0.09423778206109987,0.6644805195122025,0.07779277369743791,0.8391272844170278,89,12,0.021220870536661503,3.2446802289072583,3.2682251640854982,5.551241024675869,0.047920882701873654,0.32392176684948515,0.2272226810455322,6.108998629986226,0.7060954272747039,6.0170753527974465,-0.015816477325279264,1.277270723458488,-0.0083827376365661,0.8715047332223971,-0.4788727462291717,0.09192327718877924,85,40,16,75,-1.1594535117363216,2.3791961806236226,0.11443218586874603,1.2701416172628501,0.10686902701854703,1.2896240121865399,0.1196070084639359,1.4168031811430781,115,13,0.04976550054258772,7.017719641530246,1.6695563926395982,8.353971401300461,0.0501281470060348,0.37150307469494115,0.2372773885726928,11.558971221820137,0.8504533171653746,11.420438244611308,-0.05798783330246806,1.514258976501333,-0.016757860779762247,0.6340365668445169,-0.6131759285926819,0.13853297720882826,91,37,15,69,-1.3473761736294523,2.8042516902113794,0.1670787831431816,2.173646565938304
LegMomentum,0.21354534264723396,3.080137602436677,0.5002933079283682,4.739742018169025,0.15225079655647272,1.9734131165565065,0.1517647837055847,2.313221659267173,87,13,0.10711615445219688,16.915413325036944,4.851267964403552,4.39224940454064,0.0742965936660766,0.4804258423958707,1.1044002771377563,14.072958444154136,1.7960586547851562,14.011364066126497,0.017875662073493004,2.283367226745043,0.03478157520294185,0.7523211525771595,-0.6916583776473999,0.06159437802763912,63,45,16,97,0.43917879794605763,2.2966042856492748,0.2589345508486698,3.420767082521638,0.09932199120521537,1.2815937887640971,0.08691927624007799,1.0827875939012128,86,17,0.027744093757319822,4.260662831377695,3.54894830496181,4.060600663976954,0.049515128135681055,0.5547771740569765,0.3323121964931488,7.252159184208441,0.8233979046344757,7.196617567878606,-0.0207046823517885,1.3728014464209568,-0.0095196515321731,0.8060987006392086,-0.4910857081413269,0.05554161632983533,87,38,15,73,-1.1540678740475734,2.0684649586556545,0.13045204319739984,1.541453541331111,0.05892401188611977,0.6027165508588915,0.07565098260529338,1.004143927239128,110,11,0.02434398589979636,3.7235339008766313,3.734853209208638,5.676745735922816,0.029966488480568,0.23142052270169625,0.2113559246063232,7.205466666848106,0.6794487237930297,7.199209403255787,-0.020869098231196405,1.0835733450030245,0.0013859570026397,0.5092814970030594,-0.4680927991867065,0.006257263592319441,77,44,18,83,-1.870342633476672,2.5682874306368313,0.12195255052689341,1.5966849115826163
LegMomentum,0.28067980970535494,3.690873824521909,0.6453711597435174,5.6538282381549125,0.17568273842334736,2.9642870604794544,0.20281147723086174,3.049992864980674,74,15,0.16936396873517384,26.04053789841869,2.6755931862101505,3.8306840679943335,0.0947779417037963,0.6218770903769377,1.1380996704101562,18.496136110300597,1.7942441701889038,18.354904925817163,0.0584670539945364,2.8917665267418173,0.04923886060714715,0.898582902484413,-0.6561444997787476,0.14123118448343566,65,40,14,95,0.9673505586268143,2.091647551142952,0.3210581311523704,4.2045480438727605,0.15810964256525029,1.0254234227857846,0.11864246651006394,1.1751723094918671,92,12,0.04118303463338899,6.3192456653816995,0.8084787948155796,10.800688353093651,0.08441799879074095,0.48806980923602583,0.3323121964931488,11.225220928685191,0.8233979046344757,11.09887494718996,-0.024594736017752437,1.5490577107914987,-0.0026760995388030503,0.9013708835423233,-0.4910857081413269,0.12634598149523088,82,39,15,78,-0.7699512988672209,3.153939393511775,0.15903639267413827,1.9798146059717565,0.07146791368722907,0.5896246165296386,0.08063941405271176,1.0022990471155522,105,11,0.02353264451172867,3.650755936004003,2.29027699116682,4.944533072622294,0.03685392439365385,0.30831334783235587,0.2113559246063232,7.1504805075197915,0.6303301453590392,7.098767078259528,-0.013974449131637817,1.2130040006215947,0.0071017891168594,0.622459303529892,-0.418974220752716,0.05171342926026326,72,45,16,88,-1.4253989017603177,2.309611025417881,0.12084656352487338,1.47627139458841
LegMomentum,0.3305088068276061,4.0166368796892415,0.7507515088655052,6.124174986795607,0.28159953653812403,1.9400009404312124,0.2513743431027978,3.5138886532436997,78,12,0.231825377455779,36.897812065682395,1.5964910368347285,9.067793513105826,0.12961301207542414,0.5463721228327336,1.1423616409301758,28.024276427194927,1.9047449231147766,27.98744996213721,-0.018170696869492537,3.1118409640362494,-0.0225383937358856,0.894038215073969,-0.7623832821846008,0.03682646505771916,90,32,16,70,0.7491913319015407,2.8501168295424164,0.38140513026682066,5.216728656948561,0.14213688112795345,1.374592776405162,0.1138850617597927,1.1421092585483061,86,17,0.04195534922303251,6.230436645606354,1.2801455099268049,10.064568099999779,0.07248872518539425,0.56045491080271,0.421836644411087,10.518492321865626,1.0015594065189362,10.295984075032468,-0.03561266980832442,1.6745365936209544,-0.02468866109848015,1.0121177181393892,-0.5797227621078491,0.22250824683315726,96,40,15,64,-0.5960733506733682,3.011196486457553,0.15846379191139195,1.851043987113944,0.14506092667579645,0.7362210522448396,0.10493777137249705,1.0414024730059446,104,11,0.033911441552817126,4.884560661026066,0.7391354364705669,10.885614316275708,0.05934539437294,0.36392952150350066,0.4166092872619629,9.938955660643284,0.835583508014679,9.814542673005509,-0.04315463528037071,1.3377974291384036,-0.012189999222755401,0.823050824742158,-0.418974220752716,0.12441298763777593,96,39,15,64,-0.6231512594092201,3.191108802502964,0.1394772934765766,1.7592210491057523
LegMomentum,0.23322022030348286,3.38683584661978,0.5347389949485658,5.274182253985837,0.13466627895832056,1.686318821698514,0.1636984819732606,2.62323393672674,84,12,0.13045503377218334,20.580693450581457,4.571931574205211,3.5926793574251183,0.0738645195960998,0.5484440661755219,1.1423616409301758,14.714888484490645,1.9047449231147766,14.607975873107126,-0.00928282402455807,2.5258626373047814,-0.00212323665618895,0.9120783478025687,-0.7623832821846008,0.10691261138351847,84,43,17,76,0.5681767478447257,2.174379812501036,0.28628740502327765,3.7683831264945975,0.11869522556662547,1.0244712673963123,0.09433154987200394,1.0623453608488125,81,14,0.03232753955271635,4.842165216591376,3.189402435705179,5.800316823505272,0.05910684168338765,0.5036342091943866,0.421836644411087,8.086129400371481,1.0015594065189362,7.855426266636558,-0.027172896661795665,1.5406356771298066,-0.0241195932030677,1.0615177436179735,-0.5797227621078491,0.23070313373492324,102,41,15,58,-0.661714406583515,2.3810544573832115,0.13995990767333927,1.5711801064633417,0.08220382034778585,0.6588993888883264,0.0739008375117555,0.8112134947727107,98,14,0.019683411111836215,2.960111479030458,2.539633004751604,6.2137735787271655,0.042140439152717604,0.3052715733781914,0.4166092872619629,6.26464430168035,0.782115638256073,6.113649873592778,-0.01989557538181543,1.2076839395512495,-0.0079700052738189,0.7300995969850654,-0.3655063509941101,0.15099442808757188,92,41,17,68,-0.372884095584188,2.484382440748438,0.10945857847898738,1.22540237521413
LegMomentum,0.24133731013150833,3.502783950404509,0.562612012401223,5.484829100659228,0.1437943130731582,2.350723007390579,0.15992426630109546,2.500638522619187,88,13,0.12643392977096365,19.827349492681314,4.686556928863792,3.3438341899929647,0.0703505277633667,0.5019928183270871,1.14776349067688,13.863394294050726,1.8915038108825686,13.797162755973554,0.014295844361186019,2.5612483879973764,0.02061706781387325,0.8530527801073247,-0.7437403202056885,0.06623153807717314,65,51,14,95,0.3726760856911098,2.130787117164468,0.28162481834039577,3.6424382201572287,0.1772393956780433,1.3381823298922735,0.11313112615840508,1.0866843298001698,84,18,0.0378987061923267,5.83133374575292,1.519860568320718,7.398352112689171,0.08950856328010559,0.6578650773570904,0.3087760508060455,8.706307685037045,0.8907002508640289,8.584466443913318,-0.016261570202186697,1.6865764099901197,-0.0123926550149917,1.2289630306154455,-0.5819242000579834,0.12184124112372731,91,39,18,69,-0.7598115593578272,2.636008361041397,0.15352381727341952,1.728234289388381,0.09361256286501875,0.8235188217735809,0.07751782049890606,0.8602659232854403,97,14,0.020627545334893752,3.1317366924469066,2.29394048010574,4.090485681229329,0.04786403477191925,0.39006266869928297,0.3091901540756225,6.076655692001496,0.6902142763137817,6.001150233373787,-0.012192083522677427,1.237004302671733,0.00217521935701365,0.8295892843761927,-0.3810241222381592,0.07550545862770883,75,42,17,85,-0.9912449336729257,2.1553973714906527,0.11324185253682481,1.2655263915140318
LegMomentum,0.33051444946342934,3.7991831118618733,0.7571495918184517,5.83684172678856,0.2262422591447829,1.9092770000868708,0.24378252012189475,3.047056221582864,99,11,0.2139257878915277,33.92056791317325,1.0987909086342924,11.141277063412673,0.08865869045257566,0.42120206563684437,1.14776349067688,25.14989215802614,1.8915038108825686,24.996422724481853,-0.0077634368091821756,2.8556648698153713,0.02552655339241025,0.8273917817292092,-0.7437403202056885,0.15346943354428672,66,40,15,94,0.2808469417234775,3.311516617388764,0.36672042576439584,5.075997051267427,0.22286672890186304,1.1658485024482954,0.1341979113570414,1.1801099447213133,84,13,0.05007703385178246,7.561294957728019,0.22147878186543934,16.850287644604485,0.11092248558998105,0.5305474079350172,0.3005426526069641,13.671341619617648,0.8824668526649475,13.496349178919317,-0.034502663975581514,1.6770834631307068,-0.02337215095758435,1.1496219656346267,-0.5819242000579834,0.17499244069833064,91,35,14,69,-0.6421437193783363,3.8542441371742884,0.1740605326238844,2.1791480021837732,0.11129498109221447,0.7423515082279162,0.10068884409731252,0.9854052506159465,102,11,0.031683791292782246,4.621465855158044,0.8787202519837853,9.624816900402166,0.05028581619262695,0.34180352158548244,0.3091901540756225,8.873573055880135,0.726860523223877,8.749445079370432,-0.032646987307816754,1.3040933938424817,0.0013690739870071,0.7579629434711077,-0.4176703691482544,0.12412797650970342,77,41,14,83,-0.9457213068498433,3.108146651409862,0.1373112656546621,1.709036651243747
LegMomentum,0.23641813975246317,3.052925806085909,0.5483408331125973,4.7646215363769855,0.1463046371936797,1.6298462231622421,0.1830693880096078,2.402949867949001,106,13,0.12582477364010208,19.535155918101236,1.898933393715116,6.751187438928195,0.06632691621780401,0.3829842967978691,0.868449330329895,17.497599367064534,1.5804546475410461,17.31466364944373,-0.03402570635080338,2.3801753837025927,0.01091197133064265,0.9188731730519966,-0.7120053172111511,0.1829357176208033,71,40,18,89,-0.09742942878857795,2.702292081703229,0.2792311723824557,3.7242342918937648,0.1354577969759702,0.6653735035364421,0.09152056858118154,0.9678394430821533,77,11,0.02610906257425202,4.0450965166207435,1.241222215794763,11.28573357221479,0.06328590214252465,0.3109473877138499,0.2730769217014313,9.07694374928961,0.7238780856132507,8.968519707020613,-0.012199168605729926,1.2548976455507157,-0.01581347733736035,0.7411443376011448,-0.4508011639118194,0.10842404226899649,97,39,17,63,-0.6018186083872975,3.1742989876949146,0.12755798048000502,1.5717278440658908,0.0970182567834853,0.5289495807518755,0.07902894229860973,0.894781032749743,107,11,0.022310536190025442,3.20675066684115,2.2822890279013857,7.398555401969476,0.0449463427066802,0.24751463786381392,0.2514625191688537,7.047505130558206,0.6691328883171082,6.979683443254872,-0.032419141940772535,1.1295485071236766,-0.00683349370956415,0.6243776535964887,-0.4176703691482544,0.06782168730333364,86,43,18,74,-1.4000249026133056,2.732026713738595,0.11390422703059101,1.389557784655184
LegMomentum,0.21583342905052838,2.8093914275641687,0.4983645071834324,4.358678364932588,0.15168230235576624,1.2721775987227493,0.15146697736345227,2.202527043489359,85,9,0.10012545394897203,15.777025037056443,3.0430328696174325,4.587162428913784,0.07315683364868156,0.41524505477758966,0.8976154327392578,13.875356490096193,1.6008371114730835,13.811740479669087,0.009469608217477794,2.0348723241271958,0.0174276828765869,0.6961901554328899,-0.7032216787338257,0.06361601042710578,67,43,15,93,-0.0539073535014674,2.424995390977256,0.2507623300094404,3.4112050160548293,0.12317980825901023,0.9723974538925547,0.09098425106029023,1.0051467908646956,78,13,0.028316394582761913,4.3341860301194295,2.0827963180662286,7.393068798486182,0.062054336071014356,0.42419316928656375,0.2955262660980224,7.711743364841057,0.7464357316493987,7.606135292836136,-0.017539548175409425,1.3278043950141525,-0.0212645381689071,0.8621818339359602,-0.4509094655513763,0.1056080720049211,100,44,16,60,-0.7878450007614674,2.7115270373681297,0.1322856100657555,1.6034717081072964,0.07713940739631639,0.7815417514127057,0.06567518227500838,0.8211998891533814,89,14,0.016464233447062958,2.559813998723068,3.4752743655849887,6.04800044562745,0.03801639378070825,0.3045593448631866,0.3311075568199157,6.25617719929919,0.6605262756347655,6.222966502211209,-0.0024146189913153717,0.99600164579124,0.008976399898529,0.5351866247563334,-0.3294187188148498,0.03321069708798057,73,41,16,87,-0.5721795815490334,2.4845919618564345,0.10173001891882148,1.2521160969751206
LegMomentum,0.2947499124174845,3.6092077670847216,0.6716747007146476,5.633844217563225,0.198774516582489,1.9998432114267461,0.211387604996562,2.7436982170407536,82,12,0.16153907210428337,25.3973613698396,1.0679209294169425,6.11700699533834,0.10134422779083255,0.6929974761638993,0.8976154327392578,20.103363657113423,1.6087770462036133,19.924406907664764,0.027811655402183527,2.809382425528408,0.0322198569774627,1.176135954660634,-0.7111616134643555,0.17895674944865925,68,37,13,92,0.0596052128496691,2.5581288238798776,0.3175193660437065,4.183865647576619,0.19861198216676712,0.8537609609625665,0.12396802145638501,1.2323871511093514,92,11,0.043645132970281254,6.731001061565431,0.4530280955901671,9.596604483251664,0.10377576947212211,0.3694225464016876,0.2955262660980224,10.908873283431438,0.7792440354824065,10.845047632972394,-0.02292930490802973,1.3738450259713786,-0.00501693785190575,0.6438708977059209,-0.4837177693843841,0.06382565045904397,84,39,16,76,-0.8818150995092056,3.1822405467799966,0.16407531659985844,2.200806876165906,0.09254239499568923,1.6073639053006605,0.08340748321497808,1.1684331152503986,95,17,0.028724539709330536,4.503024028228336,5.255117783334308,4.925681568094345,0.04710881412029255,0.5672430188418922,0.3311075568199157,8.098659540177072,0.9147270917892456,8.070693386410086,-0.000592335872352133,1.4506167660634381,0.013449653983116101,0.7468316674686141,-0.5836195349693298,0.02796615376698526,66,36,16,94,-1.5257761470933613,2.001197327940774,0.13440757112751647,1.5487850161478152
LegMomentum,0.27922752550030217,3.2225408438767995,0.646135022304952,5.0371334852011405,0.18286007642745966,1.4626166124553988,0.20132826369721438,2.50265710166301,103,11,0.143996267710498,22.07734227278266,1.3400471266884555,7.772081209165554,0.09354507923126221,0.346935305408144,0.8327121734619141,19.830342347076325,1.5719087719917297,19.61559551860718,-0.05672693215310574,2.3855002262422182,-0.01252824068069455,0.7302161009494941,-0.7391965985298157,0.21474682846914658,91,36,17,69,-0.06233135582802771,2.8799142653579963,0.2955088947996641,4.048052734757909,0.14208826981484884,0.6303399380268843,0.10730913504696216,1.076957381917535,93,11,0.0355101956401803,5.265686644860041,0.5809457503659958,10.011888875398807,0.06932415068149565,0.2619898026455022,0.2132980823516845,9.657838106788397,0.6970158517360686,9.633032120069476,-0.034726189146749666,1.2609106352666655,-0.018749125301837852,0.6071272165705784,-0.4837177693843841,0.024805986718920245,99,41,12,61,-0.8687391479368898,3.259584459745288,0.14532709257545395,1.917235252839738,0.12976798415184007,0.8845708099767728,0.10806783158390312,1.2429372045192801,103,11,0.03796231419996679,5.639605925428169,2.058959923975144,7.462819564156954,0.06291437149047856,0.2783247179459033,0.2275183200836181,9.922417842456538,0.811137855052948,9.894918247264266,-0.038947638450190426,1.3907226236922572,0.00174528360366815,0.6459436584038498,-0.5836195349693298,0.02749959519227207,77,34,17,83,-1.413501181622934,2.7200717059501676,0.14949652303357103,1.9249666255233349
LegMomentum,0.21484606885990748,2.719604104483993,0.49695946134626845,4.289490974963804,0.1334770023822784,1.5671405816309232,0.14452356534078714,2.2443407953910333,81,13,0.09743709982819972,15.39434801698312,3.645795667183373,4.165081726999509,0.06476226449012755,0.2398900559323197,0.8547162413597107,13.397958480130548,1.5939128398895264,13.343977192077732,0.0003725990653038025,2.0456219354498177,0.0010935366153717,0.5294437683007667,-0.7391965985298157,0.05398128805281509,79,45,16,81,0.107077373865505,2.3069785629949786,0.24755010635686353,3.348100792119267,0.10558803193271152,0.6573003131219235,0.0820046612154692,0.8986768395209452,82,10,0.022686271131926415,3.271620222990039,1.3217446001569702,6.472064089516087,0.053464770317077595,0.34795225214622283,0.2482260465621948,7.152252581053586,0.6763646006584167,7.117680665684683,-0.02945000343024729,1.1275855808045727,-0.02619017660617825,0.7353963436577822,-0.4281385540962219,0.034571915368902646,108,45,18,52,-0.5560087490237439,2.5874043838490306,0.1157382288421132,1.4142740119763402,0.10370458662509913,0.6224638396362328,0.08168588700937104,0.9282692454417917,100,11,0.02177529953187994,3.3346220185876456,2.6097525258965906,4.629326864046471,0.05184377729892725,0.32255388658945844,0.1848456263542175,6.1363333771907085,0.5882341861724854,6.085569902213606,-0.01433121548034251,1.1162834587094126,0.0124454721808433,0.653061396663257,-0.4033885598182678,0.05076347497710266,72,41,17,88,-1.6131646320717197,2.3880244930388823,0.11613992198864267,1.4451758572573083
LegMomentum,0.26490880146493156,3.3353896381049664,0.6117715243995187,5.19802902567254,0.14872966706752766,2.4406789351387426,0.18554365060292183,2.7062177678971953,74,13,0.1494944683370289,22.868549106478863,1.9807537610334922,5.505587336536747,0.07369002699851974,0.4566816691853687,0.9326913356781006,18.167760858680065,1.6435937881469727,18.106263117484097,0.05664200372993945,2.6427464110900543,0.04827320575714105,0.8642376922137129,-0.7109024524688721,0.06149774119596748,55,43,14,105,0.19308268360651523,2.44433685487545,0.3013190726142431,3.9855288875065877,0.17945186793804163,0.8878915351165275,0.10916596190771084,1.1219733499285507,82,13,0.03432510542236982,5.32830583680878,1.5093297369432195,10.88597737398532,0.0854735523462295,0.30721966085906555,0.2650972008705139,10.501607108986395,0.7883815169334412,10.297585393452994,-0.001778887864202261,1.353922706241109,0.0011140517890453,0.6960798351348347,-0.5232843160629272,0.20402171553340032,78,41,14,82,-0.9699698681226103,3.2035019318805533,0.14691811417813017,1.8695451699099253,0.09601899608969677,1.2181205948041947,0.08127408882137384,1.0107718020530791,100,15,0.02381501383505098,3.6657034664588166,2.6926530117771366,4.103188697481675,0.04333156347274775,0.417241868787171,0.2412648499011993,5.982486656121262,0.6659875810146331,5.960498078266065,-0.01281074387952685,1.2013599083413764,0.0062731727957725004,0.6654116049238206,-0.4247227311134338,0.021988577855196607,73,43,15,87,-1.5758553891051175,2.2173912478205837,0.12170804736383295,1.490784302670516
LegMomentum,0.32139164288079397,3.6006392442945305,0.7473577041178939,5.62677235987884,0.23201906681060783,1.9367939222225292,0.2406829193560406,2.9365907260783306,99,12,0.20443217577600326,32.19795915505117,0.859468802404602,9.398528278489149,0.10556045174598695,0.4582984154058944,0.9326913356781006,24.069665457081523,1.684800386428833,23.771597554570242,-0.028379385545849806,2.9262137910212163,0.0032052099704742,1.027042490612538,-0.7521090507507324,0.29806790251128235,78,37,17,82,0.23567767840157677,3.092644574896181,0.3574398419171089,4.861607964890672,0.1965013518929481,0.6661398753689531,0.12858262783847746,1.271921795140277,80,11,0.049325955358339967,7.5208289917993625,0.6368336735013598,12.29015194915783,0.09170584380626681,0.3362625757738379,0.2650972008705139,12.932173179312038,0.8036543726921082,12.848470399113873,-0.030948083149269223,1.4476076221886145,-0.03070214390754695,0.7585218194905723,-0.5385571718215942,0.08370278019816414,91,36,16,69,-0.8507654148754853,3.4920521726612272,0.17337475532643595,2.329219003009547,0.13105478510260568,0.7001977470506017,0.11012053977698084,1.1542304356522763,112,10,0.03684716585549173,5.239969681323014,0.6314034555785506,9.631511434961133,0.0525818765163421,0.29528094501672697,0.2412648499011993,10.19038806745308,0.6927414834499359,10.033804149098476,-0.04771285746246576,1.2529509466690105,-0.0022745504975318,0.5537229619123689,-0.4514766335487366,0.15658391835460428,81,39,16,79,-1.178751671066896,3.095667711856298,0.14451118872031063,1.9157462270781702
LegMomentum,0.21912508084964594,2.932388752210834,0.5150479663163422,4.638736068910211,0.112067624926567,1.2809468427695192,0.1516916119260713,2.3942303623333876,95,11,0.11300048285916792,17.865582307487074,3.5525632545362935,3.8910357657445758,0.055747896432876545,0.3384147131475413,0.9232439994812012,14.014628177666028,1.6753530502319336,13.94647952270808,-0.0026297155767679324,2.200514739081605,0.01392424106597895,0.6105506544990909,-0.7521090507507324,0.06814865495794896,68,42,12,92,0.024724514430786926,2.2834972209160047,0.266575556227173,3.608783339377925,0.10867557674646372,0.8321320173568003,0.09228005647251845,1.040712973809352,67,13,0.030765989733020832,4.636604147022637,2.4881112917369554,6.92971472552003,0.043205201625823995,0.3023172457825347,0.2596325278282165,7.646772485694292,0.7981896996498108,7.519464214138634,-0.02904777168296276,1.3021958555507245,-0.04369053244590755,0.6844140436130313,-0.5385571718215942,0.12730827155565846,111,42,14,49,-0.750269320124729,2.770454284272654,0.13601690809950215,1.7149023589724153,0.08440010622143743,0.9340537050445321,0.07205701945349571,0.8998765484930433,99,15,0.01972062423372238,3.057102840345296,4.337494241028129,4.224167604506852,0.04304076731204985,0.42245662154952335,0.2306383997201919,5.9316651319217915,0.6821150332689285,5.895676198815717,-0.011060662567615514,1.136025474277881,0.00811980664730065,0.6169136378254217,-0.4514766335487366,0.03598893310607456,71,37,13,89,-1.7921797524059453,2.1572831011061373,0.11081426191454213,1.3291158573040245
LegMomentum,0.23573709066278886,3.163054526772253,0.5513208385743199,4.974643303184022,0.14359082281589497,1.6537618768952744,0.162988099604845,2.382063421978407,88,11,0.11814666992542683,18.48646724070243,2.8452212280925826,4.759555438374986,0.0718198716640472,0.591326560531898,0.8573885560035706,16.07973073538471,1.6162294745445251,15.940429976012021,0.029779857397079446,2.410941455294415,0.0464212894439697,1.0516952776637467,-0.7588409185409546,0.1393007593726897,51,39,12,109,-0.27607906798790766,2.3671365128550375,0.2709495602469934,3.560032098148172,0.1373131424188613,0.9555393488411789,0.0945951285223418,0.9623084576508362,77,15,0.025970439433313057,4.030064935161591,1.0410116285339326,10.040927642971635,0.0660697892308235,0.36205609860481747,0.2848109900951385,8.647496886865351,0.7026077210903168,8.490726013661577,-0.008962529932614408,1.3273980712201694,-0.01361956447362895,0.8455863924705787,-0.4177967309951782,0.15677087320377367,89,45,13,71,-0.574939396021819,2.936310423753626,0.1274863818719283,1.5060143743280028,0.10218166559934605,0.8627064876101134,0.08018080280162392,0.9437192435817156,94,16,0.02216630518439338,3.447836198823497,3.0706970637482005,4.37475866642549,0.0525413453578949,0.32228608010683957,0.2422717809677124,6.537974005146876,0.6968660354614258,6.504803558107984,-0.010170092806220063,1.2363037766694374,0.00507420301437375,0.6733604814719785,-0.4545942544937134,0.03317044703889214,74,37,14,86,-1.3413639320297748,2.1969094313677635,0.11763074065578655,1.3854202144535002
LegMomentum,0.33049551275417255,3.6541909492510896,0.7542680065147578,5.668705904533769,0.24610725045204157,1.6815271462253094,0.2501071603037416,3.033041570756184,90,12,0.21104370220743043,33.571128259815254,0.5332814257409915,11.443972834619013,0.1239579617977142,0.36759769428887357,0.8860959410667419,25.90962848729073,1.6568594574928284,25.80723688516414,-0.014115012437105187,2.6430599815954965,0.00664800405502315,0.6641634854955988,-0.7707635164260864,0.10239160212658688,76,34,14,84,0.05638065180553398,3.3780412937582054,0.3640486252732114,5.156099513537698,0.1544788107275962,0.9246702329464247,0.11596023807200248,1.2099151311253027,97,11,0.043201249679528896,6.561666587637876,3.5920106942353973,8.36945396057016,0.07108259946107866,0.45285099182148025,0.2848109900951385,10.090817089317929,1.0305807292461395,9.834763041404273,-0.028663613565731792,1.6352950225912322,0.007100060582160899,1.002370735561887,-0.745769739151001,0.25605404791365516,76,39,14,84,-1.527996823602664,2.8951954041561345,0.1623078162850765,1.9716685260779052,0.145455241203308,0.7562967297174575,0.11383313773199913,1.1698318843675204,98,12,0.03898356400016853,5.809562176848326,0.6420322668880174,11.05895922991356,0.0733207464218139,0.4027594281514364,0.3460989594459533,10.627615688023733,0.8076347410678864,10.518610817277233,-0.03663321807980537,1.3903509003470413,-0.00730347633361815,0.7602036870584128,-0.461535781621933,0.10900487074649934,87,35,14,73,-0.8096120558041371,3.2570900586025626,0.1522088430665102,1.9688795165658306
LegMomentum,0.25170975242265314,3.3956363397750646,0.5801213992945848,5.346793140510896,0.16584432125091544,1.4815226582208754,0.18645716339349744,2.4737037069451944,104,10,0.13456878112335466,20.9329463748251,2.1492812085660598,5.770387241269301,0.07386884093284604,0.5893950314513141,0.8860959410667419,18.603143745538674,1.6568594574928284,18.561950173163346,-0.03135984987020493,2.5173234763116548,0.00253805518150325,1.1479651608801804,-0.7707635164260864,0.0411935723753261,78,37,16,82,-0.05233168325034961,2.513341968603899,0.2892141562829006,3.820474956132457,0.11152590811252583,1.052290846644851,0.09033015478853482,1.1189406050360509,87,16,0.03143959944379354,4.8283855588999725,8.256579432317796,3.9094779968757036,0.0588588193058967,0.5298789152032368,0.3065882325172424,7.076694391567147,1.0523579716682434,7.043060252385974,-0.014425311528611928,1.4854148864816599,-0.0004879981279373001,0.94459470241341,-0.745769739151001,0.033634139181173126,80,40,16,80,-1.9810625467642045,2.0724548998689607,0.13987113580406052,1.6192369109919182,0.10349133610725389,0.7491895087018958,0.09627863189671186,1.0866013470256122,105,10,0.03150667799907326,4.726942459260033,1.6475965281161171,9.783278148551556,0.05112367868423455,0.3966247911830369,0.3460989594459533,9.593642829386472,0.8076347410678864,9.495291778489069,-0.028700967505574226,1.3440547777175822,-0.0046420246362686,0.7933675778779883,-0.461535781621933,0.09835105089740322,81,38,18,79,-1.1436786115612187,2.953992447379118,0.1377918518231214,1.708935111042714
LegMomentum,0.22392970890114058,2.8784357858477954,0.5207826464436947,4.545751863334805,0.12270970642566674,1.6130175750788365,0.15078726762440053,2.152720082927838,99,13,0.10066755164135553,15.755148328900711,3.0094636132563712,4.8751774186703845,0.06569501757621765,0.35414392754649276,0.7433875203132629,14.40754722563422,1.5229620337486267,14.278728036629131,0.015244012698531133,2.1203965812286816,0.0305722951889038,0.8121337153847008,-0.7795745134353638,0.12881918900508832,52,39,17,108,-0.3493852577206987,2.467077110385226,0.2511554979061723,3.3554532729892736,0.12221693247556673,0.7929800633161669,0.09272431454723114,0.9715826557735214,79,12,0.027201612939669363,4.131665368216137,1.930082974069208,7.099255949255008,0.0580970011651516,0.4203874751763341,0.31505087018013,7.506909224192076,0.7470413744449615,7.425314926927745,-0.006728630990255618,1.3189279357268198,-0.011014495044946601,0.9439256688019995,-0.4319905042648315,0.0815942972643305,87,44,17,73,-0.6673194972996972,2.6611928018133577,0.1306230203537259,1.5466397345780067,0.10398971289396282,0.5699064569222301,0.0784933007729705,0.8892849657902373,95,11,0.01987690567570627,3.028341340890496,2.6600086677676327,5.962477398304921,0.05132005363702765,0.2904925958660261,0.2445673942565918,6.4798906662243265,0.6855237483978271,6.380070418689141,-0.01139768185093999,1.1064273463793033,0.012603648006916001,0.6887517571709311,-0.4409563541412353,0.09982024753518542,74,44,16,86,-1.3510061702025458,2.4977204225673924,0.11122263420947313,1.3431901831366058
LegMomentum,0.2893623633016452,3.5437306628572554,0.664623921792954,5.585655591077069,0.18585489690303791,2.372591470249349,0.2014110158383846,2.559022339150949,87,14,0.15337086952942117,24.2137636876943,1.1326030572264632,8.683289880088838,0.0918873846530914,0.6261592983143756,0.799419105052948,20.461137546540275,1.5789936184883118,20.326676822765922,0.022471833229064923,2.764263831772536,0.03598484396934505,1.1651290571065407,-0.7795745134353638,0.13446072377435442,61,33,17,99,-0.07619194337408322,2.9345425668580742,0.3097604027091002,4.0709469606037025,0.16747471690177912,1.0695939284285898,0.1158193341325386,1.2090143663911883,90,13,0.040863352421140905,6.260942876833575,1.4757538614310173,9.95467445263501,0.08141184598207468,0.39830397414990504,0.31505087018013,10.902999982869744,0.8443031013011932,10.851655630561321,-0.019402023951988666,1.4318745064345364,-0.0018129050731658656,0.741197878970024,-0.5292522311210632,0.05134435230842331,80,46,16,80,-1.1139521626899562,3.1313418047667105,0.15912704225598057,2.0519937316318555,0.11726978793740261,1.1537479174084333,0.09812929230160077,1.1139846896572458,97,15,0.030970372518113135,4.78956365750164,2.2961947821373965,7.754775080282961,0.05912385135889045,0.4168533124966246,0.2900854647159576,8.988370417776258,0.7967741787433624,8.848597799720128,-0.016296358685940503,1.389517252869997,0.008826367557048749,0.7577983965858336,-0.5066887140274048,0.13977261805612973,78,40,14,82,-1.2625626019745484,2.687050678509425,0.1386036801217611,1.6908002429258926
LegMomentum,0.2570582182196426,3.0668496322344203,0.6001771242171525,4.847763495622786,0.21480056643486012,1.1301534835563427,0.19712162470910696,2.4299714264997307,103,12,0.13136440243722053,20.068325381513844,1.261330051760316,7.844917688029103,0.09549316763877866,0.46028584966531916,0.799419105052948,17.24801644486122,1.502320408821106,17.19319248323366,-0.05657738856971264,2.175956633664631,-0.009535312652587849,0.7101284659855454,-0.702901303768158,0.0548239616275635,86,33,16,74,-0.16421160217955566,2.933126487502469,0.28177648597996013,3.91580618901456,0.13802182115614406,1.0446837075319655,0.08811158731114115,1.0296677124561928,82,15,0.025682039153487032,3.983235238046041,4.334582467722128,4.112249699735331,0.0666411286219955,0.35725913999220926,0.2769977152347564,6.746107555341173,0.8062499463558197,6.587181190788296,-0.010301591828465462,1.3412281415638068,-0.0079612592235207,0.7351989296656463,-0.5292522311210632,0.158926364552878,84,42,17,76,-1.506766974879892,2.1599088389647534,0.12667057925792677,1.477952066314513,0.11309139430522917,0.6994208068126883,0.10702173747122287,1.2105766575167538,110,12,0.03910901758910499,5.60711555368597,1.9036664496278028,7.582777765294125,0.0506914854049682,0.30875559933021957,0.2900854647159576,9.348971339528399,0.8265771567821503,9.319929800053636,-0.048203888535499576,1.3305787203943482,-0.0046783238649368,0.6217004582295248,-0.5364916920661926,0.02904153947476245,88,39,15,72,-1.3629816731470101,2.845972223163486,0.1491932894211386,1.9587434294771
LegMomentum,0.22156547503975604,2.9313554746195276,0.5135727925039827,4.544191022535895,0.1331148296594619,2.0688081425479496,0.1541849398380145,2.2747825982319925,89,14,0.10762882361252463,16.99260902724172,3.83739052015852,4.748272627588581,0.07051011919975275,0.5335008653560855,1.0463035106658936,15.299632931675985,1.7492048144340515,15.178695433204597,0.01526811607182026,2.2378013873964404,0.0284323990345001,0.7913600824722764,-0.702901303768158,0.1209374984713876,64,40,16,96,0.35184109277261716,2.371645415616987,0.2597238967254639,3.4619147848854235,0.1215960308909415,0.8498578633343963,0.0889080323708185,1.0014326876395736,75,13,0.027844906461726594,4.069810684600967,2.288421710994778,9.566258877090906,0.0538758039474487,0.3809676244779585,0.2296048402786255,8.893597769798275,0.7194190919399261,8.811430454627844,-0.030953097215387953,1.2073780285110944,-0.03739461302757255,0.6862844814735907,-0.4898142516613006,0.08216731517042948,104,41,13,56,-1.0289920316104684,2.9710111731309823,0.1286405838379452,1.616183461389712,0.08399395644664762,0.7227646446820106,0.07242107702186328,0.9244644238874955,102,12,0.02055278836047292,3.2007951960079413,6.071194637803773,6.145067899393592,0.04328811168670655,0.3165095727703522,0.167139783501625,6.958241714900002,0.7036314755678177,6.900590290448487,-0.012049999553710231,1.099011606628359,0.00543232262134545,0.5998139658618443,-0.5364916920661926,0.05765142445151525,73,39,18,87,-2.1704652031343956,2.521161060432238,0.11304939750070148,1.4117254281566562
LegMomentum,0.2957802640700393,3.7118496195838624,0.6711009429022667,5.705477344235614,0.18086740374565113,1.5062621796800806,0.20382926911115645,3.0379373488479597,68,11,0.18387097050085088,28.175340572601204,2.2052856716977356,4.911955139502273,0.09178021550178525,0.6999668045369805,1.178632378578186,20.183788079947657,1.9065815210342407,19.934631983297763,0.06419532001018523,2.9409396932587866,0.04827809333801265,1.0173390894448255,-0.7279491424560547,0.24915609664989452,49,38,16,111,0.5104815072911185,2.354903441427179,0.33390891305215203,4.418847620501992,0.15045853704214085,0.9434626074943404,0.11737499172857495,1.1983797442365418,82,11,0.04254640504318859,6.269669012899283,0.7382737324247794,14.188143260347534,0.07922248542308795,0.4413202296129249,0.2749754190444946,12.131920111465982,0.7709683179855346,11.95819108523133,-0.035475549683906135,1.501293051475583,-0.0280091315507888,0.8356700023754307,-0.49599289894104,0.17372902623465167,91,40,18,69,-0.8586943584146264,3.5102416569856376,0.15966313130614435,2.0039431594959014,0.10862113535404203,0.8707958623344585,0.08788680574507449,1.0548116540435537,95,13,0.026170921400666635,4.107030398630551,3.4190530038881866,6.419698482742305,0.05459782481193535,0.31684222754406477,0.2770663499832153,8.006442897325305,0.774535596370697,7.856408649974992,-0.0010482112877070987,1.2632445995012456,0.0252264887094497,0.6644570578145068,-0.4974692463874817,0.1500342473503132,66,38,17,94,-1.6291513639250965,2.544350885785774,0.12829104932483948,1.5846903421367498
LegMomentum,0.33843085992924904,3.664279781702372,0.767991668693721,5.718123600092144,0.2573983520269393,1.7232294196375155,0.2561862071417272,3.0754039980361427,94,11,0.22795696562486945,36.26471562413872,0.8909449033424273,11.114302364896716,0.13034319877624514,0.5712283811288112,1.178632378578186,27.463268475070482,1.955730676651001,27.367913740759086,-0.012528941780328762,2.8961967513605575,0.0066453516483306,1.0729513856402588,-0.7770982980728149,0.09535473431139607,73,35,15,87,0.26822375619615435,3.3281903434877966,0.3784325555868024,5.279844694832155,0.13828737288713444,0.7719716906732212,0.10853716476238331,1.0595691349550267,92,11,0.03615614965943626,5.316441254951509,0.8848158525496594,9.616689543227103,0.06750291585922225,0.37726277365734956,0.2749754190444946,9.860532941446989,0.7709683179855346,9.677291242721722,-0.03666596107650548,1.3820637206228574,-0.00831618905067435,0.845401767314329,-0.49599289894104,0.18324169872526733,87,38,15,73,-0.8482881433164187,3.11573072636457,0.1462424998598792,1.8456275699852378,0.15365894138813013,0.8052013867055539,0.12820203263312577,1.2901118780639464,109,10,0.04759428516193692,7.172433768317193,0.6512448878139652,10.4317363192036,0.0651974529027939,0.42180388630115667,0.2770663499832153,11.75965278393073,0.8083310127258301,11.66194593805984,-0.03912675678730011,1.4398631281087284,0.00504952669143675,0.7281759845382256,-0.5312646627426147,0.09770684587088907,77,36,16,83,-1.0450013244750733,3.2354544765008506,0.16850216990415312,2.2581470148398535
LegMomentum,0.29616620625250156,3.4962327648261358,0.6806772038713096,5.468905111115532,0.24050258100032795,1.1585838883075188,0.23329315851442517,2.6645393942317743,105,9,0.17615443455609267,26.910726455596222,0.6207456399925628,6.966225472243963,0.0998129546642303,0.5500638396131754,0.8205778002738953,20.63621021689445,1.6216543912887573,20.481902948459254,-0.06678729280829429,2.6018943108400445,-0.0053557157516479,1.0704683394943508,-0.8010765910148621,0.15430726843519738,84,34,17,76,-0.2831169481853937,2.8467774131552765,0.3260373542158127,4.487858336758685,0.13752694334834803,1.119061130037843,0.09678861564170797,0.9467926872441568,83,15,0.0284120459403326,4.1435833566295175,0.8744239540055014,14.11176867505645,0.07053962349891656,0.3938924890924652,0.2538137137889862,9.499810501120256,0.6650471687316895,9.439754088878583,-0.03297014476265757,1.3445903742195273,-0.0297431647777557,0.8817604808800843,-0.4112334549427032,0.06005641224167231,96,37,15,64,-0.5392459081427696,3.392543185086373,0.12951966710923798,1.5282866492205283,0.11909679323434821,0.9902048876308276,0.11668046128936112,1.2155102152853363,118,12,0.0431636571720997,6.274464372763131,1.0596555625328232,7.456933574899024,0.05299125611782064,0.3566533106611921,0.2748361825942993,9.610231722749838,0.8061008453369141,9.505242511887953,-0.04781998954713344,1.5224204260559617,-0.006131500005722,0.7768249050771519,-0.5312646627426147,0.1049892108618845,85,35,16,75,-1.208823496596048,2.8258554424718594,0.1576255712494728,1.9891456505471672
LegMomentum,0.25320745689132984,3.674902995895825,0.5850077133998273,5.597562936172709,0.187198057770729,3.0008318024035963,0.1895381196402013,2.9562327137701776,79,14,0.1616421175112614,25.702958876381686,4.298116773425186,3.787329727229997,0.0952135026454925,0.5300606789011433,1.2870296239852903,17.909134438935904,2.0881062150001526,17.83106949514242,0.012597613036632538,2.874229513234384,0.0082180798053741,0.851493773095863,-0.8010765910148621,0.0780649437934843,75,42,15,85,0.7355374138419519,2.1285487529840568,0.3185938027646929,4.176333748832117,0.15346121042966837,0.884859489920002,0.09812499943393047,0.9817248389737597,79,14,0.026961616205903996,4.167627681201609,1.3906726153625337,6.813400171026762,0.08153229951858515,0.4072582482016519,0.2538137137889862,7.963751399213559,0.7252130210399628,7.86138270092184,-0.010540873021818692,1.4129028280156073,-0.01229430735111235,0.8726525555753613,-0.4713993072509765,0.10236869829171918,87,39,16,73,-0.7558970124462534,2.4794029915056193,0.12978899227341595,1.4735444614218836,0.08120428770780555,0.8383823958683199,0.07904629516415296,0.9983013120355448,100,13,0.024612178058899984,3.8329562899761793,3.726271115917555,4.3589965330816245,0.04060503840446465,0.4462043291417916,0.3243827521800995,6.494131522296703,0.8001361191272736,6.4736762430726325,-0.00976641532033683,1.3104305949227182,0.005830913782119701,0.8574932347659256,-0.4757533669471741,0.020455279224070824,70,38,16,90,-1.3184668630001544,2.218719924717534,0.12402973235997172,1.4545542086380518
LegMomentum,0.2882681173374701,3.882078447407994,0.6658147220592943,6.019767312600202,0.23907324671745298,2.8373419210994664,0.21416161791421473,2.761196964243686,62,13,0.17313911030969723,25.708620421864843,2.8887685461026873,6.830902971849557,0.11034759879112244,0.687796160842471,1.2870296239852903,19.99810843743344,1.95900022983551,19.93148425037294,0.08320420421659946,3.0845751667071606,0.0282305479049682,1.32318104008681,-0.6719706058502197,0.06662418706050034,65,42,14,95,0.9602874341824955,2.549005404539582,0.3192585818853027,4.024178979965768,0.1507796049118041,1.0657547973902701,0.10674100549076679,1.160344707301265,80,13,0.037148091374127785,5.629197845675223,1.4388952247763651,8.416629480211778,0.0758665800094604,0.5182771380918115,0.4055903851985931,9.524667451246604,0.8769896924495696,9.425753869713487,-0.025562434102175745,1.5059484967474466,-0.02569849789142605,0.9251342061560571,-0.4713993072509765,0.09891358153311586,97,39,17,63,-0.4840700681348276,2.83254135710271,0.15068520753599315,1.8333894760304827,0.1150826662778854,0.7727150555386536,0.09938788400962946,1.296001150752942,102,12,0.03631877199729058,5.7095999389514285,3.661060720911017,6.01050811163805,0.05596227943897235,0.33971858283126016,0.3243827521800995,9.241252558866309,0.9163564145565033,9.193067059669216,-0.008534687012434022,1.4292436491455933,0.012359261512756299,0.646404861437119,-0.5919736623764038,0.04818549919709349,66,37,17,94,-1.4936035173578532,2.4923446528307562,0.15089299508490106,1.9149053580603967
LegMomentum,0.3431525571939679,3.741852915714656,0.7972437234316019,5.972448414060153,0.27260319888591755,1.0402463376965192,0.2419059461355209,2.8532691419109244,84,8,0.18144867285121216,28.75478690595386,0.4105376886717331,8.2628750432504,0.1363644897937774,0.34865749534990387,0.8670276403427124,21.3821106369111,1.618349015712738,21.29425348333658,0.024239706993103023,2.59846303964164,0.0335656404495239,0.8595989669857244,-0.7513213753700256,0.08785715357452333,69,32,15,91,-0.016751753648418192,2.985962816975432,0.3369382783362515,4.690711751703594,0.17256472259759892,1.4383620685507355,0.11910095498707958,1.3043588358168683,78,13,0.04390152444001107,6.635848766154225,0.8076059089352414,9.050249896378306,0.08816882967948911,0.4394553025112604,0.4055903851985931,10.473177300423277,0.9097742736339569,10.257890499854213,-0.03235952819813973,1.6112348084110446,-0.033298559486865956,0.9116168640753868,-0.5041838884353638,0.2152868005690635,100,36,18,60,-0.3972019586339454,2.91522679634805,0.1629640967050528,2.0099181969221656,0.14904148876667012,0.9385788387141307,0.13994709369726474,1.698976030623519,105,11,0.06607201855495183,9.56878000812145,1.861450170572553,5.452911387145637,0.0769007354974746,0.30654668390825257,0.2588496208190918,11.124484452967646,0.9602827429771423,11.023443875262391,-0.05905137732625008,1.762750566007468,-0.0050505548715591,0.7612912797525359,-0.7014331221580505,0.10104057770525607,84,35,17,76,-1.4825253181036255,2.4852253715478483,0.19505315239528578,2.5419461934041405
LegMomentum,0.321249281240157,4.016258969698651,0.7500424166955052,6.371338299128663,0.20187303423881517,3.299475108942234,0.22811488111037762,3.2259733397251797,77,13,0.19401580254784062,30.81062726675587,1.2219704339664839,7.489746471210305,0.1025666296482086,0.5715213082795227,1.0364271402359009,24.40159488985826,1.7877485156059265,24.311265311848445,-0.015226678922772402,3.061692321765642,-0.0188539326190948,0.9583746506621469,-0.7513213753700256,0.09032957800981417,92,32,17,68,0.4472366577148591,2.589349498008527,0.34898310473080985,4.629974880449914,0.1879812628030776,1.0846226489217345,0.11400030947872435,1.0539308303399002,88,14,0.03649366649903644,5.358875963568444,0.47438329350133834,10.252708421054427,0.09591499343514434,0.5941036382338434,0.2321043610572815,9.88312389905848,0.7362882494926453,9.687165672666834,-0.03810853020986542,1.5734651917896443,-0.02275474742054935,1.0749560094244304,-0.5041838884353638,0.19595822639164595,93,34,17,67,-0.7430960488518464,2.9619901745376933,0.1465967179813714,1.6979644442080708,0.1339913457632064,1.1481803465442875,0.1362594370660372,1.658539301539826,106,12,0.06228591008249244,9.224449827270826,2.1227287895633626,6.679794448219948,0.0654445886611938,0.3069769105886455,0.2570796310901642,12.693260497976164,0.9585127532482147,12.601962386800233,-0.05046128937974572,1.7361807855733766,0.0048418045043945,0.7062830059351286,-0.7014331221580505,0.09129811117593147,74,37,16,86,-1.5750305922793668,2.5721712162684693,0.19134046069785332,2.4920124612603036
LegMomentum,0.20710521065576745,3.111259248201098,0.4891574157029388,4.843439499506819,0.10692594945430747,2.194632440753391,0.14052722452208394,2.4103242475877438,81,16,0.10559557741337358,16.745211131990455,4.980332575491078,3.225445152775462,0.055569797754287595,0.4601630791748743,1.0364271402359009,13.309502401097491,1.7322335839271545,13.171636758354998,-0.001064418256282812,2.37956281716223,-0.00060525536537165,0.6895024626486763,-0.6958064436912537,0.13786564274249352,81,40,14,79,0.6412079888968516,2.0241598288511407,0.25770365291682595,3.3290977653366394,0.12369308248162261,0.630395688704954,0.08305078933888578,0.740804151955532,77,13,0.021067294163339755,3.081402904326757,1.1074050984286288,8.83041825328142,0.0616451725363731,0.28535270355108755,0.2516108155250549,6.823262931184671,0.6354366242885588,6.683294049544186,-0.0264170994516462,1.2511339171124942,-0.027499962598085348,0.8929186255485956,-0.383825808763504,0.13996888164048565,99,42,15,61,-0.4989390766158,2.9055778602492204,0.11201615206374921,1.2312866545924643,0.08472616970539085,0.8663808738624075,0.08187583173275922,1.084464937218837,107,12,0.027313690790878805,4.2540665922462155,5.264818217749113,4.267401520054685,0.0414029806852341,0.326685940806823,0.2570796310901642,7.100764094849351,0.8091310560703278,7.088174162161807,-0.013633856084197768,1.212742765232096,0.01289388537406915,0.5823831696393236,-0.5520514249801636,0.012589932687544533,67,42,15,93,-2.030606464301025,2.3054782022563542,0.13035095235535996,1.6683289776370323
LegMomentum,0.22414741064247967,2.9790730570825024,0.5225317207630721,4.712855290231007,0.1396131366491316,1.4278605375085367,0.1530613271333277,2.142424417935388,89,12,0.10223451640364736,16.078396291851714,2.7572334465949693,5.120462822554288,0.07137426733970645,0.5113189507632603,0.801937460899353,15.21301297642306,1.4521939754486084,15.136415817810182,0.020531801879405957,2.247292409027052,0.03377351164817805,0.963225578655587,-0.6502565145492554,0.07659715861287932,57,39,13,103,-0.11522042656144421,2.455636118989154,0.25273351936910493,3.320854275661777,0.1603182330727576,0.8818755060534451,0.09667242210016407,0.9570453725349211,75,13,0.027107463561321023,4.170894453351048,1.6868825573047923,10.232436577577591,0.0686275362968445,0.35169521002329546,0.2860028147697449,8.68369958308699,0.8278613686561584,8.548594937531897,-0.008505097328452388,1.360359421805975,-0.0180758833885192,0.8240622978842206,-0.5418585538864136,0.1351046455550914,90,44,15,70,-0.6951090129426415,3.015371453927479,0.13029170193344491,1.523258578460913,0.089531373232603,0.45636100262874346,0.07428319708677004,0.8575886974176846,101,11,0.019386656113476224,2.977571603338093,3.7332491442826647,5.061768913461394,0.043952345848083454,0.22942319337483272,0.2439085990190506,5.858497038679861,0.6897984892129898,5.800983107003333,-0.012754416652023795,1.1052034593979803,0.0069750994443893,0.6752989337593294,-0.4458898901939392,0.057513931676528386,74,44,15,86,-1.60897125995705,2.428261646720982,0.10967756024787502,1.3251780697977273
LegMomentum,0.325577298433918,3.42940547696179,0.7587422532867638,5.367425195360279,0.2544588446617126,1.6930693155878247,0.2408879054710269,2.6424031422741674,100,12,0.1836368250700918,29.199915082847202,0.2692229191874467,13.082761091950566,0.11840343475341789,0.4931188815621139,0.801937460899353,25.116205874220263,1.5825909972190857,25.04847298896389,-0.012480475753545774,2.4861030638971515,0.01974400877952575,0.8530678159360152,-0.7806535363197327,0.06773288525637339,67,30,15,93,-0.17319329211968654,3.6297971494592582,0.33961465902205135,4.797833535933526,0.18338871002197263,1.0119666410935753,0.12253422385147131,1.1642976506720435,87,14,0.042144572103310074,6.422861635453759,0.25853581864535524,11.537611782731146,0.09193772077560419,0.3365398651236936,0.2887336909770965,10.897912579979423,0.8305922448635101,10.675915094306209,-0.027388717600842938,1.4981601269153049,-0.0100737661123275,0.842598575950174,-0.5418585538864136,0.22199748567321373,86,40,14,74,-0.6136622421455356,3.382902068876491,0.16047168119534502,2.0441080865685346,0.1510379165410995,0.5562819004185785,0.12198975840001362,1.2073794667493478,105,11,0.04432008786693726,6.610826036395151,1.2478953146894165,11.896876389943229,0.06271705776453015,0.2651563561578895,0.2458914071321487,11.306234529961452,0.7990870028734207,11.20550202944476,-0.03823923049494625,1.3831620045478221,0.00789301097393035,0.7174244984161017,-0.553195595741272,0.10073250051669252,73,39,14,87,-1.2367919971902872,3.47976779650168,0.162489488520761,2.1674152591440348
LegMomentum,0.24816061235573156,3.0927190691505335,0.5852553124725817,4.937594533880697,0.1770201623439788,1.0088419910121669,0.17874002754222598,2.304745111730482,101,9,0.11100278174266438,17.520266319837546,1.5381676546144556,5.601625250038671,0.08574086427688594,0.3871936304930758,0.6549504399299622,16.05292820684118,1.4356039762496948,15.955152290987401,-0.019959158822894108,2.1836856825327073,0.024829834699630703,0.8404227317830566,-0.7806535363197327,0.09777591585377855,68,34,14,92,-0.6903780837920401,2.561754392672833,0.26346194563586733,3.570963897848761,0.13651129230856887,0.6755485288151848,0.09100338444462974,0.9829107617293482,87,12,0.026090180613131144,4.004763552529538,1.536951017036789,8.447694387862867,0.06960128247737879,0.31638350674125715,0.2887336909770965,8.371384217384108,0.6899305582046509,8.244762048091154,-0.019990867841988804,1.2514658964304826,-0.0097468420863151,0.7277277394956221,-0.4011968672275543,0.12662216929295447,86,41,16,74,-0.6768942673333406,2.8432195817170594,0.12651786593654754,1.5616006732199457,0.1156250983476638,0.9137079160772684,0.10988982882932756,1.2149514479254444,107,11,0.040228026481559896,6.029617123220006,2.454336108287011,7.451816831382523,0.054215759038925095,0.430113767514555,0.2458914071321487,9.737312976361313,0.7990870028734207,9.687076449351036,-0.03409993192180992,1.5024429549175073,0.0108290463685989,0.8921917453444964,-0.553195595741272,0.05023652701027635,68,34,16,92,-1.590223162356447,2.7617831853009123,0.15534003665370757,1.942236414661911
Other,0.2792174636022767,4.72048861211077,0.6737465696735305,7.580922501022737,0.1815083511173724,1.0844307958531831,0.11283983183031521,0.8624722491802731,81,19,0.036146960704925644,4.9223717665151145,2.122791746816854,1.1981610898401867,0.09319536946713915,0.5536325159780359,0.7000893354415894,5.490034689513329,1.1201941668987274,5.220303339235606,0.026649653728236432,1.8845926600440628,0.030881028622388798,1.6663509388872377,-0.420104831457138,0.26973135027772255,67,38,15,93,0.5589864845404576,1.205711099693205,0.148388903946128,1.1707614070437917,0.21511162817478172,1.947359288519364,0.16300321146845814,1.3375411016281422,77,22,0.09294101448209634,13.256063620860798,3.254806456997577,2.164527676904349,0.10206532478332514,1.050242626833187,0.8565651178359985,9.557024716555556,1.868522047996521,8.724106999931559,0.026315271854400635,3.1988002127311987,0.0178148448467254,2.68339213449186,-1.0119569301605225,0.8329177166239968,74,38,17,86,-0.10907131407335897,1.2591990185004263,0.24032606889333705,1.7388906865848792,0.18062266334891314,1.4614179870540187,0.1375993410288356,1.0176953883475617,86,25,0.06040333102749809,7.924705826993459,1.8742655283646492,0.13186404111383254,0.0934434756636619,0.7513060929518265,0.6311581134796143,5.929242146232084,1.3831766247749329,5.593610329919441,0.03054773164913057,2.497529628247475,0.04239055514335625,2.3760519721952704,-0.7520185112953186,0.3356318163126423,61,39,14,99,-0.14062099246015233,0.6314290475449787,0.1924850215086525,1.2988654984329542
Other,0.3643667871848489,5.729976974646617,0.8665282116830347,8.925743268691587,0.17807294428348533,1.1950226712617338,0.11602862210820601,0.8975172802207162,81,21,0.03853381585560274,5.182040014144253,1.9052912930228008,0.72953892546465,0.09101047366857526,0.6128550804607562,0.7000893354415894,5.477110468135607,1.1201941668987274,5.3681896953770725,0.028952703258255486,1.9307013459111704,0.03192795813083645,1.8167696918358958,-0.420104831457138,0.1089207727585351,68,40,14,92,0.5627791144056213,0.8880655738472332,0.15294303912369983,1.2059984772134036,0.2757190167903899,3.477796221561495,0.21736470052972434,1.9718895728388566,82,22,0.14165242104551923,20.55567073529668,0.8367474078599813,0.005941833167439015,0.1435942649841308,1.726852509090766,0.8565651178359985,10.867457254160048,1.868522047996521,10.304618821063412,0.024781032651662822,3.842566490415753,0.030957520008087103,3.1649762400202217,-1.0119569301605225,0.5628384330966344,72,42,19,88,-0.14749489886087871,0.7875443962011517,0.29744177773778785,2.4063153371972343,0.3217140883207321,2.599394531841505,0.19810553646646437,1.507473649940097,86,25,0.09959819962030159,13.814814770048747,-0.16097969965317738,0.8045971233456637,0.1765821427106857,1.4283489703143077,0.6311581134796143,9.134288056076004,1.3831766247749329,8.664350368603314,0.04460084848105907,3.1524754323646635,0.06198854744434355,3.1502578431037844,-0.7520185112953186,0.46993768747269044,67,37,17,93,-0.1712341900790574,0.9737937704402494,0.24624912287802533,1.9689371291095032
Other,0.2978373099741905,4.7849732460984375,0.7035410000802947,7.546792066172623,0.15295151621103278,1.0470160399359498,0.09277526047346325,0.7452605476382596,79,20,0.02340474758818473,3.4201406528216025,0.518867353587904,1.9555301845321882,0.07819621264934536,0.515915649153435,0.3993247747421264,4.700380059884813,0.6603780090808868,4.5114955408452895,0.020258790327352463,1.5312493612181302,0.017212703824043198,1.3304887535796208,-0.2610532343387604,0.1888845190395228,68,42,18,92,0.35616788307329983,1.4865990868789087,0.11961173521900331,1.0370226837396908,0.18599246442317957,1.824986327117271,0.1579568351851776,1.0977732222480063,82,24,0.079105498576092,11.261276547464814,1.3164229721177092,0.2661623951763725,0.0997636467218399,0.936723510159384,0.797258198261261,6.875820510291148,1.3909441232681274,6.67884146943564,0.004667083732783793,3.0482150027617196,0.0096449106931686,3.029797857035721,-0.5936859250068665,0.19697904085550838,75,42,14,85,-0.1485000410714891,0.4415453672081712,0.22300216867713551,1.4034464166483829,0.3163126111030578,2.0134759789643315,0.18628082992509004,1.5120039234706673,80,19,0.08510109779014073,12.625784123493174,-0.45142804590635954,0.4705883021505337,0.15430510044097895,1.0064021692599645,0.5987516045570374,8.300508401607898,1.0916154980659485,8.192029566999835,0.034672736283391715,2.9673277021927746,0.034466572105884496,2.387640097534357,-0.4928638935089111,0.10847883460806325,72,37,16,88,-0.1288559750660137,1.0481525864868775,0.22872022948035223,1.9546739961672697
Other,0.23017095386563877,3.7693098815867163,0.557958966642618,5.969596936890403,0.1417724005877971,1.364791510676774,0.10319304266478864,1.1184503993653265,63,18,0.03353903619375758,5.117145599148855,1.1811674892712354,1.9566806024886683,0.07227654755115505,0.59355169344304,0.5321149826049805,6.841224096092414,0.7996646761894226,6.790419733877399,0.019798831269145004,1.6766685896313354,0.0043040812015533,1.0652892644894871,-0.2675496935844421,0.050804362215015365,73,43,17,87,0.8399843727328312,1.6296984424341434,0.1438724239257251,1.5185282479073359,0.1502291373908519,1.1911528126308073,0.10905384863843207,0.8858516606265792,83,23,0.03826036748764988,5.239173446855035,1.3119214821891,4.672066594271189,0.0733191072940826,0.609825280708438,0.4374616146087646,7.181832522631984,0.9243963956832886,6.9941898625194465,-0.004113173764199018,1.920046324746603,-0.0018865168094634502,1.758882727142546,-0.4869347810745239,0.18764266011253708,82,41,15,78,-0.2619263310666259,1.6883356989962215,0.15506804830103138,1.2460319248246,0.21640287712216374,1.8323235408864669,0.1377190982736647,1.2275556993039922,72,23,0.052984492357479526,7.951541427564,0.3164696925235515,0.5101757144320591,0.10987831652164459,0.8376484437152231,0.494907021522522,6.463962144691938,0.9722319841384888,5.954285091854222,0.014271987415850155,2.372882022512464,0.0085462033748626,1.6610435658353673,-0.4773249626159668,0.5096770528377161,73,37,11,87,0.06111240786169915,1.1146603888224191,0.18198519007716785,1.5234737722721572
Other,0.19363595677349293,3.1353473457331438,0.471642525680363,5.003310888378731,0.15944047272205342,1.4396511153669986,0.10995374778110997,1.227763106449248,42,14,0.036775019799822985,5.471934460821537,0.7778176525875407,9.06230471883436,0.0465671718120574,0.4141680072947188,0.5321149826049805,10.032942251711983,0.7996646761894226,9.992122198366232,0.03522725456859917,1.5481996154368496,0.0007039010524749,0.8842090200900224,-0.2675496935844421,0.040820053345750285,79,38,17,81,0.891907131811427,2.6958550447344583,0.14791950185618566,1.753571330622946,0.11668061092495907,1.5749996439497016,0.09970860782777888,0.9228562080730339,70,19,0.033325730088697346,4.6926947293174175,1.622041499454352,0.17994759291738305,0.06427070498466486,0.7292050688622771,0.4374616146087646,4.98945918441663,0.9243963956832886,4.768992252758602,0.017001984547823663,1.835430079959633,0.0088541805744171,1.5649555138358289,-0.4869347810745239,0.22046693165802717,66,38,14,94,-0.13032956700367146,0.8409259767702146,0.14376610573816026,1.1506046892381383,0.13376069813966737,1.7520961149039458,0.09243690441362559,0.9693117762633651,73,19,0.027410966995594855,4.035417607558637,1.470503246600516,0.2733415277026907,0.0717277377843856,0.686611895638094,0.4654742479324341,5.296048762802719,0.8077059388160706,5.175845272308547,0.029484156519174565,1.6196811929822486,0.01973220705986015,1.237786966735207,-0.3422316908836365,0.12020349049417149,55,39,14,105,0.09694832497981302,0.9647529798025269,0.12792505229775458,1.1882972863127461
Other,0.197859659884636,3.5459633525351277,0.4639815098419784,5.2791140423040765,0.11992786079645143,0.668596337106883,0.08149825828761093,0.7342411132068265,51,13,0.019941313097608087,2.791197311203463,0.47682431220497223,15.78842600533946,0.0457798019051551,0.3705309421021923,0.3885753750801086,8.153881668582619,0.5210629403591155,8.012844666654134,0.037871528626419605,1.0103429654575151,0.008997693657875,0.7132116127537242,-0.1324875652790069,0.14103700192848426,70,34,15,90,0.9750437803702531,3.761829576743591,0.10534910162448048,1.3305654449721656,0.1535399556159972,3.37631948991554,0.1310337711451575,1.7634895860922561,71,21,0.08207892491843456,12.520581023209111,8.42717041478286,-0.5917902626418825,0.06679761409759515,1.0157758814465816,0.8495237827301025,7.4814551729004855,1.8624842166900635,7.109655480159761,0.03778623901307582,2.8907267242842045,0.0254820585250854,1.9302760936123475,-1.012960433959961,0.3717996927407242,52,38,17,108,-1.4349985420987754,0.826668446714071,0.22402050268988152,2.040656764063527,0.10402373969554887,1.4514519576415246,0.07669927702809216,0.9070836115059767,77,16,0.020486661067212156,3.0539066693241677,2.7239861473205496,-0.6189582262326847,0.04996021836996074,0.38361656816052997,0.3649540841579437,3.6114687982072957,0.7644220292568207,3.5723063336965715,0.019386933883652084,1.3780443525623571,0.01867635920643805,0.8921528815097212,-0.3994679450988769,0.03916246451072435,63,39,18,97,-0.42029125950930224,0.9084183455415534,0.11183235414250696,1.074662938644095
Other,0.19873408576987855,3.4886185338941416,0.45733900951221573,5.229332824017021,0.12148266285657872,0.9188050439234534,0.07058313830173571,0.7076287676389222,76,18,0.014257265246006325,2.057342292918961,0.05457319054122012,5.467382233590024,0.06070268154144275,0.3565560422778044,0.3139363825321197,5.241078135278435,0.4799002110958098,5.17493796227839,0.027302055410109455,1.0208633932341775,0.02338057756423945,0.6115722618260373,-0.1659638285636901,0.06614017300004474,66,30,16,94,0.3921405152417565,2.217962471368284,0.0906462530615601,1.0075615243117229,0.18070721626281724,2.6815350821692663,0.14508327627321702,1.8484770262157242,83,17,0.08965941025651639,13.626061061611288,6.841432512125328,0.19825140594821544,0.09139525890350333,0.9158578596839467,0.8495237827301025,9.120404452833359,1.8624842166900635,8.633351935713772,0.037087750993669025,2.931071280724928,0.047788470983505194,1.9106056982872301,-1.012960433959961,0.48705251711958636,56,38,16,104,-1.3788742054580871,1.1435520432020103,0.23453233033825244,2.243854319897087,0.08079601731151324,0.7414633851582842,0.060957258583221076,0.6085164657351398,86,20,0.014743698148333284,2.2798223714944914,5.033142584596298,1.984915050235089,0.0407919529825449,0.37079532562259904,0.355055570602417,3.954713322249717,0.754523515701294,3.801400597371176,0.005837528908159578,1.2773981500579148,0.011011816561222,1.1422202023853942,-0.3994679450988769,0.15331272487854097,67,37,18,93,-0.8307612953196303,1.2640751294136143,0.09611698636625327,0.8050318861530326
Other,0.13642096743696955,2.06499169974342,0.3215803972072897,3.2130870015917194,0.09078845288604492,0.9961740951819766,0.06192058747634288,0.6751630727334847,74,18,0.010855087743295853,1.5648804745488807,0.2225708336257064,1.3698058832015674,0.0475092232227325,0.3629877327467201,0.267769455909729,3.5366166179454535,0.4337332844734191,3.4079722345262553,0.022653537988662716,0.904814544080498,0.0135490596294403,0.5614017179265895,-0.1659638285636901,0.12864438341919823,71,28,15,89,0.4010620026858116,1.4749541944766933,0.07943984429453996,0.8638235441160891,0.13282687962055198,1.0660875152560134,0.08971763615263621,0.8186643278085378,75,15,0.024793029960660958,3.6844393017173176,3.3072003323741868,6.006985794954103,0.06557321548461911,0.36448526305868706,0.3487237095832824,6.598584906734294,0.8786947727203369,6.135475989594734,0.02210028301924467,1.5446967605492197,0.0169989466667175,1.1294211174805948,-0.5299710631370544,0.4631089171395601,71,37,17,89,-0.8398142948872307,2.238654534645319,0.12288859285945129,1.1394521576907313,0.06943835411220778,0.6292150712295848,0.04592608130114965,0.46534774514458355,81,19,0.006758613568229564,1.0027220998928792,2.250432737512745,4.1322005497158685,0.037197906523942954,0.29219322860710895,0.2255264669656753,3.374535958129829,0.4805513769388198,3.253479520529199,0.012632761674467457,0.7635756969620014,0.01281978189945215,0.5782418656870142,-0.2550249099731445,0.12105643760063022,55,38,15,105,-0.43198359901766753,1.9357237672031333,0.06395396782155377,0.6478227032930174
Other,0.17397948458267518,3.0124220599124936,0.4154223844781516,4.760466537500788,0.09337860345840443,0.7384479819434214,0.07279106396483254,0.6581068687297844,72,17,0.01632724526220251,2.301110775704554,1.0238253076107453,3.4649666289960317,0.0477065593004226,0.3616465485793356,0.382142037153244,4.63120216741402,0.6116034090518951,4.602875137266199,0.024186071637086564,1.1972995389918621,0.01021715998649595,0.9118959335696879,-0.2294613718986511,0.028327030147819877,69,36,16,91,0.49418505367643994,1.876512947899903,0.09838730923757955,0.9314422094979528,0.11565402150154105,1.5034471531796925,0.09134430186823006,0.8449237376343699,77,23,0.03000222641285084,4.130511525704755,7.259866818981386,-0.46016125129859464,0.0626897811889648,0.7463125867875167,0.7801367044448853,4.336737786682553,1.3454198241233826,3.975398557874043,0.002613298594951634,1.7576013737034257,-0.0042325854301451995,1.649144002821454,-0.5652831196784973,0.36133922880850977,81,39,13,79,0.6208935478030619,0.5939480071921316,0.13734064404484192,1.0204650591081432,0.1287052929401396,1.2988512114816821,0.0936904381867498,0.7522313171259107,76,25,0.028318276556516992,4.105169713215288,1.6060207879690385,-0.77651874326502,0.06445576995611191,0.622682422903724,0.4506220817565918,3.571787692359946,0.8806198835372925,3.334574957021087,0.018306515924632536,1.8055656248055,0.01291746646165845,1.7713111997926194,-0.4299978017807007,0.23721273533885887,62,40,16,98,0.09030081150345116,0.1989209612634507,0.13218547793205226,0.9192945598316196
Other,0.2295754187551721,3.661345630519657,0.552296745739877,5.7149584167194,0.14509018510580055,0.7576352104460422,0.0933937435841653,0.7777990520593793,83,18,0.022929741015629963,3.3632343161997573,0.011325301558732903,5.842113992119726,0.07555055618286124,0.38149472108217747,0.382142037153244,6.430899974438342,0.6550632417201996,6.228161336757169,0.018700150493532415,1.4250050648737886,0.0257729142904281,1.1076538712809754,-0.2729212045669555,0.20273863768117292,70,39,14,90,0.12783618064993268,2.265282037239172,0.11861418883291759,1.154380734976033,0.16801640391349787,1.8500184573832956,0.11776008463464674,1.0309759529848848,82,23,0.04139112073522394,5.650143928922504,3.273407414285707,-0.658523066508407,0.08610582351684559,0.8950503836903767,0.7801367044448853,5.057672036680492,1.3454198241233826,4.870373859915399,0.008050722256302826,2.0422331306856196,0.01242664456367485,1.7351039442675733,-0.5652831196784973,0.18729817676509283,75,38,16,85,0.3576064130175783,0.4614334581257307,0.16114257550666924,1.216317297769178,0.23592983931303024,1.6016869470565331,0.1319716495365719,1.0288608270945947,79,23,0.04515164376151617,6.698829549904071,0.2576688883808602,0.7430567225628519,0.11732944846153257,0.8242756675755283,0.4506220817565918,6.155539415429309,0.9228568077087402,6.0181764344913455,0.014778115949593478,2.247720221159991,0.0092148035764694,2.001205771710541,-0.4722347259521484,0.13736298093796337,75,39,15,85,-0.11432304334997895,0.8231743697642807,0.1678615321545887,1.283192642315467
Other,0.24659333638707573,3.929472814343636,0.5980892436578867,6.17043706063221,0.16801858320832244,1.383990038096432,0.10329212651413397,1.1224275764672988,82,14,0.029243900855589162,4.233322318909543,0.2680913222010899,1.7398584619789883,0.081851415336132,0.3463457780914897,0.4445162415504455,5.990322351023577,0.7406060099601746,5.957763192095457,0.029992300900630642,1.4689877984443191,0.036808788776397705,0.8402629698907886,-0.296089768409729,0.03255915892812057,67,33,15,93,0.2715665754672663,1.6188799834075196,0.13223915792793206,1.4406238811470728,0.18902936577796928,1.7156136696871023,0.12295405711047347,0.9988068764535118,77,20,0.043002444771144684,6.3899635742768215,0.9446319603755242,-0.2482611372862329,0.0978190898895263,0.863246630352552,0.5594819188117981,5.473682826498712,1.0425936579704285,5.2844841665699285,0.01189317181706428,2.2105240630405807,0.008120149374008151,1.9332203727872492,-0.4831117391586303,0.18919865992878349,77,37,16,83,0.273674217103078,0.5263312814192205,0.1640220278076501,1.226192048985552,0.24179094284772862,1.7023584270491803,0.1433947394136339,1.0933617584304607,80,20,0.05409654703666637,8.257559269048372,0.3808258119481578,1.4156469862551617,0.12375786900520319,0.7785125811785075,0.461836576461792,7.376933918146973,0.935346245765686,6.857675840508023,0.01491125836037099,2.4909251991473105,0.01494783908128735,2.1605242996084026,-0.473509669303894,0.5192580776389499,73,35,15,87,-0.4473316309713754,1.1421945934884206,0.1838457003348168,1.4327773453336365
Other,0.23226691465111832,3.646281278320813,0.557096277810633,5.867676610934867,0.16581408679485304,1.5862535571583254,0.10026995576772602,1.0312062643276243,75,19,0.027958989582392544,4.102492440095655,0.7506838114423222,0.07371501565760807,0.08303174376487721,0.647044835893068,0.4445162415504455,4.7612521888226,0.774301290512085,4.561230500565375,0.02855104913469403,1.5861574454964775,0.018196538090705802,1.0791954394546404,-0.3297850489616394,0.20002168825722488,72,30,15,88,0.142151409578333,1.0857519593895095,0.12947579296271716,1.2596019205255855,0.21604092419147478,1.642769896252334,0.12726089757634323,1.0666845540456915,79,22,0.04378821388080624,6.697928266953596,0.687187699728748,1.402872807419544,0.1076874881982803,0.8362863856766372,0.5594819188117981,6.383445092970715,1.0425936579704285,6.152461104921954,0.01970613654702901,2.167748617992138,0.0131846964359283,1.836837072742056,-0.4831117391586303,0.23098398804876005,72,36,18,88,0.20982792909368086,1.3124981656477221,0.16476948443705858,1.4137871820563277,0.17275275662541384,1.568554913663855,0.11557570259727068,1.0273317127679917,81,18,0.041504881125130365,6.173601327754181,1.7105230432802783,0.21269906217729107,0.08695809543132775,0.699510012178769,0.461836576461792,5.444481745702945,0.935346245765686,5.094237376120811,0.03394425907172262,2.113770547446252,0.03907902538776395,1.7911718352675714,-0.473509669303894,0.35024436958213484,61,33,18,99,-0.7020101144459118,0.9914966382667839,0.15793745431658468,1.3059767993739226
Other,0.22159042792151934,3.6915247586637827,0.5194231257215141,5.680451978608095,0.11258848011493672,1.3009020872785038,0.07002403352380494,0.7093619377641844,85,20,0.014471897434112544,2.0989649729368343,1.9545207706381635,0.1684641381785843,0.05634850263595585,0.4660853277267083,0.2365469336509704,3.627123091306124,0.5663319826126099,3.500550135052881,0.026355509390123173,1.1577610562185736,0.03323090076446525,0.860833744166374,-0.3297850489616394,0.12657295625324325,56,33,17,104,-0.8744127569854516,1.0022608505001092,0.09166701029245582,0.8709502337335278,0.21355514228343958,2.425738748039959,0.15502548548392947,2.026044396817697,82,16,0.09535478793343335,14.994091299723841,9.198817125112456,1.0681700299117889,0.11031264066696164,0.7784053433056013,0.6745629906654358,10.134603669785285,2.014942944049835,9.892899529798285,-0.0018701832741498975,2.863892467031229,0.0017075091600417499,1.7344288414805904,-1.3403799533843994,0.24170413998699924,78,34,14,82,-1.9463797120623267,1.452561670180258,0.2448837380373318,2.6061871070599705,0.15532900765538202,1.261233097721343,0.09534802229376506,0.9646009107482116,82,19,0.027502022523448768,4.300584018077245,4.437433952128879,1.5529697856036986,0.07761744409799565,0.5355778342884555,0.3502024412155151,5.9971153104390496,0.971036434173584,5.707777926438248,0.004997425805777303,1.658798455358292,0.00817557424306865,1.187044573615699,-0.6208339929580688,0.2893373840008019,76,36,14,84,-1.124032471764689,1.3793044857184287,0.13142198513213715,1.2445769171000205
Other,0.26186219505173086,4.007507415927181,0.6101490078866479,5.837378834944488,0.08963862061500545,0.4867990100109409,0.05318706282414494,0.4984011648844753,82,14,0.01102388854966113,1.1007043894157742,-0.057445729921156374,5.088725531052921,0.04321193881332874,0.17017978723806418,0.2159910649061203,3.7475991909065085,0.3342068046331405,3.5866265716797887,0.04949299804866312,0.7801158383770399,0.051352187991142245,0.512489193004792,-0.1182157397270202,0.16097261922671996,37,34,18,123,0.08281423752562311,2.1847522721225303,0.0668453466216933,0.7015152657847598,0.2275758385658263,2.678656743679575,0.18735685594147067,2.6014085925739705,85,15,0.13524215983117027,21.364279272241912,4.620637622787067,1.1892798367582715,0.1154345571994781,1.1038938593088925,0.7033849954605103,12.556814804201466,2.0437649488449097,12.32781912048152,-0.015470356307923793,3.081337185001938,-0.0084272921085357,1.6602228428342687,-1.3403799533843994,0.22899568371994594,84,32,14,76,-1.444611238099463,1.5600680580552946,0.2912337978350836,3.445234451320583,0.19817507266998285,1.6108796925723317,0.12737149181775745,1.3567193458581783,80,16,0.04709378273321989,7.3435220273091435,1.7120727768739554,3.3271567453717923,0.1016597822308541,0.6467274481459868,0.5561970472335815,8.468994809963302,1.1770310401916504,8.360794787362469,-0.007030199700966478,1.9759258115655092,-0.00672201812267295,1.2922911045609027,-0.6208339929580688,0.10820002260083408,82,37,13,78,-0.295560012318118,1.8622357572759953,0.1719563803119541,1.8545185937321647
Other,0.24008769038416805,3.70162937458838,0.5611631125211713,5.668359987517691,0.10150638967752453,0.6669525348552188,0.0620478436903795,0.48383590260651316,78,20,0.012425619814689806,1.4399774692572003,0.08777868527844346,13.244227987255435,0.050134956836700405,0.32730531823316733,0.2615964412689209,5.030587672397069,0.4438846707344055,4.900365995953043,0.04242915788199751,0.909075894990941,0.036319822072982746,0.7521078580870961,-0.1822882294654846,0.13022167644402646,50,41,12,110,0.3477045721105556,3.179878274121862,0.07748096261601983,0.7832997423742842,0.1802577674388884,2.422076714738872,0.1403274346143007,1.703713469703404,80,16,0.06975080681741222,10.701232539751734,4.607322393907571,1.2720202994447778,0.0913414359092712,0.8046925149159629,0.7033849954605103,9.16495434414401,1.5318456292152405,9.047355950544938,0.00832719914615154,2.4113418898010597,0.0091082453727722,1.5797236425935632,-0.8284606337547302,0.1175983935990699,76,37,12,84,-1.0892601141395648,1.4781426756040172,0.2092812786664508,2.2105797498037454,0.2076024375855922,1.7256043540718908,0.13696597267844476,1.197798574709264,83,21,0.056157159488494666,7.9870051221011815,0.9593687432014177,1.1855718707230665,0.1039130017161369,0.748117487874452,0.5561970472335815,7.473546155403745,1.1673961877822876,7.175572879816423,0.039015047135762856,2.3479422027256915,0.0451542139053344,1.97908730497247,-0.611199140548706,0.29797327558732156,62,35,16,98,-0.23753889784053137,1.218243431443042,0.18381300527432284,1.5729502645540994
Other,0.22802017019681972,3.6970319082520184,0.5412749294564125,5.802777911755861,0.12240876257419572,1.142818734338227,0.08081451063044366,0.6892209619031334,70,22,0.019730061586851547,2.655596888156759,1.6287843503104948,0.06783241926098293,0.060774177312850904,0.5340341471064283,0.4353477358818054,3.702793524173878,0.7680273056030273,3.5923310678865614,0.02560839243233204,1.38663536457408,0.01529218256473535,1.2139774695753085,-0.3326795697212219,0.11046245628731627,68,44,16,92,0.34386469694328625,0.7608136401890325,0.10839247915989872,0.8560603097149562,0.1805869042873382,1.3300423706148379,0.11514022718183692,0.8398092813201817,74,24,0.03684991193869033,5.013830607188639,0.6444205166563641,-0.5639956691795414,0.087203174829483,0.6310245662818303,0.4501984715461731,4.146522118172813,0.8544784188270569,4.041956438386964,0.00732001103460789,1.9710641039740076,-0.00520858168601985,1.952970805547438,-0.4042799472808838,0.10456567978584924,82,42,17,78,0.2658050375510255,0.20239473159148536,0.1520596122764691,1.062420305347079,0.19408146664500225,2.2353863895605697,0.13524228275229686,1.1142852955271894,86,23,0.053645574749307735,7.60231480687969,0.8457525075960413,-1.1403017648928144,0.09740516729652884,0.9192197580240409,0.4936593770980835,4.898179999598973,1.1048585176467896,4.658668254350824,0.03951403636019675,2.445078443207773,0.05663690529763695,2.1078744163395378,-0.611199140548706,0.2395117452481487,60,39,16,100,-0.4736884641883798,0.3208443935691546,0.17935488911765807,1.274325787795391
Other,0.31583679664305125,5.312125804166061,0.768131028562784,8.220511270269096,0.19208023697137827,1.8963172430232058,0.1258398323366418,1.1920183250180794,82,18,0.046394239550913915,6.682511180931783,1.0465124661985934,3.804182271455514,0.0957150608301162,0.9413538018334495,0.4353477358818054,8.449180381175227,0.9801726937294006,8.184682823606787,0.021414879523217675,1.9996894737084634,0.024776354432105997,1.7139716096434787,-0.5448249578475952,0.2644975575684399,69,39,17,91,-0.571415679577208,1.8002785012388143,0.16946175288214468,1.6382164660603773,0.24838757514953602,2.3134594397598933,0.16535153179429468,1.3127637757888482,75,21,0.07710686545100763,10.3474876528048,1.002861420881894,0.015078323771107627,0.11880525946617115,1.2048443134447504,0.7483893036842346,6.762037377485713,1.3352906107902527,6.408936253025897,0.009621133655309685,2.7577227442233916,-0.0097345411777496,2.612703225854122,-0.5869013071060181,0.3531011244598165,83,42,17,77,0.2448666141499755,0.8543832160060026,0.22000394437645637,1.6560353011931253,0.22902566939592356,1.9725071436521917,0.18386799109634008,1.5599998152430796,89,20,0.1109263856266332,16.47796978576784,3.876633556411387,3.1777517024401085,0.12533694319427,1.0637034727465633,0.8470128774642944,11.754495069446003,1.9957154989242554,11.592844212014647,0.024188901111483564,3.46309905233724,0.0569407325237989,2.8400759979523125,-1.148702621459961,0.16165085743135535,65,40,16,95,-0.7439408327884466,1.5350312046402053,0.26301376309429325,2.117761728681664
Other,0.4054936864141035,6.82017757795871,0.9911342505365608,10.613092738945593,0.23177415132522566,1.737946947055881,0.1601329938601702,1.4564311919103254,93,17,0.07286782817622933,10.768579864608299,1.1129762533880294,1.6411340923191968,0.1175845637917518,0.890427374086391,0.6742263436317444,8.578996846757649,1.3619024753570557,8.084397620231522,-0.0008325032889843056,2.6159979268731957,0.028356432914733852,2.143309430950533,-0.6876761317253113,0.49459922652612714,67,34,15,93,-0.6842898428587171,1.5033503988510304,0.21407504602765015,1.9811952733649045,0.29626072943210596,3.004619887949829,0.2204630281683057,1.622376157847375,77,21,0.13773071773359746,18.611146980885195,1.3925691416159873,0.8392888197386741,0.14645296335220337,1.3894664359497741,0.800742506980896,10.284738367353054,1.931860327720642,9.402551793846312,0.010313580185174951,3.7982400150195064,-0.01196444034576415,3.4423089096551283,-1.131117820739746,0.8821865735067418,83,41,18,77,-0.1266990317521141,0.9672015518327178,0.294136114723552,2.0456098770757376,0.3049237690865993,3.3256961738366515,0.23688233831431713,2.082322333881891,88,22,0.17579295553903707,24.248263227196507,2.0831757430621467,-0.390582486097216,0.15649893879890447,1.7172757331750788,0.8937066197395325,10.522744016875684,2.0767012238502502,9.972197938034883,0.020535549474880097,4.198854797052891,0.0469644963741302,3.7302940290645585,-1.1829946041107178,0.5505460788408012,68,35,15,92,-0.5836856382288217,0.6793428420970404,0.3318693209811142,2.5725243673214124
Other,0.33507554210358903,5.822557152523254,0.8136230672895906,9.166334413680403,0.18829308077692977,1.6800328923043995,0.12572813661827237,1.1081589859878083,86,19,0.05090255415064115,7.565237514462313,3.283953299055476,2.718709722494192,0.09714857488870615,0.7488896987639209,0.6742263436317444,7.817852726099532,1.3619024753570557,7.39876330174218,0.002848846022970973,2.33077017952441,0.014979943633079501,1.9144101168085508,-0.6876761317253113,0.41908942435735125,73,31,15,87,-0.7757398915356621,1.4815177816433502,0.1789022583233526,1.4603930582901523,0.27975614368915547,1.7357871549096076,0.18642488504294302,1.247662589214675,83,17,0.10545301313275171,14.51348115041514,2.871329145050015,0.42555065474481824,0.14077544212341303,0.7590815325607649,0.800742506980896,8.201055195837862,1.931860327720642,7.924618950490215,-0.00029942654073238583,3.432997063263086,0.00732830166816705,3.093361096153231,-1.131117820739746,0.2764362453476462,77,39,13,83,-0.2881620831712056,0.7949843968565077,0.25753166707979264,1.6516695535252086,0.24686168134212488,2.5893013415316806,0.1922865504966466,1.5860211146534768,85,21,0.12053694879345773,15.395442258800088,2.902445233724449,-0.3694985491550091,0.12354376912117,1.2458012912363738,0.8937066197395325,8.078876137174854,2.0767012238502502,7.71992416892481,0.02651120147202164,3.402567170892906,0.03648608736693855,2.8993057853319986,-1.1829946041107178,0.35895196825004383,63,32,17,97,-0.5124280004653172,0.6841790883228644,0.27404769211237984,1.9539649194297053
Other,0.1748723681155079,2.993454849169043,0.4189883191324768,4.7089460673991805,0.11808061972260464,0.9328188507185117,0.0745828167564468,0.5864096426622983,70,22,0.014731725799630797,2.214747547942529,0.42493164440280085,2.051622859659142,0.0565363615751266,0.43540797831622163,0.3268758058547973,4.008167098980291,0.5265919566154479,3.8598457606911483,0.018705798522569234,1.2617710983591006,0.0011159628629684,1.1863672545500217,-0.1997161507606506,0.1483213382891427,79,27,14,81,0.6034985704413698,1.2600136079526503,0.09440936808010807,0.78910154181081,0.11462940275669087,1.0777532682115898,0.08764612112194295,0.6447205398469805,88,22,0.023931545982060123,3.4001054946464597,2.2420280951790783,-0.370239168924829,0.05789282917976385,0.5151013171882067,0.3930673003196716,3.6861953114827504,0.8660480976104736,3.3448932676907885,0.001716383174061769,1.6684019313796838,0.006501436233520451,1.5410016227073227,-0.472980797290802,0.34130204379196183,72,38,16,88,-0.48217944537993174,0.5835776564063749,0.12267160340457335,0.7852009233406444,0.13422183692455286,1.273011567180407,0.10138666257931614,0.9212212618247853,74,16,0.03421905387219863,4.658317715884926,2.9035860151859696,1.2984461510131329,0.06904786825180051,0.5241462623496587,0.5744343400001526,5.262593410942969,1.0534740090370178,4.870094297717331,0.01748512150952592,1.7787730376603954,0.0042381845414638,1.404309224446024,-0.4790396690368652,0.3924991132256385,75,30,12,85,0.3203041664565239,1.4241817751466974,0.14564946010404572,1.2224091771486891
Other,0.13227626832479392,1.9051027522119208,0.31081413218751525,2.9753222948117997,0.109447881579399,1.1887399445020366,0.07294760833960022,0.7484566548199819,67,18,0.016026121420191074,2.4974402396741255,2.8036249319511732,0.23950239470429402,0.05232122540473935,0.4649627055387475,0.4038873314857483,3.621204621623647,0.642348051071167,3.525718214194536,0.009372330829501152,1.281570884378433,-0.00432071089744565,0.9600999351554245,-0.2384607195854187,0.09548640742911117,85,24,13,75,1.1448332056094004,1.052994489959409,0.09995463274021242,0.9246709187530482,0.1033970490097999,0.7087383750434029,0.06351597949163985,0.6813199384947433,69,14,0.010878458544543203,1.6562722334992062,0.3148613780052707,2.967223882269236,0.0504500865936279,0.23738498616251458,0.2582467794418335,4.057593345124782,0.4592249989509582,3.9930656275044676,0.01163522135466337,0.8824369037910781,0.00305980443954465,0.4679463397355376,-0.2009782195091247,0.06452771762031433,77,35,18,83,0.4773464872647749,1.9067967796378318,0.08188753271687851,0.9367909821976417,0.09643445909023275,0.585042941806163,0.05904825987323416,0.581738909655542,74,15,0.008479247618564096,1.316829754295386,-0.46452061003992284,5.993719981471582,0.04965838789939875,0.1929009388703654,0.1788864135742187,4.359739885614383,0.3271355628967284,4.230337096706818,-0.006277713330928231,0.8113145066422891,-0.01558550819754595,0.48639409142329476,-0.1482491493225097,0.12940278890756468,90,31,13,70,0.3749053228821336,2.3184255851953224,0.07275439913259127,0.8115408342204141
Other,0.16350711117475503,2.1420524012327955,0.3898936911113558,3.363674583811898,0.13102988898754114,1.3026721337892744,0.08846134550403799,0.9812247329210924,69,15,0.023020553673326196,3.49031154527543,1.2184996325309871,1.789852983417072,0.06722126901149744,0.5441553906149914,0.4038873314857483,5.911140045136967,0.642348051071167,5.773902372149478,0.023024963214993477,1.3665954553988597,0.0103599727153778,0.9273251354944707,-0.2384607195854187,0.1372376729874884,73,26,15,87,0.9407915777678151,1.4965634129689704,0.1180883247511919,1.2738635745473743,0.1593174636363982,0.566213405910102,0.09087312864605333,0.8401338592716528,77,11,0.021530508538049924,3.3332403062592375,-0.16251928759931378,9.345596672024397,0.07585600018501275,0.29287945413405647,0.3099314570426941,7.393908192321914,0.5931398272514343,7.196467466692689,0.00740838311612606,1.1470949333605494,0.0028002858161926,0.6486984929865012,-0.2832083702087402,0.19744072562922416,78,32,17,82,0.08032792329785646,3.0841420223508265,0.11612911355352692,1.4203568284476247,0.11257465369999398,0.5151601902692089,0.06409949822118502,0.6105221717710428,80,11,0.010034980427126885,1.535713322990878,-0.5878189187576237,3.8216242035049,0.0566743314266205,0.2695120104199591,0.1788864135742187,4.260761359176335,0.3781321644783019,4.187971289520485,-0.013757552474271495,0.8499841950524892,-0.01516621932387345,0.6049421889517146,-0.1992457509040832,0.07279006965585069,92,36,15,68,0.1422685258747383,2.089105028653475,0.07823584738289872,0.9017983095747351
Other,0.16827470083682433,2.7564776226554266,0.4075916675291954,4.360906188859439,0.09994348697364322,1.0556087690646203,0.07128062017029149,0.7750121931423315,72,19,0.017212688257348542,2.279280431430372,1.0105449181061719,3.2452500047578363,0.05026710778474805,0.4624796583707973,0.3536617159843445,4.738371462629956,0.5144726037979126,4.719574274709942,0.04185460454318671,1.0817706039967552,0.0311847031116485,0.7192057399330696,-0.1608108878135681,0.018797187920013586,54,28,15,106,0.8268740496355986,1.8221568501781473,0.09519855312772017,1.0531157542069474,0.1322447359561919,2.8902052404970537,0.10838295399444176,1.6663750985909718,95,17,0.047615758155072484,7.476079402437802,5.866624189814546,-0.6192489228814484,0.0615387856960296,0.559403361061547,0.5076298117637634,6.238508924218344,1.2783430218696594,6.123865153367668,-0.002763754688203339,1.9555164730907086,0.011007338762283301,0.9075784651624555,-0.770713210105896,0.11464377085067554,71,29,17,89,-1.3778772925669804,0.9414351090397831,0.1730298567523597,1.9110297553697795,0.1014574542641639,2.142315180949818,0.07263132350417432,1.0522768936662823,95,21,0.020694069122387387,3.1425999122696684,7.379381917942869,-1.0285780269705929,0.0514025837182997,0.5176844079991612,0.2799664139747619,3.764294322772263,0.8325287103652954,3.673374263369701,-0.021662087074946608,1.3236191117719756,-0.00464487075805655,0.6373452648021375,-0.5525622963905334,0.090920059402562,89,31,17,71,-1.8774972058935848,0.6676444995117066,0.11199527027322123,1.1792507618066799
Other,0.180831972326325,3.0752888975853834,0.43932213462889175,4.914498885722725,0.11131989397108547,0.8836726021551315,0.07105181419581638,0.7006260268781016,69,18,0.017465725842367164,2.117361995862441,0.8814633986227922,1.681440042064624,0.05361946299672116,0.3878517782204698,0.399509996175766,4.228246241003201,0.6044236421585083,4.120764209631112,0.04877713541500268,1.1235739830232732,0.036063089966773904,0.798565069115269,-0.2049136459827423,0.10748203137208866,47,30,15,113,0.39289418431183737,1.4938038561148197,0.09268527777735322,0.9246315485292821,0.12920944392681105,1.7098495797440434,0.11124909888021643,1.3011222340321194,90,17,0.050448909289354756,7.233204793225644,5.3916405111687435,2.069204561076396,0.0626614689826964,0.6249263695056382,0.5076298117637634,7.654123630953934,1.2783430218696594,7.550898233303052,0.0017000708729028638,2.0932124684204876,0.0126641690731048,1.417075981392928,-0.770713210105896,0.10322539765088248,70,33,12,90,-1.2481118050421218,1.5394428112284344,0.17811784118470758,1.6886877613326434,0.10684029385447495,1.5240136918347598,0.0862175800997647,0.8888921234049836,95,18,0.027082151899269043,4.1400202448568155,4.700584159390759,0.6028763359348557,0.055036470293998704,0.6526526257945913,0.3189973831176758,5.21818974750243,0.8715596795082092,4.938387863861376,-0.0053893042961135566,1.6977124342789642,0.00474303960800165,1.4271887506045027,-0.5525622963905334,0.27980188364105485,71,35,12,89,-1.4724853954174366,1.0819932892451578,0.13039774793072859,1.1215135912468512
Other,0.21737192106320835,3.4478292923352427,0.524348871395923,5.401855385560607,0.16156350821256635,1.7964790776921835,0.09772757396858649,1.0413599638411108,80,18,0.02819990266072498,4.076466559440635,0.21922226122427535,0.41427550970888083,0.08499804139137265,0.5806337209616099,0.399509996175766,4.968318518719033,0.6789217889308929,4.828124811029789,0.03495316954504231,1.5744118364154596,0.03362922370433805,1.0603780768017304,-0.2794117927551269,0.1401937076892443,57,32,14,103,-0.06526290976552825,1.1483571312825294,0.12847715741158874,1.2639991806941708,0.18105390667915333,1.5456435360956269,0.12145867235958571,1.0109892440822343,80,19,0.04298836902467985,5.963485457483989,1.0624680841379206,0.8652295109669681,0.0911697149276733,0.7956947324700234,0.4675068855285644,6.2798215199977125,0.9993916153907776,6.001341599973111,0.013755346462130544,2.0674609410356686,0.013291805982589649,1.8790277248195557,-0.5318847298622131,0.2784799200246009,73,40,17,87,-0.029561773042754584,1.0389578289381938,0.1638484376639349,1.299650227859749,0.16225897520780558,1.3379683021561166,0.10261932180612346,0.8617898564706346,84,19,0.028225885253322706,4.171146685465519,1.119952208010747,-0.7775242365080586,0.08239439129829405,0.7545225654075001,0.3417912721633911,4.1079432493595345,0.8029143512248993,3.882787471481858,0.0018430599244311392,1.7599826081094787,0.0078414604067802,1.499974130003904,-0.4611230790615082,0.22515577787767652,76,41,19,84,-0.4886347121698252,0.49429974996781295,0.13322428778677514,1.0361505221818283
Other,0.2613622403703918,4.905569809002966,0.6168756687128915,7.692875889280357,0.17362429946660993,1.8118514076356274,0.11072683240632611,1.1013938816122835,79,21,0.03285259409170288,4.96629543893775,0.14210999770119326,-0.5908019651269725,0.08986259996891019,0.8035988333480066,0.3320980370044708,4.721444495489076,0.7421049773693085,4.46394451161303,0.021918834417010657,1.8261500369513122,0.0182718932628631,1.2546177974320303,-0.4100069403648376,0.25749998387604645,73,31,16,87,-0.08414756664545615,0.7416133235400065,0.14205123003632059,1.2772906801039732,0.17839986085891713,1.707181400123928,0.13212911898270246,1.125559975414304,74,24,0.054067360539825776,8.084653063641198,1.4464513030857677,1.0146622313297158,0.09026241302490229,0.9420566010255167,0.6822200417518616,6.672323696524558,1.2141047716140747,6.352364114022523,0.010216271132230758,2.4383502285830057,0.0008866786956787,2.307383320023005,-0.5318847298622131,0.31995958250203455,78,39,15,82,0.3643466801313702,1.0498548441023077,0.1841184418942837,1.462566657082815,0.19534397870302195,2.5186377772538524,0.14177126276306803,1.5001401142806825,77,22,0.11086400440997254,15.296156093934282,46.467345555599735,0.5830304164125311,0.09375953674316405,1.0925891618087804,0.6475974321365356,8.925891896206165,3.0879334211349487,8.414146623582585,0.02015759721398353,3.4283756237460397,0.0149413645267486,2.968748384402474,-2.440335988998413,0.5117452726235795,75,36,15,85,-5.048205975370248,0.9946889283386412,0.26328103745821374,1.8821255740354408
Other,0.1729173581627984,4.202386904377034,0.40520430617034414,6.464269508216726,0.09131027758121484,1.0377617011563505,0.07073645678407044,0.7285885242207076,61,19,0.017517838910854483,2.671295861050315,2.861747133154836,4.034246806284179,0.03860083222389215,0.4137447132536135,0.3259169459342956,5.098297322612347,0.7359238862991332,5.008235416142627,0.014214601879939443,1.292644142048884,5.930662155150001e-05,0.9364639054323748,-0.4100069403648376,0.09006190646972029,80,36,16,80,0.04638314042351604,1.8335211105610194,0.10399126432919148,1.000183474707026,0.06204604357480993,1.0574200814858776,0.07683398055378346,0.6225689679170238,78,24,0.028564112360814607,4.151475002087154,6.275029942180051,0.24139021826618867,0.028088271617889397,0.5374727159906224,0.6822200417518616,3.9964342753093507,1.101952850818634,3.437981858552821,0.003853240050375459,1.8768074549862315,0.0035808086395263,1.7219841388498738,-0.4197328090667724,0.5584524167565297,71,40,14,89,1.080094387404701,0.767548708495314,0.13397727308115523,0.7931385622924022,0.11389374732971184,2.569885335009953,0.10874548107385636,1.279661561442887,61,22,0.0976923809091358,13.174204187573707,63.91785356321982,-0.41212881811436475,0.0441094338893891,0.9939499439879343,0.6475974321365356,7.2367041816453,3.0879334211349487,5.830859044690948,0.035313814878463745,3.2948179111816107,0.013556838035583399,2.826404087083822,-2.440335988998413,1.4058451369543516,66,37,14,94,-6.309494038728551,0.7192077740722452,0.24533006399299498,1.5226224481894894
Other,0.0983563817372382,1.4217676750256323,0.23458177035674432,2.24994076995792,0.054203264415264005,0.5168259348418748,0.03940377607941623,0.3961009149410844,80,17,0.004775523587958877,0.7518977280545094,1.2509432583470952,6.749953136802834,0.027194827795028652,0.23439437019886494,0.1434152722358703,3.2735736493000434,0.3302452564239501,3.245484965424388,0.002618460357189173,0.6483972909694883,0.0026389956474303497,0.5228515492864052,-0.1868299841880798,0.028088683875655565,75,33,15,85,-0.6261166597264676,2.2183893763308493,0.05474097641116227,0.5757418528454727,0.05844589322805395,0.5511995039521583,0.04580660920590159,0.40888901417361656,72,21,0.007165359507474411,0.9429580843708368,1.742674640121816,1.9068585724841007,0.0290199965238571,0.25662235480367673,0.1944231986999511,2.639374910319773,0.4278137087821959,2.513242291726901,0.019885101541876775,0.8026984317087275,0.0123701840639114,0.6552657638408597,-0.2333905100822448,0.126132618592872,54,36,18,106,-0.060882200222270165,1.3742035727824387,0.06409844966259272,0.5464735236982541,0.10004158318042744,0.5661974182938432,0.05931657510736839,0.6130349258313456,65,15,0.01059267220441992,1.3689639429376133,0.5555547986272931,2.803384345581672,0.04310929775238034,0.1907941771003149,0.2981446981430053,3.830069276343699,0.4594063758850097,3.76228766118011,0.032954581885132936,0.7988450472797046,0.0144645869731903,0.42226660474593847,-0.1612616777420044,0.06778161516358924,63,27,18,97,0.5120881016364655,1.9116699277824625,0.0746272289864918,0.8548745717204951
Other,0.17478399494977231,2.641834607258559,0.41980525905266386,4.159766485666048,0.08815711364150042,0.8804933764955799,0.06074781117262318,0.6513890769935926,73,15,0.012514861820614277,1.6877215343486192,0.9617954087343934,3.8612761087590997,0.045920476317405645,0.3743913416848592,0.2710912227630615,4.326828165590384,0.45792120695114136,4.261437018169396,0.033157018385827526,0.9235070106571355,0.0272687673568725,0.6307001044020404,-0.1868299841880798,0.0653911474209879,49,29,19,111,0.45455174259839043,1.9806619554243785,0.08224767485935014,0.9137047310897215,0.1391642242670058,1.5335167753831676,0.0989077471592463,1.1589575531334426,93,20,0.03525841790550607,5.317140030976094,6.224436519069698,3.9224227146984543,0.0704070031642913,0.5820714897224941,0.3186380863189697,7.8152434425568575,0.9849063754081726,7.72533065944553,0.025553541444241983,1.6924643533314445,0.044656515121459905,1.0264041878645782,-0.6662682890892029,0.0899127831113281,56,30,14,104,-1.9309215594899691,1.9013892887716548,0.14669020180728787,1.5661112488193387,0.13142262957990164,1.5134552749113626,0.08891540713491845,1.065903867311496,88,15,0.02696838798403603,4.143920774493593,6.649143618674648,0.11722140872830744,0.0665062107145786,0.5127060709756911,0.2642323076725006,4.933722687270758,0.8750117719173431,4.825855252688432,0.019278995913919055,1.543795121677468,0.030330989509820903,1.0109840221093407,-0.6107794642448425,0.10786743458232652,63,27,18,97,-1.9914188108634354,1.1378773071515422,0.12879143221854575,1.3268825859051907
Other,0.16221991982083345,2.511691986115778,0.39185782359912974,3.98471555225389,0.09130243584513657,0.9977050983757527,0.062026980666851125,0.7198456038684911,67,17,0.01260983854054277,1.6534599944794,0.5120405635266847,0.5147717890566188,0.04364337027072905,0.3718162039634084,0.2710912227630615,3.2154410047892705,0.38902646303176874,3.13127588492853,0.0356698287418112,0.9123133634228856,0.0233880057930946,0.5599425276959277,-0.1179352402687072,0.08416511986074066,50,36,15,110,0.7418215771376254,1.291172290096862,0.08154984526818242,0.9061701393223139,0.14616589248180376,1.7418613609088796,0.10249575051479039,1.274423616447975,84,17,0.035765733269721676,5.598246377831408,4.9511708154519365,2.6880998903267654,0.0760034024715424,0.5868985391102767,0.3186380863189697,7.842034672553044,0.9849063754081726,7.697363305841304,0.010763259418308729,1.6414747146761914,0.016396760940551702,0.9175363509495579,-0.6662682890892029,0.14467136671174105,66,30,17,94,-1.5286735833787022,1.7489400839533202,0.14959142860545727,1.7040560844379868,0.10134356748312703,1.7541461139715728,0.07499782554863482,1.0238732089915772,84,19,0.022938856130644777,3.6148915293787325,8.417392413632943,0.09401391691514505,0.051995873451232855,0.7801287976834066,0.2642323076725006,4.984269262728547,0.8750117719173431,4.922930850876483,0.004033011605497443,1.4309274741548126,0.01038134470582005,1.0953109063130666,-0.6107794642448425,0.061338411852063984,69,31,17,91,-2.1521498485874697,0.9821587487233835,0.12004410048782059,1.2519337414926002
Other,0.08888308194404448,1.2297487642516183,0.21656439928337906,1.9359373116904526,0.0804128274321555,0.43437627631272724,0.046651299293443985,0.4857401864778742,81,14,0.005946966999597267,0.9180919813732414,0.31321528321258096,7.322613974701767,0.0381583273410797,0.19667975896592554,0.2111357003450393,3.590625345810236,0.328678861260414,3.5771509806681956,0.0065928235417231865,0.607306820600251,0.007299467921257,0.34526211583734934,-0.1175431609153747,0.013474365142040779,68,33,17,92,0.3786430864446963,2.6486123880645094,0.06079878393765662,0.7411277939907907,0.07674413919448843,0.6920362712270266,0.04921307953773063,0.5570099848995949,75,18,0.007883069028745792,1.1926897496226416,1.940832079732866,3.3926057979282893,0.0405136048793792,0.29464308507275216,0.285486102104187,3.5497089681808736,0.4764513373374938,3.472409046477795,0.01390629988163708,0.7982333283439632,0.012415647506713801,0.4813298406933616,-0.1909652352333068,0.0772999217030789,57,34,15,103,0.36441996449077546,1.8333018594868862,0.06901669083748205,0.745327648181362,0.04648615419864645,0.3553746125108508,0.036076066410605526,0.4000401672071701,73,13,0.004060765732588298,0.5805631941164259,1.1738284940020636,1.8361224051535396,0.0240815281867981,0.152362137540986,0.1758899688720703,2.215366892422529,0.2866772413253784,2.1563947329470112,0.015077261126134531,0.5303971627462385,0.00971645116806025,0.33106883156769373,-0.1107872724533081,0.05897215947551788,58,32,17,102,0.4738097780877799,1.7307793571399677,0.048220194937399354,0.5470302037978946
Other,0.06971830993542585,1.0608054334591033,0.16919266939163186,1.7263184947825416,0.06531247496604907,0.5597127294057551,0.039293256187811446,0.4247284963470339,84,16,0.003931664827636719,0.6222805085883162,0.09879156579606807,3.8323400127196168,0.033970326185226454,0.18789171982031483,0.136572778224945,2.7888191135698412,0.2541159391403197,2.755410640683265,0.0016287570819258647,0.5465328531938154,0.0040003210306166995,0.3097186987336986,-0.1175431609153747,0.03340847288657633,75,27,14,85,0.059271288333261826,1.9146618431235658,0.04969985553694784,0.5688429914907484,0.04662112891674029,0.3712258888819101,0.03233202546834942,0.2892657557572953,68,18,0.0033447822863585173,0.4570076453881961,2.6525803979019633,2.366857302874628,0.024681746959686248,0.18665558050525624,0.2051894068717956,1.9537438379068468,0.2986096739768981,1.9049495981519748,0.012290120124816882,0.5541667493478605,0.0076743066310882,0.4462824749761788,-0.0934202671051025,0.04879423975487203,64,36,14,96,1.108697497209841,1.5655372984517821,0.04417736551607936,0.38717807182925756,0.04364630579948415,0.5692405643792184,0.03244607197353613,0.3223568721566493,79,20,0.0035735378235019553,0.5428966168987424,4.943429414409476,-0.29530856824893625,0.023549944162368754,0.2430828095066442,0.1220301985740661,1.6125940492952084,0.340049386024475,1.4734901570856231,0.008408717997372136,0.6256188922408658,0.0080030560493469,0.5086696951890084,-0.2180191874504089,0.13910389220958533,59,38,14,101,-1.1807330223309598,0.8419029713540058,0.04665143975834435,0.3892269499534357
Other,0.12829634472699253,3.041831211401205,0.31115372627973537,4.889326367066322,0.07373502850532525,1.6897981154804325,0.06626685595256272,1.0309824723311043,65,17,0.0256290882648499,4.057143012824488,19.65922067247493,-0.39868001522942587,0.03766101598739615,0.4127776637530141,0.8850507140159607,4.789217693865533,1.2301822304725647,4.585710398518954,0.010182435717433696,1.6162691563670128,-0.0054165124893188,1.0557402979814312,-0.345131516456604,0.20350729534657916,87,27,16,73,3.5774328742302295,0.979885614311014,0.1265487627432229,1.2020054188734564,0.059572920203208826,1.3194652512964433,0.06120891071856016,0.7849061419618155,76,20,0.02262801345210847,3.485001013601736,14.249798184759808,0.18151704152373638,0.02797222137451165,0.6260268089606249,0.5073539614677429,4.518668741357277,1.2591950297355652,4.313224038208762,0.0010503463447093973,1.6049435301492982,-0.00303333997726435,1.3480166549483212,-0.7518410682678223,0.2054447031485141,83,34,17,77,-0.4039823298290815,0.8136941471115741,0.11929100902978755,0.953497393092212,0.06498761475086205,1.5327507324887208,0.067796039636014,0.7559140585952031,79,24,0.023235957300836097,3.6317088665936286,11.32459864603779,-0.08276652720502042,0.0320058837532996,0.7791975832682627,0.7086023092269897,4.442327604269101,1.1081639230251312,4.2768305786949865,0.0071757852099835805,1.6681136805500105,0.00686208158731455,1.6340767054138703,-0.3995616137981415,0.1654970255741144,68,35,13,92,1.5076391755470357,0.40005252414690284,0.12067308681475541,0.9214692698921246
Other,0.22822901398532172,4.355167386201483,0.5465550550818441,6.9217449163375,0.118783164769411,1.8196421292852847,0.09641470813046904,1.1980513075802293,71,17,0.03665833567816825,5.738722215315528,8.916027258400751,0.4235254642933093,0.0597357321530581,0.5046713417206561,0.8850507140159607,6.000538267920426,1.2582845389842987,5.775513515937662,0.010903471405617902,1.9098619012149345,-0.0038392078131436504,1.1936809208914818,-0.373233824968338,0.2250247519827642,85,31,19,75,1.9811474788327998,1.1592662185252682,0.1514461080149221,1.4460808184894791,0.1232135221362113,2.1273368704975244,0.13174302765110038,1.4131578024310056,65,23,0.07257370070385503,11.261579975559027,3.5187717908583513,1.0093491720493937,0.06236338615417475,1.1561781751792939,0.8355898261070251,8.24737182094413,1.5874308943748474,7.936002182271668,0.007290632324293262,2.8045705531424074,-0.017341777682304348,2.3931788037971815,-0.7518410682678223,0.3113696386724615,92,35,17,68,0.821798208391804,1.1692879628501274,0.21351896708107082,1.8428141490680832,0.1524865254759788,2.1309639593003147,0.1135780859758961,1.2505297633416674,81,20,0.046857146597000174,7.1116429665587795,3.602693387709129,-0.2560655154462248,0.07443806529045105,0.8594706579506846,0.7086023092269897,6.106505054267622,1.2396631240844727,5.936088772092989,0.01729677042458206,2.2073124619801585,0.019213855266571,1.6934816348462824,-0.5310608148574829,0.17041628217463223,63,35,18,97,0.6221289468076123,0.8514639500507889,0.1707888861392441,1.4964673941472528
Other,0.26400833157378367,4.868234836884853,0.6256444003805516,7.653065118004311,0.11850054003298277,1.2227054554357695,0.0863160326518118,0.7911509844146098,84,17,0.025473731143226666,3.6019762693337567,6.227417786704384,0.8833065024792663,0.06380675360560414,0.5516740641410544,0.6971811652183533,4.922233707974385,1.0704149901866913,4.642237465060494,0.016809891164302822,1.599600171659373,0.020532734692096703,1.356195657129123,-0.373233824968338,0.27999624291389147,67,43,15,93,1.0712402707982918,1.115050167081275,0.12544666169081392,1.0213988252201296,0.21541378647088988,2.5763654767222013,0.16289312542357942,1.498062958868695,63,21,0.0949257619622795,13.55346869056298,9.039518285543423,-0.9304129274089719,0.09396952390670775,1.2439421922119687,1.52612566947937,6.670067205470245,2.1297319531440735,6.490526078867746,0.03566989372484385,3.217763642378369,-0.0123542249202728,2.9599480480932367,-0.6036062836647034,0.17954112660249835,83,43,14,77,1.911281577313229,0.35854459649958975,0.24170517912985803,1.7887050713717116,0.20003312826156605,1.9577749891486587,0.13572010677598884,1.0283444317877644,90,24,0.0672757518786956,9.564969424775589,8.435807375393505,-0.8218524137532177,0.10183832421898839,0.9572771945732772,0.6839146614074707,5.545788664793916,1.8757803440093994,4.710141902196259,0.03587957413401453,2.835701303966571,0.048102825880050645,2.7393089483621056,-1.1918656826019287,0.8356467625976562,53,40,19,107,-1.1836235730262472,0.37160636974928124,0.20252494486413988,1.2344097939735734
Other,0.23163042386841953,4.113583200240097,0.5402444350719451,6.421517748856187,0.11032318323850626,0.9769326691826625,0.07199860623979473,0.6156504255163112,74,23,0.019395301238662743,2.5282668918046336,10.573881474838801,1.0106014516726738,0.0552935451269149,0.5122976423104828,0.6971811652183533,3.9341074624933037,0.9592917561531067,3.751314403895584,0.025876810331828877,1.360856668395346,0.0213807821273803,1.32172907288612,-0.2621105909347534,0.18279305859771977,55,45,16,105,1.7243115242359894,0.9561510249468028,0.10735214005109284,0.8223965101388458,0.2067828774452208,2.040724284473426,0.14681375859421672,1.1634951141735232,73,21,0.08033031160538678,9.237893710998158,13.234093895100909,-0.12402398596047659,0.106037974357605,1.020049306429399,1.52612566947937,6.574804989935809,2.310682773590088,6.48909384411769,0.044519547279924146,2.688656883445751,0.03068074584007255,2.335659121022517,-0.7845571041107178,0.085711145818119,68,47,14,92,1.9180569985294642,0.4862213631084029,0.22029015665789423,1.4173982764551178,0.13607102632522577,1.4722421178424523,0.10457357347535434,0.8302960769383013,86,25,0.04870761024596307,6.673401535326685,16.652402103191676,-0.4045352344705604,0.06639519333839411,0.7451917122892495,0.6839146614074707,4.674008755119337,1.8757803440093994,4.173136935893595,0.035308596980757986,2.3720041970150905,0.039842844009399345,2.291533021852334,-1.1918656826019287,0.5008718192257421,47,43,14,113,-2.0973855394465017,0.27683087218407915,0.17140355671137786,1.0232290186803144
Other,0.2657129143104455,4.616603317770667,0.6313878760859368,7.226967241065898,0.15376016683876503,1.1798229442912078,0.09848227707436304,0.9310354758493744,92,17,0.02991833307976934,4.368522568983728,3.8660176889344946,3.1735477321739545,0.07519158720970155,0.5393767257825184,0.3298580050468445,6.424195374424179,1.0318853259086609,6.293817239936994,0.004187568603083482,1.6667807537971668,0.0167329311370849,1.2296867875482451,-0.7020273208618164,0.13037813448718533,63,40,15,97,-1.115774741439544,1.7374990026937833,0.1371091377952938,1.2610965418060092,0.22645150125026697,2.1411668813900286,0.16070461364579386,1.2342515065736883,77,25,0.08112965710559074,10.28046165578629,2.31377732340957,-0.7542977147849221,0.1209970116615295,1.0152840125087397,0.8047384023666382,6.1057482834206915,1.589295506477356,5.710910490425449,0.03606037003919481,2.833658191467849,0.03129529953002925,2.8568156064595263,-0.7845571041107178,0.39483779299524235,68,45,18,92,0.1861521504860307,0.2923253070471167,0.22297177620673306,1.500280943594717,0.12371599301695813,1.9009669661089428,0.1301914369643782,1.1708858479681827,93,23,0.06420386562883927,9.56085597148798,3.2044468276436895,-0.5143821915952245,0.061996787786483744,0.9748247131483674,0.6570852398872375,6.096052829928808,1.4080942273139954,5.793564079117339,0.010286975535564107,2.726528295800883,0.0287224352359771,2.6413549448486333,-0.7510089874267578,0.30248875081146875,59,42,14,101,-0.6485817317546436,0.39677687805142003,0.20068209260339656,1.4583893251409639
Other,0.28520082312931755,4.773753564382183,0.6967914572730658,7.434114040162697,0.20353062078356732,1.48051560131082,0.1203979335329495,1.0199144638012185,88,17,0.039416710193259076,5.874357528648717,1.6848945303521408,8.606544076221558,0.10244911909103391,0.5878040136430827,0.3992727100849151,9.059301259110205,1.1013000309467316,8.77291359194353,0.0012412273092195336,1.9053746678402848,0.019702982157468747,1.5138640777321655,-0.7020273208618164,0.2863876671666752,71,43,14,89,-0.691506834040097,2.5297025001494697,0.15744469960757496,1.4979669234670179,0.24631397053599344,2.1705523724338693,0.153052978683263,1.1818062171559527,80,21,0.06411299898754509,9.306527079549475,1.3895449003668556,-0.7513036954110275,0.1259995214641093,1.0293956360719732,0.7145346999168396,5.693800399758509,1.4061631560325623,5.424870897071221,0.02399431336671113,2.6858937990455045,0.0237103253602981,2.419564768942612,-0.6916284561157227,0.26892950268728844,71,42,16,89,0.24942189069745146,0.38972915730082375,0.19935719920217732,1.446548160207043,0.25827157497405995,2.4706930762849426,0.1605250871367752,1.4304075444251132,81,25,0.07590476857913393,11.053302123146466,1.516151189685063,-0.6302334769918483,0.12557490170001978,1.2531379715044721,0.6570852398872375,6.74600422096774,1.4080942273139954,6.511907129715625,-0.011796613037586213,2.8428455732769082,-0.0098810493946075,2.806130236023855,-0.7510089874267578,0.2340970912521157,85,44,16,75,-0.1689345959823174,0.523752106627008,0.21817152165943915,1.7238129740915487
Other,0.27679101271856216,4.189556230200864,0.6734215131308883,6.686071308552239,0.1917158737778663,1.3552926837857553,0.12723368069593557,1.178929973155128,84,16,0.04195111475095991,6.318154179391885,0.11230738978732413,7.54546450588477,0.09713894873857501,0.5902226459861848,0.3992727100849151,9.765903578933484,0.8439638018608092,9.655202862228643,0.008850443811388681,1.8513470779608456,0.02525205537676805,1.3289888244233756,-0.4446910917758941,0.11070071670484065,72,38,14,88,-0.3579908265797113,2.4662707972314792,0.16218978358876357,1.7001965110885633,0.2623758614063262,1.8052084569784752,0.14340593367815016,1.1151657463218896,80,23,0.04887842431855928,6.971473530970282,-0.23728245659971314,1.334868817037302,0.13337558507919306,0.9522025993625498,0.6061245203018188,7.214872957098528,0.9653055667877197,6.7824660625563125,0.016185762826353305,2.222559305068831,0.016382947564125,2.106238322708327,-0.3591810464859009,0.4324068945422154,72,41,15,88,0.292423746914126,1.0740479388521968,0.17457812229984448,1.425378429197747,0.24784365296363825,1.7900419330684678,0.1486258539970731,1.3058731673304842,66,19,0.06680275874632241,9.81825288432263,2.846018286926885,2.0266151084705317,0.1235901415348053,0.8395910776365331,0.7550838589668274,8.506043093356798,1.4688806533813477,8.32389222647416,-0.002184401988051822,2.6121649255225634,-0.036027967929840046,2.1452430554524966,-0.7137967944145203,0.18215086688263823,94,43,17,66,0.6558895626525094,1.4552015612645124,0.20496222104267967,1.7305627079630292
Other,0.3412803210490707,5.119055615593956,0.8230280139762907,8.279050005307028,0.21457431279122818,2.3672640396267974,0.14709674632948005,1.4729513159207266,86,19,0.0578691763655155,8.720424064556163,-0.07406400161393867,2.1616239731446685,0.1071452107280493,0.9640519016471178,0.4370957016944885,8.435968174609915,0.8817867934703827,8.207418462693811,0.03222913835779763,2.2747076708691725,0.05294010974466795,1.567016922327087,-0.4446910917758941,0.228549711916104,60,31,15,100,-0.39289110996213633,1.4889984040460413,0.18801717536735338,1.8831168515642112,0.30771242082118977,1.955879315581115,0.1729860729118809,1.3273551199543734,78,19,0.07643153921522021,11.243700215906903,1.1809498415258712,1.149455749875763,0.1564006507396698,0.9945893772227015,0.7086779475212097,8.157400439034618,1.547511875629425,7.412408348864808,0.015411140583455557,2.8657941602197368,0.0077513009309768,2.4246691054340475,-0.8388339281082153,0.7449920901698092,75,41,20,85,-0.02971207323688137,1.2902412180103913,0.21870334580107192,1.7409549239303586,0.2665316611528396,1.9703563959013037,0.1900718020436761,1.5958823735582452,73,18,0.10117024211697416,15.33639997326179,0.8714708309949244,4.250710023607608,0.13956330064684144,1.0626620914329035,0.7550838589668274,11.525941437920848,1.4688806533813477,10.988747874055072,0.016025484458077707,3.1385481742181196,-0.013504684902727548,2.7231118583891867,-0.7137967944145203,0.5371935638657762,84,36,17,76,0.08393099025090224,2.028165701340773,0.2517352810878825,2.3422030935369156
Other,0.2629871216775922,4.477321490115369,0.6334182114712892,7.023995931003541,0.15294207632541648,1.3800339136049873,0.11253238212666472,1.2122338258550263,70,17,0.03871905315989421,5.895132972850823,0.694231573846781,1.3160425548583055,0.0780882909893989,0.5949557818851344,0.4370957016944885,6.290126786902434,0.838208794593811,6.202716778019752,0.02434929902665316,1.8343132573641114,0.010906651616096451,1.1922799959221502,-0.4011130928993225,0.08741000888268165,67,37,13,93,-0.02255120931788901,1.4675826384235446,0.15412653418610595,1.5907318588338786,0.19610969722270954,1.7084976986911569,0.13798242575256153,1.0756219916746184,71,23,0.06227001697663605,9.117706833888152,2.885924130066191,-0.19754562381171192,0.1029433086514473,0.8731784170850042,0.7086779475212097,6.265376404191718,1.547511875629425,5.657244002457512,0.023160529695451255,2.6892614812087783,0.010669775307178449,2.5532778554208235,-0.8388339281082153,0.6081324017342064,67,42,18,93,-0.11670387077819794,0.5209489765544473,0.1965292571229069,1.373164054137349,0.20412361249327654,2.3902786440618544,0.1457712320133578,1.4614194941797194,72,19,0.06489974669230979,9.593952364887311,1.1616359196917632,1.0128241706568,0.1004707142710685,0.8719526632898513,0.5813568830490112,8.540953823402297,1.211852252483368,8.16742124849169,0.021383858390618116,2.500421192430651,0.00765484571456905,1.8114689275017266,-0.6304953694343567,0.37353257491060793,76,34,15,84,-0.3154284504718546,1.212654697725767,0.20089127766539874,1.8280717232458334
Other,0.10087408868925178,2.0185829044951547,0.24098490078467852,3.278995930533987,0.02710939943790425,0.6018073072700176,0.04391575929941606,0.47418738842141067,111,17,0.010303414068447023,1.3834465614654818,10.420296981108205,1.2411619249494477,0.013514608144760049,0.3097244178899797,0.2768035531044006,2.825338784553396,0.7805152535438538,2.7821023663524276,-0.005711858533322819,0.9855622362832526,0.0024032294750213,0.8190829256100175,-0.5037117004394531,0.04323641820096848,72,45,14,88,-1.556409051481635,1.3289726420874046,0.0802951064237241,0.6419607775229231,0.04197916761040677,0.8169290493938499,0.0560447455896792,0.5230468385499755,50,23,0.01541214201400031,1.9932942587310447,8.0587402734914,-0.21702766916277216,0.0171783715486526,0.4269990730491563,0.5010519027709961,2.9062614653420655,0.7807475924491882,2.8022678015889397,0.023925378985586564,1.2548479053926345,0.00716780871152875,1.157558763350493,-0.2796956896781921,0.10399366375312558,61,45,11,99,1.6296188742822864,0.6084630170757717,0.09548375342932534,0.6470324513212323,0.04247377812862385,1.1946392922129345,0.056081285562831894,0.716038585917441,56,19,0.01279827959066703,1.8458677272723745,2.7200298109132337,1.0554317054890863,0.0213752388954163,0.4393913042997476,0.3359140157699585,3.8234038849204603,0.6075770854949951,3.7889314219655965,0.017715461947955178,1.0385857888580998,0.00583532452583305,0.7415539762556971,-0.2716630697250366,0.034472462954863656,62,39,11,98,0.7434819073853652,1.207836989128427,0.08793987169422883,0.87590369702061
Other,0.06695019568745963,1.1703240206373648,0.1547191080311311,1.8525189450351456,0.029845962300896575,0.3771565648830931,0.032042382040526673,0.3036718787284547,80,23,0.005929950355526682,0.75797345588152,30.3989046251449,1.727017233602533,0.0159255713224411,0.19938523965591792,0.1629953980445861,2.0290835755828827,0.6667070984840392,1.9759888046986214,0.004981622879859049,0.7555795158962292,0.0047121793031692,0.7335576118271643,-0.5037117004394531,0.053094770884261316,67,41,17,93,-3.65852034114391,1.3031774173566417,0.060865062884520586,0.4325194227309799,0.03427374176681035,0.3674723673164669,0.026428969674125214,0.25637929012328614,71,19,0.0022166364929713744,0.31528718120260957,1.872889535631498,4.256369777716941,0.01726056635379785,0.15419068428907196,0.0982369035482406,1.8541253861470695,0.246562972664833,1.7872546582318196,0.0036572973447619025,0.43195048348030013,-8.362531661985361e-05,0.3232253814605347,-0.1483260691165924,0.06687072791524987,81,44,16,79,0.20216705820319494,1.9371873037266836,0.03715711309187476,0.3587561302943051,0.04155963659286485,0.36363610722739087,0.036487790262326576,0.3950664021700404,69,13,0.005054633221679831,0.7345380672256993,2.246440037283083,1.981983372944394,0.022457361221313348,0.16095311635644544,0.1970871686935424,2.3159452233495235,0.37511414289474476,2.20918103004628,0.014821676164865478,0.664988945658616,0.010892689228057799,0.48404313732135906,-0.1780269742012024,0.10676419330324322,52,39,13,108,0.4453915059553205,1.6925508348847593,0.054387046915279215,0.5406734406067505
Other,0.09468585747857382,1.1870913095454718,0.22139041533227988,1.9081588696660603,0.08874323777854434,0.48747171155101354,0.05357134919522646,0.4268695513619059,71,17,0.00745657438559594,1.0729899893339854,0.3033545173590424,7.806473271657776,0.0478196274489164,0.25460722476566067,0.2428862452507019,3.8446377937084346,0.4039079844951629,3.78842893517694,-0.003335254921694278,0.7049338031614437,-0.010632261633872899,0.6028828888969193,-0.161021739244461,0.056208858531494744,94,38,13,66,0.4557831750925641,2.8326098602617065,0.06839938258285302,0.7589850607846825,0.05177042912691818,0.3067999266409023,0.03820241261309999,0.3259292386948159,75,14,0.00452550559817789,0.6118766211602441,1.2141113902923317,5.81076498856048,0.02791142463684075,0.14894942916184928,0.1718475520610809,2.680042723673159,0.33838388323783875,2.596211467084236,0.013762831041822202,0.5927857914282282,0.01142811402678485,0.46688627716197545,-0.1665363311767578,0.08383125658892313,66,42,15,94,0.18345271727606888,2.380231567233218,0.05153273838160899,0.5103740066275451,0.06186069548130027,0.5052200982373776,0.04195885241031643,0.45734869431985203,78,15,0.005520717403916528,0.7967663838282831,0.8306209050470317,5.738390762199817,0.03095296025276185,0.18784227205676735,0.1970871686935424,3.442032297056779,0.3121557235717772,3.3534902950884145,0.01666114926338195,0.6104392750763883,0.0162110328674316,0.35820523548347677,-0.1150685548782348,0.08854200196836447,56,35,16,104,0.39714483072318874,2.2868961746876786,0.056504951484897134,0.6512528504908802
Other,0.14005419612057707,2.1392173571383686,0.3275736020505426,3.3032710673456513,0.11423570290207852,0.6523355351949298,0.06228169707290358,0.5538678353967064,76,14,0.009050330045952754,1.324675951310286,-0.4593050182898568,8.061543829911846,0.0586001451592892,0.22607456744714488,0.2428862452507019,4.655342295923944,0.39891578257083893,4.6185257903988175,-0.0013743029325269148,0.806464553866861,-0.0058824967127293,0.5587838665875196,-0.156029537320137,0.03681650552512689,84,40,16,76,0.1465948653523237,2.600424554500906,0.07543295624739564,0.8211521629190359,0.10774954967200745,0.8467636955056501,0.07687629918400485,0.6599959299759738,87,20,0.021024443553219606,3.1451697661080456,6.868455732285478,2.696503427080642,0.05391797423362725,0.46511495389085394,0.6406349539756775,4.8171403832236175,1.127019226551056,4.46220197926917,0.012825914105633269,1.5323823228650693,0.01808280684053895,1.3291585664466279,-0.4863842725753784,0.3549384039544476,65,39,15,95,0.2536578915291447,1.4809915179214024,0.11426890121231083,0.8927341052512218,0.0849831849336623,0.7473538979918397,0.06181268722051751,0.6559611565310429,83,16,0.012012856905437545,1.827225930833341,1.1097039879032433,3.377168819034738,0.0403931438922882,0.36246117416968615,0.285581886768341,4.1958611540699735,0.5054427981376647,4.12037736088241,0.01472829971462487,0.9644241906137211,0.0151370763778686,0.6545667942033687,-0.2198609113693237,0.07548379318756425,63,34,15,97,0.11852069883004665,1.9842382753284054,0.08565610782931693,0.947159918594748
Other,0.15084351801474402,2.36747357882914,0.35165358866099244,3.683936930623142,0.0994375273585319,0.6799446958138287,0.05659099001128194,0.5439032106626308,81,18,0.007955522325988982,1.1930499396097731,-0.35213632278728024,5.021201237436781,0.050997637212276396,0.20686496093171386,0.1804342269897461,3.959028563495175,0.3364637643098831,3.887771105611178,0.010209811679669646,0.8013557466773116,0.011885240674018801,0.45803218267533685,-0.156029537320137,0.07125745788399701,70,41,15,90,0.003036741513458561,2.0858709387277514,0.06998983717212034,0.7422121710650006,0.13013978302478782,1.0108371018412912,0.08996615164796817,0.6722370928184105,78,21,0.024891215049153783,3.7869593292819594,4.593024562251209,0.7319060332117977,0.07095092535018915,0.5653295592983891,0.6406349539756775,4.236513087563324,1.127019226551056,3.809264229486143,0.005343948258087042,1.7394457492468092,0.00021140277385710003,1.5639970551439684,-0.4863842725753784,0.4272488580771809,80,36,18,80,0.21093386312414383,1.0105338683263618,0.12500445928241544,0.8725180884710452,0.1058316826820373,0.8463630490863397,0.0712850813788827,0.6902208798257249,83,15,0.014370891423091807,2.218394250133663,0.23690859599009428,3.2258262804997404,0.053357571363449055,0.3458880491278063,0.285581886768341,4.620561941234349,0.5054427981376647,4.472530119535507,0.011931091453880063,1.143135434699022,0.01299191266298285,0.849165993361405,-0.2198609113693237,0.14803182169884224,68,34,15,92,0.031874103767281066,1.849809188274425,0.09431357410404013,0.9547961185871782
Other,0.2360507161175473,5.723431612165598,0.5708353279624132,9.101575385719366,0.08485765941441051,3.022606516059363,0.10778917978459501,2.084682163493237,40,15,0.0724704656596613,10.677718406093263,13.20151560615625,-0.053932549362174065,0.0385327655822038,0.5340440751287533,1.082574725151062,8.611501792391218,1.3000211715698242,8.572999688218545,0.057797743362607436,2.132053983162119,0.0063234195113181495,0.8106223086972337,-0.2174464464187622,0.03850210417267301,76,39,16,84,3.5509814884741226,1.1815829733356598,0.20546853810357096,2.4763005106359373,0.0921506881713866,5.253605842665429,0.13436019036453212,2.945931349113566,75,14,0.15378497218191575,24.280087246985314,12.73968393435417,-0.33173476459909246,0.04529170691967,0.9745382887549354,1.46460223197937,11.523301865303921,3.0078232288360596,11.494900902385336,0.020966253802180285,3.4618624848744797,0.0165334343910217,1.70395484811465,-1.5432209968566897,0.028400962918584533,69,35,15,91,0.1333904612186141,1.0781009642773227,0.31028657691565975,3.5065075763220594,0.1117635220289229,2.9210150854876424,0.12721898087038425,2.2125311986957685,93,14,0.12481672386871157,19.739645119384,19.509575005217307,0.009396795978237282,0.05485594272613516,0.885076588649536,1.709809184074402,9.75160193741525,2.923951268196106,9.18924197671813,-0.019770302693359554,3.5076589176827664,-0.008770793676376301,2.387739441722606,-1.214142084121704,0.5623599606971211,83,31,15,77,2.2019158726504404,1.1757154593472565,0.27947765752552994,2.726898244633372
Other,0.2389773369421012,5.72056445504755,0.5740983763989058,9.11458124611643,0.053872328251600196,3.5020939625629732,0.10163780530216171,2.0697986925162204,32,15,0.0704822843977861,10.519549843240432,14.111222741592478,0.17100410433542645,0.02369070053100585,0.5630929636356122,1.082574725151062,8.864573450839405,1.3000211715698242,8.749949221132255,0.05270482727210037,2.1063279201155427,0.00099728256464,0.7734720875563297,-0.2174464464187622,0.11462422970715054,78,39,17,82,3.711837882558087,1.2298882593069547,0.2037969860001036,2.4663601797349393,0.1009961515665053,4.888000268795959,0.1435152444988489,3.0348142415785135,80,15,0.1560792033653947,24.74947463236913,12.19421571494277,0.004099659666072508,0.052418053150176946,0.9662870477574772,1.46460223197937,13.260071903823885,3.0078232288360596,13.071617751292791,0.007542265579104421,3.4211961015936714,0.00705298781394955,1.4662144390763703,-1.5432209968566897,0.18845415253109354,78,32,15,82,0.2550428485730202,1.1534736464830775,0.3132184181083872,3.611771292151454,0.10452219843864435,2.805972058638993,0.13192749180481766,2.197916904604151,76,15,0.12881713454401025,20.423108563090338,17.83900355239127,0.1552597769359072,0.05343347415328025,1.0453946541450954,1.709809184074402,10.380700075714959,2.923951268196106,9.695760093053874,-0.012378384149633341,3.587057224407216,-0.0156297124922275,2.5334684661100475,-1.214142084121704,0.684939982661084,91,34,15,69,2.0644680930922554,1.1744343342632135,0.2843639880177499,2.7488413981018143
Other,0.10466038459409806,1.641180630656858,0.24454554460942726,2.6025629465695497,0.040070783346891355,0.3023413963321703,0.029429804795654456,0.31093949706482027,73,17,0.0029346846495812277,0.4421384425690285,3.9026006995682865,3.993253286590278,0.021698877215385347,0.11815998102896119,0.1194492578506469,2.243235820609165,0.3115041255950927,2.1962721212305247,0.008366787340492003,0.49868022011546886,0.0043620783835649005,0.32472673748471215,-0.1920548677444458,0.04696369937864,65,33,15,95,-0.7056249109232322,2.0151267867579663,0.04213395559910583,0.4398368795753899,0.09699800610542283,0.8533200505493195,0.06940326623618598,0.725584812294396,78,17,0.013694603711616857,2.159731562703174,0.7128107566036173,2.7805105625389954,0.04855507612228385,0.3015004489359988,0.2713463902473449,4.715399907534354,0.5480414032936095,4.662521645819731,0.001333269476890564,1.074941498734596,-0.0021391510963439,0.6871403153204952,-0.2766950130462646,0.052878261714622815,81,31,17,79,0.19001546624634086,1.7994900445666426,0.09279638743924039,1.0021139341419192,0.06524144858121858,1.110578532193683,0.05490971692255695,0.6052599123432881,63,19,0.010214720464660841,1.5823367960755066,4.623247350800018,-0.37215537284721156,0.0317244231700897,0.3381507788683231,0.3178563117980957,2.8007146079496046,0.45648425817489624,2.6054102281356384,0.005268016736954462,1.028941227719485,-0.0128395110368728,0.74738830090256,-0.1386279463768005,0.19530437981396617,95,36,15,65,1.7669854019087126,0.9294631360365565,0.07997765908223312,0.7236136717714956
Other,0.11442724593038038,1.9657675270660393,0.2716547122225163,3.1594772167479537,0.05220116674900047,0.7909177873528829,0.05472061113949165,0.7459387314255557,59,14,0.013544265535437684,1.9236649640512153,4.500206680047371,0.7626464343866859,0.02592228353023525,0.34011573545542984,0.3557073175907135,3.575516720059647,0.503780260682106,3.4765011695716113,0.02786740355659275,0.9816385849879752,0.013695329427719099,0.6427784005508979,-0.1480729430913925,0.0990155504880356,60,25,16,100,1.8716802796966792,1.4500702097166185,0.08795981803409583,0.9798217452751399,0.08721499145030967,0.8999494468016518,0.06532996043562886,0.627456323735865,64,17,0.015835937676514852,2.258316739236022,6.2348508906972775,4.527272629606243,0.044173479080200154,0.3354508293099908,0.4984002709388733,4.8314264730542895,0.8178309798240662,4.484682510383472,0.022694522887468337,1.2357757102323939,0.00394329428672785,0.8676923539351736,-0.3194307088851928,0.3467439626708173,75,32,13,85,1.5010828224172592,1.9366144501190283,0.09716701398895108,0.8550877927064824,0.06381627917289726,0.627578029071341,0.053371559813385795,0.5055216225239267,61,15,0.00998619620482287,1.4311084803363654,6.0393334091379245,9.027555745004204,0.028661698102951,0.2571129456557779,0.4186134934425354,4.528410992074613,0.5679636895656586,4.414114805835552,0.01067496398463846,0.942062921527585,-0.0039035677909851,0.731011986131601,-0.1493501961231231,0.11429618623906114,84,31,12,76,1.744927519514827,2.5891314635857237,0.07852359512039944,0.7373099295542389
Other,0.15773813751537452,2.5590968682933153,0.3715995581075547,4.090668222349867,0.0909447446465491,0.8725121094762688,0.07708409098850096,0.8586462841428287,66,14,0.019741823306125728,2.9872555550744364,1.5325139857026153,3.5535535065394166,0.04515784978866565,0.36387199002948656,0.3557073175907135,5.41680796951015,0.6135519444942474,5.253416878908481,0.018891172134317458,1.2221315001152817,0.0039109587669372,0.8047061004177463,-0.2578446269035339,0.16339109060166931,75,33,14,85,0.7841531555374455,2.019080009692086,0.10980491875532289,1.2221498073069468,0.12309262156486497,1.1773453893562502,0.0914382446534,0.758645407506886,69,19,0.027041398585669417,3.8004624527284876,2.1655032431257535,0.7880508145586882,0.059578478336334145,0.6473720843864673,0.4984002709388733,4.868564802508766,0.8178309798240662,4.742715089045591,0.0160438621416688,1.6936045946565594,-0.0009212195873259999,1.4784108194289516,-0.3194307088851928,0.12584971346317494,81,40,16,79,0.8476222838575063,0.8149432242730279,0.129414622461258,0.9654874052449771,0.09910693019628515,0.8800294165804181,0.0658334881905466,0.576884142005965,77,20,0.013892285581642008,1.9411212149014658,3.1121326131574545,1.0729710540254391,0.05089469254016865,0.4087614102934837,0.4186134934425354,3.5015423757214634,0.7112103700637817,3.318619093533279,0.013627404719591141,1.1749321275780265,0.0084087550640106,1.0070237084360896,-0.2925968766212463,0.18292328218818432,69,38,15,91,0.6004301694525327,1.2019200450075656,0.09246844005754855,0.7487694641786875
Other,0.1483962050186581,2.218949457486326,0.352722611185163,3.502595707662598,0.09415071830153449,0.6167556478001572,0.06427380449647897,0.5926412212975055,79,16,0.012674159105456322,1.7984559811743837,0.9544965646679207,9.881903602015017,0.04850862920284266,0.2826365402181503,0.205053299665451,5.409947645611069,0.4628979265689849,5.322204692097437,0.025288921815808857,1.000041279785596,0.02403859794139855,0.6907900072755655,-0.2578446269035339,0.08774295351363169,52,41,17,108,-0.6615231306817556,2.7598383901825354,0.0856015039796408,0.8935174424146239,0.13620803505182258,0.993129552560182,0.08766420914325859,0.7037671555230145,75,20,0.021344825266174566,2.9969015168593716,1.1705142923324763,0.08228744655491127,0.06910438835620875,0.5428802771481607,0.3750930428504944,3.6953653842993126,0.6860933303833008,3.627382959848994,0.0038508806377649312,1.4766864120578804,0.00044664740562436525,1.3094181186923999,-0.3110002875328064,0.06798242445031855,79,44,14,81,0.4783563166440292,0.7441103174097625,0.11579937762695545,0.9034925330643275,0.09778600931167589,0.7548121807461795,0.06114873285405333,0.5090283820102991,90,22,0.010413838298305316,1.4659912216620596,1.1590590769640832,0.29318919814361566,0.04582849144935605,0.4766156594231868,0.2050949335098266,2.7580292192051714,0.4976918101310729,2.6446468364206606,0.014762791618704783,1.0258680158191218,0.02379518747329705,0.985465642259943,-0.2925968766212463,0.11338238278451107,59,45,16,101,-0.728513666040511,0.9811137476109306,0.07956301356225735,0.6431065508773782
Other,0.14856871296363677,2.3209362707211976,0.3496100792288778,3.5190914393078616,0.09166599437594403,0.6466826872385848,0.05412601906195047,0.524318783055044,77,16,0.008704425318536553,1.118544291468394,-0.11381669400100858,4.210719573816451,0.04609561339020725,0.22779908974966925,0.205053299665451,3.3789689835282415,0.3479081392288207,3.2409124764711077,0.029392570466734463,0.7747153497062373,0.023468136787414502,0.45937181598471954,-0.1428548395633697,0.13805650705713374,52,40,18,108,-0.07752520529754471,2.030046698267584,0.06786106876946629,0.719972512251639,0.13959153741598118,1.4461706511357264,0.09312720540910954,0.8835131554727872,80,21,0.026491733529099705,3.8741225470852565,2.6329329537394592,-0.10788738479236981,0.07176356017589572,0.7346215427772083,0.5779387354850769,4.637907868472475,0.8889954686164856,4.583610827422877,0.0033340679481625515,1.6358918069506014,0.0034027099609374497,1.5188879106711108,-0.3110567331314087,0.05429704104959734,76,40,13,84,0.5216442566097481,0.7685676652116515,0.12903597059453933,1.0945229751070338,0.08830796182155595,0.6891200957846287,0.06188500586082224,0.48089433472077414,83,22,0.012473007978721364,1.6658464262178936,2.53393043908389,3.3748120610664882,0.04221300780773165,0.3194878474192774,0.3428376019001007,3.6728125479361404,0.6571665108203888,3.513236912550514,0.0233362299390137,1.108484282651023,0.02759268879890435,0.9826206566653071,-0.3143289089202881,0.15957563538562664,56,45,16,104,-0.21072346513711065,1.4609310016917907,0.08542045685456205,0.6611422096141953
Other,0.1862196473619229,3.063248774424202,0.43798319825902554,4.692677199041318,0.11046166718006128,0.682152358148169,0.07029732905968554,0.5128147566028237,76,17,0.017832675886800885,1.6967600710065063,9.931369234747342,8.111239691729883,0.0547803565859794,0.3000044484890942,0.575955867767334,4.590574997368399,1.1370925307273865,4.541862487368141,0.008094665862154215,1.0715920376065897,0.0055478811264038,0.8692719145190034,-0.5611366629600525,0.04871251000025773,77,44,15,83,0.26856640303908735,2.3004688771026367,0.10559158921065076,0.7405744904765915,0.20069486647844303,1.7606799423636736,0.12377215158194299,0.9517474837144825,80,26,0.04713658408395175,6.385335834245841,3.3260252984569334,-0.7418283123699583,0.09778121113777155,0.7981455030541872,0.6893696784973145,4.768487777407452,1.4329577088356018,4.691409618166388,0.0049361350014805756,2.2531598965232984,0.0047191977500915,2.3692587364572573,-0.7435880303382874,0.07707815924106433,76,40,14,84,0.051893477844200786,0.14235967220866305,0.17210790713044577,1.1439433180647376,0.1057807430624961,0.8667160020187327,0.07756911764852699,0.5619034886676946,81,23,0.019091380726696795,2.4036951082002074,1.8512866919643152,0.5209653020642975,0.054351419210433946,0.43642817209929996,0.4050042629241943,3.4095790330078826,0.7193331718444824,3.2416259547564557,0.018723803013563144,1.3679252649114302,0.0221737958490848,1.2854979558922586,-0.3143289089202881,0.167953078251427,66,46,20,94,0.13285351925960964,0.8538660754954545,0.10795541663005305,0.7297092419705269
Other,0.1987237035648867,3.4626684453907832,0.4799693369213489,5.394357267810779,0.11905731260776509,1.0312521486295576,0.08781739857804492,0.7190620923561071,88,18,0.026187774742842364,2.875617491970128,4.655675657961758,-0.00015965767355430316,0.059229381382465404,0.4887562594130691,0.575955867767334,3.8022242535592565,1.1370925307273865,3.797182460270848,0.005822294886456799,1.4418343737776036,0.0142292976379394,1.1788258362602901,-0.5611366629600525,0.005041793288408533,70,46,13,90,-0.320319075331157,0.8770444891859677,0.12820369051107988,0.8925979669277059,0.1693692505359648,1.2999244799697185,0.10996377037517954,0.865404379954979,77,23,0.03974000157853929,5.169249120443071,5.106813412958681,-0.5452240902372973,0.0829147398471832,0.6529464156119574,0.6893696784973145,4.475228023919821,1.4329577088356018,4.221750559798404,0.011449796496890482,2.000039857188489,0.00914844870567315,1.865103984526932,-0.7435880303382874,0.2534774641214174,73,42,15,87,-0.00046891994067052903,0.3490079304671219,0.15767621675471494,1.0812445098591332,0.1217683851718902,1.8636574131932688,0.10072921341285106,1.0335442435480078,76,20,0.037881270194790775,5.349944788233729,5.631754516561443,-0.38574349234247984,0.06141221523284905,0.7608374942596887,0.8104668259620667,4.9205662639956085,1.3185773491859436,4.618523437906621,0.017621570080518723,1.9524830368446857,0.0121577978134155,1.629162221213125,-0.508110523223877,0.3020428260889875,74,41,18,86,0.8925034634566361,0.7626240553075401,0.15333696732792415,1.240062409343773
Other,0.20565812941419082,3.4911372988516245,0.5051808028202502,5.418553620689213,0.16205317154526702,0.9615050728265282,0.10881948895752425,0.877685493162918,96,18,0.031698655154692654,4.534080452373516,0.4709262286244975,10.08368028788593,0.0824690535664559,0.5205213937820179,0.4876031279563904,8.373889460060033,0.8252229392528534,8.064575686910372,0.00807779286406002,1.5903782317804416,0.0306903347373008,1.095415810160874,-0.337619811296463,0.3093137731496611,62,46,15,98,-0.4494747201043554,2.942695611291875,0.14096311568643913,1.4159016675788016,0.14987035095691667,1.5483201019043031,0.10007731035002505,0.7983833963868472,78,26,0.030031610751065738,4.022704974162636,2.6844235355628454,-0.9963627949473763,0.07749358937144281,0.7553404191124699,0.5756732225418091,3.869001628313415,1.0950241088867188,3.5446842861944114,0.016260240459814668,1.779541316353849,0.010831955820321999,1.922267957225825,-0.5193508863449097,0.3243173421190036,73,43,15,87,0.1836934173292954,0.15943228375546536,0.1364615228543504,0.9251689994548274,0.1400023847818374,1.5598852274473596,0.10382127491757269,0.9332941870929321,80,21,0.037722274086493195,5.472058870433345,5.4857021341478855,-0.7144875209423445,0.0728804469108581,0.7678859935345421,0.8104668259620667,4.508410858031016,1.3185773491859436,4.215632971219497,0.01377376662567258,2.048634072554923,0.014192342758178648,1.8542379082075287,-0.508110523223877,0.2927778868115183,73,39,18,87,0.746813497225701,0.44837199415500145,0.1534072711764702,1.1292286337143496
Other,0.22949258244813064,3.4719709319467302,0.550916504319757,5.505939902999065,0.16711657121777523,0.7115265668393886,0.10403022739556031,0.8478408472049545,85,12,0.028747990728161272,4.151407248377929,0.5341496286920351,12.808029014516018,0.08447207510471345,0.3941340009781142,0.4876031279563904,8.67469527592428,0.8219901621341705,8.424634721888085,-0.012093347718473525,1.5035218518413587,-0.007091775536537099,1.153301350633006,-0.3343870341777801,0.2500605540361952,82,47,14,78,-0.03586485780873151,3.209148874915981,0.13391537794019884,1.3750742850527968,0.181774191558361,2.0113118352883705,0.12710683763551056,1.0619596047054523,82,23,0.04672519693771505,6.54872689283917,1.0045621448749316,-0.27249381433657005,0.0930339694023132,1.0184603301955595,0.5592050552368164,5.8585481169342195,1.078555941581726,5.6833338734422165,0.028648726246319707,2.2008018888491154,0.03327393531799315,2.0592916071467986,-0.5193508863449097,0.17521424349200312,70,42,17,90,-0.021456269157235,0.4475312556429198,0.169000014351636,1.3058322782338236,0.18578417599201186,1.3383570216138971,0.10796563939366019,0.7787200558657649,86,17,0.031208795272617867,4.332256426646606,0.5238794140384786,1.7345567669643511,0.09405022859573366,0.49176715447826413,0.4434813261032104,5.394733604893393,0.8193656802177428,5.298597033130786,0.022674466832540926,1.8016161623085925,0.0302296578884124,1.5841533527058795,-0.3758843541145324,0.09613657176260682,65,42,14,95,-0.22306041778886576,1.2138388649456826,0.13824184659568473,1.0423222296176284
Other,0.31209215811457447,4.934633470991033,0.7340439874678848,7.814370257141286,0.1464320011436938,1.527682409808413,0.1072216648200992,1.0130283414532664,70,18,0.03880704300381318,5.796465816015311,4.4841517231108545,1.9560831188576424,0.0748231485486029,0.6980798736371796,0.7447052597999573,6.787944633045537,1.0790922939777374,6.5561503062384885,0.008735203789547091,1.993951127603336,-0.007091775536537099,1.6999077089716415,-0.3343870341777801,0.23179432680704898,84,45,15,76,1.309466875558846,1.4106407746430423,0.15598128606391143,1.349305271887981,0.32982362061738957,2.703342509285868,0.19774965320422777,1.5871540072666535,86,20,0.09885488986599322,14.806570345768412,-0.11716851505543424,-0.5685680703184532,0.17595261335372916,1.2228837249986362,0.6372328996658325,7.7600712724155185,1.3156249523162842,7.240166935373578,6.203164812176865e-05,3.337089236516909,0.0275182873010635,2.9237347180546314,-0.6783920526504517,0.5199043370419403,74,42,18,86,-0.15530692968213705,0.571954655197408,0.24934490737940826,1.9158303091065778,0.2467886209487914,1.7520911648287507,0.1541839240791159,1.2985685092355412,79,21,0.06349985525550556,9.159364108739373,0.2827044776291827,2.140030042873442,0.11889888346195215,0.9511974612415756,0.5155815482139587,8.141964440589343,1.0087520480155945,7.836282920567258,0.01709856444504112,2.483329893021041,0.01159191131591795,2.0660279624373463,-0.4931704998016357,0.30568152002208454,74,43,14,86,-0.051564978490763066,1.4403964223515167,0.19910503818348632,1.7298661078729414
Other,0.274540000818695,4.56600925447824,0.6490525804832575,7.274509960820689,0.15482173860073084,1.8204964163854498,0.10465297511429524,1.090883101752653,79,18,0.03820128311780589,5.422024554747455,4.251305502276694,0.4948940178886154,0.08156230300664895,0.588067613729025,0.7447052597999573,5.945852233691328,1.0528227090835571,5.741578776431594,0.04214628310874104,1.909125588234009,0.039361864328384344,1.3918277171128093,-0.3081174492835998,0.20427345725973395,56,36,14,104,1.1403564648235929,1.1544163658052966,0.1491257298030916,1.333140668908425,0.26424272358417505,1.8632622242022046,0.17152845127624455,1.2279490105933515,84,21,0.079928013891611,11.893460882422973,0.5606830034609791,0.4519807966490488,0.1204365938901901,0.9284267327990172,0.6372328996658325,7.7770864855738715,1.3156249523162842,7.586631960770122,-0.01654109854716808,3.069590513863646,0.01519917696714395,2.8069601590420583,-0.6783920526504517,0.19045452480374986,77,41,17,83,-0.20900354821692985,0.7264596536286893,0.22359307319546134,1.5719653175631092,0.17803008668124667,1.6958924397728685,0.12477520185639146,1.0952388151029862,70,20,0.050361302860364214,7.360901971811964,1.3698666313039576,1.4782549889864018,0.08588637411594385,0.7737178173733525,0.5155815482139587,6.645527020902004,1.0087520480155945,6.354782402909695,0.0017238712403923294,2.295793858723033,-0.009429678320884649,1.9818230210086718,-0.4931704998016357,0.2907446179923094,87,40,16,73,0.19940918844331798,1.2958101570970237,0.17796287523437215,1.4457636494467452
Other,0.31367715642095534,5.406623177030951,0.7555447743646798,8.581010498836953,0.1806720420718192,1.2875576672916769,0.11789328760758506,1.015865205427098,78,18,0.04204245793690234,6.0244870994823545,1.2530714058540529,1.7815893955595756,0.09182697720825661,0.6559384871101755,0.6228950023651123,6.372258039701934,1.0046779215335846,6.207414125082143,0.04422998048830777,2.019646460127251,0.0402232259511947,1.7110423823789478,-0.3817829191684723,0.16484391461979067,62,37,15,98,0.43148142652378596,1.4137071418842468,0.15643913369908802,1.3948172911094194,0.2165408581495285,2.8017547271307195,0.17230727404356,1.6959045344167836,76,18,0.10454516610889525,14.330259366953106,3.81823249031664,-0.528369868436851,0.11049963533878321,1.1606360849161506,1.138418197631836,7.911123183851298,2.0063722133636475,7.482542438733723,0.014710137993097302,3.1729467007589367,0.00478915870189665,2.667754890784118,-0.8679540157318115,0.428580745117575,78,42,12,82,0.9312117166115913,0.7736598619747085,0.2559959525196617,2.064623113572084,0.2239957675337791,1.8171872863661962,0.17744788040901766,1.4391467225727639,78,20,0.10104042093369867,15.361291670228535,2.212205258642756,0.9544790460256634,0.11258196830749509,1.0791184873336095,0.8168646693229675,9.22251577698591,1.7146321535110474,8.624579380797389,-0.001964149519335477,3.3884173379507647,-0.00423103570938105,3.1742995963718563,-0.8977674841880798,0.5979363961885206,83,39,16,77,-0.22878343123123723,1.202578041820375,0.2520784647738567,1.9697511553755174
Other,0.260376749397898,4.114623155764872,0.6217547030001876,6.489848931141468,0.16087843477725974,1.364051881200266,0.11105328720295797,1.0180640686068632,74,19,0.03585728828380976,5.323858414328573,1.5373796485063087,3.574746448450295,0.08431343734264375,0.583872884189571,0.6142563819885254,7.024428243997377,0.883384108543396,6.7484423280030805,0.03446014178916812,1.8431296535504753,0.0158188790082931,1.3203804427074317,-0.2691277265548706,0.27598591599429667,71,38,19,89,0.9357754276016923,1.7810241141353655,0.14613960347352034,1.3880675396145097,0.19221954047679898,2.692307915524905,0.13690113487886263,1.4064391212952203,71,21,0.05476130398232378,8.250470448512921,0.7661753097799813,-0.8801066415782617,0.09592908620834345,1.1602524478305216,0.6095350980758667,5.993959491483671,1.0562803149223328,5.7798585092010155,0.016653124429285533,2.394837352283038,-0.0006943047046661,1.8522045954627675,-0.446745216846466,0.21410098228265528,80,39,17,80,0.6095518251828153,0.5312726962088404,0.1848296538480229,1.5859459337010486,0.18742958456277842,2.0621083565322955,0.13419659594947006,1.465179362404114,93,21,0.05757564892018751,8.526800869026413,4.452544172237253,1.7794177038535643,0.09086745977401729,0.9566751816713482,0.4215579032897949,8.798748118045399,1.3193253874778748,8.594344677502484,0.033984400564804666,2.2518819253079547,0.06910928338766095,1.591091159622186,-0.8977674841880798,0.2044034405429152,58,42,18,102,-1.44724610159439,1.392501749306358,0.18721350564991004,1.8589859234264665
Other,0.2227667514613295,3.2993076788625535,0.5301082655414937,5.168398788446881,0.1447730381041764,0.924000473604203,0.10111305709811855,0.9965020244332362,76,13,0.030921093349310595,4.6158064137433605,2.146903611855844,12.210193905616707,0.0719822086393832,0.4226930536346273,0.6142563819885254,9.736994625191512,0.8635086119174957,9.532873253538613,0.031325763720087704,1.4030908253621572,0.018346443772315903,0.9433591341749652,-0.2492522299289703,0.20412137165289854,66,39,17,94,0.8716818113697227,3.2435727788677204,0.13586667482859244,1.6270041639553046,0.17620301991701115,1.756443674538922,0.1230329946801066,1.0408397462909935,76,24,0.04752515977327523,6.571693505185251,2.25908211717063,1.0243089682540631,0.0900833308696746,0.8784310733588792,0.6358079314231873,6.5539044414791725,1.2631002068519592,6.249510174348155,0.025826665014028548,2.200973065906899,0.01407203078269955,2.1809402298984226,-0.627292275428772,0.30439426713101736,69,39,16,91,0.2473366708281083,0.8914085147458471,0.17093515113747118,1.3143101111753026,0.14620072394609443,1.2973446941611668,0.09229046019259837,0.8103571756060645,76,20,0.030128528908247736,3.397429434517457,1.205743444768431,0.1501396071743759,0.07540952041745184,0.549209611902308,0.4283578395843506,4.12085730180101,0.7860309183597565,3.866213584673498,0.06732345120981334,1.5643348971778253,0.06077821180224415,1.1500725611848737,-0.3576730787754059,0.2546437171275117,48,43,15,112,0.3009333297539045,0.9881252213796854,0.11994918624299601,0.9748260172918549
Other,0.1693670812359696,2.8178455643330698,0.40022814281284785,4.291809873535882,0.09430632181465622,0.7115281812682379,0.06350250053073976,0.645145995829651,71,16,0.012806743701575495,1.8414409773561413,2.27176788814059,4.698212880973191,0.047971785068512,0.3335457461325301,0.3577594757080078,4.66368039407357,0.6070117056369781,4.526208631190817,0.023427958483807732,0.9904948010589851,0.01774424314498895,0.6588532502896625,-0.2492522299289703,0.1374717628827523,62,40,15,98,0.35375304011215736,2.1475517629775784,0.0866154405440779,0.9275564815315901,0.15880423039197913,1.544510052677267,0.10898350123316045,0.927882832153046,80,20,0.03859062851328517,5.471254576358631,3.5059585547519463,0.6719566866083135,0.0802296102046966,0.7109317710987116,0.6358079314231873,5.76544740331828,1.2631002068519592,5.437597897248516,0.011580188013613216,2.041352219783889,0.011768639087677,1.7417743583126244,-0.627292275428772,0.32784950606976465,70,36,18,90,0.22613098145671584,0.9223525526132034,0.15535730233093245,1.141987605511556,0.11508124321699134,1.0493130421963732,0.07424881026236103,0.66811423453696,75,19,0.016356131126697693,2.2905144998243863,1.7364616429276607,0.6114037894105961,0.05869189649820325,0.5341759770076224,0.4283578395843506,3.588210950411833,0.6533926725387573,3.485648507260862,0.02479950019624083,1.2599628526930067,0.02166309952735895,1.0093222567193316,-0.2250348329544067,0.10256244315097086,69,41,18,91,0.6601062631848571,1.026379059806003,0.09832594618044342,0.8384557887319326
Other,0.12400815431312502,1.9498159678340898,0.2920902116224168,3.0735844094796887,0.06100011616945253,0.4498154936809705,0.04005718510481525,0.3143945927438429,71,19,0.004537738146642458,0.6485871126371595,0.504063626810666,2.832671834000858,0.0289902277290821,0.16638892212062983,0.1748177707195282,2.160583441437498,0.2996074855327606,2.0807574089280796,0.01086836969479918,0.679659095448778,0.00464060902595515,0.5764240900196131,-0.1247897148132324,0.07982603250941853,70,39,16,90,0.6235525370818924,1.5705084518542543,0.052297791545937646,0.4320308167375429,0.10992252081632604,0.9108937703254136,0.06957407869398588,0.5874821372601962,82,21,0.014017652758053325,2.0892555332475804,1.7134007370861015,2.54259534457168,0.054810121655464145,0.46536361830374234,0.3222711682319641,4.1070074252443405,0.6557540893554688,4.045709970160051,0.006465294957160944,1.2245334137936923,0.00937691330909725,1.0819633584391477,-0.3334829211235046,0.06129745508428908,72,36,15,88,-0.36474847917858105,1.3167097095104532,0.0936700105577395,0.7679670902781879,0.11769845336675643,0.8400563699306174,0.07006371166062306,0.5605696819714129,83,22,0.013333309407099593,1.9432100972421558,0.9938045340586128,5.95570495564283,0.05710477381944656,0.4082822493672365,0.3574768304824829,4.575522365836269,0.5825116634368896,4.515384590285975,0.02193399320822208,1.1693919002372184,0.0261377617716789,1.0269680844402072,-0.2250348329544067,0.060137775550294544,65,37,15,95,0.23536912147763778,1.9005103380359774,0.0888909632204989,0.7587705060831919
Other,0.16675045443509706,2.5372462658638146,0.39555368207395053,3.9605685828267303,0.10121348500251759,1.0049486695238703,0.06783988106413742,0.7098423164907733,67,19,0.013715414385533283,2.0015967663541097,0.5463520133810711,3.6463492939301076,0.05089697241783139,0.40457098602163877,0.281113862991333,4.467330508256679,0.5075674355030059,4.405117194954005,0.023719292040914292,1.0273835850230204,0.0126520842313766,0.66551768273288,-0.2264535725116729,0.06221331330267399,62,33,14,98,0.3120377384099077,1.8829812323172994,0.08977696571710186,0.9726663022739895,0.11886662244796739,1.7082189257153173,0.10322879258310418,1.4350347749695644,81,15,0.0425329316837293,6.681241934977857,4.72571725844146,0.8267731223794677,0.0585105568170548,0.5015284195731268,0.4800165891647339,6.68681923808864,1.209884762763977,6.525814632277775,0.0066173495724797205,1.8251137600972636,0.00782242417335505,0.961913599905911,-0.7298681735992432,0.16100460581086573,73,32,15,87,-0.8854956307419299,1.4357436291237413,0.1634203377163848,1.8303556205506857,0.12066591531038276,0.7153633191388895,0.07152105515648141,0.587168081093346,93,16,0.01328986913368761,1.9482563961783215,0.3399416731562068,9.01706690760918,0.05021985620260236,0.31425057817280366,0.2698405981063843,5.243275391478194,0.5283486247062683,5.018960994553977,0.019192880345508444,1.1080712377064459,0.040687866508960696,0.8616041843249561,-0.258508026599884,0.2243143969242174,58,34,13,102,-0.36236408948726234,2.535649961028391,0.08937407248639154,0.848784147086894
Other,0.17951827501500203,2.627185200296365,0.4322440427727995,4.023299883066782,0.13801987469196314,0.9760232791713424,0.08374882841017095,0.9045576955337815,83,15,0.018372221147550126,2.603600533732936,-0.4043379949056618,2.6159567855946966,0.07023376971483225,0.3132299278861278,0.281113862991333,5.2020136154380445,0.5075674355030059,5.142849209040681,0.033060884103178964,1.0552412725862081,0.04453705251216885,0.5250670761574179,-0.2264535725116729,0.059164406397363936,57,34,16,103,-0.12955505460514852,1.8332413096975873,0.102249497100933,1.2206827558229765,0.16287592053413383,1.656297505713139,0.11004875785671171,1.4498775372422938,84,14,0.04350195428413791,6.784520193247737,4.070756591946261,0.65589283462496,0.08142170310020444,0.509112754333493,0.4800165891647339,6.6442499901795,1.209884762763977,6.396042700642727,-0.0073215028271079036,1.8253054610888424,-0.00392732024192805,0.9375051998431854,-0.7298681735992432,0.24820728953677237,83,35,15,77,-0.6923176792140331,1.4257895585859346,0.16524460093236618,1.8581658071784086,0.11923994496464724,0.7461340238693662,0.06950248832465147,0.5009908654390142,88,22,0.012073836639548313,1.8437110324176689,0.07720703929815631,8.0714216794922,0.055860266089439344,0.34846671439127436,0.2198797762393951,4.610517819432651,0.47838780283927906,4.345630774698926,0.008119024580810213,1.1427531493917311,0.0127741619944572,0.97140086879306,-0.258508026599884,0.26488704473372543,64,33,18,96,-0.32377704518826445,2.3198039580677143,0.08675986864396686,0.7333663968119544
Other,0.144682073011162,1.9475262163922873,0.35851266505196666,3.182151985614504,0.14675953984260554,1.3230679332424287,0.0814752865757327,0.8460909846085345,77,16,0.015939815853486555,2.4078226361303687,-0.44798142551445475,1.6569127866127262,0.07115620374679565,0.41483201319549057,0.2896507382392883,4.769762209056054,0.47092753648757923,4.673762451842504,0.02082172827795148,1.1047174225643728,0.01758341491222375,0.641664737141376,-0.181276798248291,0.09599975721355068,73,32,18,87,0.19744755614901283,1.504698059063491,0.09792226689913235,1.0896889704925425,0.14073716104030598,0.8793329146033031,0.07845777084119614,0.6774800138581698,76,17,0.014649028561937581,2.2216091036330585,0.01056520554175755,5.120079049836708,0.0729525536298751,0.3841988320986006,0.3002369999885559,5.1377593762084866,0.6065447926521301,4.894235633018786,-0.006220978312194343,1.1391998739193492,-0.0125840306282043,0.7946994888795382,-0.3063077926635742,0.24352374318970096,88,34,16,72,0.061194154137172184,2.1489982727697488,0.09578246989753997,0.9611621876120583,0.11536795832216729,0.7672908135844116,0.062309439590317164,0.5139760684984753,76,20,0.009068395778463616,1.367698607983125,-0.776777725400049,3.3657592678949726,0.0588917545974254,0.33951831525277376,0.1553139686584472,3.5136631586099623,0.3192150890827178,3.383264168183498,0.01212232896359637,0.9382346891307821,0.01102215051650995,0.729931151719031,-0.1639011204242706,0.1303989904264645,69,36,17,91,-0.04352419692365068,1.7384013045726145,0.07453535062382793,0.6981506113259438
Other,0.10153546590298652,1.5176728999103672,0.2481984885036943,2.4886732683329793,0.0513348728418349,1.0343382436413857,0.05317648667842147,0.7030308623327123,56,19,0.00977798141225665,1.5278346465328934,2.1118287918639336,0.6639229267747768,0.027198523283004702,0.28260236967477526,0.2896507382392883,3.516591596110159,0.47092753648757923,3.4725192899814696,0.007962705567479142,0.894570000895058,-0.0022612512111663003,0.4562529278077453,-0.181276798248291,0.04407230612868945,90,31,14,70,1.0017595289973755,1.2500373668083262,0.07801198877518871,0.8529825086316305,0.08052302896976465,1.0005129211602368,0.05902297494001683,0.6822274793271583,78,18,0.010595837544818132,1.6454573273508786,1.8140892230448875,0.5264566482340856,0.040222212672233554,0.41523460750594676,0.3002369999885559,3.25894326240527,0.6065447926521301,3.1782344533291083,0.006771026924252507,0.9540333715262593,0.0061486065387725,0.6398703571975537,-0.3063077926635742,0.08070880907616176,74,28,13,86,-0.134631610467709,1.2335853102816432,0.0813505600474118,0.857483325415204,0.07040105760097493,0.7793256740330872,0.04454036148439623,0.5187770928188159,77,17,0.00559853544879104,0.8826852548361822,0.12825787391434806,4.413022274741607,0.034736160188913304,0.2051533869921561,0.1508678346872329,3.459687846479039,0.2831508070230483,3.424282452956961,0.0018854856956750168,0.6400698959116619,6.872788071635e-05,0.3510088800568021,-0.1322829723358154,0.035405393522077944,80,34,14,80,0.38708936364694463,2.010207024232625,0.05930863395892512,0.6877468888943202
Other,0.0389349902940167,0.5736118114917389,0.09096852861344792,0.9082416946388051,0.019511699676513526,0.21873892841930206,0.012322885235771488,0.12195006013843449,83,19,0.0004654445212428704,0.07148805264544979,2.9592525167711052,0.3961543803116103,0.00916588306426995,0.10552585207659937,0.0332372784614563,0.6740343618310085,0.1064338088035583,0.6413294168684494,0.000912793725728981,0.22135749264980148,0.0011131763458251502,0.18487933730402073,-0.073196530342102,0.03270494496255913,71,37,17,89,-0.9746897339012998,0.9501377736968105,0.01708490476145503,0.14996303909044678,0.04085642844438543,0.4533450789652709,0.025013562962412788,0.30718645448556936,68,16,0.0017591687388323562,0.2766508887392301,2.729537396677313,0.6711362200870137,0.01757515966892245,0.11582319505548205,0.1270351409912109,1.3518749237639913,0.19259819388389582,1.3281464164105572,-0.0008344791829585959,0.3611274948078071,-0.0076504349708556504,0.1792758892279066,-0.0655630528926849,0.023728507353434045,95,23,14,65,1.2687114890478561,1.3644180968739554,0.03325198788233154,0.38241054016994275,0.0233930330723523,0.36572161761031374,0.01971739800646898,0.24216588819648457,96,18,0.00127533860305761,0.19626078991959395,2.3314725661925646,0.18177201214765493,0.0112528167665004,0.1374903676257275,0.0870169252157211,1.0607900644302832,0.1890689134597778,1.046484169063625,-0.004063039319589736,0.32575670718119654,6.872788071635e-05,0.21652123065864487,-0.1020519882440567,0.01430589536665816,80,33,14,80,-0.7911432739436393,1.1471581222794875,0.028026552341025655,0.30023883434036003
Other,0.03319454587405865,0.4344964269503839,0.08020884610712506,0.687511777345049,0.0206383019685744,0.19886604620915618,0.01236044880934056,0.11407988624082462,86,21,0.0004675067178728276,0.06633875905113636,1.7549797597540584,-0.10530658354235012,0.0099738240242004,0.09587709700418351,0.0565139055252075,0.5998987817247396,0.1165297031402587,0.5869101122325157,0.0047955308109521675,0.21583785550573611,0.0062191784381866,0.18447195520106124,-0.0600157976150512,0.012988669492224,51,37,15,109,-0.5451499627145064,0.7641596810574702,0.016458664301910845,0.14054458076290713,0.031436786055564776,0.2544474440341902,0.02089988325722512,0.22971652728341,68,14,0.0012527612282505246,0.18613469776421707,0.5923150854475634,4.300317946855879,0.014000706374645249,0.09513633670921362,0.082480251789093,1.5503209955643753,0.1480433046817779,1.5266476510967493,-0.006940189935266958,0.28233964978552883,-0.0119782909750938,0.16508749500538766,-0.0655630528926849,0.023673344467626024,109,23,15,51,0.7521455509668818,2.157894920523946,0.02719248011697716,0.326219281961079,0.021230831742286575,0.1505954551369438,0.013966632427182001,0.15010612028786743,76,13,0.0005314210793217375,0.08412931649060401,0.4112761245465344,5.951952809478019,0.011401943862438101,0.07231938532467522,0.0492185950279235,1.1008648460978725,0.0969281718134879,1.0770077390428896,-0.0006175483111292085,0.1893342720537841,-0.00147355720400805,0.11566789141661027,-0.0477095767855644,0.023857107054982844,86,36,15,74,0.07528914031657169,2.386009323949798,0.01827138006469918,0.21973131300856438
Other,0.05301036255656042,0.802761303559943,0.1252334557380525,1.2596394905874284,0.0305449664592742,0.2583362766215707,0.020123302340507472,0.20319696616328936,86,19,0.0013141586788535443,0.18864980196744752,1.5981856647447739,0.150827829992783,0.0154225528240204,0.14048621517388254,0.1036745309829711,1.023805753109352,0.194901943206787,1.0064451765764009,0.007506984472274764,0.34564346531869217,0.008685797452926601,0.29315444375382843,-0.0912274122238159,0.017360576532951214,52,37,14,108,-0.25767332432302964,1.050441509996306,0.027745371572382133,0.2630216661226476,0.05976986140012735,0.3746798619781585,0.0379452533787116,0.38441844218841775,70,14,0.0037685703896042757,0.5712986512051208,0.14244832611148261,2.1745437561872887,0.0308261811733245,0.15963375213321618,0.1442278027534485,2.2625601637685038,0.2572458982467651,2.222153869913056,0.004969276301562789,0.5439076735633213,-0.0039073675870895,0.34479467504618266,-0.1130180954933166,0.040406293855447764,83,30,14,77,0.43919488657227035,1.7188288056182814,0.0484285147723996,0.5248457810100566,0.02912171557545655,0.2405827630682812,0.01898346834357649,0.161500042194406,71,22,0.0012530728493416652,0.18838623146301386,6.976416713502122,3.7515769685332314,0.01467826217412945,0.12291248372394582,0.148672342300415,1.174454083216107,0.2654086351394652,1.1343883672048682,0.0014219154196325754,0.37008835170541493,-0.0008528865873813,0.3416828412269335,-0.1167362928390502,0.040065716011238706,83,37,14,77,0.8729240018352655,1.6490639390939037,0.028036789620144244,0.2267616444528989
Other,0.1059761091849094,1.6653155289360007,0.25665417783893624,2.6313142069810036,0.05379283055663097,0.6887456995909936,0.048914756882004404,0.5504787162916068,73,17,0.008855496043876272,1.2931755212041673,2.3728039030884505,7.83787385207269,0.02862454950809475,0.24840512748135268,0.2723587155342102,4.407407599953348,0.4550655484199524,4.277008255443802,0.018062250688672055,0.7580475053501459,0.010996460914611799,0.42845070441019306,-0.1827068328857422,0.13039934450954696,58,36,16,102,0.8737554866597871,2.7075117897415275,0.07239611600466382,0.847667093166054,0.1052874997258185,0.7707226148120229,0.06347631292883302,0.5197869498361516,70,19,0.010664253191034945,1.4562722232323337,0.38787684559885083,9.524864139884471,0.0496858209371566,0.38734981900630383,0.2494634389877319,4.672170072595489,0.4645419120788574,4.569451930053574,0.012224559672176836,0.938826868477198,0.0058348774909973,0.7434170664104961,-0.2150784730911255,0.10271814254191519,75,39,15,85,0.30335537811933627,2.5920712171715072,0.08097343852234232,0.7582059972445694,0.04882966913282865,0.4625622297625571,0.047889448705900534,0.40145002601286933,93,17,0.008703772299517784,1.215292118688805,5.2789172064028005,3.2662225981445827,0.024883069097995703,0.23658422356327846,0.1697635799646377,2.916416376733012,0.5596422106027602,2.728318757909131,-0.009400309837656095,0.9344398331536596,0.0017529428005218502,0.8278221641684154,-0.3898786306381225,0.18809761882388087,77,37,16,83,-1.4765507794805512,1.7772723487055337,0.073383574754012,0.5849053914134882
Other,0.16793693903068524,2.6627831298275635,0.4036398701556025,4.115436118588478,0.10549256578087794,0.7615352186981003,0.06828272052342069,0.6777205629019362,77,17,0.013664097986606949,1.8674022697350645,0.519116712202905,3.827890644432701,0.0513858646154403,0.25573981190976,0.2723587155342102,4.562661475926759,0.4946728348731994,4.472831284687233,0.01917576994746923,0.9747951283640586,0.0185145735740661,0.5938822174676097,-0.2223141193389892,0.0898301912395252,66,41,17,94,0.1586673794876354,2.047057932691263,0.09068489137155246,0.9576934412706204,0.1567544341087341,1.1109289376408644,0.10297043378930534,0.791495980748478,77,21,0.03212089052228715,4.332374551910176,3.553667927031091,1.2093513463558425,0.07474422454833976,0.5552814973652143,0.6640634536743164,4.941788925548321,1.2044565677642822,4.7953125803459615,0.002587502077221869,1.8085958618063218,-0.0012481659650802,1.6041648784508737,-0.5403931140899658,0.14647634520235972,82,44,15,78,0.01516471595792792,1.1445993375232575,0.1421093968165976,1.0302211221709756,0.11169061064720145,1.107631720808946,0.07977785647453853,0.6714493896559466,87,19,0.018715449264549856,2.468827900844395,1.66608682472636,0.0064527748746545655,0.05697789788246149,0.481869017291827,0.3176825046539306,3.397416907697619,0.7343677282333373,3.3370254473823784,-0.00436139333760366,1.3320451284180979,0.007606461644172649,1.15321108883607,-0.4166852235794067,0.06039146031524087,74,41,14,86,-0.5446106708359867,0.8288092592098065,0.10840471125549983,0.833356872355421
Other,0.24565658425319578,3.767108357894701,0.5810678152739999,5.879250752661642,0.13368456065654744,1.0002034129815365,0.10612860356923193,1.0018303073495545,84,15,0.034059041901723805,4.89222321324725,0.31296793775308274,8.368608156564369,0.06797423958778374,0.4650732674822267,0.450797975063324,8.736731362574615,0.7929971218109131,8.617871332208995,0.026298845652490844,1.4854375943784064,0.0309641659259796,0.922605817157738,-0.3421991467475891,0.11886003036561914,62,47,13,98,-0.014806727668143418,2.861135072469241,0.14396111251970367,1.638810045873085,0.2101700231432913,1.284610601736528,0.14042196953669187,0.9785416354269197,78,20,0.058206724719166075,7.867651396514529,1.6289142261757057,1.9757742095439044,0.10593411326408375,0.6217050399271054,0.6640634536743164,7.309149029971271,1.3340036869049072,6.977956556851705,0.004665020853281023,2.4602791594662725,-0.0027907490730285003,2.334385764514976,-0.6699402332305908,0.3311924731195667,82,48,17,78,-0.02839772254788246,1.1718152138308182,0.19127494262946246,1.3470997936346298,0.14210273325443257,1.6425829172752673,0.1106296055251732,0.8552883258677255,76,24,0.039007025072333,4.7696577558874775,2.1544756455768628,-0.3535356620287784,0.07274124026298526,0.7551445516994275,0.6440736055374146,4.65616057132461,1.117046594619751,4.529831758013246,0.02671798737719654,1.9335339988169624,0.020559757947921697,1.7644997121896329,-0.4729729890823364,0.12632881331136386,62,47,14,98,0.37686612798851177,0.4220907802204463,0.154319084023352,1.0154329280195533
Other,0.30395503105776,4.525494963222684,0.7301910206302998,7.035899640967754,0.2004797980189323,1.6428063822746324,0.14416884732927424,1.3618405480293745,95,16,0.06326466033760537,7.955574722877597,1.4589838643334145,5.941962937766034,0.10013816505670545,0.5553142014994097,0.5533611178398132,10.42703501177178,1.2215222120285034,10.327861862903884,0.033063224353827525,1.997322426392132,0.053032502532005296,1.235661010304415,-0.6681610941886902,0.0991731488678968,55,46,16,105,-0.7775340288027558,2.3522042022876923,0.19669530350637757,1.991551618188352,0.23541810736060137,1.6614414526751669,0.1609945232979953,1.1835669257384565,80,20,0.0747512111743027,9.597551539752928,2.2718410791745853,1.2771451702438652,0.11774078011512744,0.9307630900305366,0.9702979326248168,7.3948044969304805,1.6402381658554077,6.87312804005953,0.01839558659121394,2.646109025627615,0.01857185363769525,2.472071402534568,-0.6699402332305908,0.5216764568709507,78,47,17,82,0.2712945899677355,1.2542585307476803,0.21603891887419588,1.6111047651363337,0.18400648236274708,1.740332157842542,0.13879476235713809,1.0607388173146928,78,21,0.059567874729027415,7.368721525938416,1.3948894997524084,-0.12143745312755483,0.0914033949375152,0.7701722537917453,0.6555594801902771,5.922711023641318,1.1482614874839783,5.5115741107153,0.034225221537053575,2.392468188948007,0.02909031510353085,2.065707657207991,-0.4927020072937011,0.41113691292601784,63,43,15,97,0.5142339155036004,0.8004321175390345,0.19048711055324719,1.2825043823746805
Other,0.25215678258018354,3.9141120065229074,0.6068771211942656,6.230111308886986,0.15764232724905006,1.3804615409749394,0.13092317575432386,1.1867259664835994,87,14,0.05224742506240959,6.54983166693233,2.0724614440854188,3.5919488652243334,0.0824651345610618,0.5927465359597741,0.5533611178398132,7.995673001900977,1.2215222120285034,7.874155651659563,-0.0003862863028189195,1.9213659862925174,0.01903717219829555,1.4532158366640031,-0.6681610941886902,0.12151735024141445,73,44,13,87,-0.7490400882333509,1.9229808550502543,0.1812729036754849,1.6906165779532956,0.226356741040945,1.4094509574833574,0.14111800012993622,0.9886491643412892,77,19,0.055801949359136,6.9282756874768605,3.8794062531517524,2.213761380751908,0.11233615130186075,0.5792307134591353,0.9702979326248168,6.802219444872704,1.5946113467216492,6.321332980138458,0.006341843772679564,2.277244688314628,-0.00124526768922805,1.926193039687441,-0.6243134140968323,0.48088646473424534,80,46,16,80,0.6488476862472637,1.3809794062349754,0.18723005555376138,1.3200122412385702,0.15221765637397755,1.1968556777045833,0.10738637343049047,0.7567269630745906,78,22,0.038166291836603035,5.154640529898512,3.5808823937361325,1.6027034646814542,0.07333528995513905,0.6093329489433341,0.6555594801902771,5.131963293444068,1.1482614874839783,4.891904684745548,0.00909512042999267,2.0315006342798405,0.00551348924636835,1.946431005782555,-0.4927020072937011,0.2400586086985204,78,40,15,82,0.8416855162321151,1.1305977054119531,0.1546632330422622,1.013728613988535
Other,0.23300423110216015,3.740574299202078,0.5575894972262901,5.9211111943871595,0.1770597249269485,1.5043421983940033,0.12414374241587209,1.3032077782058136,81,16,0.04366764791170904,6.643285957386516,0.8459865681973686,1.3547609272410428,0.09195982292294505,0.6802548217785358,0.3714621067047119,7.32218136302175,0.9403789639472961,7.281723612136341,0.007701889766030942,1.9289182334665063,0.00934388488531105,1.3726931522440347,-0.5689168572425842,0.04045775088540902,73,40,18,87,-0.6521889785895779,1.4583947949551406,0.16554225237719,1.7095497670401323,0.20366053283214564,1.7689107287952561,0.1259457764588296,0.9975190998852649,77,24,0.043276205750755324,6.2151483600203745,0.8975944336888322,0.7217298641775449,0.10263940691947934,0.8827878224845949,0.5895381569862366,6.115881321209937,0.9888758063316345,5.875059231536604,0.0081156924366951,2.1643323582696925,-0.00056733936071395,1.9137411775584634,-0.3993376493453979,0.24082208967333218,80,46,14,80,0.5356523982427177,0.8713593661602401,0.1647770031292188,1.2372606043057888,0.1378049049526452,1.366136320628786,0.09811860812318622,0.8163975594013637,81,21,0.030416168930440836,4.3922160446777125,3.4984265121628217,0.48391000052977473,0.07134556770324704,0.6429819008782962,0.3523252010345459,4.943502730413062,1.0065817832946777,4.6751658556371645,0.005035536957439029,1.8278606026509607,0.00674922764301295,1.5854259251472826,-0.6542565822601318,0.2683368747758976,76,43,17,84,-0.8024108199962168,0.8742751963841009,0.1382177625555501,1.0252519992441766
Other,0.2438323185067886,4.220430463779204,0.58557064095512,6.613051341200152,0.1662916038185357,1.905797587397725,0.12120642582769503,1.2770415762602647,84,18,0.04639551333861199,6.826169011667843,1.8227835366282408,1.510318961027954,0.0811218731105327,0.7005120740288222,0.3981454968452453,7.607341486948782,0.9670623540878296,7.29394749369941,0.03286174174863844,2.0602462785699256,0.042834840714931446,1.3181525505469396,-0.5689168572425842,0.3133939932493713,58,37,18,102,-0.9728624821762178,1.3587711146195802,0.16760931441936364,1.6067215948342186,0.1506327986717223,1.9094646177021426,0.12245384322712194,1.1399687229708484,73,25,0.053793753975138615,7.341291118390493,3.4574598503829375,0.18841243082239867,0.0701285898685455,0.9631339694245316,0.8739417195320129,6.528285916814702,1.2938352227210999,6.4431262748163824,0.019123583845794195,2.318911748265184,0.0087519288063049,2.322511886894114,-0.4198935031890869,0.08515964199831962,73,44,17,87,0.8349545190474573,0.7119009505628786,0.1829331521040446,1.401406230237401,0.14781905710697169,1.532396412941007,0.11673006679004169,1.005338146501818,81,21,0.046660837838088394,6.861847639207338,3.656498020714534,4.993066292837502,0.0734769403934479,0.7025668048632483,0.438118577003479,8.176082993640145,1.171533226966858,7.928059662425213,0.014360029750969255,2.2338933143650417,0.01836279034614555,2.077039005427831,-0.7334146499633789,0.248023331214933,69,46,16,91,-1.0064582225637304,1.6554965475165304,0.17070129324739636,1.368052739934578
Other,0.20416329234572422,3.6606768167253363,0.4863540603034196,5.775593236240304,0.116200067102909,1.534225347526882,0.1120349474449176,1.316768734887805,72,15,0.0447774968917693,7.0431328109003815,2.7491253133002305,3.1631657906434425,0.0653703194111585,0.6499491571180624,0.5641746520996094,8.205535895871003,1.1729856133460999,8.078523810393001,0.006376404396723963,1.9355628344953901,-0.00461857765913005,1.3042755507665083,-0.6088109612464905,0.12701208547800164,85,34,12,75,-0.05254613145648014,1.853278182562453,0.16769327202842021,1.8156897655217838,0.09475862979888905,1.1629893633229402,0.08848745967727152,0.6807311469847435,78,24,0.033510896854028624,3.991545061195372,8.917656908144407,0.8085979041568061,0.0481345951557159,0.616868899850567,0.8739417195320129,4.6319125913605514,1.2938352227210999,4.3573183860544935,0.011701392196118824,1.7968630453867815,0.00873047113418575,1.7171574184259275,-0.4198935031890869,0.27459420530605777,67,41,14,93,1.0390383140825363,0.7355711847035229,0.14470055988013888,0.8734003991977065,0.12101420015096648,1.109746441673532,0.10336355477455068,0.9414714131863273,76,15,0.038590626547866554,5.6876992873109,4.0222337536796635,1.4123039442106338,0.054495275020599296,0.45479149131726715,0.438118577003479,6.151752778701621,1.171533226966858,5.767138021985483,0.014659783127717674,2.0431673563581323,0.00635448098182675,1.6112700194124088,-0.7334146499633789,0.38461475671613776,75,40,15,85,-0.6126738808096014,1.3709722184739623,0.1550953688381244,1.2301083046721617
Other,0.11557431776614133,2.3775735727979215,0.2752783530205486,3.7870175752461903,0.05452924966812127,1.5870092966982547,0.06372047165801628,1.1163430542332982,83,19,0.025184848578199453,3.991853984575812,9.835071935368223,-0.339845674653354,0.026380032300949048,0.5366875637082151,0.5641746520996094,4.487886950990394,1.1729856133460999,4.3896780348845885,-0.0027236404945142553,1.4865474244382195,-0.00125759467482565,0.8422528363539188,-0.6088109612464905,0.09820891610580533,81,41,11,79,0.3585395060996833,1.0176991548334209,0.12582552417801807,1.3349272412651962,0.04712461913004508,0.7300442347992135,0.047310191732249186,0.3888030107559162,78,24,0.008978490519045687,1.1984665838618518,3.6671504900191385,-0.5522506360975923,0.0250830305740237,0.3580872310794325,0.2333629131317138,2.170270894531266,0.5497045516967773,2.0367789497441455,0.007777833449654268,0.985352672602612,0.007576172240078401,0.971268136697484,-0.3163416385650635,0.13349194478712023,61,42,15,99,-0.6038668110883026,0.3141955974546214,0.07473937529915989,0.4770185472879872,0.048975899815559304,1.0634338371138794,0.060110330699535516,0.6840020335685856,69,21,0.016230004580664523,2.435662409214662,4.1800411955130405,-0.10593818005185929,0.024530678987503,0.5145437979727117,0.4218086302280426,3.4329041100457087,0.7327236235141754,3.3400072199274558,0.012534689507447174,1.3151174782053585,0.0065959990024566,1.0844956283417466,-0.3109149932861328,0.09289689011825296,68,38,15,92,0.46414048607627034,0.8618244949611709,0.1002469123883045,0.8403144814493204
Other,0.12796730002035167,2.271705812072496,0.3099727605469523,3.507359772998891,0.06835218705236903,0.3220391880388124,0.07055844187008914,0.7953450150451394,67,10,0.01842990007593232,2.8000504290047417,1.1828461883274697,10.248440212821063,0.0311147421598434,0.16747711903692789,0.2853264808654785,7.367814202473948,0.5486779510974884,7.330693426860096,0.01977276026736944,0.8874160570617561,0.0098248720169067,0.45074704778792263,-0.2633514702320099,0.037120775613852394,57,38,13,103,-0.1880785187255166,3.2790872365201067,0.10581923829733543,1.4186413114926928,0.048863151576369876,1.0383958305713814,0.06704457143554461,0.8057571438021612,82,19,0.02115735702698299,3.3007902967452827,6.106139604028392,2.8142601413350965,0.0257095210254192,0.5303401854666052,0.5724344253540039,4.929270127973824,1.0603241920471191,4.8495480286105,0.007250046916306005,1.431829438209922,0.00760512519627805,1.0993656440933437,-0.4878897666931152,0.0797220993633243,60,40,16,100,0.23840937717223057,1.7478974366838556,0.11512436791192486,1.1183267664778223,0.06398022174835195,0.9928962423046759,0.055209543188102506,0.6037679145901217,94,24,0.012489701416046535,1.936293008288851,7.947721978131542,-0.5274627123687905,0.026213437318801748,0.5154959152586973,0.3269462585449219,3.0178875750301373,0.8355547785758972,2.929221780488265,-0.004270550422370442,1.1881142777272127,0.0039397478103637,1.1206796992719372,-0.5086085200309753,0.0886657945418719,72,37,13,88,-1.1715656972584105,0.5538215708871894,0.08852573535699765,0.7243462372026205
Other,0.2385969389592948,3.6322251256143647,0.5687002618797121,5.591912199333981,0.20010679587721814,0.8960956323570927,0.11418324393569487,1.08606519372815,81,13,0.03103465443257563,4.86391760249346,-0.5673178258607865,10.517713640342347,0.09274187684059135,0.3521568414381985,0.361494779586792,9.462489862182057,0.6248462498188019,9.437992693463192,0.00993744181469083,1.3511823846960658,0.01751230657100675,0.8060279166586057,-0.2633514702320099,0.02449716871886547,75,35,16,85,0.048023346355537413,3.1333087429267685,0.139353065090899,1.7430501328936332,0.22073549032211293,2.0725615927229213,0.14878618784830905,1.591701417946176,92,15,0.07046912204066358,11.038378723731364,2.4488400364544614,1.7744606704399821,0.11113601922988886,0.7139143226065789,0.5724344253540039,9.63288855948157,1.3176313638687134,9.338406276182278,0.007497175899334241,2.6067047757559356,0.03137740492820735,1.921298323557156,-0.7451969385147095,0.2944822832992919,61,35,14,99,-1.0811630379649892,1.4773576515785325,0.210389261578679,2.0599681880511076,0.12871735170483584,1.3964632222916373,0.09049634480325035,0.7920659729322169,84,20,0.0242710417896248,3.7123424176100155,1.8182840859852591,1.8127019214761946,0.06824274361133564,0.5935034408539901,0.3382366001605987,5.101983319278298,0.8468451201915741,4.68962363093932,0.00151231983909383,1.6340250388819795,0.004025250673294,1.339887980514332,-0.5086085200309753,0.4123596883389772,76,34,17,84,-0.24103756504087698,1.3276940117515448,0.12354150987159432,1.0209331956189693
Other,0.20665475278352802,3.3160124207707393,0.49544575758278353,5.101565591983545,0.14319033920764918,0.8163426967536517,0.08358531545265573,0.8663001901736841,82,13,0.017159869325157045,2.674947496760909,0.6985732713824677,3.3537271698008926,0.06974806264042849,0.33640764974310344,0.361494779586792,5.723500095276213,0.6092849671840667,5.606425884637068,0.0007091174367815257,1.1449586868896724,0.00987711921334265,0.6823209755166889,-0.2477901875972747,0.11707421063914478,78,39,14,82,0.3194317485065308,1.869738501597509,0.10388389978553256,1.1679114273251998,0.19182462990283958,2.2546446381052894,0.13822545604780315,1.546264269485372,84,17,0.06264096530524849,9.75202107822533,3.435868922461496,1.1646072796080622,0.0963285863399505,0.9178437431846983,0.4388764500617981,8.557439751943749,1.1840733885765076,8.323202391864159,0.015609396621584884,2.4180891031771274,0.0309689044952392,1.710130792191598,-0.7451969385147095,0.23423736007958934,66,31,14,94,-1.406014663864444,1.3150011264515982,0.1978677534414467,1.9760734215411548,0.11849075555801382,1.5136853992503205,0.08604930886067445,0.7930240973719259,84,22,0.02133357500613875,3.246639753423431,0.8225189058691953,-0.6373179912301907,0.060455098748206954,0.6577763874932312,0.3382366001605987,3.814997741832638,0.6512672901153564,3.6110346161865294,0.0005252715200185735,1.5385178019167451,0.0095544606447219,1.3950767997402431,-0.3130306899547577,0.2039631256461083,75,31,15,85,0.31383348467574956,0.5995357629971353,0.11583205569143032,0.9378713806320657
Other,0.17531741353187028,2.61971391852328,0.41969101967290023,4.082110058326496,0.12135747075080863,0.8165954841189408,0.07276128715078808,0.7722024680784125,77,16,0.015760614589828425,2.3156900969731407,2.5439446566587485,6.560704226126171,0.059087196364998804,0.31813759987850804,0.4651625752449035,5.990986510017351,0.5949087440967559,5.95642985388147,0.023990106629207718,1.0452748044281308,0.02107293903827665,0.6413583322982623,-0.1297461688518524,0.03455665613588073,66,31,14,94,1.0971379658975187,2.3623055198074527,0.09660844346375771,1.1059343019369972,0.1492497026920318,2.069194773560051,0.10329321581870314,1.2051126760560336,76,18,0.03586394381088443,5.496028235365632,3.3891961203619108,0.18410235655318807,0.0693160891532897,0.541159181105682,0.398394227027893,5.749620034182398,0.9889296293258667,5.5552404759597405,0.02375571355223655,1.8191161515459608,0.01667740941047665,1.0728691233891827,-0.5905354022979736,0.19437955822265818,66,30,14,94,-0.8911393945727546,1.1551607785049218,0.14828370209617703,1.478798384686109,0.13838968425989145,1.1512727480119944,0.08245983926666664,0.8189197688642832,86,21,0.016852513741252875,2.6475594615393083,0.15728827163663306,3.150843310129262,0.06996502354741085,0.5535279895553681,0.336357831954956,5.370720710282827,0.5930760204792023,5.3180786812838265,0.005422696366440498,1.2177191023524052,0.01607933267951005,0.8395860351695894,-0.2567181885242462,0.05264202899900018,73,26,14,87,0.060603355490074375,1.6788653085556426,0.10280795041767053,1.0792217794806407
Other,0.12886206781063475,2.0075335440282807,0.3013301365822551,3.1094547795182836,0.07303236424922935,0.7041566623803386,0.062061677814926906,0.7940356794766238,70,14,0.01368427351437163,2.1589890514392547,4.7070812299048335,2.7991873503504747,0.03133817017078395,0.3240613964044641,0.4651625752449035,4.870340743544045,0.5996515154838561,4.811931623002771,0.004700520914047958,0.9942791868566917,-0.00193226337432855,0.5686442358073488,-0.1344889402389526,0.05840912054127444,83,26,14,77,1.6553141337324326,1.8435221917322522,0.0926511061526768,1.081849319463136,0.08109126985073084,1.5180662014309767,0.07324107129126783,1.1073683580237732,72,15,0.025225758706748484,3.8542386251175964,8.118719555968404,1.168984991188811,0.03748457133769995,0.3697609737808877,0.3669621646404266,5.7537801854042865,0.9574975669384003,5.694628769050336,0.021108238771557798,1.3879420756160818,0.0118031203746795,0.7127469830093565,-0.5905354022979736,0.0591514163539504,64,34,16,96,-1.472668288299795,1.4802043111983014,0.12416479796733812,1.3884723331244737,0.06082639098167407,0.5095010643985729,0.05295300324563864,0.5494753558118068,74,13,0.008423058240321276,1.3173427476443087,0.5183919482009984,9.710048923689763,0.030090183019638,0.1986350588393097,0.2257682383060455,4.887953703106449,0.4037640988826751,4.838311011876269,0.008907460188493126,0.7272335170455109,0.002291589975357,0.4245777117431321,-0.1779958605766296,0.049642691230179954,76,32,13,84,0.26217044499549286,3.0221432672365514,0.07223350363395392,0.8879606744276041
Other,0.04661246119165885,0.7064695216023101,0.11321551889181114,1.1228525631216446,0.028517872095107952,0.2519702872283512,0.028883392051793598,0.34462566866082667,97,12,0.003320781870457289,0.5170669198857333,2.3220284839392633,9.495526365133761,0.015006691217422449,0.11514070044347752,0.136835902929306,2.9733350845293454,0.2713248431682586,2.938754461068401,-0.005458693578839295,0.416851702355069,-0.0025761425495147003,0.21901080810477105,-0.1344889402389526,0.03458062346094417,88,35,21,72,-0.08563498164980224,3.093211949498983,0.04537132703236018,0.5859194297251237,0.02079734206199635,0.37661109045601404,0.024829076472669798,0.3500086115017059,73,14,0.002978901070514063,0.4537620574075273,6.545901360869394,3.507778703973229,0.0104533433914184,0.12713060658660738,0.1948034167289734,2.1922344903047914,0.3507466316223144,2.1778812667196212,0.002899675071239469,0.44268505539797204,0.00097191333770745,0.24931575559448838,-0.155943214893341,0.014353223585170058,74,39,17,86,0.5678787414318762,2.096508605988897,0.04318635998911526,0.5077322120319153,0.022300779819488425,0.18047815082613697,0.0172266164864413,0.19971716245534155,79,15,0.0010845428957488744,0.17023547608490627,3.367939350307366,9.334370726746297,0.01129201054573055,0.061215240604468445,0.0873856544494628,1.759796471770046,0.1796825230121611,1.7247716844480614,-0.0007550412788987125,0.2633158053686035,-0.00104993581771845,0.1406868798875958,-0.0922968685626983,0.0350247873219846,83,38,19,77,-0.11080722060657773,2.93107058709689,0.02610610613187574,0.3176480170377111
Other,0.05198315932715988,0.7981299507609814,0.12227001950144745,1.2777165226166278,0.0215275064110755,0.3749103740619702,0.0207307101646438,0.2798301335036198,54,16,0.0017808195600428672,0.24327525897756697,4.40246137606258,0.8866280717293815,0.0103134959936142,0.11680463179829559,0.136835902929306,1.4053040975820859,0.1683572530746459,1.3726625056779966,0.011832519061863417,0.34572502259248133,0.0042505413293838,0.19126629799179254,-0.0315213501453399,0.03264159190408926,63,42,17,97,2.0320441314192155,1.3966007859231688,0.03129094498276452,0.35178042545172294,0.02410219609737385,0.6005787190066193,0.03555299587547776,0.5555867897331297,99,14,0.0055822286229126085,0.8760012785467679,4.4660789541074815,2.585634291354589,0.01188823580741875,0.13748269024243567,0.1034868955612182,3.0462394350947966,0.3442898392677306,3.0366001028032605,-0.004318755865097046,0.5723718625933997,0.0006761252880096,0.21441343848864952,-0.2408029437065124,0.009639332291535924,77,38,18,83,-1.5514517422927077,1.841848191153954,0.059093710779435676,0.7405347591154181,0.02520142495632155,0.33890567630248525,0.02188750654575411,0.27000507340689534,67,16,0.0016891491593120235,0.2624723746814374,3.3902184764291095,2.93500394436541,0.01229953765869135,0.1308588893058793,0.0873856544494628,1.7120192943711459,0.2204701304435729,1.668394129328856,0.0037875284440815433,0.35961963743074676,0.00093203783035275,0.21852640032741083,-0.1330844759941101,0.04362516504228993,75,34,15,85,-0.5342825775253925,1.795163952656533,0.03237162905466946,0.3648918895448563
Other,0.05801066161245035,0.827671876793624,0.1345872876048086,1.2879778889931766,0.03132463991641993,0.2962094406109725,0.022876409301534263,0.18928322081144106,75,19,0.00159541298685285,0.16919522159822903,0.7718206839268955,5.342959328932256,0.015748307108879,0.10285162817984413,0.097973346710205,1.4323977753132808,0.1900591850280761,1.4009359757009259,0.008022020012140266,0.31952796599286526,0.0058704167604445995,0.22884719581322008,-0.0920858383178711,0.03146179961235496,62,49,16,98,0.2068614386653936,2.045553763303239,0.030637344117086622,0.25903108027163724,0.042249962687492225,0.6985219169438153,0.03586578025948252,0.5197314402169558,79,15,0.005035944331710751,0.7847877024006553,5.976857400160386,2.272562696232738,0.0204554796218872,0.16108677472759086,0.1034868955612182,2.8262270060852024,0.3442898392677306,2.7946650924946863,0.0023463901132345193,0.5717523969497963,0.0020976662635802997,0.24384546598976756,-0.2408029437065124,0.03156191359051617,73,41,16,87,-1.699796627397307,1.734506578669813,0.056229177597926006,0.6766734064397816,0.0355268567800521,0.4939350549065245,0.02474238842260088,0.28407777509738763,75,19,0.0018099919589611663,0.2749177740932189,1.9219838003667995,0.5938576398795252,0.0175876766443252,0.19125606335498638,0.0733736455440521,1.4966123001618836,0.2064581215381622,1.470200854057099,-0.00019254870712756867,0.3966975260505146,-0.00162370502948755,0.26744270909231305,-0.1330844759941101,0.026411446104784658,85,35,15,75,-0.5545450631072499,1.0838383324517207,0.03373903398789509,0.34285397317024074
Other,0.03423702407898392,0.48587059244002906,0.08175724878907181,0.7843606934984193,0.027492567896842825,0.18881734085179236,0.020517495358362753,0.14526851845534378,74,17,0.0012547603970169846,0.12770630133839686,1.0853662224605367,3.363679553515519,0.013220101594924802,0.09023433719963714,0.0923817157745361,0.9814879943397531,0.1844675540924072,0.9255875420074466,0.0037912588566541604,0.28995390644151536,0.0010335743427276,0.2349660257994789,-0.0920858383178711,0.0559004523323064,75,49,15,85,0.1911386718702251,1.8523554134020348,0.027833315260807567,0.20888521603431354,0.02195257693529125,0.20300523608140794,0.014555850187316494,0.1478579439445948,81,17,0.0006568433015293328,0.09100972983903054,1.4648380141102306,1.0006432116008197,0.01091973483562465,0.10932179312828737,0.0692692101001739,0.8230615675479239,0.11751011013984669,0.8057334207789962,0.0016493551433086318,0.2303144188916385,0.0018837600946426001,0.19190833191437395,-0.0482409000396728,0.017328146768927702,66,41,16,94,0.37639548277007623,1.3205132227533463,0.020257628514302236,0.19484608872039846,0.022045038640498997,0.2393674260619001,0.015768721658969254,0.1506073569697797,73,20,0.0007374777226482273,0.10525596113240532,1.1434421863418498,0.6030217618549036,0.0114131718873977,0.11831456489041994,0.0705897808074951,0.8271127681372256,0.1357149481773376,0.7880138768597076,-0.0010336269624531178,0.2640923681652656,-0.00225991010665885,0.22544569618010935,-0.0651251673698425,0.03909889127751796,94,35,18,66,0.32110977354471415,1.043080515422663,0.021511563471217836,0.1884441089800026
Other,0.021338595687893168,0.28842619572010925,0.05129010915756204,0.46741696987407366,0.018806636333465424,0.1480302660268827,0.0119168536784127,0.11278801148820133,81,19,0.0004034050676577631,0.053707716634791965,0.3119764109485703,4.728757363259644,0.0098708271980285,0.06459199139860491,0.0444375872611999,0.8256963020409713,0.0821433067321776,0.8153397310074849,0.004298105463385571,0.1727426275413702,0.0045514106750488,0.1112605430528399,-0.0377057194709777,0.01035657103348647,61,46,14,99,0.1239917451136972,1.956182177243977,0.01533375301733716,0.15449175144613841,0.015253804624080599,0.12223345072993995,0.009369309798348649,0.09847276343832259,89,16,0.0002324868142860378,0.0356951729026877,0.9872287158294601,1.1447330148069952,0.00797760486602775,0.042424901712138814,0.0219832062721252,0.5130041684382046,0.06288152933120719,0.4880515588343894,-0.0004285672679543545,0.1409745590737932,0.00102522969245905,0.08765778412993763,-0.040898323059082,0.024952609603815214,74,38,15,86,-0.7605325298255787,1.4677627832390512,0.012084423740199244,0.12578293444119235,0.018409609794616623,0.18783215539579268,0.010089053271803965,0.11222004786838255,69,19,0.000268720489877808,0.04141738403382813,0.2738541758653832,0.6209005102132212,0.00834357738494875,0.05393960292455122,0.0388035774230957,0.5815414892376708,0.0665270388126373,0.5756622990536888,-0.0010262737050652404,0.15369978325891032,-0.00225991010665885,0.08944018721864919,-0.0277234613895416,0.0058791901839820105,98,31,16,62,0.584611433608217,1.1490671941512873,0.012959426513280931,0.13339325567656002
Other,0.05806153620789524,1.0425971126030615,0.14198549651540793,1.625226201108354,0.029164329171180628,0.23247798004337072,0.025358245079405584,0.2753675472585874,64,14,0.0022386653131973686,0.29076479109237835,1.0074765486456405,2.0200628709135424,0.01441082358360285,0.12374086067930298,0.1373330056667328,1.6251959791092503,0.1916100084781646,1.5923512704996456,0.014371914294315485,0.39292685212621664,0.008275020867586101,0.2642008600556778,-0.0542770028114318,0.0328447086096046,47,45,16,113,0.8370461969861822,1.6506366247229531,0.03464267046027305,0.3692875302126524,0.027084857225417952,0.4262284501413693,0.03232436977326866,0.36106884044228366,64,19,0.0040352871630632905,0.5892540298728322,2.292475139387653,0.5468860063383647,0.0131824165582656,0.21587857084290069,0.1620994210243225,1.895533256419505,0.3399974107742309,1.8539350662658651,0.005215002968907352,0.6132616883580543,0.00214877724647515,0.47409682249049645,-0.1778979897499084,0.041598190153639907,74,39,10,86,0.08059540820654253,1.1822295071812428,0.05010538048110272,0.46169701262306323,0.025778271257877225,0.4931130532721882,0.030817642814945406,0.34549570509683286,104,19,0.004235200487390001,0.6242599726744855,4.100946427538651,3.5478385960490977,0.012853339314460699,0.24747090520970924,0.1025682091712951,2.350065906992111,0.3256525397300719,2.3070327365990226,-0.010451199742965395,0.6190376606240833,-0.00430712103843685,0.5017373450950312,-0.2230843305587768,0.0430331703930884,98,35,11,62,-1.5202947829614262,1.8194053110758237,0.05053447895568088,0.4909708213362051
Other,0.07560974545193964,1.2104875899940573,0.1827424334827808,1.8783978708307552,0.03725516237318505,0.27726182619080864,0.02942359877575652,0.3163184515844545,72,14,0.002785952393810143,0.37617657850112474,0.755296254672357,2.354048756012179,0.019697234034538248,0.12290970212309282,0.1373330056667328,1.7409151807328218,0.24076496064662928,1.7232830607641372,0.014363445219350965,0.42812621782373805,0.008180938661098449,0.2646020067992281,-0.1034319549798965,0.017632119968684617,50,42,16,110,0.14248064954840267,1.8481028168887106,0.03930095698819838,0.4391862020977731,0.057843834161758326,0.6403933059413396,0.03944377353182059,0.3960802669579564,75,21,0.00477923836053819,0.6879410353159678,1.0609756221105169,1.1505941592610585,0.02896475791931145,0.2642814596037324,0.1620994210243225,2.1503332328716174,0.3399974107742309,2.094842434861756,0.007943337224423877,0.665341407617105,0.0049529075622558,0.48676627565893377,-0.1778979897499084,0.05549079800986158,65,38,13,95,-0.0312266427936827,1.2305703263913406,0.054243127208745086,0.49523918123070304,0.05823403596878045,0.4980209642521166,0.044152214495988995,0.37495290477192966,95,17,0.00616903948457459,0.9068168414162703,1.1117489007604018,6.822195768952337,0.030671700835227897,0.20536732359731513,0.1339552700519561,3.2330529704977806,0.3570396006107329,3.121352829776804,-0.01172097425442189,0.784930245389912,-0.0050934702157974,0.6369467156608194,-0.2230843305587768,0.1117001407209765,84,38,18,76,-0.8984928091877653,2.1959665336987766,0.061169058979923474,0.5391672757951865
Other,0.0497392161832194,0.8835461651181217,0.1190122489724306,1.3717033042438778,0.0254657641053199,0.32624599972783663,0.019412090533878625,0.222259761838655,69,16,0.001403277028553845,0.20362300337555883,3.3573860822606383,4.0068706808110806,0.012097500264644501,0.1151730467397434,0.1060493066906929,1.532528208362891,0.2094812616705894,1.5287646678862599,0.006781941093504419,0.33307757005898003,0.004480443894863051,0.2270483605479247,-0.1034319549798965,0.0037635404766312355,60,38,15,100,-0.032104744567998174,1.8964994824552683,0.02891850910586595,0.30443773698272697,0.02983391284942618,0.3087314704518466,0.023157915268093306,0.18947961938086663,86,23,0.0016890117259917012,0.22224956891564107,2.5733587330935723,1.6199327150091767,0.015010684728622449,0.14807452147931893,0.1094608306884765,1.2676215946067622,0.2532125115394591,1.2178604147139482,0.0031451113522052666,0.40459116955206215,0.0042512118816375,0.34769500821028676,-0.1437516808509826,0.049761179892814,65,42,17,95,-0.38988883154478676,1.161657198044867,0.03243944494367356,0.24198254985873582,0.03606111556291565,0.4665463970507896,0.031390067296233566,0.27206308035852966,91,23,0.0035699451368008863,0.5208985826204294,3.268077178991061,0.1930844067135573,0.01836761087179175,0.233118377342466,0.1752482652664184,1.5804931354021576,0.3626258373260497,1.5448046209929502,-0.0034243945905473097,0.6340345646328355,0.0010449960827827,0.5914042661963935,-0.1873775720596313,0.03568851440920729,76,41,17,84,-0.6330500164580392,0.589722074007239,0.04725937244572294,0.3448169854738599
Other,0.08071099162582751,1.4245516794155628,0.19224853557534494,2.244849394631606,0.04307800531387315,0.2698876213431135,0.028660643659532026,0.26249012048042525,80,15,0.002466072465740842,0.3744797451161975,1.1716681758381835,6.701863600252549,0.02168437093496315,0.13875124434421854,0.1060493066906929,2.158740190824649,0.2287350371479988,2.0823837649379073,0.004245721455663433,0.4717300082515798,0.00396355241537085,0.3227090275093013,-0.1226857304573059,0.0763564258867414,71,33,17,89,-0.25120966048705134,2.380371531691894,0.03915162128786139,0.38980834320363394,0.053621858358383054,0.8871887274395587,0.04714052489027377,0.5220109772306575,92,21,0.008786709433856033,1.305987849185972,5.818979645152133,0.04528888334127368,0.0286786556243896,0.43061523086177816,0.2114298343658447,2.733833912444962,0.5805543661117553,2.6517419024983178,-0.002224003151059156,0.9408800893614524,0.00429543852806085,0.7876720533956929,-0.3691245317459106,0.08209200994664433,72,42,15,88,-1.1537772072459596,0.8336823911606297,0.07430514820796671,0.6486389647786797,0.047481402754783526,0.7058535243113968,0.04495371180637445,0.4571570812955146,93,18,0.006979259599696399,1.0417811910504395,1.873118683949805,2.0619800677179327,0.0240340083837509,0.272914639995516,0.1752482652664184,2.765911851829705,0.4007531404495238,2.614025462182129,-0.004049179813591762,0.8322392970185736,0.0012713149189949,0.624352556868639,-0.2255048751831054,0.1518863896475761,74,38,15,86,-0.8158537449676696,1.477983904232509,0.06612845431876228,0.590896728327776
Other,0.07626069694940377,1.3620513850639364,0.18208834670484045,2.148388583252342,0.046657484024762996,0.4103254163677673,0.029648878552252383,0.3002382839979522,79,16,0.002633086165172942,0.3916474144583529,1.0737646573729913,2.1033062265226308,0.022101402282714802,0.12395517866208372,0.1026766300201416,1.8735103411974354,0.2253623604774475,1.812970559217307,0.007446649391204108,0.49468797558908034,0.0073527991771697495,0.32671712702881117,-0.1226857304573059,0.06053978198012827,67,36,15,93,-0.33740053712039436,1.535787403720914,0.040002846012935876,0.3833160853211489,0.04837647825479495,0.8341646324370597,0.04434872844722118,0.5131088043881755,79,17,0.008534234653250306,1.2856042343239589,6.7893067599990236,0.13502374990562638,0.024967685341835,0.27648960048303306,0.2114298343658447,2.590590329361813,0.5805543661117553,2.4769917474040555,0.00453518144786357,0.934253230671835,0.004381030797958299,0.7004654422006795,-0.3691245317459106,0.11359858195775767,65,37,15,95,-1.3921935687822091,1.078553723951365,0.07312144657829216,0.6424757857718825,0.0356700038537382,0.6078325529025395,0.038882940026815006,0.4385463561236662,83,17,0.0059207769434832525,0.8849538494978312,2.6729622237391393,2.781409207201185,0.016471885144710548,0.2847288958503911,0.1633526086807251,2.7094266509901668,0.3888574838638305,2.678742682381626,-0.002055988879874341,0.7194473769914269,-0.00054532289505,0.5948078862469308,-0.2255048751831054,0.03068396860854063,81,38,13,79,-0.9890221299681431,1.7054349079229563,0.06098774801715621,0.6060934921594084
Other,0.04401430568136612,0.623024830676174,0.10722761347889877,0.9816601484198912,0.02809515595436085,0.3050927923846165,0.02263517173007127,0.25568982375267646,66,17,0.002001411149923694,0.30018621018345565,7.215898898671973,1.5119863069227053,0.013541042804717901,0.15798927056529774,0.185332715511322,1.5691007685796436,0.2427140474319457,1.5487484305806054,0.0072422675788402485,0.42456525621592356,0.00275865197181695,0.34365589217858517,-0.0573813319206237,0.020352337999038256,66,36,14,94,1.937767601156685,1.4279166243266903,0.03472706198676679,0.34630990947092866,0.03404358774423585,0.13021453947431028,0.023307904915418447,0.24383407999596718,75,11,0.001784108585468319,0.25469140006892776,1.325981376957074,16.055160233997608,0.01700459420680995,0.03891182940346428,0.0923118591308593,2.579059130295807,0.1944456696510314,2.5470341243993917,0.010227092169225195,0.2806805799127382,0.00853060185909265,0.1342939979666788,-0.1021338105201721,0.032025005896415146,53,32,15,107,-0.5503464846188817,3.749316586852196,0.03188776625777608,0.4194160370429065,0.028229898773133748,0.24360777642003567,0.019824669192312246,0.2192253963586402,78,16,0.001137342185663698,0.1766384846966668,0.6524626698174534,5.017267022869595,0.01339205726981166,0.0928121166994432,0.081597089767456,1.4277207221554455,0.13729125261306752,1.421653970325602,0.0005279093515127931,0.27641431229122954,0.00018447637557979005,0.15531380754224167,-0.0556941628456115,0.006066751829843715,79,38,15,81,0.46229127314357027,2.2641805687783227,0.026740028229079546,0.31659692458587374
Other,0.19848144058095302,4.4915870204654516,0.46732713980600216,7.164031630277907,0.08864416182041163,1.6598161150213238,0.09901197852799667,1.546103640025372,54,14,0.05030607005096332,7.50754671815484,7.814406711643596,0.05914904298633061,0.04094381257891645,0.7022068142176934,0.9272197484970092,6.46759677908903,1.400993973016739,6.403335211294581,0.042816750053316345,1.9230487673663972,0.01147894188761705,1.1812003058800973,-0.4737742245197296,0.06426156779444935,57,32,14,103,1.742209368272044,1.235788456698292,0.1726100624444608,1.9517761542977767,0.08231408149003973,3.3059726824349482,0.1159174775064457,1.9114419134441731,103,15,0.09340288146694223,14.026885315538447,13.84425108993425,-0.29286657243414593,0.0425994843244552,1.172934110368007,1.2939491271972656,8.718386694098527,2.5674294233322144,8.668513567851118,-0.008635112550109642,2.9396297657145567,0.01068772375583645,2.1816359772280283,-1.2734802961349487,0.04987312624740954,63,32,11,97,-0.8043931576080919,0.959262192893339,0.24221667258069007,2.3206598535898,0.06683330237865437,1.2165586071264731,0.08432421857913136,0.9930556171348834,91,20,0.04687837572223131,7.293339088267976,9.63856328251715,2.3801734703017168,0.0350877530872821,0.6944981667736259,0.845548689365387,7.081134660356707,1.5538660883903503,6.7094463960828366,-0.004784771509002894,2.3013530971969534,0.00338474288582795,2.0847274154091586,-0.7083173990249634,0.37168826427387036,76,35,10,84,-0.7656110263994691,1.5711561484756804,0.17163978893356413,1.4131924887608078
Other,0.3930722916800044,7.118994658790559,0.9282208076305687,11.326096223501091,0.1615574583411216,3.321825047931332,0.16697084709070623,2.0335374904363337,69,18,0.10614728605824941,15.09992560001213,1.5875586337692553,0.3913409838572868,0.0819305721670389,1.0159577549216134,0.9272197484970092,10.160987082281745,1.5591406226158142,10.101601790566539,0.06313559487462042,3.0229602589462337,0.0507122483104467,1.9716737054130262,-0.6319208741188049,0.05938529171520611,50,36,15,110,0.37804914483025476,1.1203023056754862,0.2504957609126424,2.441646344752624,0.24052105844020835,3.3160394994765894,0.201036312165088,2.309108813185426,93,17,0.1533796978060055,22.526699971864335,4.628357280263119,2.1994775346582935,0.13249239698052395,1.333274249743372,1.2939491271972656,14.671779876543091,2.5674294233322144,14.419478312621488,-0.019470891496166595,3.6931828963991595,0.0190125405788421,2.652187990295494,-1.2734802961349487,0.2523015639216029,73,42,13,87,-0.3966827689174601,1.511563432254876,0.3099737388155949,2.981123960121257,0.22453181445598597,3.8663440708168033,0.20714053879491984,2.1839916761677656,96,19,0.2004527764774964,28.573336403352474,20.736790111740014,-0.14418428602188893,0.1124936044216156,1.8557804615245055,0.9317943453788756,11.552277785076152,3.667012631893158,10.730211202797204,-0.020403226895723492,4.609953068155699,0.0040783584117889,4.001311854219202,-2.7352182865142822,0.8220665822789487,78,38,17,82,-2.646591478765091,0.872429509267072,0.35447428503045314,2.7058582950247647
Other,0.37368441900438965,6.807341748100229,0.8940194528922438,10.704661269525701,0.19861526414751995,2.786787805238589,0.1661838115827413,1.8773231939608206,71,19,0.09410308101360645,13.636210630252036,1.4760679147154825,1.1816364660024608,0.09162388741970054,1.2495436372462188,0.822883129119873,10.419287827575868,1.454804003238678,10.336154201588885,0.03595806010998785,2.755767929653045,0.01950575411319725,2.1342019649705,-0.6319208741188049,0.08313362598698323,70,40,13,90,0.5920197367843897,1.3294111835621774,0.24058930489909447,2.4580385977742094,0.22783141955733288,2.41678371521353,0.1726210606691893,1.4721352996321528,85,19,0.09656829237713856,13.670083678707583,1.9669410868646224,1.9705845626810436,0.11436930298805235,1.1262355090199208,0.8702662587165833,10.144808405181749,1.6510215401649475,9.619215642300283,0.018896608892828223,3.1786277333576614,0.03000120818614955,2.795144967414141,-0.7807552814483643,0.5255927628814655,70,42,17,90,-0.1294617249648352,1.210135478351244,0.24571415802646512,1.888493953243464,0.27280533313751215,3.0114699228826582,0.2173460936179617,1.8560219510717118,78,26,0.19961649972036102,28.127410262061204,21.049285705926184,-0.20024375034955533,0.1372991800308227,1.241694624033996,0.9317943453788756,10.476931949637278,3.667012631893158,9.902542945974895,-0.003240532218478612,4.770265606514995,-0.0144422650337219,4.880190619641509,-2.7352182865142822,0.5743890036623828,85,39,16,75,-2.532805666038256,0.44356207829322786,0.3543083421035876,2.317752425381394
Other,0.32809268962231214,5.596666671775952,0.7809795544855296,8.840222406613151,0.1738868337124585,1.8372587873861859,0.12427061783178936,1.346570227280936,78,19,0.05082692917356459,7.600838960040107,3.802269590906234,0.877932266548112,0.08606916666030874,0.7752503274076761,0.822883129119873,7.448891089792434,1.2800546288490295,7.024887259254629,0.016900873661506922,2.160328155132482,0.01395103335380545,1.4613659165416917,-0.4571714997291565,0.42400383053780477,74,37,14,86,1.3655533761477665,1.3137464097171505,0.17798647734078504,1.7128401040908618,0.2088723182678222,2.4527954826977254,0.17869034319301136,1.6218757435019169,74,19,0.10636672994056756,15.370086080639641,1.7537205576129855,2.7355510741373594,0.1054552234709262,1.1842192421846356,0.8422530889511108,10.890095551184658,1.6417916417121887,10.462858806265203,0.04046593210659921,3.230959470764595,0.029763370752334546,2.7492852231689664,-0.7995385527610779,0.4272367449194554,70,41,15,90,0.16989909323464705,1.5628176040833521,0.2554398639153266,2.2205825764686637,0.2284751832485198,2.633058093455328,0.18380521065555513,1.684898169642831,72,21,0.11014235593877472,16.369503122948455,1.7219952376865315,0.17934591646258768,0.11860536783933635,1.1691173379670707,0.7239125370979309,9.439983414251342,1.6214417219161987,9.272862435689003,0.0072680329903960315,3.4489347807160726,-0.015312418341636649,2.94211836730534,-0.8975291848182678,0.16712097856233926,86,38,20,74,-0.22183588983169877,0.8668601265898437,0.2630945940953528,2.115266413791755
Other,0.29641150231333435,5.006454809177222,0.7080974585749207,7.91134086466278,0.16315917670726768,1.7590156111762,0.11251659690169613,1.1917781745612679,80,17,0.03657893631926733,5.640228080180828,2.7285580951105404,1.419784626107874,0.08473449945449825,0.7079113548014258,0.4309468269348144,6.679528237160839,1.1183857321739197,6.566168428909241,0.012900734238792214,1.8165478451272787,0.01019556447863575,1.2763972565435018,-0.6874389052391052,0.1133598082515984,75,33,15,85,-0.5425020374429581,1.449843846281233,0.15112294551048713,1.5298307117273688,0.21091781556606276,2.0740634403542995,0.15938553524436427,1.4944569664400174,79,19,0.0870198019253643,12.592870343802861,2.755847572175904,2.1772391154476285,0.10841727256774905,0.9786498163230934,0.8422530889511108,9.994239165723071,1.6417916417121887,9.571706809552337,0.03060522172600031,2.9122567474031946,0.0252172350883483,2.443967378515116,-0.7995385527610779,0.42253235617073454,71,44,15,89,0.06278484367299145,1.5227652548165758,0.2319199528062221,2.02771570517354,0.21703706681728352,2.663076405826856,0.16893777602817858,1.6488491568554189,80,21,0.09364690508673253,14.461115893779333,2.358219860305409,0.6489731773277905,0.11293471604585639,1.3053506602184686,0.5872343182563782,9.744356679240681,1.484763503074646,9.423968374004001,-0.0015747714089229703,3.182536272132305,0.00019097328186034983,2.7111705544210665,-0.8975291848182678,0.32038830523668027,80,37,19,80,-0.7659501678150888,1.0141423032478407,0.2426827745864414,2.081484751407404
Other,0.23516094281136324,4.390857646586599,0.5738248133286832,6.95962021378813,0.12403300963342184,1.220401375296107,0.10423927037743849,1.1896318864118052,58,16,0.042551839830776504,6.548580869264736,7.035116149708399,4.6144863771369895,0.04336960054934025,0.5633265567792773,0.7994902729988098,8.963589998038385,1.486929178237915,8.86385927954739,0.023426006827503454,1.8332161010360162,-0.01596868038177485,1.239244495021703,-0.6874389052391052,0.09973071849099634,93,38,13,67,0.9628755843471518,2.185329405968858,0.161894824460271,1.7854690129394692,0.17818763852119432,1.254827754613601,0.12764234076254066,1.1456562951549634,76,17,0.06407223106216792,9.535518251528933,7.578262297144413,0.5225780198391718,0.07701092958450309,0.7793108175113719,0.6079877018928528,6.878035502300395,1.5755343437194824,6.390138493581428,0.026164792291820043,2.702682753030154,0.014525592327117899,2.302585458057232,-0.9675466418266296,0.48789700871896735,70,42,18,90,-1.6311401362773652,1.0823897223196033,0.19901783506736015,1.4936613364488898,0.18291048705577845,2.273314420053263,0.13169787734193955,1.5419695562328508,77,18,0.06147835718776893,9.670210226869088,3.554311415990167,-0.2067340838002294,0.07491506636142725,1.285783105716487,0.5013641119003296,7.184756634824882,1.2232012152671814,7.080309521285493,0.007127781934104856,2.423721359721961,0.0008756518363952501,2.269243879920693,-0.7218371033668518,0.10444711353938867,80,36,12,80,-1.1548146174458154,0.9312102476346361,0.19650574710703378,1.9482774436143888
Other,0.2823120813339258,4.9746323150629514,0.6658725335821507,7.8364923258292585,0.11969270184636102,1.4503202136613051,0.09031575735425575,1.127157559097295,60,17,0.03227732624065678,4.809992513976768,9.711155501280029,1.4729668875633593,0.048047512769699055,0.593739654931682,0.7994902729988098,6.5067844277624305,1.0112134516239166,6.327197285993888,0.028877941099926835,1.6595167489163307,-0.008475974202156001,1.0028049213549517,-0.2117231786251068,0.17958714176854204,88,42,12,72,2.5622784340053397,1.4186608131478275,0.13950277711710904,1.433874706535735,0.2316358983516692,2.2275654126019453,0.17579922471195458,1.6111990908549212,75,19,0.1051263842723683,15.4618502179982,3.019233186754084,4.54411186466475,0.1248986721038818,1.1627724970618374,0.764564573764801,12.404422196787058,1.7321112155914307,12.054845722508611,0.030630365014076226,3.229332156959479,0.0122427195310592,2.723481377421572,-0.9675466418266296,0.3495764742784468,72,39,13,88,-0.7008129261836096,1.8326388300773673,0.2552902324842182,2.2434937124996885,0.18365804105997077,2.6585116725425584,0.15497671657038148,1.819763404010062,77,18,0.09371232785606252,14.721012669835405,3.9676979833882005,3.7257978772608817,0.08222207613289345,1.1307518047139422,0.6052612066268921,12.596914944536048,1.6663302183151245,12.265256150538297,-0.00029154114890844046,2.9476434199534496,-0.0053743962198495,2.29669667772985,-1.0610690116882324,0.3316587939977503,83,37,15,77,-1.0846989580084707,1.8188163837062052,0.24277249730528916,2.4560966875594565
Other,0.22533129990879103,4.040398298910354,0.5273747727740553,6.279625764184389,0.088864599354565,0.8424339346486935,0.06431385982963544,0.5027659767124626,83,20,0.014499583100813224,1.9809997894818046,7.192580404003465,0.4153820966369688,0.046126015484333004,0.38543890868795283,0.5622667670249939,3.238666211813361,0.7739899456501007,3.039823149842225,0.023805950005771584,1.2589104997994918,0.0265286713838577,1.1299923868726731,-0.2117231786251068,0.1988430619711359,62,38,15,98,1.3371358865867629,0.7524758875814823,0.09246051644738255,0.629399827594827,0.18853978067636482,1.4164529879654641,0.13937714748317373,1.147766813350181,74,19,0.06443866732049817,9.080589447516052,3.033420279867718,3.9422929825607085,0.09125107526779175,0.7672519792627528,0.764564573764801,9.017687751787271,1.5320478081703186,8.773518362189742,0.03238137392327188,2.480004587251497,0.0151908844709396,2.1488352020910186,-0.7674832344055176,0.24416938959752876,70,40,14,90,0.19649381926369272,1.8654384551030407,0.19867640944786813,1.7117729682196712,0.13340499252080906,1.7344611820844476,0.1216495782823767,1.4761336166984913,81,17,0.06512426385270123,10.137484722583594,7.662833882977667,1.7385277261105996,0.0666635781526565,0.8233455834551158,0.6052612066268921,9.388130612134974,1.6663302183151245,9.26522247225166,0.006152579654008146,2.5407106771333994,0.007769763469696,1.8369119127058378,-1.0610690116882324,0.12290813988331463,74,40,15,86,-1.148507492189246,1.3531104078353657,0.20228831947933978,1.918925214197764
Other,0.09042954061429083,1.4063418607973959,0.21947813768871105,2.238326979940205,0.07466621883213505,0.515810717966822,0.041746688554630915,0.3626400803568635,73,17,0.004001710791865518,0.571229615931393,-0.09494204073600532,0.30183860657771655,0.036251273006200804,0.17803480721443604,0.1587405204772949,1.84358295867205,0.2973024994134902,1.779208053158461,0.003540437092306095,0.609840301287299,-0.00341478735208505,0.42838696331733495,-0.1385619789361953,0.06437490551358897,83,42,16,77,0.12211202696415668,1.1475152337264534,0.05004183960251558,0.4464576383680867,0.06563793867826448,0.7799988719620223,0.05132786802249025,0.5529847755725696,71,18,0.008695734715794408,1.2767367869969606,1.4823325333388695,0.9329049766390312,0.033496379852294894,0.34118370579927576,0.2719967365264892,2.9401071702229653,0.46302300691604603,2.842534327946967,0.015811018086969837,0.8728602447426962,0.0109019502997398,0.6083026564911714,-0.1910262703895568,0.09757284227599827,62,38,17,98,0.3748685748076198,1.3063468140024406,0.07223195275059051,0.717531727622327,0.061987802386283805,0.5048719974967433,0.04403466618503441,0.4164187412084665,61,17,0.006246516478542004,0.9156105205088118,1.8072452960841332,5.267332647630228,0.0302624404430389,0.2660647258047041,0.2579934000968933,3.2490487701134976,0.3920364081859588,3.162688262275474,0.01318539204075932,0.7556264339102096,0.004293024539947451,0.5984775868917043,-0.1340430080890655,0.08636050783802368,70,38,17,90,0.8558570549415873,2.074295309225445,0.06126727289401265,0.5870598034995682
Other,0.18514594238034748,3.1969444230701196,0.4444596302229909,4.944152318232691,0.10611010529100882,0.7879580575910214,0.059628273133857844,0.6018864189433359,74,18,0.008814397922722777,1.219863938167447,-0.11289777446161242,1.1132350535540017,0.0462192222476005,0.2046397607852051,0.2191241681575775,3.0046621269155707,0.3868027925491333,2.9101980617062226,0.018786595674464477,0.795448375457923,0.00363810360431665,0.4167163304883913,-0.1676786243915558,0.0944640652093479,78,42,17,82,0.3557873657298529,1.4441923033498865,0.0720311779083113,0.7662413589390734,0.10830744355916969,1.4747354744084789,0.11974095770856363,1.4457708008568628,85,14,0.05678068674301818,8.830642998580434,2.5477742284770217,3.7244490699460977,0.0593345686793327,0.6682981148459006,0.5692690014839172,9.714297710347559,1.2678914666175842,9.475854668419597,0.008433974720537652,2.0949718091985123,0.01050169020891185,1.429905229361788,-0.698622465133667,0.23844304192796154,68,35,13,92,-0.39339558764630445,2.063617073657421,0.18878438610630457,2.1075426726982167,0.08473064750432957,1.6805029053871579,0.09800484932202376,1.3202543727943623,85,21,0.04524819789020246,7.110422116208948,6.400958267700432,1.0305778764908675,0.0440793931484222,0.8001731647021073,0.5696509480476379,6.884892830476874,1.40654456615448,6.798027044073287,-0.007675178674980998,2.0537321335762546,-0.0015704631805419501,1.5728703054273034,-0.836893618106842,0.08686578640358734,84,33,14,76,-1.0223035698875922,1.2771737379527035,0.16851915984212446,1.7007664271513812
Other,0.20468356498798448,3.404739176809901,0.4895921797025947,5.302583007849355,0.1120781004428863,0.5611816232370002,0.06059133484326591,0.5107911132187539,71,18,0.010654572509639056,1.4212819360433004,-0.10007859212666093,1.4911119255208831,0.056692577898502294,0.2878918733152124,0.23653644323349,3.0093597896254884,0.4042150676250458,2.723109570797903,0.030149004521081206,0.978753433774875,0.02389483153820035,0.743409891714301,-0.1676786243915558,0.2862502188275855,55,31,13,105,0.2866973232535101,1.4720207742336608,0.07606779726693653,0.6806788170034324,0.21229332685470573,1.8263852661319437,0.14194064076291396,1.6202517131274243,82,15,0.06213947196011734,9.604751228093301,1.7906552298724137,2.3406432558521946,0.1061732172966003,0.6983063361639266,0.5692690014839172,9.87741648459239,1.2678914666175842,9.732779910300156,0.015558778773993249,2.239896135828784,0.02562583982944485,1.338449621659819,-0.698622465133667,0.14463657429223367,72,38,15,88,-0.40789238059768396,1.6887628668038295,0.19707316108685388,2.1418722017880945,0.10239788889884943,1.6787441682607924,0.09929597221780564,1.2685315699951878,90,17,0.04425006016221352,6.945303845614027,6.808083149578323,0.3415433556758556,0.050609230995178195,0.6937398548664152,0.5696509480476379,6.2935218415240435,1.40654456615448,5.969460060173527,-0.005536068417131909,2.0839334382456958,0.00379660725593565,1.3970116998652933,-0.836893618106842,0.3240617813505159,75,32,15,85,-1.1335294753675536,1.1690381696117287,0.16673147785748998,1.613234412779339
Other,0.16516925792262033,3.0310415974489966,0.39170863881707174,4.554766234213213,0.13683502376079548,1.0196597429770384,0.07889778346871024,0.8485846789583975,70,14,0.018519475544733575,2.5391209169699205,0.18744839357261434,1.2032534395903287,0.06565697491168959,0.36965414432787125,0.2710416316986084,4.4921424574449595,0.5128630697727203,4.423579965620135,0.038125206390395745,1.1463176926490763,0.02505604922771445,0.73070842100178,-0.2418214380741119,0.06856249182482443,53,29,15,107,-0.08296349725350963,1.4906180920894818,0.10091974944017341,1.1068318140032016,0.15440751612186426,1.5540429929337212,0.11177202247316013,0.9922966461528209,81,24,0.061411011198965984,7.513044313294764,34.51785205699269,-0.5450039276067842,0.07872062921524045,0.8488964784446271,1.7123334407806396,5.382698689556925,2.274620771408081,4.934296285818438,0.008629688434302805,2.474072195759507,0.0089764595031738,2.261983681354143,-0.5622873306274414,0.4484024037384869,74,34,15,86,3.6974854109747572,0.4490756546781177,0.19633730564209667,1.1798351933488396,0.06375698745250695,0.6345233967106174,0.05076142073085062,0.49132159090572713,77,17,0.009155980156336287,1.2909731835830736,3.6612413201492977,1.087527002509689,0.0324885845184326,0.25971950766942686,0.3486300706863403,2.6623993154961334,0.5679186582565307,2.5282036461346475,0.005500002065673462,0.9343763458046292,0.0034617632627487,0.7270728580287102,-0.2192885875701904,0.13419566936148591,75,33,15,85,0.8300917414852799,1.3973270700677691,0.07568380151200417,0.6464627042481732
Other,0.1313019224024219,2.855378731536589,0.3101457221060989,4.220680216359082,0.08922941237688055,0.7145650218234443,0.06802049534686375,0.8519099173895455,59,13,0.015806816473764154,2.2219966528081283,0.883709792313621,2.0467478452628303,0.0333184599876403,0.2543894153478186,0.2710416316986084,4.828870834646133,0.5128630697727203,4.7784949943374055,0.03219076846726237,0.9753192747925931,0.0148379653692245,0.475413864260645,-0.2418214380741119,0.05037584030872697,44,31,14,116,-0.055852866778130526,1.7359025534998855,0.09433255623791595,1.127275017476294,0.05340045690536487,1.5090606209949853,0.08279422603081907,0.7981106242501571,86,23,0.0550363118064997,6.551842642684857,44.52449567768648,-0.3061167059720913,0.0268821716308593,0.774202795547479,1.7123334407806396,5.09731147002312,2.274620771408081,4.7923896169328195,-0.002636545337736608,2.355586992358379,0.00019240379333495,2.2983735591789145,-0.5622873306274414,0.3049218530903011,79,35,13,81,4.474470723984972,0.30209287532132073,0.1860296683114546,1.001525119064351,0.04009433090686785,0.6205114201257362,0.04223270310438233,0.4791670305984701,71,19,0.008214922388650635,1.154765195659743,5.4916556012021545,0.10026215628643298,0.020066268742084503,0.31404310256066437,0.3486300706863403,2.4472231196941023,0.5679186582565307,2.3024863232094255,-0.0009875466115772673,0.8897739492081105,-0.00351097434759135,0.734117498368303,-0.2192885875701904,0.14473679648467694,92,35,12,68,1.2025703025490766,1.024095451827555,0.07187236236934226,0.6025508401540451
Other,0.027146765809220763,0.4598182073792543,0.06364373594522452,0.7013347393190243,0.013975404202937951,0.3364621974041142,0.015777692464180253,0.24875257520595878,82,19,0.001264345265477302,0.1956107546492422,7.810280477430702,0.4161314854689637,0.00724054872989645,0.1480470755257956,0.0973570346832275,1.1297514123249124,0.22993788123130787,1.1254082965914918,0.0033488092944025916,0.3133948272722116,0.00375367701053615,0.20076184656922016,-0.1325808465480804,0.004343115733420721,56,36,11,104,-1.0717542551700656,1.2326414114857338,0.02799822577007761,0.3120808178793802,0.019355192780494575,0.15740644844527524,0.012520202016457871,0.09093253118244533,82,25,0.0005051148861283729,0.052942183373481486,3.0662236047778793,0.18458284620508758,0.0098544359207153,0.0811307158938479,0.0654381513595581,0.5237392931437308,0.1426104307174682,0.49168036667422105,0.001447046175599089,0.20015843480259782,0.0017447173595427998,0.201881845609866,-0.0771722793579101,0.03205892646950977,67,51,15,93,-0.44686763480313424,0.7112529106907487,0.017764436558328697,0.11348473179620111,0.01575712114572515,0.17079513811326913,0.010568008744157809,0.10525957101445715,78,19,0.0003543309453771109,0.05264364378788683,1.9731665046832747,0.32622544936187925,0.0073183476924896,0.08053690137254221,0.0515969991683959,0.5858493467158128,0.1043794006109236,0.5601042157601425,-0.0019292017444968123,0.1877814772442149,-0.0020797774195671,0.160431134163316,-0.0527824014425277,0.025745130955670346,97,39,16,63,0.237023969475085,0.9908054769257271,0.0148021763312225,0.13183990515722935
Other,0.012339496749883588,0.16328051453905398,0.02899590581655479,0.25514627367314174,0.006930857896804725,0.06654285677643626,0.005068507359828766,0.045823557880981046,85,22,8.821640668801674e-05,0.010775806657882308,3.070149981277006,0.13639370376429483,0.00354705750942225,0.03314335717648194,0.0329130887985229,0.24768233193742503,0.054943948984146,0.24558054194658588,0.0017671206966042388,0.08684131690535246,0.0023382455110549,0.0699951534314019,-0.0220308601856231,0.002101789990839163,53,48,13,107,0.11956315352804302,0.8662619115806969,0.007234615505199212,0.056871718244013464,0.011296078562736424,0.08254891997020279,0.007725797453895168,0.0451109546026722,85,23,0.00019686601863256096,0.01147768403922401,3.7489452136065946,-0.36425624729095896,0.0057049989700317,0.04121101655398954,0.0410308241844177,0.23879008044632916,0.08271062374114979,0.21872581311578523,0.0013687990605831062,0.09291197261408148,0.0018043220043182,0.08984826467424537,-0.0416797995567321,0.02006426733054392,64,57,13,96,-0.5917594255042951,0.5778697622085678,0.011042178746688024,0.053339004341890255,0.006934210658073325,0.058886347672549966,0.004578997967764705,0.034804629721444325,86,22,6.927134030020026e-05,0.007644896438397279,1.9790851467474226,0.8601540537545214,0.0033050328493118,0.030955334299636632,0.0226725041866302,0.22020488401961388,0.0461705029010772,0.21482729448235627,-0.0025273565202951287,0.07539298415370782,-0.0018733143806457,0.0720787551937059,-0.023497998714447,0.005377589537257603,104,46,11,56,-0.21595353001021153,0.8082115527511684,0.006094192035081407,0.04428085792750679
Other,0.03969541782694729,0.6639549533700385,0.09629243099130666,1.0404557335522922,0.012026416603475726,0.18098344654799817,0.019454822385087008,0.2293383660708459,61,13,0.001707382439337888,0.25727412247371195,3.9046227998052982,10.329043768792271,0.00568479299545285,0.09333191126261949,0.1479929983615875,2.1698338370155352,0.2258964255452155,2.143892617198829,0.0051203991810325365,0.31192098711460825,0.00303748250007625,0.17992202882087788,-0.077903427183628,0.025941219816706242,52,46,16,108,0.61460918393719,3.187752444564949,0.03236420939283403,0.39997427451169953,0.019544303417205776,0.29324611194124584,0.022183178327977608,0.27245218588826264,82,16,0.0020770510083728023,0.3085855458413484,2.9096013003331436,2.3102586420911058,0.0091711580753326,0.14043097820223643,0.1147661209106445,1.6452595174097395,0.2399570941925048,1.591944988242181,0.0008076146245002712,0.4074753104963553,0.00115993618965145,0.27188928859478834,-0.1251909732818603,0.05331452916755842,77,44,13,83,0.04037258578529649,1.733718700001409,0.036133987399468534,0.3775571707400711,0.0123521387577056,0.21113484708078345,0.018051076796837113,0.1734761874047628,70,20,0.0011577789156596977,0.17713242191607503,0.7009259404759351,8.692821571666647,0.005995927378535149,0.10976431235494347,0.077574610710144,1.5146824102038678,0.1379565000534057,1.4768891859077544,-0.0012540431693196178,0.3210594359413285,-0.0022029280662535997,0.2455533822955651,-0.0603818893432617,0.03779322429611345,100,45,13,60,0.5383582372696346,2.731052362289482,0.026955153960761306,0.2721272873291302
Other,0.053620562637589006,0.8011226246874906,0.1302472761739043,1.2693872891599818,0.03423317149281495,0.169212720968494,0.02463051038001136,0.24302071695017224,77,12,0.001939412113304515,0.29337428209745964,2.4216270500805495,14.09559712361909,0.0177371017634869,0.10007231614991921,0.1479929983615875,2.5264169487687824,0.2258964255452155,2.485796468319991,0.00487029981450177,0.3451177227697018,0.0031382553279399,0.2212588681411674,-0.077903427183628,0.040620480448791685,68,37,13,92,0.4755440778561858,3.539666007421964,0.03458159979759019,0.4174542364472,0.04489058256149282,0.3742145171994461,0.030201353989541484,0.2852289609409018,78,18,0.0026314607611877916,0.39815619922498585,1.020672295953318,3.17670283778276,0.0225203931331634,0.18559745820087398,0.1147661209106445,1.9782700420272206,0.2399570941925048,1.9182154923554822,0.003447835147380824,0.5024502622418646,0.0027388632297515,0.3966592529671362,-0.1251909732818603,0.06005454967173849,76,31,13,84,-0.11426369412424922,1.6983968129583416,0.040534484531883644,0.3817066061755642,0.04027238115668284,0.2647264274081996,0.026266708075127054,0.19468530572154502,65,23,0.0017247493883377819,0.265114461471407,-0.40990827222890713,9.071219555716,0.02071544528007495,0.1388209256389848,0.077574610710144,1.853564199406791,0.14606082439422602,1.7726581268844979,6.71499175950962e-05,0.4218193041484151,-0.0035193562507629,0.3832344283520542,-0.068486213684082,0.08090607252229325,95,36,18,65,0.42959272989937003,2.4986241726894836,0.03293544451664669,0.29526756699501205
Other,0.05746196860246816,0.8391336540704697,0.13448363905772542,1.2683067040462817,0.041557192802429074,0.30644525636283637,0.03450799273792651,0.39904529987233944,112,13,0.0038116276037508333,0.5709797575717663,0.9900856283066131,5.8624910707395035,0.020295768976211548,0.09467647519515561,0.0650676190853118,2.660556769216149,0.2123562991619109,2.6504540531499083,-0.011697602202184501,0.41302277576322594,0.0009234324097633,0.16714800942455366,-0.1472886800765991,0.010102716066240606,78,27,15,82,-1.3158144891029646,2.631737771729924,0.047534782816613455,0.6327653153204642,0.0498859435319899,0.5149500694084268,0.030938566103577574,0.2892383257444529,80,23,0.0026260573590812753,0.39201034784690253,0.6382924256191314,1.308060251037662,0.0252577662467956,0.25907112074879374,0.1212261915206909,1.7314246796527002,0.2366139292716979,1.660533458946099,0.0071240734308957955,0.5018635715849581,0.0072023868560790495,0.4229615499121345,-0.115387737751007,0.07089122070660121,68,25,18,92,0.06725272172551013,1.2375259389780635,0.04000670921314208,0.3743571868722332,0.031941836699843296,0.2835833692873919,0.0208389157406054,0.1869892891189727,72,18,0.0011804614283642517,0.18056724951239805,0.24916136662370247,0.19244380060101118,0.0162178315222263,0.1317344668550873,0.0759600400924682,1.001892525724318,0.1444462537765502,0.9682040791045586,0.002868475951254369,0.35342035669809746,-0.0014449674636125,0.2916354808173787,-0.068486213684082,0.03368844661975947,85,27,17,75,0.4296012477226925,1.0058859816216184,0.027095177940315154,0.23592647368150013
Other,0.16266569843275458,2.663289262815929,0.3817379694245754,4.270757337983969,0.10867637023329724,0.8763570764917511,0.07649752511992117,0.8412306718088348,74,14,0.017780482203025968,2.73714529568472,0.6369034167460152,5.95029194770672,0.050913717597722896,0.29188545493152196,0.3116805255413055,5.870204827935119,0.4814262986183166,5.7372426775243435,0.013047799514606596,1.1244855749069071,0.00777829810976975,0.6391338265288855,-0.1697457730770111,0.13296215041077522,68,25,14,92,0.8047463694682373,2.398150467714053,0.10493511049001934,1.2135392402023935,0.1093788892030715,0.8507445840393593,0.07829490744043138,0.6795303011191991,75,17,0.02292763816030738,2.6862811696820335,7.968881180033355,1.5026083685631306,0.055084615945816,0.4145112571372021,0.698932409286499,4.117667489980251,1.0789695978164673,3.7298076722244646,0.028513066843152034,1.3668185517611129,0.022430270910263,1.0775253766295376,-0.3800371885299682,0.38785981775578654,63,31,13,97,1.2136901185293891,1.4477962038325933,0.11662671245151282,0.9044822918353281,0.07026677392423146,1.39923440281385,0.08136289584042966,0.8062719689673321,78,24,0.0281576870601673,4.091478417020215,3.7412686033138316,-0.4375516855507251,0.03493589535355565,0.7357777265319672,0.5643603205680847,4.2612497533256715,0.969401478767395,4.0833829787038365,0.0023310062708333124,1.7794532113159496,0.00018498208373782422,1.6918917063109418,-0.4050411581993103,0.17786677462183514,80,33,14,80,0.6411931308748492,0.3485721749399436,0.13305551240366237,0.9617820365122075
Other,0.28493628142813177,4.457334648377095,0.6779494977742431,6.993813499521375,0.19322344288229937,1.121102606972182,0.1158555753008113,1.0737522911247126,77,15,0.03545689819522428,5.2436177918843585,-0.347216096446302,2.9165459064910912,0.0966784730553626,0.4588012308403489,0.3219814896583557,7.201764332165261,0.6736998856067657,7.043705683337934,0.02502401468809694,1.7729454558295459,0.02444583177566525,1.282703080694688,-0.35171839594841,0.15805864882732712,64,38,18,96,-0.09491234754842488,1.7441951349021347,0.14720664484901225,1.4492350404740166,0.21343714371323577,2.0007794133770758,0.1529582242091419,1.203009577476916,82,24,0.07299590407039357,9.424555113236963,2.335528065913106,-0.8448820078982915,0.1137357056140899,1.0447172256184802,0.698932409286499,5.716301166130835,1.4771979451179504,5.282668989449779,0.040920632588677106,2.7030100330327484,0.04722142219543455,2.616406545794926,-0.7782655358314514,0.4336321766810555,64,42,15,96,-0.10067483831064183,0.36927553356860965,0.21029584880039887,1.4554352869713123,0.23266635835170735,2.147498313703843,0.14953927374212067,1.2433583561137542,73,22,0.06171058681441489,8.8437330310309,0.45230222463319514,1.1405758991689243,0.12488877773284911,1.0084951689987143,0.5643603205680847,7.403994211788593,1.083856225013733,7.221030926908907,0.007397367991507052,2.517858010659081,-0.006259858608245801,2.1224966003270183,-0.5194959044456482,0.18296328487968622,82,44,15,78,0.29542057142078265,1.1003109167065404,0.19686702265645623,1.5824424378759552
Other,0.35103338424533986,5.326844212093977,0.8284405089542268,8.279573129612547,0.25152321904897684,1.4133946791345182,0.142233705643448,1.206352845597799,79,18,0.05407311961175996,7.397452015733194,-0.24339767430528303,8.754084070112011,0.1253397539258004,0.7062005533367766,0.5092347860336304,10.73148388368466,0.8609531819820404,10.545162809473215,0.059366783639416096,2.0119326403201048,0.0539994463324546,1.4785319445366953,-0.35171839594841,0.18632107421144528,64,39,17,96,0.09430019429456292,2.652582731863657,0.17453271955821964,1.8301855279035963,0.3166883885860442,2.646106672425388,0.2164776064723264,1.8052590150638579,76,20,0.1281853892696534,19.010675795170535,0.6987379515772978,2.0734804471682455,0.17271623760461807,1.4123283053468785,0.784772515296936,11.888800972480205,1.6782526969909668,11.50269133651967,0.018788786674849685,3.583708308513757,0.0116450488567352,3.2642251004897087,-0.8934801816940308,0.3861096359605351,75,41,12,85,-0.397490760863924,1.3966420476247454,0.28330990616663276,2.483487578922029,0.23270450532436365,1.907335714171048,0.15407294461037963,1.2742961446117418,74,21,0.06812798046619577,10.111773408127911,0.40257381507072987,0.6585858318091873,0.12423835694789885,1.113338902388321,0.5607188940048218,7.386423784325405,1.08021479845047,7.290687400177585,0.01602022815495729,2.683932180778685,0.00536829233169555,2.5667584441675126,-0.5194959044456482,0.0957363841478196,77,40,16,83,0.26954092625606746,0.9549175800635399,0.20637229613019348,1.7053684226900896
Other,0.24114119176614163,4.362729770149927,0.5652715906500814,6.879899052241814,0.16404914110898958,0.9213576627025691,0.11466400190256534,1.0948531398872077,55,14,0.039095414906841534,5.547167677535166,1.009007734278816,5.323605442200208,0.04826216399669635,0.43315263142291754,0.5092347860336304,8.540481466919001,0.8701179027557373,8.454248972220652,0.048140665143728265,1.6890926208828563,0.0017215535044669498,1.1392923176933292,-0.3608831167221069,0.0862324946983487,73,39,16,87,0.7015061562899014,2.2895700797815177,0.14918516012426816,1.6413816727422808,0.1418119668960571,2.137127215447218,0.1482218650449067,1.5649808659392703,68,15,0.08764086790454954,13.334913400068746,2.4877154814270064,4.066756539789048,0.0677584111690521,1.0624211566355035,0.784772515296936,11.935842344793839,1.6782526969909668,11.781903134650342,0.01027786936610937,2.90018148720762,0.00564232468605035,2.5566080183922146,-0.8934801816940308,0.15393921014349668,74,41,16,86,-0.4199239089833855,1.8188519400858953,0.23455008791303342,2.2189774089266763,0.08110605180263508,1.469827592306139,0.1029378976137377,0.9644941721491755,61,22,0.04516822175867556,6.909910378626279,3.026768769681164,1.8937816562733332,0.03981682658195495,0.7600266324289691,0.6854539513587952,6.13403630854197,1.1384561955928802,5.840800377701744,0.015400469861924643,2.2906249441513404,0.0025737881660461,2.0602205501477924,-0.4530022442340851,0.29323593084022587,71,39,16,89,0.9476741701652064,1.267151370055845,0.16783629078766812,1.2895533117548679
Other,0.19848997636275728,3.393312743925497,0.4739181638136504,5.243572571420079,0.08914293348789205,0.596922837851144,0.05348204974870894,0.4081430228457085,75,20,0.009856403147657062,1.1367668037458283,-0.08146759551475968,0.975389444288437,0.04443627595901485,0.3154024704152807,0.2139517664909362,2.615532663750539,0.3425029218196868,2.4143985378328354,0.03839198236819355,0.9300473512394996,0.036773532629013,0.789858653654647,-0.1285511553287506,0.2011341259177036,47,39,14,113,0.262024495796278,1.1417895315322237,0.06867154643802384,0.5213240145995761,0.15281736850738514,1.8011115438890852,0.12122665151022369,1.1458951310786607,73,20,0.05222343845835091,7.330657050812171,2.9416466138145863,1.6974730891180876,0.07244509458541865,0.941888339837577,0.744368851184845,7.534227962205066,1.1695697903633118,7.420635242512963,0.03682177737355232,2.258035515727238,0.0197118818759918,1.9229652764783887,-0.4252009391784668,0.11359271969210316,63,43,15,97,0.8144011573650097,1.1481450953587613,0.17742761691120496,1.4939654147692303,0.14899177849292747,1.5715314877134086,0.11375611519208176,0.9177478822977682,92,20,0.03975633561016656,5.608322172415867,1.490740276370711,0.21910976899658596,0.07537999749183655,0.8275979461165883,0.5321928858757019,5.4170555964656515,1.0935207605361938,4.906395487166337,-0.013616990717127919,2.055489704453341,0.00346204638481135,1.8558732325041662,-0.5613278746604919,0.5106601092993144,76,36,12,84,0.03376307725897995,0.8223733532631176,0.1575353802974043,1.1761310502244993
Other,0.16800942326748344,2.9656562166630547,0.4005013486789537,4.577017471015084,0.08761580660939206,0.7974063615861824,0.05646516667740795,0.5301067024499845,79,21,0.00980795771874448,1.2529910606183754,1.2443289310929657,1.8266569868529778,0.04269347339868545,0.3682186569670086,0.2697747051715851,3.008815066780951,0.47292831540107727,2.9685652866213226,0.02299080146767664,0.8645594643680559,0.02050220966339105,0.6734868060290193,-0.2031536102294922,0.04024978015962809,62,41,13,98,0.5326582820841365,1.4646674940619766,0.07507746354041314,0.7110049178381226,0.12763270735740656,1.271427479748382,0.08718456670874726,0.7832153497513668,81,25,0.02620997867078259,3.713331796083055,4.797583103845348,-0.25668963243975407,0.06495288014411925,0.6655512026464598,0.5967020392417908,4.166882315326568,1.165880024433136,4.005306026703862,0.006771990470588208,1.6773086157053683,0.0078058838844299,1.6928277647069923,-0.5691779851913452,0.16157628862270576,72,40,14,88,0.006023797430790762,0.43846765460998643,0.128211212587914,0.9486662235810842,0.11316169053316108,1.4493850229932472,0.10288393355440344,0.9455845359666333,85,22,0.04183942722296287,5.720465316484511,4.998791246966438,2.521756091800399,0.057505249977111754,0.7432701343378956,0.7320042848587036,6.6944007870787,1.3144723773002625,6.5347229184569136,0.006967507675290105,2.0351493909416605,0.012901574373245201,1.8246083287709145,-0.5824680924415588,0.15967786862178615,66,38,15,94,0.3327672628985577,1.3870222718514376,0.16206558452271216,1.2564363386317272
Other,0.15398403036512348,2.781696601976466,0.3657117236079646,4.375125121886938,0.08548299409449092,1.278711816092827,0.06468358696409264,0.7807395736116202,72,18,0.01369278752394244,1.957461571533689,1.207179148406107,-0.3991093423963208,0.042756333947181605,0.5198101610746022,0.2830020487308502,3.3204494309214874,0.4861556589603424,3.2888321388758173,0.01865639516909141,1.05367551729632,0.013360261917114251,0.6848912346208562,-0.2031536102294922,0.03161729204567027,68,37,12,92,0.8630795423897181,0.9110614449640119,0.09089315655585975,0.920450691663612,0.08911561965942372,1.015868575943022,0.07845301872584966,0.6832975817751025,90,15,0.021669271453392137,3.2582890712891945,4.07269700570838,3.8621012812307933,0.04788228869438165,0.4665350861364206,0.3409410119056701,5.206069738492048,0.9101189970970154,4.893758362829172,0.005123716406524174,1.5329314193489014,0.01629745960235595,1.3029128419574276,-0.5691779851913452,0.312311375662876,65,39,17,95,-0.6758917765031515,1.8250987881721161,0.1166278484432804,0.9531056262881658,0.10021688789129249,0.9943385701799126,0.08412193053867664,0.798456540406488,69,18,0.03128306077545702,4.498369712975498,8.533273279371295,3.780208863033897,0.049731433391571,0.5237408952565747,0.7320042848587036,6.2070822748641525,1.3144723773002625,5.926051521193731,0.020411572232842443,1.7885181852417165,0.0085677504539489,1.5047237318786935,-0.5824680924415588,0.2810307536704216,65,37,14,95,0.9870298722139542,1.715734618015659,0.13876465104999003,1.1399879008284142
Other,0.15885192567035794,2.7626734146356657,0.37711402768269164,4.4210093356875895,0.07972727157175533,0.8767130840233583,0.0610503454059653,0.7018755076288693,73,15,0.012821653410366557,1.9063711060696682,2.2228532258839335,0.11639186173073357,0.0404132641851902,0.41554443036024374,0.3491562306880951,3.279605485190056,0.5211797952651978,3.231171586491716,0.020053090469446033,1.0490437480036905,0.01425491273403165,0.8115939583440626,-0.1720235645771026,0.048433898698339965,67,34,15,93,1.1988957947559353,1.118463694789232,0.087517297878925,0.8977072578764406,0.10231679677963251,1.3266486322984612,0.09398021057713772,0.9877500215873571,89,18,0.03135548323090497,4.696620616992267,2.554436405063049,0.795669250261231,0.0469290018081665,0.5913663303392312,0.4627029299736023,5.356520792826399,0.9177730679512024,5.164426418733398,-0.0031178388744592727,1.7389188169726475,0.00842264294624325,1.339995675004621,-0.4550701379776001,0.1920943740930011,73,40,14,87,0.1559277365717791,1.2604509343467027,0.14039461402727563,1.2933607249993004,0.09792827069759355,1.328438900848883,0.07982677513733502,0.8580062224560321,76,18,0.02668014662830461,3.9633749175244946,6.7512471325681656,2.179429676410674,0.0463277995586395,0.5995877128595732,0.5012151002883911,5.34155914368945,1.1361876130104065,5.094550030293444,0.008514798060059545,1.6330467707112521,0.0056418478488921495,1.3104292290947392,-0.6349725127220154,0.24700911339600548,69,39,16,91,-0.44948702664008483,1.4650919375439038,0.12925559431149158,1.1386541012063518
Other,0.20943442981802862,3.5251435729787626,0.49810417136177404,5.548530098497387,0.10058880411088461,1.2877031385763793,0.07174618184086282,0.8091180504182846,77,16,0.01672460927364781,2.5569430240724262,2.3539774303219234,0.36575723365671164,0.0484188795089721,0.4960125564623268,0.3491562306880951,3.8275176184664024,0.7075709700584412,3.790942797030429,0.014687460346613076,1.2418338738867134,0.0093437805771827,0.9058809873442275,-0.358414739370346,0.036574821435973515,71,36,17,89,0.04163378810124753,1.1511844683141983,0.10149652188282607,1.0073686781610514,0.19676294922828663,1.6795032106576189,0.13530435303226113,1.1725189014773105,77,20,0.053560085107515996,7.827305985091665,2.629255015093758,-0.11132118699606197,0.09983360767364495,0.8499123896110445,0.8225666880607605,6.330323818214076,1.2776368260383606,6.266500710862456,-0.005462516844272606,2.3913937026760235,-0.019257247447967498,1.9516034011787986,-0.4550701379776001,0.0638231073516202,86,41,16,74,0.9091528021850646,0.8075346349055242,0.1834545212319015,1.4520820031572328,0.14357873797416676,1.6254884320823813,0.10328793262597169,1.074021300522824,77,19,0.03781555163814335,5.696165630847599,4.069813145346052,1.686420129327411,0.07324893772602081,0.6950793163457465,0.5452761650085449,6.497457655242615,1.1802486777305603,6.320312078479432,-0.004916897043585773,1.9153025219346491,-0.00792318582534785,1.4696481813351405,-0.6349725127220154,0.17714557676318277,84,40,15,76,0.47909003251400445,1.433987297002011,0.15413967005309784,1.4240020647170322
Other,0.17883541773752704,2.9653807337748828,0.4253119478374717,4.753183606979899,0.12333260476589193,1.164353053343988,0.0784963365644216,0.8273373130087746,80,16,0.020088238347603506,3.1347024406246216,3.0003641943889585,2.0917875204559966,0.06046375632286065,0.5350629209669218,0.4783859252929687,4.903575405058378,0.8368006646633147,4.864110553648799,0.011905512027442448,1.3761186364964013,0.0112446546554565,1.0203381972174137,-0.358414739370346,0.03946485140957896,66,35,20,94,0.16296603466082077,1.5314368159029559,0.1117652875336338,1.1140017679123795,0.17353709042072285,1.721436963662315,0.11124938691966232,0.991732250794178,82,20,0.038877705087840414,5.578964539162798,4.238642888468671,0.5483159820920345,0.08916357159614555,0.8963539695521323,0.8225666880607605,5.89966718935443,1.1366007328033447,5.591476547083559,0.0285971749573946,1.9959495411324153,0.03028839826583855,1.7674451994767897,-0.3140340447425842,0.3081906422708709,62,35,14,98,0.9846803557357565,0.9680579248604928,0.15371546781600492,1.2629924657004492,0.10953278094530097,1.1858458981215119,0.0715189995913533,0.7420854500394465,75,20,0.017717663220623257,2.7114364090809717,7.125389950105832,-0.299381477319808,0.05801198631525035,0.5064702825410166,0.5452761650085449,3.643242632812391,0.7662974298000336,3.437976293142354,0.009683950571343296,1.3811154293510826,0.00764055550098415,1.0855851291536516,-0.2210212647914886,0.20526633967003705,72,34,18,88,1.6801304565000748,0.8631836633289367,0.10511334697565274,0.8966362584065776
Other,0.16844596450802496,2.3529438500962896,0.40312292145565126,3.6938213015352854,0.12110734358429898,0.9014046681723527,0.07616099342616506,0.7542881719641887,77,17,0.02026131582161369,2.6926214761179215,2.711525749396305,3.9885543867279623,0.0615550130605698,0.42163411352061675,0.4783859252929687,5.1942385208591455,0.7987098097801208,5.086738366621955,0.045067386678419995,1.2434676967003915,0.0416250526905059,0.9216028690444649,-0.3203238844871521,0.10750015423718991,47,38,14,113,0.561400468503456,2.0129488706042435,0.10343656298670197,1.0707051710814441,0.18596136569976796,1.0520909341277185,0.10665822802111502,1.0576575919670619,83,15,0.03164471009084324,4.801681054784308,0.4550855186445717,2.4072816441245637,0.09205353260040275,0.5653277036335722,0.3396560549736023,6.784424822668011,0.7865751385688782,6.57718140834364,0.023651592433452603,1.6428466262797385,0.02854993939399715,1.142686741049298,-0.4469190835952759,0.20724341432437046,62,32,15,98,-0.44535585710925224,1.6863927978903792,0.1390662336461195,1.45008138299393,0.07798751071095462,0.603539160994802,0.049023726538871396,0.40585900554185267,84,20,0.008334550217843422,0.9437418789354015,0.3772572757101411,3.0899643419523697,0.038744948804378496,0.29062367830626035,0.1865842491388321,2.9137821878573287,0.353462353348732,2.8535197234075724,0.03587866405723614,0.8075069785551553,0.040320862084627096,0.6606857659531791,-0.1668781042098999,0.060262464449756456,42,35,15,118,-0.29398937253112484,1.5171496051418247,0.06282102241269423,0.5400688460929086
Other,0.15248843225093967,2.063376513903455,0.3653599712625144,3.159501303872678,0.08753962814807893,0.5269921480839104,0.05986041089141507,0.6488490881944897,78,13,0.01441190089328023,1.6260822209393269,1.605005766790745,3.882543341377775,0.04313647747039795,0.19245273838881272,0.3182113766670227,4.45337500759395,0.5100662261247634,4.332901784370219,0.05060593461384995,0.8425594545804936,0.04599341750144954,0.4775500934298058,-0.1918548494577407,0.12047322322373107,40,37,17,120,0.6386535681107398,2.182011545201893,0.0805420469284853,0.957170719587863,0.13024453818798054,0.9652510331263614,0.09900095266755667,0.944451833223486,74,15,0.027028641961750904,4.2006036945573735,0.8359719384761619,3.0858925948511464,0.06702464818954465,0.44638844515697873,0.3396560549736023,6.344750940945445,0.7865751385688782,6.02636401649637,-0.00453118365257978,1.5594760720305592,-0.01627454161643975,1.1487681285829074,-0.4469190835952759,0.31838692444907496,87,38,17,73,-0.18842938264698,1.9231619238485869,0.13030151623400787,1.3299015284303997,0.08690255135297772,0.645990925154427,0.057302758283331014,0.5621134626521951,76,15,0.00845211654815462,1.2735224225816482,-0.047606891070010704,6.3727340500554845,0.0518158376216888,0.24527347843057312,0.1865842491388321,4.405555818611851,0.3686593323945999,4.321164078416609,0.00330390710150823,0.7574657772616252,-0.0010059326887130499,0.45595047286980084,-0.1820750832557678,0.0843917401952425,81,41,14,79,-0.24572538237765976,2.440802742328998,0.07283414114402265,0.8365213797979646
Other,0.12798128628187816,1.8706601686151532,0.305819307407364,2.949820469375064,0.0701984539628028,0.6906420503145572,0.04726103731452891,0.4883546552523226,83,18,0.006357592642348826,0.9655250601591654,0.5664178259485815,1.060751441238767,0.03492035716772075,0.2880343486884948,0.1588510572910308,2.485851426870739,0.3507059067487715,2.4155726440164167,0.008687225071480485,0.7485717098770079,0.010031628888100351,0.5359310288818084,-0.1918548494577407,0.07027878285432239,66,35,16,94,-0.2109837084961207,1.3989019814542536,0.06263021170641528,0.6365260837789588,0.11618696153163899,0.740185036678461,0.08198532686568792,0.7143032053896534,68,15,0.01799806770137339,2.787758633024132,0.7282728382894832,9.773539722310847,0.05739194154739375,0.36749690742407753,0.2624221742153168,6.780893121614163,0.623936802148819,6.689006063097746,-0.003524212725460525,1.2283551604503267,-0.01944795250892635,0.9368310535784163,-0.3615146279335022,0.0918870585164174,92,40,15,68,-0.10087082254942797,2.7995576201143617,0.10633457220401267,1.1308855966980855,0.09153289347887028,0.8240682836197895,0.05977959834039208,0.5964927179773664,72,20,0.010169871490118778,1.560636026581108,0.40740131370385413,2.0444689204531556,0.04726134240627285,0.4157457851315661,0.2434395849704742,3.8004516605602903,0.465413600206375,3.7156315752434774,-0.005170429497957221,0.9728935990477293,-0.0120928511023521,0.7776255551934368,-0.2219740152359008,0.08482008531681302,94,39,14,66,0.19843121357394156,1.4621076299502769,0.07980754422894483,0.7836543061280684
Other,0.1516937407897634,2.4378951422690127,0.36046143253333846,3.8824146933227435,0.11066742055118073,0.8259176388399678,0.08261808552160797,0.8850171981138899,65,14,0.023679616286758486,3.3696270902583376,4.863243681690624,2.167880159581471,0.050470050424337345,0.40308762841290013,0.6564272046089172,5.342013359228103,1.0016496181488037,5.269244874305046,0.035118302080081765,1.3515870449309795,0.015197400003671601,0.8975403878720511,-0.3452224135398865,0.07276848492305743,64,32,18,96,1.1042567449489118,1.6913446865667945,0.11684086920988708,1.2421109250920708,0.10303640365600578,0.5149721274109655,0.0720356756728142,0.6078123121165565,69,14,0.014492728728640847,2.200209509769412,0.7493637589124336,5.113290400879487,0.052141934633255005,0.2128615032902873,0.2793223857879638,4.8780873645032505,0.598118007183075,4.860786789649137,-0.007587128132581701,1.1706269152797577,-0.018093228340148898,0.8938982492334041,-0.3187956213951111,0.017300574854113435,96,37,15,64,0.0488420687143685,2.1763972905921842,0.0951682571787493,0.9109567141154462,0.0954011231660842,0.7921599648206816,0.06902106210123744,0.5091975447705407,83,21,0.01637839976629828,2.2523336608514546,9.323540493765273,-0.18943207068805012,0.048121571540832506,0.39828895631527644,0.2935125231742859,2.820926549115243,0.9157090187072754,2.572028809098705,0.01222621612250804,1.360200733112006,0.016754537820816,1.2796259910776817,-0.6221964955329895,0.24889774001653833,67,38,16,93,-1.405868562827338,0.5888133393547234,0.10074949065595126,0.6341826444274675
Other,0.24614974035142434,3.9631681293700853,0.5880224253050981,6.125464340000649,0.16827119886875147,1.087297648956842,0.10471558098579406,1.0572184161990588,71,17,0.0332099316038798,4.614110902468717,1.838540220717416,3.243165811586299,0.0823629721999167,0.5353832816702117,0.6564272046089172,6.863993470345578,1.0016496181488037,6.70689383548055,0.047900196921546,1.5279106751395375,0.0357880219817161,1.0703152942380068,-0.3452224135398865,0.15709963486502884,64,28,18,96,0.5677923620039592,1.9128369766300655,0.13630073441129584,1.5098343853758793,0.15301986038684834,2.257596119989995,0.14368835010565814,2.001590816708267,83,14,0.08296317194536862,13.11691144787223,3.1708747871305496,1.4311667060610906,0.0786226987838744,0.7816545571005513,0.7686567306518555,9.825838256957493,1.5376517176628113,9.696939959813239,-0.017873563617467877,2.4793010254069716,-0.01213264465332025,1.4136300073127397,-0.7689949870109558,0.12889829714425308,89,31,15,71,-0.2987028328444043,1.6081828644622402,0.22772049112333256,2.640071565940622,0.14220856130123125,1.699738861698867,0.11441325143096033,1.098223234902296,85,20,0.04428649722693547,6.573826717359603,3.659414075255568,3.254896580207901,0.07319745421409596,0.7915814028789517,0.4013924598693847,7.879833847337881,1.141046166419983,7.61397892269495,0.010772982519119973,2.1182526394541386,0.0169025063514709,1.7483998105100431,-0.7396537065505981,0.26585492464293103,71,34,18,89,-1.0755346378302202,1.5556280393025268,0.16654235448818364,1.444587301898081
Other,0.2870138819046556,5.603086428010748,0.6952974493615328,8.733100750897268,0.16229848749935616,0.8554004561704736,0.10035349193844012,0.7505681466898043,72,17,0.029237863381461223,4.301066474690205,2.1414507388347994,4.474807527984806,0.0789720155298709,0.40339394530129313,0.355516254901886,6.112550399330111,0.9438756108283997,5.715205833963556,0.02536148010985926,1.7495693402800547,0.0096117258071899,1.4436683581568261,-0.5883593559265137,0.3973445653665546,72,30,15,88,-0.08100371331291133,2.0870304335935286,0.13319663410124088,1.113585918661968,0.23448286950588218,2.024691043290664,0.18386306044645603,1.7068627508259078,94,20,0.12679822919485328,19.485185716087713,5.433603284243702,1.6250901205452148,0.10178771615028384,1.0734417614604796,1.492582082748413,10.63834925148091,2.261577069759369,10.117759352885793,-0.0027984630316495963,3.745950974474911,0.0242845714092254,3.167512289898032,-0.7689949870109558,0.5205898985951177,69,32,12,91,0.6964144287323676,1.4875193250438834,0.2823817156078434,2.335173872095647,0.21876107901334757,1.9480070479733924,0.14979576235404232,1.1692088608776552,91,19,0.09308566761264828,13.379413172829018,20.9333417561742,6.5549627390598655,0.10703346133232108,0.7283596691644356,0.5969020128250122,10.659793778628593,2.4260417222976685,10.087546673928914,0.007215650938451284,3.2375804361423017,0.031533077359199496,2.7535998736060012,-1.829139709472656,0.5722471046996783,66,31,14,94,-3.2216606558740746,2.1965844376029975,0.24185130134902305,1.7022003678585091
Other,0.26647920420786947,5.246354057612962,0.65317234698683,8.325933419211456,0.14235494285821906,1.1510868163478154,0.09656066929310325,0.7291662792819767,75,21,0.029417098046851765,4.192605379383094,2.513380361553522,3.425790550906531,0.07495955377817151,0.5639999774095756,0.374252438545227,5.248344982315119,0.9626117944717407,4.847340868573774,0.027750840759836127,1.7716710136928953,0.023153094574808998,1.5500142251777764,-0.5883593559265137,0.40100411374134537,60,35,17,100,-0.2978967533598096,1.7041221409441596,0.13314040299469393,1.0265413769661127,0.20595195889472956,1.6841163610417875,0.14983010935597116,1.1249696225212142,83,25,0.08453014431819732,11.931529388504243,10.717452605249035,1.262028749774986,0.098503053188324,0.8819354999280618,1.492582082748413,8.076141380709219,2.096192479133606,7.446527331735319,0.0173935167491436,3.1410555065762726,0.02598810195922845,3.192217610819716,-0.6036103963851929,0.6296140489738997,71,41,15,89,1.5612871454938344,0.6050008499335371,0.2299112342222659,1.4371150591066537,0.19916033744812,2.5273862124161806,0.1587503458373248,1.447801440847074,85,22,0.10372065511711026,15.032169911300903,16.32642035466124,1.2869859208407597,0.10282482206821435,1.1285412319050225,0.7661728262901306,9.050079646353641,2.595312535762787,8.720244735301149,-0.014385534822940823,3.4132068989422892,0.00462029874324795,2.9953052741197626,-1.829139709472656,0.32983491105249196,78,35,17,82,-2.2611286609871355,1.0425916086233467,0.25499974761078026,1.8390727490541718
Other,0.22464024227055063,3.960180216120384,0.5534511730819938,6.307894935149915,0.10035889223217957,1.0517223599771692,0.07800699115323366,0.745909213266463,90,17,0.021085067617569574,3.0767631485506723,1.908084345295963,1.1142913108049228,0.04988031089305875,0.46683399522824487,0.374252438545227,4.520176767092542,0.7077220678329468,4.343891908175938,0.02296832359861581,1.4750270456515355,0.0294289886951446,1.1582467347322798,-0.3334696292877197,0.1762848589166033,52,40,14,108,-0.39198193803720416,1.250214596897669,0.11282813053958156,0.9492409405136164,0.19068844616413105,1.950626067270067,0.13602524901740248,1.155562668043917,82,25,0.055090403743484694,7.916935947006687,0.8013314190448524,1.0943562148135522,0.0951430201530456,0.8972737427077268,0.5264348387718201,7.057879142045502,1.039072036743164,6.948101039197188,0.015582465007901187,2.3680896539561203,0.0191629827022552,2.3732760520879346,-0.512637197971344,0.10977810284831462,70,37,17,90,-0.10840849081650826,1.0074117901142092,0.18548237740009943,1.5195681418852747,0.149356361478567,1.9671913910153116,0.12501397655025354,1.2295937375786128,79,23,0.05419367174027683,8.313952376989286,3.565777293263733,-0.06750052335337653,0.0744948983192444,0.979017603782468,0.7661728262901306,6.7179667036088135,1.3946393132209778,6.38985545871753,-0.0050128265051171145,2.4647782355422585,-0.0105378776788711,2.1967618020643225,-0.6284664869308472,0.328111244891284,84,40,15,76,0.3983833551491814,0.7090271074255058,0.1845502202840617,1.4962689018309774
Other,0.206820991880759,4.166842728653149,0.5069322818145154,6.584550111809554,0.1026122570037841,1.016252642301633,0.08026072500506413,0.7225984396088466,77,19,0.026624757359894446,3.819266712636288,7.7131800871651315,0.6291862775584742,0.050618432462215396,0.46600505844734996,0.3784165978431701,4.281030200024555,1.0874883532524109,3.8416599819458224,0.02973574306815861,1.7223717787662816,0.0280044227838516,1.5348401722233052,-0.7090717554092407,0.43937021807873206,53,40,14,107,-1.1227510817193709,1.0251761046120955,0.12591804835788076,0.9234187394382695,0.16716225445270533,1.743425878951407,0.13901731494814154,1.0144908090721674,88,26,0.08061428086604198,11.185314660938236,11.621580190713251,0.05779255547703421,0.0829144716262817,0.8709173055074582,1.3973398208618164,6.654664226370808,2.4564850330352783,6.3539890920837685,0.00024245567619800014,3.078302904882418,0.01599785685539245,3.118461028491832,-1.059145212173462,0.30067513428703924,72,39,13,88,0.6780595731007101,0.18288391999681347,0.22516826246533206,1.3074272013120667,0.10679568350315088,1.4369592114332148,0.08977138596324945,0.7953448195560492,87,23,0.02979256179557173,4.170917547135047,5.765843930433622,-0.5123345627653642,0.05654117651283735,0.7404888707365433,0.4945422112941742,4.0015269080987315,1.2127748429775238,3.940126421645703,0.01405178827699273,1.7838754281608533,0.0227242428809404,1.6920521302092864,-0.7182326316833496,0.061400486453028445,60,42,13,100,-0.757350886518125,0.333560046164378,0.1361571358900703,0.9943369669980994
Other,0.3109041405301306,5.594459001069656,0.7424918300658463,8.782615640286473,0.1474589779973029,1.4560166428979096,0.1068230588326696,0.9425466983645918,82,23,0.042599654949856625,5.401273926303901,7.392630544073418,0.6655959219410175,0.074266716837883,0.6724070194931124,0.8907944560050964,5.7522409244190875,1.5998662114143372,5.441949864790324,0.04264473966322838,1.9753685681637925,0.049515299499034854,1.8414847547705921,-0.7090717554092407,0.31029105962876335,55,38,15,105,0.0682090159667021,0.9485657180132849,0.15799438099304183,1.2244153487336022,0.244306519627571,2.740908034354898,0.19132614396978165,1.5182115989703828,79,21,0.1282804155550266,17.96028795646675,5.039740486062595,-0.2596694907696411,0.12270554900169375,1.2311939846860405,1.3973398208618164,8.954413652617646,2.4564850330352783,8.131471593616984,-0.00024276934564113338,3.8234314857426073,-0.00718954205512995,3.493863733573644,-1.059145212173462,0.822942059000661,81,42,16,79,0.6936645893825214,0.5077579015816894,0.2840412775121842,1.8280206865073563,0.1615983247756957,3.0299820153400177,0.1571499960822984,1.7515320813253232,92,20,0.09344916933191641,13.98099101176411,3.016496967182661,2.0166501437995494,0.07704373449087144,1.3829468143111394,0.8861454725265503,10.722730410785287,1.6891826391220093,10.619597349312107,0.008865616377443066,2.983815586380071,0.0295547097921371,2.491923649420352,-0.803037166595459,0.10313306147318071,61,40,16,99,-0.011978955833596927,1.3324129435216183,0.24226838214024354,2.2534053248893025
Other,0.26449436716289537,4.676403213843647,0.6259226048365233,7.3721362639162855,0.1438346542418002,1.1050228570129468,0.0932397514939657,0.7477103531375937,79,22,0.029379884212349716,3.6748590522042877,10.566250310770913,6.102245496576046,0.0720877572894096,0.5539905112119686,0.8907944560050964,6.223648328828386,1.2589255571365356,6.02654360509999,0.02474158729892224,1.610625896590709,0.022199027240276302,1.3952235442459728,-0.3681311011314392,0.1971047237283958,70,38,15,90,1.1849598873081137,2.0154517451331078,0.1336484885105537,1.039588030633126,0.16352869570255268,2.2955563619796715,0.15072024463093836,1.358802002868959,82,23,0.08536802506788868,11.596426869707832,3.33579550790797,0.0940224424878,0.08799263834953305,1.064927351086377,1.014989137649536,8.036598617055294,1.6120747327804563,7.573850948684352,0.029811990121379493,2.9620081415742954,0.0310968309640884,2.711805603706096,-0.5970855951309204,0.46274766837094217,64,41,16,96,0.49557216617361705,0.5933158558201994,0.22977431839994475,1.6801591112020975,0.1378041729331016,2.0653997473316736,0.14152562106261027,1.5400021227291594,84,17,0.08162916594906676,12.373999434704501,3.9903058204396853,3.184864961586202,0.0746564716100693,0.9954782556404252,0.8861454725265503,10.286139564349549,1.6891826391220093,9.68916571397889,0.011738513549789779,2.7995022257512816,0.0166377425193786,2.2746271582681414,-0.803037166595459,0.5969738503706599,69,39,16,91,0.16038240308494425,1.7705657231616658,0.22627513950953274,2.1299734089227784
Other,0.15661748969146916,2.451210523533941,0.37801147990860023,3.8830243770226103,0.11582832783460606,0.5063998160230256,0.06416458517000131,0.42187814331349727,81,18,0.009636535791915092,1.3539533321831099,0.4326395662762703,6.820647739960014,0.05447360128164285,0.24261240907649623,0.2144323736429214,3.8844543698386524,0.4904296845197677,3.8599188073984285,0.004643061355454846,0.9633288390091892,0.008060917258262551,0.851790623720188,-0.2759973108768463,0.024535562440224142,77,40,16,83,-0.16122177929876022,2.27251522026608,0.07771113646552653,0.6526491248108107,0.13239328563213332,1.354384253688029,0.0946162240952253,0.7575334904901804,74,25,0.029955102894728036,3.6649636464927307,4.984936866595482,-0.49417243261784405,0.06781339645385731,0.6384872585437488,0.6249463558197021,3.7623990566827445,1.2220319509506226,3.41669832664544,0.018646025285124775,1.670538302470602,0.015065386891365,1.6559984541286006,-0.5970855951309204,0.34570073003730467,72,42,13,88,0.5801160734106191,0.553462674973225,0.135977301288421,0.9350216181839701,0.09868815541267387,0.802177622191411,0.07295310511137357,0.5784580733064396,84,18,0.016685637811105124,2.323920510388547,1.051395525379312,6.081843688596566,0.05067902989685525,0.4167163710613172,0.3458568453788757,4.914046032171296,0.6017414927482604,4.820017596791206,0.01945114370901136,1.2491572355428189,0.02725577354431145,1.136696324877931,-0.2558846473693847,0.09402843538008997,54,37,16,106,-0.2568316096239838,2.1683892439681456,0.10056532851071244,0.8738001552297697
Other,0.15543242868361556,2.078003882940129,0.37690647928044174,3.350050997023711,0.12164416164159769,0.7857526522895616,0.07413143216966997,0.7254863216311718,94,15,0.014393235858383568,2.0462892084993904,-0.5780086425232245,5.8889670452559155,0.059838354121893506,0.22456688904356248,0.2112916857004165,5.475192419386234,0.3936411887407302,5.404078264007607,0.029459458444034674,0.9756527462242472,0.048208907246589605,0.5408652132550416,-0.1823495030403137,0.07111415537862732,58,32,17,102,-0.30585440418314985,2.3569950100897903,0.09043799902472634,1.0461314101414196,0.11308561265468588,1.025811785735081,0.07879183850949625,0.7002126642289015,76,17,0.01665310799181863,2.4121530503371065,0.7910297030468372,1.3066776408495935,0.054517090320587144,0.37476296315524343,0.3168124556541443,4.252089401720297,0.5137141346931458,4.1737252609374575,0.002353305881842976,1.2587077981668373,-0.01068308949470515,1.0052549784101321,-0.1969016790390014,0.07836414078283944,83,34,13,77,0.7747749928497879,1.2945205979056755,0.10231363519089463,0.9098393974603978,0.12544239312410355,0.8382485518026548,0.07583436495820929,0.6654696757446668,89,15,0.013873276079537332,2.160261926585723,-0.14014623415853356,3.1966155645885044,0.06917017325758935,0.4343325740742572,0.2475627660751342,4.3477134786334455,0.5034474134445189,4.163959014502145,0.0008359947067219722,1.1156904526326268,0.015539351850748,0.8889112653484332,-0.2558846473693847,0.18375446413130123,70,31,14,90,-0.03153485413419785,1.879948041001546,0.09340571494810801,0.9568159386685231
Other,0.19059261150388268,2.6543832261422025,0.45025371924974006,4.21120803560464,0.1490955092012882,0.9474083872848774,0.0877277767466148,0.9117002786515956,79,13,0.02093610157340972,2.878787253153855,-0.46017931861787265,4.691177872918695,0.07420180737972254,0.29184805504764694,0.2836759090423584,6.014615350882314,0.5221550464630127,5.823613200729473,0.04180190111510455,1.11186223985996,0.03276477754116055,0.5829863767604995,-0.2384791374206543,0.19100215015284133,59,25,20,101,-0.10508172770677411,2.2150455245619667,0.10681278300313386,1.281619917419922,0.11705261468887315,1.5668206502748854,0.09327958543319251,1.3043216796851602,83,16,0.03369876082686002,5.2791626387089,7.35566085584828,0.24316074580691538,0.0588960945606231,0.5682186654592996,0.3845404386520386,6.216169164608075,1.0696969628334045,6.137291938982192,0.01313752420246601,1.6440877841191213,0.015117585659027051,0.9204481019605195,-0.685156524181366,0.07887722562588252,70,26,18,90,-1.6689446714072635,1.2268229889212376,0.14498451350695157,1.605035201115283,0.11464513838291154,1.7286539477345126,0.09137341511486734,1.0910764220966345,65,17,0.025263678157746484,3.8799879187774065,2.2044336766072945,-0.0382162073569563,0.057521946728229495,0.658601429421553,0.4369735419750213,4.982380405865708,0.8941429555416106,4.911975040110326,-0.013815503049409001,1.455258011625559,-0.03556198626756665,0.9367369276138353,-0.4571694135665893,0.07040536575538273,99,28,12,61,0.6264673770470558,1.0626594147031527,0.12528781747091267,1.3274833476835144
Other,0.18586128264822416,2.6021118137191674,0.441248342655599,4.15010082014585,0.1452761050313711,1.045340070852249,0.0850484641981893,0.9025839117419768,75,14,0.020430271950496258,2.7971408321038336,-0.38497254505754785,4.839135559718095,0.0732150636613369,0.28302700569443795,0.2836759090423584,6.285668525500514,0.5221550464630127,6.1646440890707295,0.041968638473190364,1.095295000860393,0.0301154777407646,0.5158385471749464,-0.2384791374206543,0.12102443642978393,58,21,15,102,0.02589861907240007,2.2094491425531735,0.10524629803025623,1.2639104767324567,0.13893961906433097,1.8486127056880668,0.09835118458606298,1.2676368107554123,77,19,0.03463174797573778,5.457363924172348,6.479176804087521,2.7667915225889423,0.0743516683578491,0.6505818751803528,0.3845404386520386,7.935249087297775,1.0696969628334045,7.893914509891621,0.009138711541891099,1.6420868977289274,0.006154716014862,0.9195984696044271,-0.685156524181366,0.04133457740615374,77,27,15,83,-1.6408650684725825,1.675797202274427,0.14729878568010302,1.6615999953296026,0.11274236440658562,1.6135121081342865,0.08569727726280685,1.0721768697086025,68,20,0.024203643432262032,3.738985212187949,2.5601350253886723,0.5400201943896286,0.050579711794853204,0.6101494067033548,0.4369735419750213,5.227578663265809,0.8941429555416106,5.1474924228763275,-0.0096512734889984,1.4127189215565292,-0.02601110935211175,0.8546002498223428,-0.4571694135665893,0.08008624038948138,100,26,15,60,0.6195142372629843,1.181886119955389,0.12299871683210348,1.3203069570611623
Other,0.0927608488329509,1.3104584624776328,0.225007817847654,2.0688549186080367,0.07643041457049538,0.6075287133885613,0.056539877694594884,0.6844936790428164,66,15,0.010475101476493453,1.4493104800795242,0.41047567966133025,3.8419645895865413,0.03799036704003805,0.14130966444966656,0.2232295572757721,3.984575153570309,0.39145511388778675,3.9605737620435506,0.029397104325471435,0.6929010441851688,0.019605355337262098,0.25407980112839823,-0.1682255566120147,0.02400139152675836,51,20,15,109,0.3849685804855176,2.183667109682325,0.0756206931852793,0.9844788586082622,0.0424543470144271,0.7036938516635703,0.042400212772190526,0.5799782677296809,68,16,0.006875974872525029,1.0801343250125452,2.983865406965575,2.263681041405194,0.021611571311950552,0.2635362387523535,0.2404969930648803,3.3178711862422023,0.46544885635375965,3.2567393861216853,0.004723589867353439,0.7145881674406386,0.0006680786609648999,0.3861794527191733,-0.2249518632888794,0.06113180012051713,78,28,12,82,0.20006275860625827,1.6813188897385507,0.06559008971079294,0.7546509630063261,0.0564575865864753,0.6495559252953352,0.04007290249690408,0.4955402084716228,77,18,0.005383051064842069,0.8541284350744957,2.821277882701967,1.2642959014573005,0.0270602405071258,0.28692721296305956,0.2391819953918457,2.5906186770569004,0.3615952134132385,2.5697055253550154,-0.0006982132792472829,0.6613657069822293,-0.0033403635025023998,0.42419616545259126,-0.1224132180213928,0.020913151701884954,86,28,16,74,1.0627870182496597,1.4565366129672812,0.05818140716427864,0.645541506568239
Other,0.06954383253288796,1.0626206702526941,0.1672026183363048,1.6805975353617704,0.04998349631205187,0.2629141471288709,0.029502939757076053,0.30365075886190585,88,13,0.002258129869453965,0.35650771998853154,-0.14065302125987866,12.557217878893098,0.02690151194110505,0.10560135997824883,0.0758663862943649,2.803165191981473,0.17993339151144022,2.7642458994040413,-0.0023046840040478844,0.3736450533670924,0.0005713929422199501,0.20150164697950418,-0.1040670052170753,0.0389192925774314,76,22,19,84,-0.2724408062553901,3.176790636662095,0.037614657922365416,0.4657221211010211,0.0426510274410247,0.769171327999628,0.035406009000726005,0.47250772975208927,73,17,0.0046022618940446194,0.7236358949090327,3.807164873585543,0.9466699826108806,0.021219849586486803,0.24532417120786815,0.2212044596672058,2.500722504020633,0.4291034936904907,2.452707133079007,0.006005656346678726,0.6179376947290374,0.0032996535301208,0.38039339030860975,-0.2078990340232849,0.0480153709416257,70,27,14,90,0.10262826789816917,1.2965474568310194,0.05346222578169624,0.5846271464292396,0.0495022758841513,0.2891446553076904,0.039475404964759916,0.3345837901144856,73,12,0.005226764193918121,0.7862554197174572,2.4064428649937035,13.385146023661125,0.02339878678321835,0.15210552402650598,0.2071127891540527,3.637929361084094,0.3774486184120178,3.474727717811181,0.011853500455617897,0.6890147872656407,0.0075796395540237,0.5561322431157414,-0.1703358292579651,0.1632016432729133,69,30,15,91,0.7377677457130011,3.258335361076674,0.05608817988368086,0.5581344306228934
Other,0.20378684395926738,4.015563634759928,0.50038854368031,6.4898221134167535,0.09634557645767917,1.468425351477194,0.08597820446360852,0.876003168481095,83,22,0.0303516975161745,4.554810028872793,5.779196877693128,-0.3218039428821289,0.0469656325876712,0.6211955180077756,0.3564136624336242,4.806852442859797,0.9833481311798096,4.702586728832458,-4.081018269061903e-05,1.8618944276951976,0.0013901591300964,1.586739864830688,-0.6269344687461853,0.104265714027339,77,33,14,83,-1.4461763706331825,0.6467578485147149,0.13816336800597787,1.043148680193943,0.14367876946926111,1.5615083016067706,0.10850636475253847,0.8058451527311798,83,23,0.037256560345988586,5.028822909014971,1.6450541986532272,-0.781387086265402,0.07711839675903315,0.6925116101967911,0.4943054318428039,3.901415650820375,0.9853379726409911,3.852235139737429,-0.0056419771164655744,2.0155406305699453,0.0008118450641631499,1.947458470681603,-0.4910325407981872,0.04918051108294618,79,36,12,81,-0.054995162841325176,0.008651356314818347,0.15296982334203443,0.9830660585823713,0.13504347205162043,1.7519525739672515,0.12051236191880885,1.0056609713899967,101,21,0.05709869399486972,8.508241379404936,6.317053936459537,2.4292861394964422,0.0689337700605392,0.9162791334731213,0.3295341730117798,7.587489348782686,1.2993993759155273,6.892768115612184,-0.008599942643195399,2.6123870551516104,0.02439178526401515,2.4072526941080676,-0.9698652029037476,0.6947212331705019,62,36,16,98,-2.146873811242746,1.1846418798095735,0.18930584812457815,1.2975651249479658
Other,0.24330152809541286,4.455306472454584,0.5974931532144545,7.12104095515966,0.16273541748523707,1.888461427577513,0.1232650411291979,1.1935056124349124,76,20,0.050532418831623224,7.609827391755361,2.769658307989581,2.0339131757676565,0.07982745766639715,0.8783911603630147,0.6735838055610657,7.128677854178731,1.300518274307251,6.696398777015888,0.018938402598723772,2.2532907283994508,0.0134466737508773,1.8998987111205736,-0.6269344687461853,0.43227907716284286,75,40,15,85,-0.23778936702502715,1.5038404822568692,0.1772582202772903,1.5913856493837166,0.16218402981758112,1.3042125749439009,0.11951189152896399,0.8056933651139214,80,20,0.04199277653669812,5.604466762175985,1.0921120568270721,0.6091983148893245,0.0817108750343323,0.6879791595490266,0.4943054318428039,5.031771782177475,0.9853379726409911,4.971465939448848,-0.004993410035967827,2.1288158353482807,-0.0027127861976623,1.9983179745562558,-0.4910325407981872,0.060305842728627074,81,42,14,79,0.050381970361124205,0.7564227464164344,0.1624360191541289,1.0356688183711953,0.15748751908540717,2.019914302384535,0.13139925164869054,1.2481627239457287,92,22,0.06511441041533722,9.752916663228586,4.67873858130999,-0.6275381013664068,0.07995146512985224,0.9989437866646791,0.4842686057090759,6.108429867984775,1.4541338086128235,5.779545897247554,-0.010903802933171391,2.738934391411928,0.00785734504461285,2.5662243233843673,-0.9698652029037476,0.32888397073722037,76,40,14,84,-1.5098318345171808,0.515812940868978,0.20207132084515603,1.5003849715221615
Other,0.13723521787965914,2.606232579733978,0.33239228358492234,4.146653281258786,0.10844068415462962,1.4195847864787374,0.09028870321082645,1.0234622243389637,66,17,0.02951810283139286,4.42685759434278,4.2656352278476914,1.5185770804752163,0.05347317829728129,0.44395347152431547,0.6735838055610657,5.828992721747243,1.0039626061916351,5.533565044626587,0.02311294517712668,1.6669587430581831,-0.00099587067961685,1.0872134610901116,-0.3303788006305694,0.29542767712065565,81,35,15,79,1.6042210876665777,1.4348955017220395,0.13426569373099867,1.2837858634852863,0.08495983481407152,0.7232020940032602,0.05804985327646132,0.41410356287875594,79,24,0.01123389799231574,1.6273039054317173,4.340018019100773,-0.6427851321218712,0.0423432886600494,0.3267265655753976,0.4066323041915893,2.0994789303362307,0.6795270442962646,2.043999988367317,0.003510783612728119,1.1711214849553602,0.0031432211399078,1.1520048944575985,-0.2728947401046753,0.05547894196891388,75,39,17,85,0.7321680868913136,-0.19715083380706241,0.0839817928373348,0.5057453637035829,0.07865764200687392,1.177960660771128,0.06092159940686539,0.6589472951664126,77,25,0.014965323662361609,2.2936193689145665,7.345721610844738,-0.5474514664833681,0.0407948791980743,0.6621040235384223,0.4842686057090759,3.1892321745518224,0.7191465497016907,3.053458191644811,0.01173220868222415,1.3085730532452429,0.01053926348686215,1.3293077673282632,-0.2348779439926147,0.1357739829070114,71,41,17,89,1.7412594778708632,0.46812175673554324,0.09629975511982683,0.7624014252577117
Other,0.1107947257801476,1.8106536301261407,0.26522878976538755,2.808426990900464,0.0806315299123525,0.6046640844220763,0.06287233596056463,0.7064511646009872,66,13,0.012746269952256646,1.9416767774007602,2.3634533324260074,6.356967331647395,0.043119631707668304,0.24476231089691375,0.3278593420982361,5.290770147669169,0.5160888880491257,5.19425329429425,0.012459905317518862,0.9217224259353991,-0.00136584043502805,0.5451689312445429,-0.1882295459508896,0.09651685337491824,85,39,14,75,1.1497031270593019,2.5070141572037077,0.08865831225391146,1.045038060038257,0.0709621161222457,0.9056961436770855,0.05482226686552163,0.5058283277688556,81,22,0.010660443990730422,1.4246138437038693,3.982780234967996,-0.01164203409327369,0.03633984923362725,0.47091280473026065,0.3569563627243042,2.8407598832236887,0.6441690921783447,2.7847691797472427,-0.0033960357308387723,1.0254483212308796,-0.00327765941619865,0.9005819057763427,-0.2872127294540405,0.05599070347644619,82,42,15,78,0.2509023394806972,0.6313378481365869,0.08181122271137957,0.610794224095677,0.07422690093517295,0.7021223316271418,0.0495255981868831,0.39462733558825297,86,23,0.007105133619689963,1.0059215847751029,1.5059532041513641,1.571713932948164,0.035886794328689506,0.34360643354740317,0.2028099447488784,2.6627055740341916,0.4681141525506972,2.6440277360665005,-0.0003851497778669027,0.8612562437341861,0.00416845083236685,0.835369144104368,-0.2653042078018188,0.018677837967691013,76,44,16,84,-0.4098868624098488,1.021723737598061,0.0668467517786076,0.5139642666606146
Other,0.09743435910256967,1.6189296229565118,0.2335951543226836,2.5576220857243284,0.06387517042458042,0.5455064758336177,0.047132579526514715,0.47907191526143345,83,15,0.006785291975194861,0.9998746716191422,1.1942989484230289,2.295543414484694,0.0327963605523109,0.2315647821689698,0.2216683030128479,2.9405841642606267,0.4098978489637375,2.889189680208773,0.008277119183912865,0.7475581535384785,0.0111212953925132,0.5028088732802672,-0.1882295459508896,0.05139448405185396,69,45,16,91,0.19956178979828157,1.732556926322468,0.06479612367093777,0.6641020092555682,0.07429035007953638,0.7661563817111668,0.055810326882638,0.4583208398798399,79,22,0.010675517105673462,1.3528476173299189,3.8142826014910467,0.303295233864326,0.037636458873748696,0.39837715843331206,0.3569563627243042,2.7524428147882776,0.6441690921783447,2.587372856369035,-0.0020572405308485003,1.015311419637308,-0.0033678710460662504,0.9208927015978118,-0.2872127294540405,0.16506995841924238,83,44,14,77,0.16895806445310943,0.686024098426077,0.08191399663810096,0.5674419252082045,0.057041451334953225,0.45588989061768714,0.04223731942212903,0.27665116084863867,83,21,0.005747917054377084,0.7543919293183197,2.8363663668937047,-0.1926586790811844,0.029968589544296202,0.2342751098221364,0.2028099447488784,1.7289173929848753,0.4681141525506972,1.5111518659610914,-0.0033571700798347556,0.7947525125485418,-0.00218066573143,0.7799269255168872,-0.2653042078018188,0.21776552702378396,86,48,15,74,-0.1814225608012847,0.49795840455598267,0.06003083122362614,0.350371764153591
Other,0.10878406019929623,1.700225134127662,0.2618620095402,2.662005068862754,0.08343452587723724,0.712562028693161,0.05903590984351463,0.6745104099498436,97,14,0.009551800352100811,1.4959500547930742,0.20611702815925081,4.437084446773833,0.0344391614198684,0.20441327414463795,0.1817211508750915,4.359462530847627,0.3984095305204391,4.318659962329078,0.0016832234803587083,0.7847167739382575,0.01694090664386745,0.39499241933608137,-0.2166883796453476,0.040802568518549215,61,42,13,99,-0.4487580049467504,2.1610327691859985,0.07748916404686813,0.9381735657611591,0.08388388156890861,0.6407151858499582,0.05404608356766398,0.38148100537715374,77,22,0.0077731775419721235,1.0460866306779242,0.16481225261475219,0.47847986402692566,0.04222050309181205,0.35400931272328584,0.2225067615509033,2.40454965077711,0.39466220140457153,2.362260013603536,0.006343472748994827,0.9005708015650248,0.00407120585441585,0.8540634152164588,-0.1721554398536682,0.04228963717357369,75,44,15,85,0.23197087413160788,0.760027390334367,0.0696297219644429,0.48482869350570934,0.06699294596910463,0.6739703092604827,0.050141646724659907,0.4226100921947791,89,23,0.008987800458415622,1.2233320848600597,5.917104088803093,-0.0878013021569326,0.0346348583698272,0.3781146072600625,0.2250838279724121,2.30366677135311,0.6376538276672363,2.246740972937712,-0.005541213788092134,0.9767174933594718,-0.0022796988487243,0.8899252546058537,-0.4125699996948242,0.056925798415397785,85,49,16,75,-0.8036072640624217,0.5698915987529506,0.07497870715782273,0.5189942418039429
Other,0.14045900964740066,2.0877217926401803,0.3369383841939268,3.3187068676922005,0.12551803514361373,0.6683417898042212,0.07019360037782459,0.6096795737492423,82,16,0.011993917711400992,1.8382601752379872,-0.4341237076798512,5.10375764487566,0.06192547827959055,0.33543279580654867,0.2099688947200775,4.380128759994784,0.4266572743654251,4.135021216381044,0.006003503117244689,1.000819297362868,0.01312435418367385,0.7230015249229922,-0.2166883796453476,0.2451075436137397,75,40,17,85,-0.11328197379896165,2.2920034871558257,0.08664338257098891,0.914669836205438,0.10601441562175741,0.6523030814829202,0.06395738531835374,0.4707914807170315,79,21,0.010818594269837254,1.4601903844096362,-0.10426687057785466,4.660308034834934,0.0522474646568297,0.3294275908864517,0.2446326613426208,3.7199382873580156,0.416788101196289,3.520822941571476,0.014578608423471445,1.0320646397009832,0.0127801895141601,0.8775622218505057,-0.1721554398536682,0.1991153457865399,66,44,17,94,0.04534718895878092,1.7599233364220936,0.0811805075905695,0.628516478613342,0.11585190892219538,0.846647345795037,0.07472751328954469,0.5346946210739063,81,26,0.015166058855614626,2.1111144862229754,1.344676886241504,1.181734805964938,0.05785316228866575,0.46904711421254425,0.2484236359596252,3.614180366152983,0.6609936356544495,3.413082785242874,-0.007333027012646191,1.2858229306283493,-0.0062065720558166,1.3426664212895463,-0.4125699996948242,0.20109758091010926,86,43,19,74,-0.29375221988589273,0.7740133361084592,0.09738732111550137,0.6765898885538408
Other,0.14126443350475387,2.4819029739449654,0.33685058908537013,3.9481963595550047,0.08410837315022943,0.9424178524621358,0.055456346390565125,0.5509093360298017,75,20,0.0099143430555971,1.3756934378551064,1.298813897995637,0.09941612154184565,0.0410155951976776,0.3390458387322052,0.2824672758579254,2.8732538331939166,0.49751578271389,2.816475572902774,0.02328034957172348,0.966287615896107,0.0199322719126939,0.7072774746757127,-0.2150485068559646,0.05677826029114222,59,38,17,101,0.3604812414259449,0.9427964408127391,0.07543243706840937,0.6648170283776764,0.08574278652667991,0.8164117085002627,0.06395574174821374,0.5261914348514516,80,25,0.015250924331856224,2.2049852129959975,5.732058489622231,1.6268189940967321,0.0431397557258605,0.4352775887721213,0.4746979475021362,3.7272321591428983,0.8705283403396606,3.5866485584391015,0.013564940914511669,1.3241760299287781,0.0134559869766235,1.294838542547574,-0.3958303928375244,0.1405836007037969,59,43,15,101,0.13634303151244132,0.8394867479982857,0.09698768688182921,0.6719695340996178,0.1099622398614882,1.368762474574265,0.08684419468510891,0.8287568407219554,74,22,0.025916099917161133,3.7522791798239594,3.4757771711971515,-0.038927883068747615,0.05987402796745295,0.6957800775042381,0.5368896126747131,4.2688194251735805,0.946807861328125,4.122689001753538,0.0025924419984221505,1.6577327137301203,-0.00100569427013395,1.4777036639986143,-0.4099182486534118,0.1461304234200423,84,46,17,76,0.6218945853294616,0.7645571460374668,0.12764274709417078,1.0020985129481685
Other,0.14090519109366775,2.4921638813708724,0.3405936915799973,3.985374908572769,0.07190447207540263,0.93405178743273,0.059392873446340644,0.6379133318716935,77,23,0.011772246327383117,1.6971144629451218,1.6203744534472149,0.4150877318191175,0.03479424677789205,0.4011023024581991,0.2824672758579254,3.1851914922468496,0.5351590216159821,3.176676535841626,0.015946260141208757,1.0302444210107422,0.0144171151332557,0.7187831191101823,-0.2526917457580566,0.008514956405223704,59,40,18,101,-0.15043573058338577,1.0675583623385225,0.08454611776900023,0.7973148035257854,0.08669377863407125,0.9052169301784996,0.06278795090503987,0.5342586146437752,81,21,0.014523812082318406,2.113936736059152,6.335899511355539,-0.43938295418904927,0.0430851578712462,0.4785784241424384,0.4746979475021362,2.9268221999015487,0.8705283403396606,2.8405702345696797,0.009465386718511572,1.3009144848736975,0.01118612289428705,1.2182625187249472,-0.3958303928375244,0.08625196533186896,62,43,20,98,0.2872204435205455,0.3297728755608072,0.09510160871718605,0.6492751643986971,0.1215263307094573,1.1317026878075518,0.08761970747029404,0.7957600400013211,77,22,0.025893695464006376,3.764680153255881,3.462128913546974,-0.04597322266708437,0.06441690027713774,0.6400233846201047,0.5368896126747131,4.098153826046286,0.946807861328125,3.90125405684258,0.0008698681369423853,1.6542160026883297,-0.0009191185235976999,1.5795646780650814,-0.4099182486534118,0.19689976920370633,83,46,16,77,0.6218038563610458,0.7280687913047221,0.12761105606338896,1.0140264146982196
Other,0.1723127106877195,3.627271783180081,0.4203424414806066,5.869400391574095,0.09031914453953499,1.0561672792065973,0.07204329833388326,0.731713739954412,64,21,0.022750983374872878,3.4982704928430493,12.093151041492495,5.304186156258771,0.0457556098699569,0.5554288992938444,0.6980755925178528,5.982144785580784,1.0330461263656616,5.863687431665873,0.011736742791254074,1.576182167611731,1.4226883649799988e-05,1.3733815425677682,-0.3349705338478088,0.11845735391491123,80,39,17,80,2.3257773921212053,1.810289409878021,0.11903855293444658,1.0069360790764406,0.11627405881881707,1.3691946459749125,0.08801409441046412,0.9493142231610929,77,20,0.0341832316593684,5.010437811544904,14.542867436028015,0.5878699539357539,0.05887818336486814,0.6797075750082272,0.9986740350723268,5.55432687210534,1.504379391670227,5.366181243724262,0.010867989808320993,1.8786362579853142,0.0074986517429351494,1.5313686893763543,-0.5057053565979004,0.1881456283810772,72,41,15,88,1.6715030667445818,1.0600646690114992,0.14621912249523644,1.217030657677875,0.12379152327775952,2.817658971830384,0.10392075926065443,1.409652746069884,76,21,0.05648758997341389,8.718388640533236,14.799528309918529,-0.11294720419143545,0.06202767789363865,1.1924992591674362,0.943922221660614,7.248737785554893,2.03946989774704,7.074820676804816,-3.0741095542907715e-05,2.41458196597705,-0.00458683073520655,1.9367972171308485,-1.0955476760864258,0.17391710875007807,84,39,17,76,0.6187838874616458,0.745343059041074,0.1884855039408674,1.6994653777325506
Other,0.19324786022882204,3.9833690570898685,0.4674267725832758,6.396085017330748,0.07334046158939593,1.3062415227843358,0.0789679930101556,0.9175767564776838,55,19,0.027998164072055968,4.288999404965368,8.133343064608464,0.6291510986757323,0.03518886864185335,0.6472261413225888,0.6980755925178528,5.022917266099521,1.0387905538082123,4.885727402821874,0.013212190091144299,1.708190199438831,-0.0051122605800628,1.444972757223968,-0.3407149612903595,0.1371898632776468,90,36,19,70,1.7228081685111554,1.1158020597533669,0.13203502709663067,1.1709336648617181,0.11901956796646107,1.3248649597027495,0.09611039063427593,1.006895002300766,77,17,0.037687745667941815,5.530185553818794,11.611427704444061,2.2711351782791,0.0606629252433776,0.6555175793164008,0.9986740350723268,6.3530578906727975,1.504379391670227,6.264367335909959,0.013188683614134786,1.8888494006925856,0.008182942867279,1.484589156022151,-0.5057053565979004,0.08869055476283826,73,42,16,87,1.4672668899279884,1.6040100171350864,0.153388230808071,1.4008688358736712,0.12321605533361425,2.643410190468919,0.12033719235332677,1.4785654490394153,70,23,0.0708137640430376,10.913930400967747,9.681178022637939,-0.4310749442766708,0.05843025445938105,1.2094110366871722,0.943922221660614,7.481426647882789,2.03946989774704,7.400191901432939,0.003867898229509596,2.79904541719933,-0.00868858397006985,2.429498745929745,-1.0955476760864258,0.08123474644985015,87,36,17,73,0.41840604647014656,0.5646437819832922,0.21100214166890596,1.754786355492649
Other,0.1527545098164662,2.6891410156413302,0.3668688336922785,4.260005034658345,0.09029937162995327,0.8887129947722039,0.07454079375076612,0.7224464310919559,71,18,0.01850002563715659,2.7701131194808277,2.0176000599481476,1.7017433870605547,0.0430645459564403,0.4142190186956645,0.3352890312671661,4.227029650212795,0.6760039925575256,4.149643606788001,0.013816430173756089,1.333921656272513,0.0024421511916443,1.0132727744698427,-0.3407149612903595,0.07738604342479355,77,33,17,83,-0.06411873153459659,1.5561402619968188,0.10697262228000545,0.9953723596765301,0.09442420303821553,0.9580487791687086,0.06600347397848959,0.5800221086283677,79,27,0.013130743946417943,1.8737055916549519,1.0535779497333957,1.805817503449748,0.0467957854270935,0.44740199361994404,0.3027049303054809,3.7167951935094226,0.4763267636299132,3.6733730557183617,0.006756256520748136,1.1235888109549292,0.0063554644584655,1.1673841739885327,-0.1736218333244323,0.04342213779106078,74,46,15,86,0.6853874126314043,1.134210444179222,0.09062226788053188,0.781827203128569,0.12537899613380418,1.1491840153999784,0.08920632468420077,0.7213573670711636,77,22,0.0275353035597536,4.0514366199907075,6.719326499295169,0.8413528665498053,0.06382133066654198,0.5594666624335476,0.6809965968132019,4.795324063209004,1.3056262135505676,4.488812030109866,0.0025383402593433858,1.802494567430904,-7.624924182891445e-05,1.634796269962767,-0.6246296167373657,0.306512033099138,81,41,15,79,0.04167618969110166,0.8700375098070704,0.1315724792143674,0.8957957101777092
Other,0.13634933873682656,2.1708540179544973,0.32523532145423795,3.433606608407431,0.0868938360363244,0.8463726447008453,0.059338787788965376,0.5874024679232379,65,22,0.010473472715860148,1.551047898396289,2.220795750555414,5.528372826567189,0.0424067005515098,0.42741211030360926,0.3352890312671661,4.494050963405098,0.5887259542942047,4.397155406559872,0.01558931259642123,0.9506805849136994,-0.00308638811111445,0.7780975822425538,-0.2534369230270386,0.09689555684522548,83,30,17,77,0.5503451094253111,1.9475553771408778,0.07964003152666665,0.8045211767656804,0.1063683032989501,0.9350265885771711,0.070610085921362,0.546996918342237,82,21,0.014394192465347571,1.927350314690345,1.0824771328991813,3.9121363162591543,0.05712437629699704,0.4605838044825239,0.2935561537742615,4.238370385072269,0.5998209714889526,4.191948161533507,-0.00022493489086627995,1.1705533714340672,0.0005380809307098137,1.0626340789021946,-0.3062648177146911,0.046422223538762464,78,41,17,82,0.2053822373553795,1.5998743671365918,0.09514673048586873,0.7464282412360105,0.10296708345413205,1.0151104583780985,0.07469823054969307,0.6358313862138474,79,22,0.016566628339161574,2.425236374566242,1.9055721779507868,1.9962557110379695,0.05125589668750764,0.5122131041770233,0.421904057264328,4.116097297709151,0.6654733121395111,3.816861000459443,0.00950610041618347,1.312372652059664,0.00848098099231715,1.1008966191434317,-0.2435692548751831,0.2992362972497076,74,43,15,86,0.43710864545682393,1.3986253159899666,0.10162838590664944,0.838399902607417
Other,0.17159169111321512,2.9479175972632743,0.41072569277137494,4.704725012522182,0.09081218391656865,1.0773839371629976,0.07106747496291059,0.7599009051018243,70,19,0.017247909017286192,2.596455306715946,3.6614205407179066,1.1749717686634407,0.04433317296206944,0.44830563518142724,0.3288698196411133,4.4382616875502885,0.7418460249900818,4.261093338354438,0.015011578937992454,1.2831470443602186,-0.00045678950846189995,0.8917837161580905,-0.4129762053489685,0.1771683491958511,83,30,13,77,-0.4137129689067277,1.340413241965577,0.10305812310636207,0.9746737758171099,0.133417323231697,1.1272248314238291,0.08815138857811686,0.6467374561819783,82,21,0.021431725915125873,3.0028173359441728,0.8687096252050592,-0.6722947247793334,0.06434941291809079,0.6233773383006064,0.4026257991790771,3.389581640374013,0.7088906168937682,3.282859566527994,0.0009091511368751525,1.5482983815208307,0.00193718075752255,1.418322912718198,-0.3062648177146911,0.10672207384601885,78,43,15,82,0.33410063759804753,0.30248927410006976,0.11609582743725598,0.7781962848306002,0.1290797144174575,1.6061449279464046,0.098233756016707,0.8648143917846904,77,21,0.03132136579610697,4.715033323516311,1.5952789451675873,0.20486306786079878,0.0616568177938461,0.8266239274066035,0.4753203392028808,4.871731021550604,0.8627886772155762,4.409534307852766,0.012015180382877582,1.873279586641134,0.0083367675542831,1.7080854687935485,-0.3874683380126953,0.46219671369783744,72,39,13,88,0.09279822944657251,0.8330302066149307,0.1398345439652559,1.0981151641744746
Other,0.1945840337375071,3.2898696758657477,0.4689300851244478,5.257032884286796,0.104458613321185,1.0612761773576376,0.08198434539219303,0.8077105052721198,83,18,0.022491090615275666,3.284350026837563,2.012318682874904,0.8380962497746705,0.05300291255116465,0.5546650042426157,0.3288698196411133,4.268333815580363,0.7418460249900818,4.052178060157521,0.020941541105275956,1.4859249221542103,0.02658512070775025,1.1355742939543494,-0.4129762053489685,0.2161557554228422,62,35,18,98,-0.5382750601455417,1.2791775542418673,0.11706422895708388,1.037485977041891,0.12387607991695393,0.9835796070324749,0.08934894952923056,0.6906443119253874,77,23,0.023877660334902007,3.359675530157557,0.959320262662751,0.2576657499709105,0.06212016940116875,0.4978979662633485,0.4026257991790771,3.9385500889917093,0.750277280807495,3.813670257930553,0.0008909314870834371,1.5857671192279503,-0.002682089805603,1.5054070899559855,-0.3476514816284179,0.12487983106115642,82,47,19,78,0.36611389287053553,0.7870846493856974,0.12254222817435702,0.9192487006969575,0.13754206150770176,1.7362969222139397,0.11887032650411125,1.1155442264570652,84,19,0.04415817415773383,6.727179744650865,0.7365988367752383,0.30237486740003616,0.0699041783809662,0.7899206192186086,0.4753203392028808,6.193384423657557,0.9515089988708495,5.847124088980061,-0.0033652018755674362,2.1853408429046364,0.00622774660587305,1.7534001466827953,-0.4761886596679687,0.3462603346774965,77,39,19,83,-0.09374272247320557,0.9778084779038233,0.16661644807680645,1.3969485119301
Other,0.2186591938698363,3.8039342229758675,0.5158827367890624,5.931460559921134,0.11803832091391084,0.9226336148239898,0.08866524117358492,0.8672502911828898,79,17,0.02769169983259329,3.8263287201436706,2.3237037559504223,2.034214987109502,0.059471391141414656,0.5441760253032134,0.3003526329994201,5.477974990420888,0.7564952373504639,5.3241690997459745,0.03862915434874593,1.5707836288966264,0.0376503095030784,1.2153817862160317,-0.4561426043510437,0.15380589067491343,49,35,17,111,-0.8149788277331431,1.5357352980830268,0.1261529503128067,1.1657476190556926,0.13849608600139607,2.0528300272795534,0.12419099783059204,1.3802730853577574,93,21,0.059764770999304294,8.977195944325373,5.480547405832398,0.16114916528132728,0.07058584690093994,0.94647139557905,0.4443563222885132,7.239126507045714,1.3802314400672913,7.140623444900953,-0.01824332736432552,2.4491105056591174,-0.00364202260971065,1.9808881583499596,-0.935875117778778,0.09850306214476003,82,43,17,78,-1.5172420869881948,0.9386344104496188,0.19301034711727974,1.7259935328371063,0.11432658508419982,1.3946265854912614,0.10173466486761748,1.0097604831604765,89,19,0.035869478683592526,5.373615451477515,1.8370945974755788,0.7274661007136003,0.05685806460678575,0.7132199717365872,0.4859604835510254,5.612046681177161,0.9621491432189941,5.4509767363240735,0.006295981194125486,1.9115664253653895,0.0141561012715101,1.6349704176169784,-0.4761886596679687,0.16106994485308765,67,38,15,93,0.11365751955420658,1.1027355042666405,0.15006509211755448,1.3113082219269814
Other,0.23203368031058477,3.6727611685055592,0.5420648743677883,5.760214733587227,0.14316753484308706,1.6014465914358302,0.09436907887225968,1.0934775601809246,86,14,0.029389181498544595,4.2408728971961835,1.9191179068156439,3.059589819588422,0.0740162581205368,0.3945483214218364,0.3003526329994201,6.8168975691370735,0.7564952373504639,6.635753722467435,0.03913715137168764,1.4853839936145092,0.045563139021396595,0.9244213029930276,-0.4561426043510437,0.1811438466696391,51,30,16,109,-0.9069109601341726,1.8239852945844768,0.13016302045294564,1.4263615560964877,0.1434582918882369,1.9403007351931896,0.14549624750390644,1.6707127057093054,84,15,0.07889446201162188,12.353548314339557,3.16737899022422,2.34091252681496,0.07193374633789054,0.7074117675539564,0.5467357635498047,10.432754613921286,1.4826108813285828,10.042027133871006,-0.008390057459473606,2.693778163859839,-0.0030748546123504,1.814258873851959,-0.935875117778778,0.39072748005028085,81,37,16,79,-0.7766887871323903,1.7451977213374348,0.22259452533705334,2.2576774610761983,0.12122804671525944,1.1648915232376946,0.085890112571069,0.8657732642280839,88,19,0.025734422555445672,3.8603385392847787,3.7138685783691727,2.1543991037515244,0.0624202489852905,0.5152032015916401,0.4859604835510254,5.691294871586315,0.9421794414520264,5.485472518539042,0.019282935262890523,1.5810525761128786,0.028050541877746547,1.2611572958076376,-0.456218957901001,0.20582235304727362,60,36,16,100,-0.07960468169599538,1.5360870463592313,0.12574180395831988,1.166452438315257
Other,0.17508780905063137,2.7279936643178297,0.41792958613485076,4.277119718832602,0.12645983695983876,0.7630005883076596,0.08223143174895083,0.8039009441563338,76,14,0.018549309034749936,2.7905149284487027,0.6133573823110341,6.933365141417859,0.06687588989734644,0.3626506752155254,0.3850797414779663,6.343803645692782,0.6628173291683197,6.230910609116034,0.020913925790227945,1.123123910079375,0.01546785235404965,0.7191988524918094,-0.2777375876903534,0.11289303657674828,71,35,16,89,0.035262533128073335,2.5642487710400186,0.10595323926360091,1.2365709082202763,0.10513702034950242,1.8001600923371113,0.09597875438630576,1.1526070013911198,70,19,0.03577996036299473,5.518915938766919,3.36544445144799,0.6006766140834303,0.0536222457885741,0.8549443239246417,0.5467357635498047,6.247145062270454,0.9583602547645569,6.153460878115249,0.008090785145759586,1.8331204170885982,-0.0030748546123504,1.4602303160315766,-0.4116244912147522,0.09368418415520564,82,38,14,78,0.7933544010807818,1.156141087830617,0.14979067800670218,1.46921253575507,0.12934316881000985,1.0673544106952613,0.08167761503718789,0.791173599540572,79,18,0.021022925999271934,3.076745126278721,3.2012047584306904,8.017418964806756,0.06517542898654935,0.632304164550646,0.3336350321769714,6.751513411121532,0.7898539900779724,6.723488773328857,0.01632190123200416,1.3208753916646299,0.01581611484289165,1.07215608150227,-0.456218957901001,0.02802463779267516,67,38,14,93,-0.8153682798994657,2.4213789083696935,0.11381513993183554,1.1541374814005187
Other,0.18678915924546044,3.0935897964003023,0.4498000736907123,4.825977786125989,0.1281694993376731,0.7948378909671725,0.0905703451542649,1.0275095853284466,84,12,0.025926600262275366,3.9175481757234105,2.6237682172059777,2.590761523310971,0.06414824724197385,0.43908967469297033,0.3850797414779663,6.303480532209501,0.832295686006546,6.2352656915794595,0.02187976276036351,1.3829629905320229,0.0298201590776443,0.862181442203537,-0.4472159445285797,0.0682148406300414,63,43,18,97,-0.9182744111293721,1.8166345266842023,0.12579468605417715,1.4159666459850437,0.13916478306055063,1.380131355065565,0.09662062286864961,0.7482206303596034,82,21,0.03130419959612565,4.540683482325628,4.72064743137458,0.6010833319862177,0.06994584202766416,0.6062081898036242,0.5213124752044678,4.91193648160305,1.2127400636672974,4.449616539768853,0.0018260167911648758,1.9049881951920107,0.0049291849136352,1.7125375986257518,-0.6914275884628296,0.4623199418341964,78,41,15,82,-0.42153584968063956,0.8953235703827305,0.14030260346345436,0.9548316388268209,0.12969376146793354,1.0339484839632562,0.08824563169619067,0.6625115438432432,70,19,0.025175316754468265,3.17141889151908,1.2620271223218067,1.1725542216954832,0.06426724046468735,0.5811174423234529,0.3543045818805694,4.278078550850976,0.731255829334259,3.8948938151043015,0.0442028093151748,1.5380266004019552,0.02743844687938685,1.4500625363209227,-0.3769512474536896,0.3831847357466745,56,43,19,104,0.1022095562979025,1.1732691429509021,0.11775973672118574,0.897715471613966
Other,0.23072919272026784,3.699460715315447,0.5498036280460654,5.869415399929606,0.13063900545239449,1.4789509311429465,0.10504765751305964,0.9792263419669563,88,19,0.03925751808818684,4.908937774491384,4.423834328543316,0.10763866901323782,0.0651703625917434,0.6529811010597568,0.5912478566169739,4.996351523207635,1.3075425028800964,4.839011141155256,0.012497462937608356,1.84747906149259,0.02982497215270995,1.4337879150181516,-0.7162946462631226,0.15734038205237938,68,44,17,92,-0.6232007508718355,0.9806381950151097,0.15663043785654968,1.2230122206412506,0.19847379252314562,1.636106470623936,0.12644775741937334,0.8878684582913341,85,23,0.04774083891998945,6.778733648012395,2.2440068874274948,-0.15033610118572582,0.10469052195549006,0.7624703865809017,0.6137290000915527,5.024653389655568,1.3051565885543823,4.561959380927553,0.022549487394280723,2.3622096170143356,0.03460767865180965,2.2414926097338097,-0.6914275884628296,0.46269400872801497,65,41,16,95,-0.2361645751982311,0.5775047812933364,0.17179641291383665,1.0948513019115345,0.13302710652351368,1.1578554735707294,0.09676004556138648,0.7764184006260128,83,20,0.031157711026777325,3.783965264674959,1.2695292571085615,0.9495579349242211,0.06541109085083005,0.5236041227706347,0.3543045818805694,4.49334380332539,0.731255829334259,4.3256659740127095,0.05168101504677904,1.659726721422681,0.056174308061599704,1.4317894126911965,-0.3769512474536896,0.1676778293126805,47,39,15,113,-0.3863151261080825,1.1654056327551883,0.13003199248514102,1.014530667289303
Other,0.20639836724047544,3.339254775869339,0.4902338469959793,5.3488533710090564,0.09950098395347586,1.6217640787820589,0.09601713536889289,0.9826331529194929,87,19,0.03678890304312468,4.57438996370455,5.092610273251964,2.1897967892858707,0.05063768476247785,0.6339531160831164,0.5912478566169739,5.977112798779429,1.3075425028800964,5.872135792723104,0.0016378183849155889,1.6950062892696403,0.007395811378955799,1.3470815083870356,-0.7162946462631226,0.10497700605632482,71,39,16,89,-0.3502880881274893,1.4633818622164891,0.15210185912762195,1.3043556428524066,0.15729168709367503,1.184523776739075,0.11324694703449494,0.7896041667973555,84,25,0.039831448086832706,5.527031489176957,1.6974687904571342,1.384395247471181,0.0823198556900024,0.636674403801706,0.6137290000915527,5.417146170895346,1.0103631913661957,5.232482715593589,0.03341324168723075,2.099556700351649,0.039517968893051106,2.0961101485472335,-0.3966341912746429,0.18466345530175657,58,40,15,102,0.3027890973711529,0.9704140993483247,0.15468600074631578,1.057777458251713,0.13723066449165333,1.1215738948214193,0.09018563181612986,0.6567677624286783,81,23,0.021929815511775155,3.0273065444911627,0.7252367586845399,-0.5401775584422528,0.06938108801841734,0.5746558733568292,0.3362455368041992,3.4951360064950117,0.7044863104820251,3.0942621998724054,0.016635789175052186,1.5542903813877684,0.01877683401107785,1.4625474231148359,-0.3682407736778259,0.40087380662260624,66,39,15,94,-0.3906530716789906,0.5599146567861915,0.11624907206341573,0.7819769528679399
Other,0.2774740560017974,5.18659913262852,0.6681921851634978,8.061534278166402,0.1438245512545108,2.24647940286337,0.14510228571016337,2.028270585330337,85,14,0.08809127775987483,13.43624644612483,3.786180860170859,0.7747245167183596,0.073035679757595,0.8309369472738495,0.9065345525741576,9.809676454059822,1.6018880605697632,9.657913463591722,0.014938841387629503,2.5682335159592746,0.0248268879950046,1.4465898055701145,-0.6953535079956055,0.1517629904680998,61,37,17,99,0.5066667401902808,1.438770095722729,0.2349015682904763,2.6154202441726815,0.19854069873690594,1.8367856897964074,0.15599767440930004,1.2869031427966333,91,25,0.09254698730833791,12.947559881373852,7.480695615907669,-0.28546598577539184,0.08846240490674975,1.1188574092410244,1.3247644901275637,6.983836741915359,2.358219265937805,6.714993652067491,0.004295344650745376,3.219410646398797,0.02909580618143075,3.180342177107617,-1.0334547758102417,0.2688430898478677,68,40,14,92,0.3615171281284635,0.5943225191654232,0.24121999579609207,1.607157419554142,0.14106470346450795,1.4501244730040337,0.11342181251151481,1.0477801252433272,73,22,0.049520337616546735,7.308334656432233,4.762454484366336,3.4252832084219023,0.06982147693634035,0.7218426891080791,0.7496403455734253,7.773373955424431,1.436135709285736,7.657687124515043,-0.005071022175252434,2.2738901158083276,-0.01438489556312555,1.929143309008111,-0.6864953637123108,0.11568683090938822,89,43,12,71,0.17942396707094369,1.6170833667796367,0.17640575225419122,1.4621075191864048
Other,0.3887931264172693,6.332107434730034,0.9397556277737018,9.853783847796512,0.25722347199916834,2.3014905573145334,0.1820793922143639,2.0609193236466807,77,15,0.10492986750128168,15.547922533756342,1.987710708770889,4.48940458411168,0.14087347686290735,0.79752085295358,0.9065345525741576,14.165449893277655,1.6018880605697632,13.803871139455861,0.050270959339104596,2.7601106406913085,0.036468431353569,1.5877500136135123,-0.6953535079956055,0.36157875382179366,66,34,14,94,0.3343528993400406,2.0860523907066604,0.2518939535986311,2.815974393509102,0.2583235800266265,3.0011867008596917,0.20562895779206877,1.7623241259566749,89,21,0.1383795041189299,19.918511845969444,3.1445993621704496,0.17916394673521552,0.12665256857872004,1.367815880711162,1.3247644901275637,9.914680165771042,2.358219265937805,9.01514494365623,0.005219298461452119,3.88339108974837,0.01836934685707085,3.511951531949336,-1.0334547758102417,0.8995352221148117,70,42,17,90,0.30137663509030166,0.8723735627844831,0.29496393383266234,2.199496644696784,0.2805217280983924,1.8254096526636105,0.1967900857562199,1.9216246749686834,70,15,0.11954531650843364,18.140978221487515,1.3422876841663411,4.742273123195173,0.1347900182008743,0.844229153931497,0.9877244830131532,13.949774714460064,1.6742198467254639,13.274711253341,0.013460926897823817,3.2102821173568334,-0.014797359704971251,2.315378987687782,-0.6864953637123108,0.6750634611190651,85,40,16,75,0.337597320811101,2.1938146254994617,0.2738674816388255,2.79911895932746
Other,0.2802070758526239,4.543656089090753,0.6753382944222537,7.170314538110163,0.19374937471002332,1.3782053110502281,0.1233891660525114,1.2154145072995517,61,15,0.042536828674554904,6.198408494544712,-0.21894523920882003,4.410745489314742,0.09288279712200159,0.7087950245899144,0.4930965304374695,8.783577628728374,0.750729501247406,8.626137559126219,0.04342474041040987,1.751038412510448,0.019273042678833,1.2177935673284062,-0.2576329708099365,0.15744006960215476,66,34,17,94,0.4919569722332007,2.104902492205438,0.15765517612140753,1.76982286471206,0.17316252738237378,2.043373990177228,0.14587175939232108,1.477392419014604,75,19,0.07464256213208766,11.085320194391494,2.849739252475193,0.848801155491842,0.08881399035453795,1.0374136683421513,0.894995927810669,8.80016475871611,1.5677914023399353,8.538798461947493,0.030238088965415955,2.7411993907420054,0.017287611961364698,2.3528228131494733,-0.6727954745292664,0.2613662967686161,67,40,15,93,0.1878453415765587,1.1081328363951435,0.21453418148909126,1.8897476272209344,0.19325715862214554,2.416199865011583,0.15327309220410826,1.7720214901314777,73,18,0.08519495237188986,13.081277684111624,3.0397609675621577,4.5701926549939005,0.1064997538924217,0.949316689794341,0.9877244830131532,12.022224098123067,1.6369808316230774,11.67949779458607,0.02181981157627888,2.6780767348577097,0.011081129312515248,1.821373371042258,-0.6492563486099243,0.34272630353699757,72,35,14,88,0.49384389897352476,2.0355845335177842,0.2304400844219257,2.4308810514555197
Other,0.15081603806777183,2.711298619106667,0.3566679156105963,4.2428673917627,0.046483233571052475,0.7627065776378491,0.0627992887748405,0.8351598310899937,51,15,0.016610875849804564,2.53275933954266,2.7789745199300686,4.931563175737629,0.02301676571369165,0.32579189306022993,0.402025043964386,5.524104575212839,0.6596580147743225,5.46753617860986,0.019631890580058094,0.9988574606593305,0.0055554509162902,0.5471784070349048,-0.2576329708099365,0.05656839660297862,71,37,14,89,0.847460496270604,2.3276058330922615,0.10029584553874879,1.2389685681355498,0.07056155428290357,1.2755707330565649,0.08714528039563443,1.3165265490520943,91,14,0.041664501464825685,6.52453299841201,8.580169614603276,1.8872077640345886,0.03302157670259475,0.5658821273763108,0.3729682564735412,7.461976290353951,1.1994848251342773,7.330669023237712,-0.001462673768401146,1.8448375046383954,0.0023976489901542,1.2231164992332162,-0.8265165686607361,0.13130726711623905,70,38,14,90,-2.0709844675610714,1.6449444998778076,0.16187012108971274,1.7666656672646324,0.061757504940032876,0.8766546137770788,0.08168097585657959,0.9378790579517802,42,14,0.02714525957769494,3.955885293186796,6.685740422239633,5.655460121643161,0.0252885818481445,0.383832804608902,0.6690618395805359,7.144800050311725,0.8889724314212799,6.996458152465319,0.034147696831496425,1.399172426464974,0.007926166057586649,0.8787256369333615,-0.219910591840744,0.14834189784640545,63,36,15,97,1.9917103098670057,2.386801146877616,0.126091599078416,1.4135776647241258
Other,0.1883298730179647,3.320264574334751,0.4365576651692389,5.152623845007183,0.07370016723871223,0.6626429776709412,0.06312559908255931,0.7612229391999327,60,13,0.0143964874804424,2.2296550334410035,2.5741913739110016,4.94873142321944,0.03706531971693035,0.2952033371195597,0.402025043964386,5.359296769086542,0.5809328258037567,5.257058551232211,0.011153879389166834,1.0388855791723137,-0.0013385340571403,0.5852438653460303,-0.1789077818393707,0.10223821785433064,83,36,16,77,1.289888279112194,2.1945164379206625,0.09449446105279816,1.0725538619709547,0.11055915057659137,2.0518748409291723,0.12201539380475875,1.5446228689331372,92,15,0.06353394970502771,9.928819947788192,3.882702224670445,2.313663708315076,0.060526371002197196,0.8259709258283356,0.6301743984222412,9.859860312423086,1.4566909670829773,9.785332444902904,0.0014879852533340372,2.406269870253084,0.0053865388035774,1.6989905841442425,-0.8265165686607361,0.07452786752018217,64,40,17,96,-1.2585284288312208,1.572698395640066,0.1998905473220472,2.034375889382392,0.10515528172254554,0.9550328089420007,0.0926780859287828,0.9513453086946414,52,16,0.03126922142254346,4.733459441678433,5.031474825012163,3.0409417296914247,0.0507926307618618,0.4871777222728868,0.6690618395805359,6.552611391720181,1.0612022876739502,6.353408504701441,0.02347832899540663,1.7074683955817855,0.00211387872695915,1.2233866538993725,-0.3921404480934143,0.1992028870187405,74,36,13,86,1.5087041858552364,1.8613721558327185,0.13824427002734804,1.3483364267747855
Other,0.1561755334264751,2.563930691263351,0.3677326976880429,3.9735603900844043,0.09852887503802771,0.640114192021775,0.06296319663699246,0.6553611649795776,78,14,0.010720325973194117,1.6743141200230078,0.6153674112468859,5.445544174100826,0.05007521808147425,0.2669368899441317,0.2660070657730102,4.828548376609311,0.44491484761238087,4.738293950091366,0.005844906973652539,0.9171434315469023,0.00214809179306025,0.5846301845129402,-0.1789077818393707,0.09025442651794484,78,27,14,82,0.5073968261488032,2.1960059011834017,0.08190217079293066,0.9127771064139265,0.12416835129261009,1.7057772675689407,0.09903052999870847,1.1087444073386659,81,17,0.03529461232392898,5.372456366932499,3.977515904619935,1.0658836258813054,0.06284007430076595,0.7538245642416833,0.6301743984222412,6.0704838467703635,1.1863588094711304,6.013493599379657,0.01525335665792226,1.8222781674523072,0.0171504616737365,1.3775980173813802,-0.5561844110488892,0.05699024739070625,68,33,12,92,-0.2989793991954152,1.2872554057418797,0.14820169093365396,1.4323961209662506,0.0996296778321265,0.7114645396336973,0.06607901508221399,0.5065157483961237,77,17,0.013012643212270289,1.9880191342420226,3.4261158248820722,2.1588378855299215,0.05109542608261105,0.3077420824928622,0.3910814225673675,3.525100647196709,0.7832218706607819,3.2576323966095386,-0.005251137353479859,1.2341387910851946,-0.0080642402172088,1.0272471112202182,-0.3921404480934143,0.26746825058717,85,33,13,75,0.12329630980185415,1.4566615800822353,0.09031226089010887,0.6818508477524954
Other,0.1340879971773408,2.4041921566487745,0.3177419212833045,3.770692701709528,0.09415511786937708,0.4989995486906904,0.06248326610715591,0.46061342718846165,78,14,0.012898489681601772,1.8272208468701172,8.214087761314078,1.4114133954621755,0.0470955185592174,0.30726172577370253,0.5260173082351685,3.1426121856120277,0.9243437647819519,2.7824787276956258,0.009662570222280911,1.1865557646609068,0.0071883276104927,1.059788160322837,-0.3983264565467834,0.36013345791640194,73,31,18,87,0.7102009423309703,1.4877504849955374,0.08954498978262498,0.6475386198676398,0.1167952418327331,0.9837457893950203,0.07671348412986842,0.5979314139384637,83,24,0.02365099098754779,3.11410023680549,12.972024927888556,-0.6094131764408299,0.05618196725845335,0.4794182826550666,0.7613109946250916,3.1724519446416566,1.3841134309768677,2.8825341127785524,-0.006622472777962683,1.6081085749426167,-0.005176305770873951,1.561165661998173,-0.6228024363517761,0.2899178318631041,83,36,14,77,0.608943543210925,0.12151396148562472,0.12178137838884401,0.7266959804495385,0.0923976823687552,0.9529366889002395,0.05867945903737559,0.5564867576576227,79,18,0.009797091812067095,1.4801827900195252,1.684937693683211,1.8780996504598857,0.045640662312507504,0.3552303716646824,0.3075147867202759,3.4097946591714394,0.5696998834609985,3.377612849304542,0.008888492593541736,0.9760283621060046,0.0063572078943252,0.7642831775632473,-0.2621850967407226,0.03218180986689759,71,32,14,89,0.24194485818796588,1.4100081916665796,0.07798840153699675,0.7263273548367809
Other,0.21845610658157838,3.4930197611810314,0.5156855192035434,5.610800922495386,0.14459801465272895,1.1619374378897012,0.098930344232358,0.6968373924144632,74,22,0.029771743916809718,3.769965693588671,3.3365893704124474,-0.21775802434541047,0.0709792859852314,0.6108437944782401,0.6188150644302368,3.838802662427659,1.0171415209770203,3.6722108442864845,0.005643716268241399,1.733261206957798,-0.00771754980087275,1.5835910091210055,-0.3983264565467834,0.16659181814117482,83,44,17,77,0.8158457967351744,0.5493320986248731,0.1367198426924608,0.8750835857470236,0.19027994573116291,1.633701827057149,0.12916346706449983,0.9488847674560817,81,22,0.050930688140127384,6.4615844023883255,2.6251529965648617,1.4375567964009601,0.0955787301063537,0.8323886477015962,0.7613109946250916,6.553802744326984,1.3841134309768677,6.454166765375664,-0.00583725571632385,2.219806548305126,-0.005333453416824251,2.0390097720596065,-0.6228024363517761,0.09963597895132029,81,46,17,79,0.06083668821530551,0.9502323555815201,0.17887870605533812,1.2385650126214645,0.1385007202625274,1.0700561816981549,0.09458369899832174,0.7417611960656074,77,19,0.02591207819874619,3.67721283780289,1.6369169651864226,1.0322840886822213,0.0706875920295715,0.4618975168694947,0.4794800877571106,4.54110642319208,0.7584737539291382,4.351042958606593,0.019073295919224617,1.6577331672324618,0.006535202264785749,1.3315098380327939,-0.2789936661720276,0.19006346458548726,75,40,14,85,0.7728106063113783,1.2058173915846948,0.12621737566194177,0.9639157556863159
Other,0.29019826792728404,4.67999292434965,0.7009500752389429,7.455761185511243,0.2060982547700404,1.9296201219193434,0.14008704294683408,1.2139580786036,70,21,0.060523730990843384,8.549161938111586,2.370576706216566,3.294917504530659,0.1038333028554916,0.901772487280884,0.6188150644302368,8.52644932602523,1.4208234548568726,8.300434483105862,0.009236257616430519,2.4038613266901585,-0.0110697448253631,2.0349753916714723,-0.8020083904266357,0.22601484291936677,85,38,17,75,0.030335426596625366,1.6303691351113583,0.19488302807315872,1.6645157434386184,0.25806714594364155,1.9313274592045098,0.1527970663737505,1.1936354965232838,87,22,0.061375302946793,8.368984303707665,0.4765850047218514,-0.5692744766573954,0.12249496579170219,0.9163146947909772,0.5620520114898682,6.091547292403026,1.201526939868927,5.984784077088489,0.008166756480932232,2.5244351937075034,0.0272023975849151,2.268193109602441,-0.6394749283790588,0.10676321531453677,71,43,15,89,-0.17505584288870435,0.4523858092507243,0.19630003586559014,1.4128734042647355,0.23109940439462656,2.0645874982364454,0.14538670009933408,1.1613262032586986,76,17,0.056792805822109466,8.38725939708433,0.45006587756495264,-0.5896960173844725,0.11512874811887736,0.7415320041897335,0.4794800877571106,5.667915680539276,1.005909025669098,5.319360119012732,0.008362240158021448,2.527464665113581,0.0008759200572967,2.1522419397810846,-0.5264289379119873,0.348555561526545,79,41,17,81,-0.33796663589543346,0.7156513190207913,0.1888077830672648,1.4139242425556693
Other,0.28044192386449995,4.732262352368054,0.6818347132951019,7.636544911343673,0.14825717359781257,1.5475287009405911,0.12488261987920848,1.1469133331537436,62,20,0.05353180373914241,7.924268294533136,3.302659831411698,0.7927369518772007,0.07076354324817649,0.7330078552875754,0.573870062828064,6.409248647932525,1.3758784532546997,5.815115980542499,0.019314396940171726,2.379387484681521,-0.00847811996936795,2.029757074742922,-0.8020083904266357,0.594132667390026,86,38,13,74,-0.08342838556635385,1.2684104639450442,0.18246207541246867,1.5042551287178927,0.23726055026054377,1.7981939376052396,0.1487441656977171,1.1025343630856235,77,26,0.06337684091159787,8.92001856223515,0.9651176314028982,2.7666029259267084,0.11812329292297355,1.0502185213404203,0.6463590264320374,8.08753335442299,1.2858339548110962,7.412488469772324,0.03453457443974912,2.652048099766651,0.0272023975849151,2.7684930902701854,-0.6394749283790588,0.6750448846506649,70,41,16,90,0.19449623312555056,1.1647667622689801,0.196620219407269,1.373557220780862,0.23325511440634722,1.8691166691849377,0.15176432086154817,1.230704275196667,80,21,0.06398638536882928,9.212413136301194,0.6436026619581803,0.13874161359162374,0.11630974709987635,0.9160391389777067,0.6583043932914734,7.095297814554511,1.1847333312034607,6.941772962261759,0.0321078977547586,2.6051093268955037,0.03066290169954295,2.311953974524565,-0.5264289379119873,0.1535248522927516,69,39,13,91,-0.3219130531349518,0.741277187299435,0.19800406261580986,1.5575039426027952
Other,0.18843259725125977,3.2530356063491,0.454723673071712,5.173274495249855,0.08587868511676777,1.028738939316686,0.06853231205604968,0.6561876515497244,69,19,0.016645373126637,2.333255817346215,4.051280909393869,0.9929960456700528,0.042789623141288646,0.4347941615470578,0.5177820324897766,3.9156046808596754,0.7523897588253021,3.603013505246876,0.019274864345788952,1.295901824939305,0.0086457729339599,1.0124168352103227,-0.2346077263355255,0.31259117561279903,73,45,16,87,1.2803648968814003,1.201972688596462,0.10047353446629861,0.8086372966078139,0.15331999957561485,1.24853062034495,0.11467021198302971,0.9619018549506434,73,20,0.04143984867688566,5.628583071890984,2.358091346208348,1.9792446218528923,0.0727785974740982,0.6253332614660021,0.6463590264320374,6.167747731164608,1.0726968050003052,5.81773858191523,0.025685417046770458,1.9897049164680565,0.004155620932578996,1.6976226985491254,-0.4263377785682678,0.3500091492493781,80,45,17,80,0.7536089763563266,1.4610693023633134,0.15937034839915307,1.2921522422972562,0.13395027816295618,1.5170722760885913,0.10394630742986914,0.9378322503711064,66,24,0.03553107223588923,4.903063583796374,2.213619913390427,0.4586428365739721,0.06350734829902646,0.6766819219980351,0.6583043932914734,5.276751131174144,1.044487476348877,5.156028197567148,0.036889146349858494,1.887667753842493,0.0141063779592514,1.6615241415024113,-0.3861830830574035,0.12072293360699644,72,39,14,88,0.8374997031711074,0.8193180181064588,0.14483514299210717,1.1574860841062464
Other,0.15092019602170098,3.0030692364390053,0.3534833399020133,4.6071844406965665,0.0587997287511825,0.6147037873462282,0.04559192156884816,0.3302701044362201,90,20,0.006740486285238687,0.9558622359226038,2.554981657336075,-0.9119935971035167,0.027190625667571952,0.2968525476331078,0.2175013422966003,1.6893150406011233,0.4521090686321258,1.3418865642746047,0.009006184153258786,0.8930612751789595,0.0176339894533157,0.8538563272110615,-0.2346077263355255,0.3474284763265185,60,43,19,100,-0.7409737124159175,0.4633733374733181,0.06448005942279024,0.3978740940276643,0.11421591043472287,1.7221789602980098,0.09553641725797202,0.8588716606836261,81,25,0.039444968850213404,5.532752077063944,9.205952465737992,-0.8644394297001119,0.058941274881362846,0.8588385498177304,0.8965806365013123,4.255896686096748,1.6202961802482605,3.8899270049754584,0.01383971236646175,2.110864318065201,0.0153805315494537,2.0898091470356954,-0.7237155437469482,0.36596968112128975,72,46,18,88,0.33345111441544956,0.18151962265718716,0.15689300249516117,1.0377879878776188,0.09871199540793886,1.2654957078538216,0.07745655090766375,0.6500021277649762,71,30,0.021824428695145608,3.1495410409442086,3.6923213156656,-0.9646517034245892,0.05342102050781245,0.4741387711644971,0.485483705997467,3.146925798511945,0.8716667890548705,2.92873636252597,0.013886991597246373,1.6032588474524052,0.00372662954032415,1.81936694043858,-0.3861830830574035,0.21818943598597504,74,37,15,86,0.633737260591771,-0.16023510242984307,0.11632710072728804,0.7609875879472627
Other,0.11565273302554482,2.6654863869656107,0.2683789537800474,4.08787107967525,0.0383122731000184,0.547726818362867,0.034979339337442045,0.2972770918141965,82,26,0.005103930890985075,0.6834761252676921,6.709710503842798,-0.6694938747799699,0.01980077475309375,0.2544875972639718,0.2878009080886841,1.6017697612264374,0.5157751441001892,1.5422856135577698,0.011024846788495761,0.7489172234028998,0.012573197484016349,0.8073316714100515,-0.2279742360115051,0.059484147668667504,52,38,16,108,-0.3336784855850191,0.13238963634517892,0.05556714617010829,0.3501415681666246,0.06430354714393605,1.438455262088849,0.06991435161326078,0.717664883826224,75,25,0.03196567090880091,4.411415301360406,14.967894064837612,-1.1267983089190863,0.032635211944579995,0.6944269315882676,0.8965806365013123,3.478193357757492,1.6202961802482605,3.016043110816538,0.013895544782280911,1.9296753234152009,0.012130588293075499,1.9899581248549052,-0.7237155437469482,0.4621502469409542,61,43,15,99,0.43370107005374947,-0.049661494920310294,0.14110242732474532,0.8293180617608946,0.06275129318237292,1.2868325890886911,0.05915744395388169,0.6558369271747222,68,25,0.017655556108067634,2.551361361876523,9.272442065308967,-0.7105514233701511,0.03128643520176405,0.670296007077922,0.485483705997467,3.3832757359877306,1.0351386666297913,3.2373924481972916,0.00869609859364572,1.4092785328571502,0.0033166948705911498,1.400277375720937,-0.5496549606323242,0.14588328779043902,74,39,16,86,0.21230151333919825,0.24137857893161824,0.10501440661533867,0.7518612762368614
Other,0.2217244175034238,4.867821505646009,0.5358170506218446,7.735297680275515,0.07665576785802836,3.0270297035366545,0.11991710111033167,1.7241198852749113,55,18,0.07939699219111186,11.872622708820433,13.301214812692777,1.2702476275051104,0.044249132275581346,0.7432750655075869,1.3155467510223389,9.448224689108931,1.8569289445877075,9.1154885893283,0.03278956525027751,2.7303862856029877,0.00886900722980495,1.6436486221210944,-0.5413821935653687,0.3327360997806307,62,38,15,98,2.507290958967854,1.3112066008022059,0.22102782096468124,2.1018119421612274,0.09658647328615187,2.003912762778715,0.12080123260559043,1.1488704023863974,89,24,0.06509658576801301,9.12142735908739,4.7291351552724095,-0.5548214258699518,0.04537886381149285,1.0144369938196949,0.5794044733047485,5.951540673884682,1.468364953994751,5.649807768382532,0.006358403386548153,2.6837093656700177,0.0119398236274719,2.6107868608898386,-0.8889604806900024,0.3017329055021503,67,41,10,93,-1.1717032391836426,0.3964870920078158,0.2022388818817662,1.385327181463794,0.07670108880847684,2.0925698153219146,0.09706738472337743,1.1594003672170532,57,22,0.049700949182302105,7.193320601170292,21.334842695769836,-0.8253242839014234,0.03856105729937555,0.9688251450990027,1.3625030517578125,5.3536007163172,1.9121580123901367,5.17304026050448,0.0159989819600014,2.321202029002509,0.00400036200881,1.9350946884958753,-0.5496549606323242,0.18056045581272057,78,38,13,82,2.5068996937608263,0.5277068375215007,0.17607067138922927,1.3436300613356817
Other,0.3195242361035186,5.596089418277773,0.7725225841160861,8.884237999556152,0.18211865052580828,3.139666144428861,0.14565606976684645,1.8811123523340576,75,20,0.08649980015113007,13.104041154630213,10.81140639866725,0.4257980417973628,0.08928045630455014,1.3396910516987584,1.3155467510223389,9.707993815929,1.8569289445877075,9.358017766400698,0.02554887500591576,2.822801237055978,0.006297245621681149,2.0236844401722385,-0.5413821935653687,0.349976049528301,78,39,15,82,2.215833398797943,1.0517569974534096,0.23183084286508446,2.266237924558111,0.27684082090854645,2.2147657351563086,0.17434328640520103,1.2030644396871049,85,24,0.0901617083535972,12.623964799032072,1.9814136237665183,-0.3460225089946536,0.14201341569423676,1.1379875920354805,0.5794044733047485,7.033861115157705,1.468364953994751,6.6732130907961595,0.02927069221623242,3.246843806717473,0.039034415036439854,3.1648603976888423,-0.8889604806900024,0.3606480243615451,67,42,15,93,-0.7593855540749942,0.28280901863242075,0.23631190197922178,1.442903355673019,0.2707618921995162,1.998299725089017,0.15988301940422386,1.4206916988355207,74,21,0.07753985010323572,11.123899278698236,7.692160537775187,0.44980417672448914,0.1304963678121566,0.9883944348468082,1.3625030517578125,8.297463448535021,1.9031640887260437,8.075982430271102,0.039483933249721305,2.8145929557827007,0.0192283764481544,2.463282686838604,-0.5406610369682312,0.22148101826391833,72,39,16,88,1.3647313736312916,0.8495771172657408,0.217251962997039,1.7894037476088613
Other,0.0069887174086114435,0.2815725293555883,0.016120028495788346,0.38633777927118096,0.00315672904253,0.03766259374395725,0.004440515283495177,0.023537431865497695,33,27,0.0007447833569107584,0.07049499347987317,147.93938783425386,-0.5461668416363867,0.0015652030706406004,0.019677565267406757,0.2693778872489929,0.32956739979420147,0.28757771849632263,0.12265616110209396,0.0029521092772483637,0.26391029372090974,0.0010872185230254498,0.2678287544075969,-0.0181998312473297,0.2069112386921075,52,39,16,108,12.099731994597457,0.08599929505706433,0.021439390043055614,0.02909210112756243,0.003070861101150375,0.0487971797558018,0.0026555613614618364,0.026195688816822132,68,24,3.958137838420541e-05,0.004120323643735627,31.976597213134283,-1.1523034033345636,0.0015245079994200999,0.023672720442007463,0.0215828418731689,0.11481376745276133,0.0621999502182006,0.11104128801939309,0.0007811617106199191,0.05687762443314603,0.000175803899765,0.053683949406939574,-0.0406171083450317,0.0037724794333682437,72,48,14,88,-2.771482185641212,0.0958058535454849,0.004927463569593915,0.029753310447370663,0.004348069429397525,0.06586558780640384,0.0033881068229674833,0.03429039324519909,80,22,5.070551913185225e-05,0.005897156481092961,13.752003815175804,-0.7025035831009947,0.0022078156471252,0.033065782372178436,0.0332986712455749,0.16474381223848958,0.06447964906692491,0.155309311159883,0.0006891660392284356,0.06554986111712516,0.0006821155548095499,0.058802622981145275,-0.03118097782135,0.009434501078606586,70,43,16,90,0.550157743610885,0.48215062898425876,0.005604670076772227,0.040004652087208124
Other,0.0037332698584547712,0.05293603289024417,0.008831146955489887,0.08462836267162463,0.00249496847391125,0.018666621731702398,0.0015754153486340933,0.012293856997063424,75,20,7.94829506901327e-06,0.0008831110190544274,1.127771401857891,4.991567286459037,0.0012558996677398,0.009937081522773736,0.0080631077289581,0.0970765153756299,0.0132630467414855,0.09471629604147097,0.0008201204240321953,0.024554965116731876,0.0006165504455566,0.02095994623575735,-0.0051999390125274,0.0023602193341589264,55,44,12,105,0.18071445852731885,1.7625921286957005,0.0020789660972289725,0.016738121375187476,0.0022698789834975,0.019190703075828913,0.0015664792805909645,0.0118920944428977,74,25,7.198014482696382e-06,0.0008496150998771966,5.025791618191963,-0.1280797939981424,0.00125223398208615,0.009828764910389746,0.0056898593902587,0.06475137112664824,0.0172570943832396,0.06267810085146591,0.0001703292131423952,0.025328389466793763,-3.299117088317871e-05,0.02424697992820947,-0.0115672349929809,0.0020732702751823187,80,45,16,80,-0.7187511880599745,0.5301106229062766,0.0021208155571043608,0.014425248243812219,0.003502696752548125,0.025338235331701014,0.0022659469721838356,0.01628078038673165,87,21,1.375457548132138e-05,0.0016381226035868906,0.5726665116276473,0.13105487759303136,0.00180456042289725,0.0127755887592911,0.007364809513092,0.08709800382186553,0.0168703198432921,0.08509178754830339,0.0002111192792654027,0.034745008088098994,0.00057795643806455,0.030757513838814414,-0.0095055103302001,0.0020062162735621403,68,43,19,92,-0.5667460509079831,0.8245125354324412,0.0029335685998988967,0.020758299943512384
Other,0.021823904520507007,0.4641238970064585,0.0514449185132978,0.7435483680082978,0.00652904808521265,0.20567615961002306,0.00980706922244277,0.12564322259173102,74,21,0.0004311832486906196,0.06746299607850126,3.6626610352347635,0.7233590808520551,0.0032737851142882997,0.10423862634378789,0.0640714168548584,0.6954231891700079,0.1125074028968811,0.6836205367535552,0.0009559864178299836,0.20367374919540457,0.0005397945642471,0.1678361498962334,-0.0484359860420227,0.011802652416452723,66,33,11,94,0.6933853233318942,1.1110367093974391,0.016439731605042963,0.16118312556588762,0.006412193179130425,0.2697191880177544,0.010424065613187813,0.1538559188426864,93,19,0.000634408319745779,0.09949961353641745,5.9392614909602255,-0.8690314367120844,0.0029582977294921285,0.09750012224696177,0.07815682888031,0.6395650219441528,0.15605968236923212,0.611888882801955,-0.000537792220711706,0.25986623568556033,-3.299117088317871e-05,0.1928739378354089,-0.0779028534889221,0.02767613914219781,80,36,11,80,0.04294106050202249,0.7103048586358878,0.019967671465821887,0.17879919766887742,0.007906869053840526,0.2737630183067157,0.012731749198865116,0.1530015773302963,111,20,0.0007544429049462202,0.11426793785877078,5.160790208179247,0.2052283179581753,0.0038822889328002587,0.12920417451932836,0.043007493019104,0.8423138725771305,0.1385890245437622,0.7926435681668572,-0.0032501840963959664,0.28000838312733295,0.0001406073570251414,0.24519718117135383,-0.0955815315246582,0.0496703044102733,77,36,14,83,-1.6923322983431661,0.9598370833014775,0.021537461736325744,0.18937593098698552
Other,0.07469763062533041,1.2878011180480675,0.1838741900492457,2.0883720722011305,0.03790407627820955,0.49517634701410407,0.04036892665550109,0.6057684981541376,88,15,0.007427817668411234,1.1839354267443334,5.93695010720606,1.983159688935162,0.01988065242767335,0.1393560051892349,0.1561123728752136,3.179051398518873,0.47025978565216064,3.1702449393936503,0.0011679125949740376,0.7065731848364359,0.004440426826477,0.3557714709493274,-0.314147412776947,0.008806459125222398,69,25,13,91,-1.6923788262587107,1.802219160545482,0.06833894088059739,0.8274598245319401,0.03962315618991845,0.46577777076996657,0.04291555307805534,0.5906674352690788,84,12,0.008608835102875568,1.3658403539359016,5.842559302078069,2.798178032333901,0.019823879003524753,0.21822744013515127,0.2125923037528991,3.3163159607561985,0.5368342399597167,3.234186752372089,-0.00011545866727829344,0.8104494671444616,0.00258868932723995,0.480567005339841,-0.3242419362068176,0.08212920838410952,76,30,15,84,-1.4146949999106646,1.9529188527495727,0.07358225523437689,0.8420285120713905,0.0457313358783721,0.42979924891146126,0.03142731949315926,0.31777770014063855,81,19,0.0032063516509019826,0.4959717394297946,2.4323986389263146,1.4170982216972217,0.02279785275459285,0.19763234754446402,0.1739643812179565,1.9350218633339693,0.3204678893089294,1.9019532586862362,-0.0022317934606689896,0.5713494202202328,-0.00213766098022455,0.4321313398728312,-0.1465035080909729,0.033068604647733015,85,35,15,75,0.20845342934007138,1.2937409664519974,0.044850430732246926,0.41174212736104415
Other,0.06532419360039243,1.2528178711754707,0.16263003964908399,2.033868311359958,0.028900772333145076,0.6127403656475725,0.036914091680664535,0.5901617558139006,89,14,0.007252887603089158,1.1551837882697413,6.5133372342478175,2.147460602310339,0.01366202533245085,0.20751003520751893,0.1561123728752136,3.207733257677999,0.47025978565216064,3.1547172375533266,0.0023880010470747844,0.7122850906031124,0.0038957446813582502,0.3456774530690798,-0.314147412776947,0.053016020124672665,58,29,12,102,-1.8109294006695302,1.7947905483960098,0.06749686004664118,0.8048811949438606,0.026601120829582096,0.4968311103519112,0.0380667950212955,0.587051295859787,78,12,0.008223527577937227,1.30557848613668,6.734707385563745,2.0112121338911697,0.013455659151077201,0.21872106348216458,0.2125923037528991,3.2136652606387437,0.5368342399597167,3.1534056904108354,0.0007022440433502146,0.7990049697401829,0.0002457201480865266,0.49089164480051445,-0.3242419362068176,0.06025957022790829,78,32,12,82,-1.534506237485239,1.7829678641264288,0.07191337618957262,0.8168044713804946,0.03028951957821832,0.4081317537113882,0.026333245372734338,0.28351960112323377,71,18,0.0026461303359829784,0.4078412680638807,4.189582398923175,0.6448245019649654,0.0149614214897155,0.20408874402392363,0.1739643812179565,1.5200118056594403,0.3204678893089294,1.4672117737357087,0.001177166792331266,0.5225782510166623,-0.00187346339225765,0.43107154769498635,-0.1465035080909729,0.05280003192373161,87,39,15,73,0.33161197863271097,1.1630489920782963,0.0407779165581697,0.36708750949636937
Other,0.01362077319449823,0.28621140649665805,0.03318552225828149,0.47208631225747455,0.006749987602233824,0.136260444198747,0.00713123350869862,0.09865475376098935,65,16,0.0002644771581526397,0.04017728656788511,9.3700669079145,1.7412299531826774,0.00345988571643835,0.05448774003919416,0.0683059990406036,0.5757539689159126,0.1177837848663329,0.5623815749049238,0.0024719063192605822,0.1529063370186016,0.0014230459928512,0.10666111210064073,-0.0494777858257293,0.013372394010988786,57,34,14,103,1.130493924060666,1.5360081431664792,0.012656582665713408,0.12960300408338893,0.0059225559234618,0.14518104108584487,0.0060850000381469285,0.08442021786079858,78,22,0.00025466009387891027,0.039229551978218036,23.83054897611278,-0.5993608618627762,0.00297090411186215,0.0694837411501256,0.092608094215393,0.39852099656124484,0.14112806320190419,0.3676586692615541,0.0006242930889129551,0.170475644966659,0.00050070881843565,0.14478581299604787,-0.0485199689865112,0.030862327299690757,71,40,15,89,2.5539007699808094,0.7208226349682316,0.012640070727190644,0.10083454988950787,0.008023053407669,0.15709959947049804,0.007323095563333439,0.08167719710514681,73,23,0.00020780172392572356,0.031476178197070624,4.969531173858689,-0.6734747531594696,0.00407001376152035,0.07604177868286745,0.0515968203544616,0.3934545160957335,0.08725345134735099,0.381472618055663,-0.0003561442717909759,0.14870433027221389,-0.0011167526245117,0.13064328798547037,-0.0356566309928894,0.0119818980400705,90,44,13,70,1.1623675739454038,0.5752613093281609,0.011426516164567272,0.09676363136717722
Other,0.006848631473816327,0.10159256124290479,0.016763463020324477,0.1608381960552115,0.0056781694293021,0.04370771855600355,0.0033485628245398047,0.0287952067054983,77,19,3.074842060172447e-05,0.004174265602161052,-0.21683400159565203,1.1867386508292688,0.00278317928314205,0.019540818955070743,0.0121275782585144,0.17646917779437526,0.0212141573429107,0.17297187226631683,0.0012941945344209574,0.05254709731722566,0.0011297613382339,0.04205543951885391,-0.0090865790843963,0.003497305528058441,62,37,15,98,0.02624814033417519,1.2367805765442585,0.004201565851642488,0.03759079894994343,0.00475336611270895,0.03304043893000388,0.002893698578700381,0.0203798291955813,86,19,2.3137989627137307e-05,0.002770218362154644,0.5032834430768811,1.9577056308872098,0.0023363232612609,0.01495206253331591,0.0127577781677246,0.13389087203391897,0.0218366980552673,0.1239467313675751,0.0007706683129072082,0.04516062838138237,0.000920832157135,0.03858786963141261,-0.0090789198875427,0.00994414066634387,64,45,15,96,0.09507693615303527,1.308639015604217,0.0037355762177922313,0.027032129149464443,0.005879968404769825,0.043996388204157744,0.003923836462199648,0.030036185747756905,79,20,4.2178969746515194e-05,0.005427158375647369,0.815593594969986,1.3483046764715354,0.0030018985271453497,0.02305922280236341,0.0165566205978393,0.19523366210685456,0.032061219215393,0.1921712056089792,-0.0008920341730117717,0.06313047035660345,-0.0010302364826202,0.05359748178274231,-0.0155045986175537,0.0030624564978753398,94,46,17,66,0.09607871366737886,1.082713202421829,0.005072171566821419,0.03796975227995808
Other,0.007065966959959936,0.10127936065878497,0.017078598141669996,0.16311345941688346,0.0057749301195144,0.029645121684481034,0.0034529711864888283,0.02444093973625554,79,18,3.279349790913546e-05,0.00394771839064753,1.3947433911513931,0.399992388652084,0.0029182434082031,0.015380157663952733,0.0205959677696228,0.1366290646909282,0.0292969942092895,0.13047048224052396,0.001292137801647179,0.05405424823171187,0.0012537389993667,0.04614280616230195,-0.0087010264396667,0.006158582450404243,63,38,15,97,0.3072957985812906,1.0503955488209893,0.004352553342407731,0.03202899684273618,0.004369378089904625,0.035965386108983914,0.0028097001230343783,0.02137057914227439,81,20,2.3366133632016334e-05,0.0028449914705862413,0.9559651442499901,0.19103638579390436,0.0022416710853576504,0.01810203160243811,0.0127577781677246,0.12504034402788333,0.0218366980552673,0.12087143211210563,0.000839104130864134,0.046618662760429454,0.00086468458175655,0.040708916756558564,-0.0090789198875427,0.004168911915777695,63,40,16,97,0.2659876514454953,0.7539120429622821,0.0037399408433860452,0.02591701666889129,0.006391465663909799,0.04533685660223381,0.004012233410030562,0.029215708139429718,76,19,4.334109691736577e-05,0.005395982522376981,0.03766084181988649,3.372704637431047,0.0032034814357756996,0.022660032847032108,0.0115809440612792,0.21645753647430227,0.0270855426788329,0.20691204145763464,-0.0011112984269857351,0.06244054842474215,-0.00131052732467645,0.05209065915597451,-0.0155045986175537,0.009545495016667639,96,45,16,64,-0.028802776183017013,1.5052771927965705,0.005100568608532514,0.0386931574673664
Other,0.007125932915318843,0.10819312027974094,0.01694444030523276,0.17683442515653347,0.005842864513397101,0.03716348029208186,0.003339236665051388,0.022032461969230935,79,23,3.1807258148103793e-05,0.0037880600269177378,1.8413129682528337,0.40561417290328805,0.0027862638235091504,0.01847579692071353,0.0205959677696228,0.13561034193126514,0.0294059216976165,0.12010883306692988,0.00137298312038182,0.0552988543492578,0.0012588202953337999,0.05015436467308078,-0.0088099539279937,0.015501508864335267,65,42,17,95,0.4773637945268865,0.8140502784177125,0.004255305671564828,0.027020302266579293,0.003707677125930675,0.03274907695801543,0.002944487798958979,0.022796309055831264,76,19,3.1549321652057425e-05,0.0037979208024810124,4.686105125600366,0.15867779127451342,0.0018722712993621002,0.01792124144633942,0.022286832332611,0.1315936745717503,0.0375526547431944,0.12192783854927905,0.0007751602679490937,0.054687123806644235,0.0005368292331694999,0.047395786227518416,-0.0152658224105834,0.009665836022471258,63,41,18,97,0.6641262867821368,0.7740887342774456,0.004386078902894828,0.028411956853370335,0.006394967436790375,0.052004322599752795,0.004036141810938676,0.028136348156637743,82,24,4.48914117464121e-05,0.005595549972447682,0.07709670248669154,-0.5334422356813855,0.0033706426620483,0.02642694875214033,0.0111854076385498,0.15336460221466264,0.026060938835144,0.1439422974262017,-0.001167724654078476,0.06684844700063146,-0.0009847283363342,0.0660043663601334,-0.0148755311965942,0.009422304788460916,92,44,13,68,-0.0835427310466467,0.3766725880387699,0.005182801891380567,0.0335683646615597
Other,0.006527252025901242,0.10146045281518745,0.015698800683021305,0.16309224746968792,0.004993073642253825,0.04491481594971872,0.0031826343620195547,0.027796591971324575,77,17,2.7887052396504123e-05,0.0037418406593480967,0.2564383713844163,0.18963388442632612,0.00249142944812765,0.01749790454746146,0.0119786858558654,0.14860542807864813,0.0207886397838591,0.1380500650604112,0.001173486933112134,0.051006850957852984,0.00088503956794735,0.03732727344871337,-0.0088099539279937,0.010555363018236933,69,40,17,91,0.014886242106215933,0.9969728014576145,0.004019116103662865,0.03376598606158969,0.0042915046215057,0.035731006037205706,0.002985785864293538,0.02138838484269963,73,23,3.032807778311003e-05,0.003654626363480713,4.8528858343633345,1.4521723413917158,0.0020368695259093,0.0183828603825172,0.022286832332611,0.1514867477309041,0.0375526547431944,0.14068181863902215,0.0007483869791030817,0.053905825985538496,0.00045818090438835,0.051428737651788535,-0.0152658224105834,0.010804929091881932,69,43,14,91,0.6367250099747102,0.9028699871676682,0.004302401323812948,0.027363996204822785,0.006245806813239951,0.04354058259463456,0.003536360021680552,0.023401682663856792,84,24,3.3880247632360175e-05,0.004197614114646721,0.2990969809637125,0.8460883210891255,0.00282955169677725,0.021451566913205898,0.0111854076385498,0.1531958654715994,0.0258335471153259,0.14229474488711216,-0.000769415125250809,0.05817957052629647,-0.0006359219551086,0.05627887810905982,-0.0146481394767761,0.01090112058448726,89,44,16,71,-0.06693692353695978,0.6811854708423294,0.004551110737077547,0.02850880018559911
Other,0.0047333250593039125,0.06965003409393952,0.011421709060668717,0.11114381157111639,0.003705851733684425,0.035149425244311895,0.002413263041526044,0.02127234349283252,76,19,1.7508389299009827e-05,0.0023348658035054937,1.0202825755224998,0.9744536720752031,0.0017911344766617,0.02016036003875131,0.0107261836528778,0.13186671135250427,0.0195307731628417,0.12771850405855426,0.0010272759944200353,0.04021245781644718,0.0008457303047179499,0.03593501968714616,-0.0088045895099639,0.004148207293950013,58,40,17,102,-0.07202570240719244,0.9407902785341277,0.0031543038132978932,0.026792238425819327,0.0031555145978927,0.026196736191257133,0.0020996071025728836,0.015637344899515918,72,20,1.2793669832298004e-05,0.0014907683354929045,0.18112231084769936,-0.527597534601782,0.00160500407218925,0.014269925014264963,0.00856214761734,0.07871383040817223,0.0143578648567198,0.07473786147692071,0.0008634511381387612,0.03366511826684296,0.00070220232009885,0.029821043478263056,-0.0057957172393798,0.003975968931251521,61,43,13,99,0.3318492212548864,0.5173426269061686,0.00270112872325731,0.01890577021896704,0.003616333007812425,0.03078517930689651,0.002450261567719239,0.016982662951211338,81,23,1.600898127247023e-05,0.001842473691764583,0.00538510308553386,1.5421743326797053,0.0018800795078277501,0.015377747226263984,0.0079668164253234,0.11207764117046197,0.0156950950622557,0.10773919461715306,-0.0004763547331094671,0.03726623548782623,-0.00040838122367855,0.03285881911527823,-0.0077282786369323,0.004338446553308908,91,46,15,69,0.16334467822060653,0.9691898891543584,0.0031369094213932547,0.02130026723612791
Other,0.00495766553432687,0.07101875528351874,0.01192681759595848,0.1138511699710104,0.004018776118755225,0.03286314328870458,0.0024313322990201073,0.022708457241359233,79,19,1.722909361004233e-05,0.0021950861182242214,0.29087394430334745,0.3979918237823692,0.00202424824237815,0.015486015482834339,0.0104144811630249,0.11638499797616914,0.0193205773830413,0.11176588300649065,0.0011809302493929648,0.03741339573861077,0.0011420994997024,0.027024034606815028,-0.0089060962200164,0.004619114969678484,53,42,15,107,-0.01710198554286401,1.1010562974305986,0.0030712441503877048,0.028201488214814528,0.00283701717853535,0.024079867517324178,0.0019830305362119904,0.013664575631524628,75,22,1.1917258032276482e-05,0.0012481835985368663,0.46656997261362987,-0.18851093591102686,0.0014271736145019,0.010560360493752502,0.0089722275733947,0.07705216778465704,0.0154838562011718,0.07199411234957705,0.0007615569978952262,0.03130636228551631,0.0007079839706420499,0.027338791005586213,-0.0065116286277771,0.005058055435079986,56,48,16,104,0.08888012299046974,0.7338127635739589,0.002628975879065657,0.016373615330307116,0.0043074488639831005,0.036247340765400954,0.0027393225999548638,0.01969975535180575,81,20,2.0686419806316813e-05,0.0026157048526552927,0.5933191200621764,0.48734880410088266,0.00224700570106505,0.018547930689928743,0.0091590881347656,0.12175113713593551,0.0214252471923827,0.11617108340514233,-0.0005960498005151695,0.045131411946883325,-0.0005209743976592499,0.040744684931755815,-0.0122661590576171,0.005580053730793183,93,47,15,67,-0.14361596825903694,0.8756264963203623,0.003557079858713004,0.024059520118572847
Other,0.0065033081334368,0.09756426907808584,0.015715681612491362,0.15406047815047214,0.004869781434535875,0.0370590291259913,0.0030451202881522097,0.028812227357251217,85,21,2.7107702531816165e-05,0.003743799314258913,0.3159275273935278,1.9155213146909684,0.0025416612625121,0.01793173118510706,0.0109961628913879,0.1697901893361771,0.020614445209503098,0.1653477933861488,0.0011988101527094664,0.048427974427887654,0.0014326870441436,0.0335933474496926,-0.0096182823181152,0.004442395950028284,57,37,17,103,-0.2073755143348927,1.4518403648479135,0.003950023428020109,0.03739693312386422,0.004612565040588275,0.03896383438225705,0.0028575823176651763,0.021303021673304053,75,24,2.534015140788829e-05,0.003205532667465346,2.025545305299306,-0.6549950216547824,0.0023259520530701,0.01796369718168746,0.0118017196655273,0.11476026256098557,0.0262876749038695,0.10267495666119038,0.0007717497646808531,0.050754602511041996,0.0006821155548095001,0.04784076994795794,-0.0144859552383422,0.012085305899795187,63,50,13,97,-0.2702616319822376,0.42193029630753365,0.003916357816461775,0.025089898194521974,0.0058957040309905,0.0505585783745592,0.003643804462626529,0.025818819353807837,82,22,3.299309591039134e-05,0.003993383117270429,-0.22725845413011658,-0.729123965429773,0.0030642747879028,0.025585439441233915,0.0124486684799194,0.12517206490936947,0.024714827537536503,0.11777676779510406,-0.00046411342918872866,0.054877901211542485,-0.00034949183464045,0.05157889541539844,-0.0122661590576171,0.007395297114265412,85,48,16,75,-0.0703123559336929,0.4678532826129105,0.004531403622086137,0.031333673194929024
Other,0.0055471098394403,0.0879991225044844,0.01346500307321525,0.1396739643482053,0.0036923214793204502,0.03704953753628398,0.0024998642201535057,0.022906027967290608,81,21,2.114052336458405e-05,0.0029189235351480946,1.3276679848607236,0.7103806038825127,0.00183564424514765,0.019170198769427466,0.0109961628913879,0.14089497075783977,0.020614445209503098,0.13789248286713324,0.0010408038273453546,0.04528102981008076,0.0010693073272704501,0.0430763632405614,-0.0096182823181152,0.0030024878907065366,53,38,16,107,-0.07860313091093525,0.881716594319938,0.003493685876279018,0.029471204157391857,0.003896370530128375,0.03541302231963524,0.0025995448231696675,0.01942981222079244,80,22,2.2631614125642837e-05,0.0030451366917653416,3.197972134933935,0.7206438499835808,0.0019829869270324,0.01784895205636785,0.0118017196655273,0.1259810935824196,0.0262876749038695,0.11672133848523912,0.0007470592856407059,0.04926991811067806,0.0007468163967132,0.04643159479175224,-0.0144859552383422,0.009259755097180477,59,48,13,101,-0.4832909285119231,0.8372433513617831,0.00369758190605219,0.024851797945670242,0.004572868347167875,0.035744025172315355,0.0029747102409600793,0.02101705380376311,80,19,2.378632556950986e-05,0.0027481794882459037,0.47646939814976097,0.19843432237143865,0.00225421786308275,0.015734918732554115,0.0124486684799194,0.11677045043492962,0.0237823128700256,0.10967049478862151,-0.0006986778229474931,0.045123016427446476,-0.0006808936595916,0.038604485603453864,-0.0113336443901062,0.007099955646308106,92,46,16,68,0.20022446862633003,0.8191709572940427,0.003803778694653765,0.026685068422889587
Other,0.007523446470216644,0.13129185927330464,0.01830608308315254,0.21277035516863038,0.00432341545820225,0.041747737812274185,0.003697536382824141,0.03693675488743593,81,18,4.936253888335014e-05,0.007475364216464447,2.5540965084751504,1.3959551743080114,0.0021771937608719,0.020678465754142544,0.0222271680831909,0.22481228275507484,0.036643475294113104,0.21714313876571997,0.0008221074938774029,0.07112404944351587,0.0008356869220733001,0.05598110882258919,-0.0144163072109222,0.007669143989354867,64,36,13,96,0.6596531790843525,1.3580639902525269,0.005510490950115069,0.04916028689115592,0.00403794646263115,0.04253188652704394,0.0034845322370528793,0.025283426470399942,82,25,4.6540987620815036e-05,0.00581696705559875,4.143281665100467,-0.6691099582462767,0.0019825100898742502,0.021582893022931947,0.0181074738502502,0.13496450813659489,0.041008830070495494,0.11628769340753671,0.000733911991119375,0.07018784907729048,0.0008190870285034,0.07168718396846976,-0.0229013562202453,0.01867681472905818,60,49,15,100,-0.627362376056607,0.21808833481117276,0.0053599484135601295,0.029843473281477198,0.005283087491989025,0.05405984353710067,0.003977746348828036,0.0327496782340412,76,23,5.301799052791206e-05,0.006971607887698977,3.260948018353143,1.7199950402273956,0.00267481803894035,0.027023920105068364,0.0199235677719116,0.22439407529148941,0.0435235500335693,0.21474687586338906,-0.0007814276963472283,0.07145845664782405,-0.00110793113708495,0.06603160011403168,-0.0235999822616577,0.009647199428100368,93,44,15,67,-0.20422400829690437,1.1419284737441788,0.005721029492201821,0.043189082662288936
Other,0.008881661482043491,0.1475553099534863,0.021386355161666634,0.23658277279441198,0.0058360025286673745,0.058523907985308724,0.004198694229125936,0.04080322157594619,80,19,5.642104704396123e-05,0.008360936219292786,1.4706333014921835,0.5999758448828438,0.0030223876237867996,0.029095853408944217,0.0222271680831909,0.22824927304417067,0.036643475294113104,0.21480323333337464,0.0012788861989974907,0.07556937623513012,0.0012692064046859,0.06576721914200695,-0.0144163072109222,0.013446039710796016,65,35,14,95,0.4565367624155054,1.1153385896855563,0.005817138373836986,0.05148014757871366,0.005553290247917024,0.042594651507805614,0.004155610329471486,0.0277977260890925,73,20,5.933800928548936e-05,0.007143801997461678,2.921796642173864,0.2781648751317025,0.0026782751083373,0.02197895956770284,0.0184587836265563,0.17321436007666927,0.0413601398468016,0.1671205848831997,0.000718365982174871,0.07634741120522193,0.0004041194915771,0.07099924310989181,-0.0229013562202453,0.006093775193469566,69,50,17,91,-0.5224612704377776,0.67796369787495,0.006066317450927805,0.03626120240315304,0.0069398283958434,0.05031385888952526,0.004795444966293826,0.033936661206814475,71,23,6.803961609488518e-05,0.009203489944240606,1.494173067702694,1.6329505838001461,0.0035877525806426503,0.025963461898380346,0.0199235677719116,0.23571547293445191,0.0435235500335693,0.2323044841778982,-0.0007055085152387568,0.08466598535405995,-0.00112217664718625,0.08026184877375442,-0.0235999822616577,0.0034109887565537136,92,45,15,68,-0.10562868371887257,1.0898698015541737,0.006503179119542934,0.04511275726739298
Other,0.005545182933668237,0.0865693824767279,0.013110288679599524,0.13669830879075542,0.003575272858142775,0.02802928266676588,0.0023361026076599667,0.01869849772646312,70,21,1.8427725824361055e-05,0.0020808565320177474,0.2883336807848549,1.7957933458474677,0.0018456131219863,0.01351347303214142,0.0106914937496185,0.120349644641555,0.014293223619461,0.11809783603453206,0.0016771769151091396,0.03854336545104034,0.00134477019309995,0.03311206133941866,-0.0036017298698425,0.0022518086070229424,51,39,17,109,0.6706743121066175,1.2309881257522353,0.0029595862766536524,0.024398063688032646,0.003343760967254525,0.031555870127850515,0.0023452129680662922,0.01739479243008239,75,23,2.1325559056463842e-05,0.002167873437540719,10.474657247331153,-0.44260365663777623,0.00169435143470755,0.013565267820276524,0.0184587836265563,0.09579682954468316,0.039254903793334794,0.09088823660949773,0.0006696648895740418,0.04153813254864727,0.00057452917098995,0.038027519107035716,-0.0207961201667785,0.004908592935185437,62,51,14,98,-0.5835555356477901,0.47395983413170034,0.0036001430224506096,0.021034661440387604,0.004441455006599325,0.03854973849120277,0.003130758022889453,0.02292435823541735,73,22,3.014074058412977e-05,0.003992782635424325,1.6842413287791347,-0.6029018369950752,0.00228804349899285,0.018443088583309487,0.0146123766899108,0.11528423887282732,0.030105710029601898,0.111686814063258,-0.0006972186267375864,0.056616810791067805,-0.0009320974349975499,0.051898486863847716,-0.0154933333396911,0.0035974248095693166,97,49,16,63,0.2909124731541896,0.42324408971353084,0.004297356104152659,0.028059211879038107
Other,0.004930940544504535,0.07042338548410135,0.01175301313400244,0.112398879777248,0.0037414282560347496,0.0353408130339201,0.002223739596083725,0.019863411732844324,82,20,1.4557350711470037e-05,0.001783119409938774,-0.14887116537061162,2.7382257873629987,0.0019014477729797001,0.01430276404952244,0.0082654953002929,0.13122826810873336,0.015010416507720798,0.12730596853279658,0.0012819539755582633,0.03438873698000716,0.0013117194175719998,0.024923927408108303,-0.0067449212074279,0.003922299575936787,52,38,18,108,-0.16724805819172442,1.3855740824061635,0.002738945892672546,0.024505798882278086,0.0030333846807478497,0.02078910694295535,0.001761385723948435,0.012341363675311943,84,24,8.889643403406608e-06,0.0010040828106433926,0.7685126871136809,-0.5165506448867703,0.00150310993194585,0.01025116513192337,0.0083397626876831,0.06449118815479345,0.0146405100822448,0.05863439864609062,0.000606836378574363,0.02816201780858604,0.0006690025329589,0.02497295980035697,-0.0063007473945617,0.005856789508702822,60,51,15,100,0.09768309013919234,0.48342504781436385,0.002284820400691096,0.014525273270829541,0.004670947790145751,0.036269769824929785,0.002960936669260219,0.02206942761003816,74,22,2.5849707254649912e-05,0.003186665020501217,2.348404703822978,0.12053554735187033,0.0021909177303313498,0.019562498502205518,0.0112528800964355,0.12907919319961825,0.029897034168243297,0.11956427894614048,-0.0005065508186817093,0.04984812498865479,-0.0008194446563720499,0.04381876091864046,-0.0186441540718078,0.009514914253477766,95,45,15,65,-0.1339169065578414,0.6814418574579882,0.003999933748161913,0.02649206401201436
Other,0.004672308789282577,0.06727854323674244,0.011345161795615916,0.10613438755958568,0.00399598479270925,0.033387747071370405,0.002244946998544,0.018693562165233043,87,21,1.391215754834322e-05,0.0016572210678153943,-0.33334686058107943,-0.44838328979828024,0.0020202398300171003,0.014982195859128928,0.0069314539432525,0.08642040428487226,0.0136763751506804,0.08426910718725178,0.0012176517397165152,0.03389122520468536,0.0016742050647735,0.028357694518513575,-0.0067449212074279,0.0021512970976204715,53,38,16,107,-0.3274070452815537,0.7483171082186819,0.0026940274418776424,0.02255229305282932,0.00303608179092395,0.022319242396335145,0.00185727290809151,0.01389309259675535,80,23,9.927778157070303e-06,0.0011113509978433866,0.41383698585290096,7.147051616303207,0.00151410698890685,0.0105528996561477,0.0083397626876831,0.11641534292898999,0.0146405100822448,0.11627509970963278,0.0007388796657323761,0.02729602235029689,0.00074070692062375,0.023682096309972284,-0.0063007473945617,0.00014024321935721403,61,49,15,99,0.07353022583518494,2.0303081649039214,0.002386317009150747,0.019138394961320006,0.003607958555221425,0.02836727898591377,0.0025861067976802156,0.01792771041686926,74,22,2.159861942171614e-05,0.002548057555780127,3.91393354552583,1.7540431953504143,0.0016999840736389,0.014991540638474896,0.0112528800964355,0.12813452709847883,0.029897034168243297,0.11768766366633054,-0.00046277754008769,0.04494714000460342,-0.0006942451000213001,0.04155058087420298,-0.0186441540718078,0.01044686343214829,99,43,17,61,-0.21547750006816,1.1425019486475125,0.0036562996845318075,0.02297416290502674
Other,0.0035688667041311644,0.049829478253932365,0.008668367564677955,0.07872517365500553,0.00284986943006505,0.02176720188350239,0.001663428584579347,0.01315083969098368,77,21,8.762285363834423e-06,0.0008847042983271195,0.18447296514057143,0.6124320906532823,0.00143377482891075,0.008966091899216721,0.0076987743377685,0.07228132354128358,0.0120680630207061,0.06988181137002178,0.0011198183521628211,0.024758774140613688,0.0010261833667754498,0.02017050560067485,-0.0043692886829376,0.002399512171261796,48,42,15,112,0.29736855435659637,1.0843386538359834,0.0020613081785236928,0.016483549416955023,0.0023439377546308746,0.014513139069301899,0.0015570644149556412,0.010745315546855936,83,19,7.446698492792079e-06,0.0007773406419718804,0.5754310454304399,2.627399932544934,0.00121080875396715,0.007268017561469825,0.0068351030349731,0.07956262728118631,0.0116555094718932,0.07747287662007371,0.0007931593805551336,0.023739312587978584,0.0008518993854522,0.020722191686476606,-0.0048204064369201,0.002089750661112601,52,49,16,108,-0.12761535754334205,1.357821465942576,0.0020125604968526463,0.014621411690466901,0.00275129079818715,0.017409512999465866,0.001842643390409604,0.01169042670394982,75,17,9.850301823597045e-06,0.0011372973439845344,1.1802641677071222,0.3471639200354617,0.0013220906257629499,0.0071772789598298255,0.0064177513122558,0.0758763283320215,0.0159670114517211,0.06981630517919353,-0.00034646280109881523,0.03022708692641326,-0.00049114227294915,0.026972030934938437,-0.0095492601394653,0.006060023152827965,97,47,18,63,-0.08668854968515957,0.8272402139928261,0.002464623086946022,0.014953947971274709
Other,0.003582585430191286,0.049939246247099896,0.008721680641174082,0.07883502023823119,0.002746947109699225,0.016857565907325234,0.0015936699789017128,0.012611196212906114,78,21,8.276555106281047e-06,0.0009177441486344467,0.8487190182211841,3.318598004823097,0.0013625025749205,0.00858540563314844,0.0076987743377685,0.08919842896746279,0.012735694646835199,0.08744113009122705,0.0009767603129148283,0.02496348726834519,0.0008727312088011999,0.02117914806740158,-0.0050369203090667,0.001757298876235742,47,43,14,113,0.24448452326772716,1.583870245828941,0.002060417307072943,0.01716299659260044,0.002280518412589975,0.014982818808906236,0.0014332879893481387,0.009138702345458084,92,19,5.996332187372126e-06,0.000628648673621497,0.14912456070279312,-0.41485861704413596,0.00110727548599245,0.007272619757520574,0.0041587352752685,0.051157455907935426,0.0089791417121886,0.04776630560217631,0.0007283832877874165,0.022307008323040972,0.0009958148002624,0.020082270633149716,-0.0048204064369201,0.0033911503057591137,48,50,16,112,-0.6299344833812746,0.5698668209428364,0.0017992773960269878,0.011447534813106175,0.003088697791099425,0.020542007641277803,0.002011670288629788,0.014192151367935269,81,22,1.1313948260287199e-05,0.0013578558990043974,0.736748019423199,2.190422343346386,0.0015545785427093,0.010969514765486056,0.0058189034461975,0.09891681501258673,0.0153681635856628,0.09285996305606628,-0.000527659431099885,0.03156452464684503,-0.00048747658729545004,0.027870546520534424,-0.0095492601394653,0.006056851956520442,93,49,18,67,-0.4372382599098438,1.3061556988879168,0.002614481814276634,0.019014117986988252
Other,0.003869076977280439,0.05350195379733771,0.009465542733669056,0.08709315536673454,0.0028192996978759,0.024319815999556117,0.0017149918107315638,0.014886242057346961,78,20,9.70457238948587e-06,0.0011069377683527316,0.05602222278713942,0.777789617997438,0.0014410316944121998,0.00911062825408419,0.0076265633106231,0.08302841234901397,0.0126634836196898,0.07680372927963183,0.0011027691885828756,0.027729888548422885,0.00107361376285545,0.02101712593817579,-0.0050369203090667,0.006224683069382135,44,41,14,116,-0.0446299806276094,1.1606073970268216,0.0022090170522765865,0.01838453288622741,0.0025279372930526005,0.01694221442923822,0.0015844684606417681,0.01050245309863598,91,25,7.669567219856527e-06,0.0008231177110740423,0.6701196148943258,-0.3065759623763782,0.00135487318038935,0.008611244397170141,0.0087672472000122,0.057220149513881643,0.0133548974990844,0.05641764648434019,0.0008515115827321853,0.025643659804068197,0.00110271573066705,0.025088690222316676,-0.0045876502990722,0.0008025030295414574,53,48,14,107,0.11292296260588092,0.4339616180820381,0.002023362302127004,0.012865474065391418,0.0033741891384123247,0.02085832026699682,0.002117578396573622,0.01450554233741743,86,22,1.1645096114811462e-05,0.0014960703672887007,0.026657783277767688,0.8550597136227251,0.001801073551178,0.011102747818537706,0.0066590309143066,0.08867782510159203,0.0141285061836242,0.08086543154028633,-0.0005266379565000513,0.03371960701424344,-0.0002417564392089,0.030196736491099777,-0.0074694752693176,0.0078123935613057015,87,45,17,73,-0.11598783763441771,1.112892737901516,0.0026542170143520837,0.01894883822543443
Other,0.0039838980336028215,0.055362063960156326,0.009582783281802901,0.087358145179551,0.002612657845020222,0.016612746287009497,0.0016019967687316006,0.012564450086152265,73,23,8.97006242605662e-06,0.0009261314442232277,0.21156920969716042,0.21969765468810376,0.0013349652290344498,0.008885130137693265,0.0077492594718933,0.06780265521634676,0.0113692879676818,0.06489086458777137,0.0012241041287779585,0.025680561958772618,0.00107002258300775,0.0243690355102277,-0.0036200284957885,0.002911790628575394,41,39,16,119,0.23098293786174606,0.8355764899792578,0.002033148711658195,0.016329120665390044,0.002713963389396575,0.017093020467839698,0.0016296904254704408,0.010464151342460695,79,21,8.383863537772826e-06,0.000819312407793933,0.6047024748419023,0.6619574469984584,0.00136816501617425,0.007750594781387954,0.0087672472000122,0.06452592021476253,0.0133548974990844,0.060939024437412476,0.0009356416761874979,0.025339375824558676,0.0009090900421141999,0.02282654783031344,-0.0045876502990722,0.003586895777350052,55,49,15,105,0.24152857871038233,0.9150106537908658,0.0020956953460692152,0.013312717251399294,0.00409285724163045,0.0308603688990866,0.0023242712020873557,0.01646286044916537,86,23,1.4266432159075373e-05,0.0016839086003336745,0.5141387627218985,-0.9352782913797086,0.00196897983551015,0.015365607203506996,0.0081311464309692,0.07549675990637435,0.0191264748573302,0.06983530408664926,-0.00038138031959533404,0.03633820739621971,-0.00024849176406855,0.03373149881094067,-0.010995328426361,0.005661455819725094,85,42,15,75,-0.17070737678575437,0.25509919531665703,0.002970897693993106,0.019064188510476875
Other,0.0041003507656472505,0.05327060401348586,0.009763414263725047,0.08394495202335736,0.00297541916370385,0.02240358103163772,0.0018124830909073124,0.01582091361884962,75,23,1.0706877945931546e-05,0.0011843213021631098,0.19923257684602858,1.0672692658941605,0.00151932239532465,0.01082319206303551,0.0077492594718933,0.08940396879992703,0.0126503109931945,0.0868428384235695,0.0012514129281043802,0.027461288879026612,0.0011150836944579501,0.02240363041664143,-0.0049010515213012,0.0025611303763575207,43,40,14,117,0.19558394195725448,1.2306987982398467,0.002271123491034225,0.020741237071731256,0.0026245415210723,0.02094455158469808,0.0016383942216634403,0.012370299407098679,83,22,7.887979352431936e-06,0.0008066431439351062,-0.1973417688190966,1.0425948781359802,0.00135868787765495,0.009801198222391661,0.0055626034736633,0.07396428636819898,0.0100510716438293,0.07119442144320953,0.0008896291255950734,0.02382547948640481,0.00096756219863885,0.01952061529115485,-0.004488468170166,0.002769864924989438,55,49,16,105,-0.07812652544261553,1.0213531731763001,0.0020407292109354412,0.015459290772154128,0.003896191716194025,0.02534785487241882,0.0022723724460228835,0.017950252171966167,83,19,1.4521902784174386e-05,0.0015807302609751315,0.9916123590763695,0.5238533853859089,0.00199708342552175,0.012441829630200229,0.0081311464309692,0.09434081500991276,0.0191264748573302,0.09157576796047194,-0.00042450763285159266,0.03265818365792592,-0.00031313300132745003,0.025752587702512583,-0.010995328426361,0.002765047049440816,90,48,17,70,-0.3937502186465307,1.1401495812925029,0.0029919779553487366,0.02267538976821151
Other,0.004274441568025043,0.057384928702942366,0.010241188704967267,0.09099421746179959,0.0037167370319365497,0.03030370317286487,0.0020657529728486867,0.018505790958375033,74,18,1.302126451823116e-05,0.0015127372410135775,0.026066188975840454,0.9294054722741354,0.00184601545333865,0.014205920978964323,0.0083125233650207,0.10853173689611453,0.0135006010532378,0.1047662324291547,0.0012337064370512814,0.03139383261371578,0.00101915001869195,0.02530373776774342,-0.0051880776882171,0.00376550446695984,52,41,14,108,0.07495072329472696,1.1095477283120143,0.0025802849535140546,0.022960063476296675,0.002925634384155175,0.02186025195731655,0.0017555043101310347,0.013306075958906642,80,21,8.72675974207449e-06,0.0009196139332077842,-0.0429280404115544,2.468640345844009,0.00146707892417905,0.011927022704992851,0.006610631942749,0.09018721588613882,0.011997580528259201,0.08914329925352693,0.0007609747350215742,0.025259214905866453,0.0007490515708922999,0.02172593573625414,-0.0053869485855102,0.001043916632611884,57,51,16,103,-0.14845753345933257,1.1742866222596167,0.002214904865615836,0.016780524292972433,0.003311708569526525,0.026434828034755106,0.0022356436355039054,0.01728837242609879,75,21,1.4916701429363503e-05,0.001652546530994898,2.3303715319951657,0.9811674377373936,0.00165563821792595,0.014034534671968876,0.0122188925743103,0.10799068861037998,0.0227869749069213,0.10292729677797995,-0.0003976274281740102,0.034341169942217344,-0.0005426406860351001,0.03293346389849122,-0.010568082332611,0.005063391832400032,92,48,17,68,0.11130782511318463,1.0346041550862617,0.003036852197117191,0.021753863518801576
Other,0.007488340963429349,0.12596472032866196,0.018069549798965225,0.20012096651281275,0.005245022475719375,0.054198394209671215,0.0038999755494296138,0.03180292146919148,83,23,5.314567883996026e-05,0.007539529344282309,3.195635044757987,0.9672017861321853,0.0026051402091979503,0.03073426801123798,0.0234964489936828,0.21213237622852874,0.045177400112152,0.20705967175191847,0.0009192213416099472,0.07733245424363094,0.00105771422386165,0.07424786619625981,-0.0216809511184692,0.005072704476610251,65,43,15,95,-0.18803467218942999,0.6089879113926044,0.005707422632591953,0.03948697082505866,0.0040203928947448,0.03078330068307004,0.0028523122193291383,0.01967877786650862,83,21,2.442860840840623e-05,0.0027885271837143903,1.22773562943632,1.9631968710871694,0.0020324587821960003,0.0157876503696881,0.0118654370307922,0.13948566016256822,0.0245924592018127,0.13070396191931452,0.0005608964711427582,0.04601546580296361,0.0006787180900573,0.04245137477180008,-0.0127270221710205,0.008781698243253694,63,50,14,97,-0.3457879529600943,1.1684864535142736,0.003879087671240599,0.025905676803563288,0.006233215332031175,0.05407326025813643,0.0043227851390838165,0.030635485400186173,78,22,5.619253149113425e-05,0.007293532134112619,1.3316025003154115,-0.7273987399545123,0.00312837958335875,0.028490490502823897,0.0179426074028015,0.1514653875894093,0.0374429821968078,0.14039582807859546,-0.0004127025604248031,0.07677304646621816,-0.000512421131134,0.07235407230527804,-0.0195003747940063,0.011069559510813834,85,46,16,75,-0.10847252654628518,0.319051335265433,0.0059304148383181095,0.03740897580004733
Other,0.0088806001341337,0.14347897576741214,0.02120392173528648,0.22791618816788944,0.005735367536544701,0.058849354941147555,0.004383972110226707,0.035909513029757215,84,23,5.9996221229327405e-05,0.008524318900990728,2.103913232882949,-0.4264983454644051,0.0029492229223251,0.033241452492571155,0.0234964489936828,0.18665090183301863,0.045177400112152,0.17689195151714612,0.0009735522791743213,0.08189497307232362,0.0013098418712615498,0.07176562340347165,-0.0216809511184692,0.009758950315872521,66,38,14,94,-0.12385974031412164,0.37716658373292467,0.006064627556519005,0.04263252615637641,0.004895776510238575,0.028701919532301813,0.0033815099624916467,0.02288810533429948,85,23,3.1821203162429357e-05,0.0037971973244026124,0.7276725736428067,1.8952104098080236,0.0024933516979217,0.01520070961544048,0.0118654370307922,0.15683407828782278,0.0245924592018127,0.15346515951356252,0.00039580650627612666,0.053144727179761354,0.00095301866531365,0.047199104272755324,-0.0127270221710205,0.0033689187742602746,68,46,15,92,-0.46966154313369096,1.1476733485723767,0.004455972086010356,0.03119030774762163,0.00906266272068015,0.054016471080936754,0.0053027200000360175,0.03248813596761894,79,22,7.640086856387204e-05,0.01026711515821873,0.3216172567246285,0.8636982806980651,0.0045717358589172,0.030083561513696636,0.0179426074028015,0.21988388827584102,0.0374429821968078,0.18518661883718668,-0.0005372282117605176,0.09287648791580448,-0.0006000399589538,0.08518370500911884,-0.0195003747940063,0.034697269438654345,89,41,13,71,0.06610305402860045,0.8649299305962349,0.0069108922287314505,0.04051016107897072
Other,0.006678859624754381,0.09642692189905441,0.015784039795398476,0.15174338808669383,0.00430385768413535,0.039541658591756505,0.0028717328561469573,0.02518200938700603,82,18,2.4254405149628085e-05,0.00329303798859883,0.3263748950041827,2.4663863309359764,0.0023674517869949003,0.01923928806817832,0.0124748647212982,0.1628416752162367,0.0208847224712371,0.16019087377532754,0.0012250887230038515,0.04624456037654403,0.0014660209417343,0.039597359205185104,-0.0084098577499389,0.002650801440909149,61,32,19,99,0.11681921873496301,1.548826465641475,0.0037072983723897067,0.03397761946015353,0.0039344578981398495,0.028359914083431668,0.0026764631504192526,0.020051375775263728,85,18,2.1790780810170924e-05,0.002748237214408252,2.0688056286274046,0.30989752757806865,0.00197681784629825,0.014323728905088668,0.0130665898323059,0.1154867508651277,0.024887323379516497,0.10676127498316632,0.0007117565721273328,0.04610623066076711,0.0009114444255828001,0.038868779701223016,-0.0118207335472106,0.008725475881961393,62,49,15,98,-0.4864131341656969,0.9742301136954562,0.0036325074020644756,0.02494900215768941,0.006187275052070475,0.05349964346318462,0.004042536946944848,0.03707050897166477,81,20,4.6670874627600615e-05,0.0059101690201454025,0.9581618880419507,2.1461807987278343,0.00291454792022695,0.0223812943747839,0.0164796113967895,0.23209030664354766,0.0312721729278563,0.22846717005731032,-0.0004438009113073321,0.05939259704938269,-0.00037565827369685,0.040927776964451226,-0.0147925615310668,0.0036231365862373394,88,45,14,72,0.31629598659237373,1.489303773377933,0.0053994956571722565,0.04881278967519743
Other,0.0052492178838593525,0.07330985021685182,0.012589129209518206,0.11678113613842314,0.003628060221671975,0.028982447970167975,0.0022352732717990623,0.020045012902352877,80,22,1.6317278592783073e-05,0.002008563348836128,0.7839426822456077,0.44058767765487383,0.0017738044261932,0.014597028935791944,0.0088980495929718,0.1085187125479497,0.0166012942790985,0.10731573632910206,0.0013258352875709315,0.03687432604211886,0.0012947618961333999,0.032075461843281736,-0.0077032446861267,0.0012029762188476493,48,34,19,112,-0.2303314723071457,0.8971042007233628,0.0029143686390447716,0.02547248373786196,0.003658339381217875,0.026070193603324555,0.002266293019056286,0.017654099566736203,80,19,1.5418382551288418e-05,0.0017494415299768667,1.204140682746237,0.6245570150522619,0.00184893608093255,0.01224150220325321,0.0130665898323059,0.09816207221240224,0.0196046233177184,0.09556381538354619,0.0010279931128024903,0.03530276927316498,0.0009989142417907,0.02897422445336125,-0.0065380334854125,0.002598256828856048,57,50,16,103,0.2402757417051669,1.0035704551208282,0.002938312398817121,0.022431139329569163,0.0045323967933654005,0.02769855354665898,0.0029484685510396463,0.01873763261901487,80,23,2.4810205053817474e-05,0.0025714898395565997,0.9668902125022036,0.4534741024959388,0.002257913351058866,0.013876179367855426,0.0139359831809997,0.1110508681614455,0.0242118835449218,0.11008176728317068,-0.00027797855436802155,0.044604040823139283,-0.00018805265426631563,0.04297998757501681,-0.0102759003639221,0.0009691008782748226,83,51,16,77,0.08817115808561164,0.7415756943037582,0.003940322890954306,0.024124041572761483
Other,0.004192727647867071,0.05968495878778337,0.010053518712520379,0.09701416051247017,0.0030283629894256375,0.028883439384838845,0.0018719802331179148,0.016240762603746885,76,23,1.1723666974398858e-05,0.001314904805710145,0.4878236096712416,-0.7387496617457447,0.0015338808298111,0.01351089977874334,0.0097885131835937,0.07321098399965605,0.014302104711532499,0.0677777795569057,0.001276337914168811,0.031029667949545234,0.0010994672775268,0.025179361529359776,-0.0045135915279388,0.005433204442750351,44,39,15,116,0.08875358998410579,0.563550052252822,0.0023945963040721964,0.018763382228455243,0.0031332969665526997,0.01702211882412239,0.001833331249654261,0.01085433808020981,76,23,1.0016144603283978e-05,0.0010786767339611841,0.28814078887885675,-0.44245670609612464,0.0015518367290496002,0.008430678314873676,0.0082723498344421,0.062077596729409656,0.012990117073059,0.055361241297328036,0.000940003246068941,0.02992150837859874,0.0007720291614532,0.02836892207460521,-0.0047177672386169,0.006716355432081623,58,46,15,102,0.4349168737575041,0.4184240161582684,0.0023260048669205757,0.013541789775012369,0.00299568474292745,0.031083521053820957,0.002215624367818191,0.015545902279117493,81,24,1.4015032902250034e-05,0.0016237779126900382,0.7045434246224311,-1.0757637114496215,0.00151973962783805,0.01590799452250855,0.0087804794311523,0.07382286072967174,0.0172758698463439,0.06775628170277023,-0.00028495118021964826,0.03606298418432619,-0.0001837313175201,0.03427893679533189,-0.0084953904151916,0.006066579026901517,85,50,19,75,0.04532857048338387,0.13640779869639028,0.002955127451207171,0.01797885103145017
Other,0.003717541444350596,0.05275589815993034,0.008882687091827176,0.08384496742818195,0.0022502318024634716,0.023574262113294796,0.001631514257751378,0.013623948058955268,77,24,9.27726730816728e-06,0.0010373709587576077,1.4130853981753138,5.312637507474156,0.00113806128501895,0.01121032712507157,0.0097885131835937,0.10593521808929734,0.014675140380859299,0.10239033077276784,0.000999656692147233,0.026383945761310056,0.0009599030017852,0.021907348045919987,-0.0048866271972656,0.003544887316529512,47,46,14,113,0.1865700407526373,1.8280239938612564,0.0021975351693609858,0.0184731796077951,0.0026350170373916,0.01707116308724682,0.0015155631816014365,0.010706707960812942,73,24,7.09299705842858e-06,0.0007711440991751026,1.1805088757713582,-0.38329354960950734,0.0012721419334411,0.00861537683351778,0.0082723498344421,0.053884116114368295,0.0121544003486632,0.05239287836332677,0.0008566547185182419,0.024141710140107173,0.00063866376876825,0.023895090961113204,-0.0038820505142211,0.001491237751041526,59,45,16,101,0.6427511567257574,0.5794415988858457,0.0019293863474545982,0.013723043783583473,0.003348946571350025,0.026073774225438343,0.0020933130010962085,0.016051922796563298,84,23,1.1671862667625684e-05,0.001479026046892258,0.48453349470574336,-0.7116602975204951,0.0016732811927794998,0.012599828489327043,0.0087804794311523,0.07364811216346871,0.015476584434509201,0.07262616664461696,-0.00042629465460776596,0.033319311526764726,-0.000297337770462,0.028638574901746244,-0.0066961050033569,0.001021945518851746,88,48,16,72,0.19522756050986462,0.39032404347324556,0.0026754296963468296,0.01920545563829875
Other,0.003538732182908689,0.049369375757305684,0.008629562854766631,0.07805539687087198,0.0022123903036117176,0.022772685286083443,0.001446341164410088,0.012644890825920763,76,20,7.67821755898596e-06,0.000783337783099132,0.6462435750250948,-0.3364035505802381,0.0011029839515685688,0.009886814652514854,0.0069701075553894,0.06517360829279135,0.011856734752655,0.06442292858248992,0.001085218042135215,0.02375878564989759,0.0010171681642532002,0.019755907645471957,-0.0048866271972656,0.0007506797103014375,40,47,18,120,-0.040947682229465564,0.6768137103463924,0.0019089165883488452,0.014793846272736253,0.0023640990257262247,0.021964396482989527,0.0014682783884927334,0.01225070021485818,81,18,6.886774178447049e-06,0.0007541023464974673,1.9974365952050803,0.5938502945112241,0.0011977255344391,0.00991467375235738,0.0059691071510314,0.07028328504832171,0.013875067234039199,0.06908544036469953,0.0008389715105294991,0.022843933677641644,0.0008780360221861999,0.019549311030132285,-0.0079059600830078,0.0011978446836221801,53,46,15,107,-0.4608481924405282,0.9872365999902205,0.001903419145596458,0.015239981647921275,0.00332619249820695,0.022449126542506984,0.0019741482194512707,0.01393633606814347,78,22,1.0433717073361211e-05,0.0012763235147638893,0.14724339538298237,0.13616146089553105,0.00167906284332275,0.010857785477440296,0.0056304335594177,0.08262301942539581,0.0138356685638427,0.07992780269878239,-0.0005282346159219649,0.03145267754333275,-0.0005398094654083,0.02719195100376309,-0.008205235004425,0.0026952167266134208,95,47,16,65,-0.06757665527077365,0.5286286584633555,0.002506252078934259,0.01694262642328576
Other,0.003934855711316262,0.056917661551197075,0.009669565856456529,0.09119185436352771,0.00235389918088905,0.02158646861961374,0.0016611644485965142,0.014828520914972164,78,21,1.0731396299048215e-05,0.0012320324293321459,4.421552503765732,0.8117880508946422,0.0012176781892776348,0.010867709583647737,0.0069701075553894,0.08978406763734809,0.0179207324981689,0.08772000431557705,0.0011903623118996367,0.02928897000789362,0.00114285945892325,0.025144309064411105,-0.0109506249427795,0.002064063321771035,38,41,18,122,-0.8190663961985104,1.0461226397107097,0.0023072563146404297,0.01934395681366286,0.0026873052120208,0.01954388693158376,0.001691883802413906,0.0129500384935059,80,21,8.760741598265728e-06,0.0009865372452940837,1.2356094496946266,-0.5600850367464543,0.00134664773941035,0.009951499909442649,0.0079381465911865,0.0642305492097453,0.0158441066741943,0.061520049499436326,0.0007450081408023665,0.027272176920800292,0.0007747411727904499,0.023825044342621463,-0.0079059600830078,0.0027104997103089778,54,47,15,106,-0.12025737770130049,0.576140282279884,0.002225167959244217,0.015580937433115238,0.0034527033567427244,0.025820728576277208,0.00218717237934466,0.015926291297680816,78,22,1.3068961967519152e-05,0.0016159629189684062,1.1261521938636676,1.2513857565194675,0.00176081061363215,0.01189156175333809,0.0087344646453857,0.09689097511356785,0.0194844603538512,0.08623989047805755,-0.0005232073366641927,0.03463070743483379,-0.00054210424423215,0.029946323509144897,-0.0107499957084655,0.010651084635510306,93,45,18,67,-0.1480131406694529,1.2311877296847484,0.0028185111931607726,0.020412668162965716
Other,0.004519662589482244,0.06630831777403903,0.011001564860343701,0.10610878475290529,0.00281489640474305,0.027950778568511733,0.001999574876390364,0.017358868815199376,83,22,1.2987596555919717e-05,0.0016621732404001632,2.1637335590221776,-0.6500146905846309,0.0014853477478026,0.01487087370309818,0.0074080824851989,0.08209220313243273,0.018358707427978398,0.07852828840036738,0.0010312404483556563,0.03495817103737447,0.00119572877883905,0.031000385092876316,-0.0109506249427795,0.0035639147320653507,49,42,19,111,-0.6318360448326685,0.4796531501666332,0.0026642361851833443,0.02097854899943835,0.003180816769599825,0.02195663218925375,0.0019182388111948618,0.012695602265794232,79,25,1.0325420547516445e-05,0.0010916235061946074,0.11475370914705518,1.0203866827493853,0.0016059577465058,0.009371417100677097,0.0079381465911865,0.07970936405867099,0.012958705425262399,0.07450192406397252,0.0007396072149276605,0.028760217585368696,0.00071731209754935,0.02889557488686681,-0.0050205588340759,0.0052074399946984646,60,52,15,100,0.138919665769178,0.9093671823910159,0.0024379327276873915,0.016262637874491843,0.0038697868585585247,0.028062703219395475,0.002560352301225023,0.018237411347226465,75,22,1.8098539417578793e-05,0.002328671270465394,1.2467854185532001,-0.41420657058386645,0.0020124018192291,0.012483240115944077,0.0119553208351135,0.09360222069217859,0.022705316543578997,0.092281232903378,-0.00062890425324439,0.04239039613016212,-0.00082305073738095,0.038600534020801415,-0.0107499957084655,0.0013209877888005921,96,42,13,64,0.25540294558892807,0.3976385885419564,0.0033143206065507076,0.023059175752687497
Other,0.00411076357039488,0.058367119648806566,0.009855268001556169,0.0935002844273958,0.0027724206447599753,0.024093298362086395,0.001809796853922272,0.015454609086413076,83,19,1.063066459671768e-05,0.0012473128728467124,0.8989138935105268,0.2606073565734892,0.0013923346996307,0.011257380748015926,0.0074080824851989,0.08250339463876674,0.014211654663085799,0.0778878858852731,0.0010550376027822308,0.029375800412360847,0.0011459589004515999,0.02509128975268641,-0.0068035721778869,0.004615508753493654,49,42,15,111,-0.4333262468441302,1.0303335599063528,0.0023592048611810828,0.019605489613367295,0.002708449959754825,0.014713866941595554,0.001624445430934394,0.009390425620431016,78,26,7.828294989024908e-06,0.0007763770017777676,0.5797232390732381,0.01225405782521749,0.0013116598129271498,0.007152281131593073,0.0068632960319519,0.05443870230154717,0.011837899684905999,0.05075854550741136,0.000732533633708942,0.02526013444433335,0.0006580948829650499,0.02705853994362465,-0.0049746036529541,0.0036801567941358118,58,52,15,102,0.07711619028475614,0.5099375216066973,0.0020936751338048354,0.011760212992627778,0.0035468190908430498,0.022984940593268076,0.00234365449286993,0.015458465510201911,75,21,1.5737349328687923e-05,0.001861532396806007,1.6611926330316047,0.06680689165561171,0.0018069744110107001,0.012525862227881122,0.0119553208351135,0.09101966376832461,0.022002458572387598,0.08148872213701758,-0.0005125425755977543,0.038864349570701597,-0.0007013678550719499,0.034258289623374794,-0.0100471377372741,0.009530941631307036,93,46,12,67,0.38955388086394777,0.7547870354131823,0.0031037641482446966,0.018737521961356397
Other,0.0036819978965206323,0.048782045785477256,0.008739073872565992,0.07714067218480516,0.0029674693942069,0.022494538242958037,0.0017072381824254656,0.013689126292165961,78,26,9.392662462932271e-06,0.0010422601712193158,0.49166726821064755,-0.7373395816894042,0.0014631450176237999,0.012200221713167713,0.0064354836940765,0.06537371179730962,0.0132390558719634,0.06377727111905845,0.001122975349426248,0.027669366143826465,0.0010911524295806499,0.02832581147293431,-0.0068035721778869,0.0015964406782511638,50,38,16,110,-0.33534140107627214,0.2751858604539637,0.002153678241103446,0.016633290366556624,0.00216031074523915,0.014395315314322997,0.0013506091758608487,0.010173683115587577,73,19,5.5417879826789035e-06,0.000567611469229853,0.3913113767482108,-0.7599612135486944,0.0011040866374969,0.006450904147534053,0.0059090852737426,0.045052107078162186,0.009836256504058699,0.042856359930048875,0.0007024914026260221,0.020427032279762895,0.00054544210433955,0.016643744583719297,-0.0039271712303161,0.0021957471481133125,57,46,15,103,0.3520042441435732,0.6804782114890549,0.0017288155885696276,0.012261640243922414,0.0033779889345168248,0.024664695828570404,0.0021008198522030836,0.013627556759072115,79,21,1.1519035201459002e-05,0.001161896109244165,0.6945276764096238,0.6254509704754265,0.00169298052787775,0.012675618661256256,0.0087600946426391,0.08567181526536015,0.0172153115272521,0.08408264237857048,-0.0003572896122932386,0.029044273761215798,-0.00037214159965515,0.02640350181574548,-0.008455216884613,0.0015891728867896645,86,48,16,74,0.06131137804708969,0.8341697475100187,0.002667623941486444,0.01784170033734779
Other,0.004056429455902047,0.05775006376542671,0.009761905968189006,0.09255458044108673,0.0030542984604834253,0.020648132946031725,0.0018042792356572745,0.014102096525086412,79,20,1.0153502915537202e-05,0.0011745898802425904,-0.40661899331390794,0.6884803910139619,0.00155271589756005,0.010652852196216289,0.0064354836940765,0.08325827618189004,0.0105141401290893,0.08056684491123749,0.0011640099808573508,0.028761078415015743,0.00112067162990565,0.025714499726455127,-0.0040786564350128,0.002691431270652553,48,40,15,112,-0.08466576088406345,1.0780135043182182,0.0022410734370192846,0.0186384078892996,0.002384439110755825,0.020576973085423608,0.0016583565622567762,0.011722466680163723,80,19,9.14292737409254e-06,0.0011285290827950008,6.326453753813141,-0.38655024188716247,0.0012074112892150502,0.00991908986782659,0.0059090852737426,0.06316535778687947,0.0189105868339537,0.061011802818684235,0.0005715031176805361,0.030115453099709644,0.00057888031005855,0.028376238154353143,-0.0130015015602111,0.002153554968195236,61,43,17,99,-1.1178579631513839,0.42427052330628096,0.002328432689109236,0.014885851248557782,0.00401456654071795,0.025511038948118916,0.002278008116409135,0.01619519660734345,79,21,1.235046483223773e-05,0.0014963710052173355,-0.4162278526727605,-0.7051973871116335,0.00200834870338435,0.014515338831849453,0.0069619417190551,0.07735547781094942,0.014667809009551901,0.07279710613245303,-0.00042338743805884647,0.033678048926361344,-0.0004315376281738,0.028060869237037406,-0.0077058672904968,0.004558371678496388,89,45,19,71,0.03691561487531267,0.484315690120778,0.002754487905231746,0.019030502508629334
Other,0.004069402238773774,0.05813291726610517,0.009830278754234086,0.0934987350095434,0.002789951860904525,0.020772217130482676,0.0016373114241286853,0.012723385432987596,79,18,9.045411819048332e-06,0.0009664706675340758,-0.21004376388624912,4.8141396117408215,0.0013855546712874,0.00896329902536323,0.0065074861049652,0.09843758588859715,0.0104562044143676,0.09385314559526678,0.0011882003396749287,0.025801477691611514,0.0011301040649413499,0.021459542147680463,-0.0039487183094024,0.004584440293330362,44,40,14,116,0.09214569771136091,1.895509622956854,0.0020659716436592533,0.017342272528805137,0.0024872869253157997,0.01838302825667664,0.0018495796620845426,0.012134742030322615,82,21,1.1149337659119521e-05,0.001325048837511936,4.66795609013213,2.079631405227718,0.00119927525520325,0.009996595490279554,0.0080300569534301,0.09206775332719105,0.021031558513641198,0.08634932027488901,0.0005349576473235964,0.03268330496568361,0.0005792379379272,0.029851013818961082,-0.0130015015602111,0.0057184330523020535,58,47,16,102,-1.0720962828488656,0.9828568419842991,0.00259310286974921,0.01602655340464871,0.00394421815872185,0.02156429952602086,0.0022775254910811305,0.014230408543431834,75,20,1.31401016188089e-05,0.001556941827422614,0.5203810542668994,-0.16657240603819945,0.00199514627456665,0.010113282250738547,0.0103365778923034,0.0788856006626632,0.0172957777976989,0.07390739719860583,-0.00036863721907138245,0.03501395235224829,-0.0005342364311218,0.031758928184796385,-0.0069591999053955,0.004978203464057379,90,45,16,70,0.37982703624836434,0.7103766307189164,0.002850871231719334,0.01819244260942167
Other,0.004589705688067143,0.0664215570415712,0.011011165380477689,0.10476759911975979,0.0030765607953071,0.016615615347453736,0.0018158477824181027,0.012817569185701396,81,20,1.026314348374384e-05,0.001147578220184892,-0.12929856549000895,4.079643075180867,0.00153122842311855,0.008845437798143521,0.0082749724388122,0.1003405693021721,0.0129527747631072,0.0976630105397694,0.00119053497910498,0.028555390430032242,0.00119364261627195,0.02552901961561152,-0.004677802324295,0.0026775587624026953,52,37,16,108,0.15151436597011916,1.8371667051173803,0.0022424360385608286,0.01822547386416372,0.00261834263801565,0.025224268670908892,0.0019053172320127178,0.014206563887040398,80,22,1.1852420072919452e-05,0.001247882726625438,1.5051499881964912,-0.3548949458658579,0.0012385249137878,0.012102910843238725,0.0092613101005554,0.07020248660367472,0.0180851817131042,0.0650094284640874,0.0008111294358968596,0.030717721034613593,0.00084534287452695,0.027769896523217978,-0.0088238716125488,0.005193058139587309,51,50,17,109,-0.20431672365174477,0.731989440502105,0.0026062009428982204,0.01744432116951232,0.0041869729757307746,0.041338995268474454,0.002797395414672752,0.02267793308119542,79,21,2.2090359824282332e-05,0.0027900540141094156,0.9641993252834515,0.5529880407399039,0.0021332204341888003,0.01805739530909014,0.0103365778923034,0.13409872206532525,0.024299740791320697,0.12956701878129273,-0.0004920322448015152,0.04549448765511395,-0.0005163550376892001,0.035627386926772996,-0.0139631628990173,0.004531703284032515,91,46,16,69,0.012090091655056381,0.8600970855227132,0.0036945486491597786,0.02683850977808007
Other,0.004467651487023867,0.06556323335088708,0.01084352970123268,0.10360829425194507,0.0029034912586211503,0.019743844924006267,0.001788394153118105,0.013293637139512678,80,19,1.0277838627050452e-05,0.0011629680080924932,0.10607302915026917,7.526012885155792,0.0014515221118926499,0.007850327521207285,0.0082749724388122,0.11759830261694304,0.0129527747631072,0.11600473131751865,0.0011673953384160798,0.028242980629943258,0.00117659568786615,0.023039101755396627,-0.004677802324295,0.0015935712994243866,50,38,17,110,0.08530561770094842,2.21665318623407,0.0022566936945328537,0.01911287663406906,0.0026495456695556,0.025260121133539468,0.0017624530009925023,0.013323636021924632,84,22,1.0381992562038244e-05,0.0010904115488992421,1.383158273126786,-0.9874008938825489,0.0013212263584136499,0.012978899496994866,0.0092613101005554,0.06112468389439218,0.015475690364837601,0.055828641133367655,0.0008929241448640705,0.028933407257815524,0.000972181558609,0.027335424957674857,-0.0062143802642822,0.005296042761024523,53,50,18,107,0.11487543260778517,0.41514414501372454,0.0023931625501602436,0.015914442916817116,0.004287078976631125,0.032022482935964124,0.0027247472573071327,0.018612881114190852,79,22,2.129039205982468e-05,0.0026845665597916425,0.9267281246958055,0.017581298461039285,0.0022700726985930997,0.012549241079773791,0.0095220804214477,0.11257816853128158,0.023485243320464998,0.10832342414742863,-0.0006467781960964108,0.046431906364186294,-0.0007241666316985501,0.041184106772588124,-0.0139631628990173,0.00425474438385295,97,46,14,63,-0.09950066960403901,0.6240346422081919,0.0036012818126722563,0.02299227329297993
Other,0.0037504058440088147,0.049401030515044325,0.009123649895190948,0.07831628344181958,0.002320609986782037,0.016178791679402563,0.00156535055954007,0.01298622211562799,74,18,8.654557191069805e-06,0.000913797804962134,0.45795264155945015,5.343017092933575,0.0011711865663528,0.008720554442338432,0.0078339576721191,0.10415799617877387,0.0119652450084685,0.10260594637628377,0.0011214038357138367,0.023821683776037123,0.0010399520397185499,0.01981018472034965,-0.0041312873363494,0.0015520498024901045,42,43,15,118,0.2161497458485242,1.9931931938618896,0.0020439329904867044,0.018609814266580513,0.002861708402633525,0.019740428572482788,0.0016419678041711071,0.01087024044969674,81,21,8.252347914385595e-06,0.0007754380947748277,1.2586476201242345,-0.20784717848080714,0.0014244616031646499,0.010415221130703391,0.0086767077445983,0.05793236350739891,0.0132357478141783,0.05609660821382294,0.000770486518740641,0.024420990215439215,0.00084525346755975,0.023256028036197064,-0.00455904006958,0.0018357552935759677,58,52,14,102,0.3624659779715185,0.5873769332838087,0.00214307554718348,0.013381081109994431,0.003405258059501475,0.019782826145186477,0.0020325719378888165,0.01299523782292653,77,24,1.1533844087167839e-05,0.001198187080280904,0.38033021660355226,0.591011323862809,0.00171634554862975,0.010264585322788226,0.0066673159599304,0.08343504132981876,0.015216767787933301,0.08230845990121113,-0.0005607232451438785,0.030073609450343243,-0.0007245540618896001,0.029240611891267476,-0.0085494518280029,0.0011265814286076233,96,48,17,64,-0.18210034150051607,0.7183327076150376,0.0026339328027483785,0.017139576859103882
Other,0.003773056137520212,0.049648725238743315,0.009016275405883553,0.07864965853461584,0.002701103687286365,0.021575917520063936,0.0016048783436417348,0.014704036636607515,74,21,9.06991095931146e-06,0.0009476515049338662,0.30204637394634615,0.975407677604871,0.0012284070253371,0.011065364778118963,0.0078339576721191,0.08072227752494895,0.010838270187377801,0.07913760770116071,0.0012292042374610639,0.02447384316573027,0.0010173171758651,0.018023087062161748,-0.0030043125152587,0.0015846698237882402,40,42,14,120,0.4035538644060353,1.2193672696672488,0.002045458547947993,0.018673042216872538,0.00275026261806485,0.01638878450112907,0.0016146909072994864,0.011354576093790926,76,17,7.930803023654383e-06,0.0007384347656671303,0.8948047693399821,2.0220442898246125,0.0013878345489501502,0.008444859665434148,0.0086767077445983,0.07615371019573478,0.0135961174964903,0.07379118246463279,0.0007977254688739617,0.022594375302115288,0.00069248676300045,0.018445009755660588,-0.004919409751892,0.002362527731101987,55,50,16,105,0.18869277120829883,1.3868904403161042,0.0020850799037145486,0.01509731666139031,0.0033851116895674497,0.023154491357177016,0.0020457935752346713,0.013007453348780252,85,23,1.1242902866150602e-05,0.0012441995815725539,0.10860664615874338,-0.2795862589136848,0.0017593801021576,0.010958087773246198,0.0055858492851257,0.07377174532818487,0.014335572719573902,0.06843670821290151,-0.0004940886050462642,0.03158144006677027,-0.00032070279121395,0.02852212955526593,-0.0087497234344482,0.0053350371152833575,90,52,17,70,-0.43145733903745187,0.42480660927619707,0.002612536923001347,0.015710258587354666
Other,0.0036138066335577477,0.04794521933684421,0.00861436039209343,0.07436028491657116,0.0025424137711524,0.02612733295046523,0.0015350259141996261,0.014056393089317823,70,21,8.021868227769697e-06,0.0008316211328807431,0.1230607776240733,1.4560777190397687,0.00130043923854825,0.011185328787698906,0.0070908069610595,0.08174506580463525,0.0099878907203673,0.07945610022018809,0.001141483522951583,0.022903343455031592,0.0009004622697830001,0.01822616146517142,-0.0028970837593078,0.002288965584447168,44,42,17,116,0.46915787611247,1.202513545213612,0.0019323614149984194,0.017523070263558396,0.00244331359863275,0.014924750157808872,0.0014516949094831632,0.010132398586175847,76,18,6.637093199195211e-06,0.0006168731494258004,0.2801100125365523,0.9612682582301528,0.0012016296386718,0.005893770722742621,0.0058953762054443,0.05955036746927533,0.010814785957336301,0.057144370034888765,0.0008795771747827349,0.021142832052955265,0.0007174611091613501,0.017616688297594645,-0.004919409751892,0.0024059974343865584,52,50,16,108,0.04350293751048944,1.210312194589915,0.0018427562738676869,0.013032797175062913,0.00343710184097285,0.02887439566802282,0.0020486682280897736,0.014977717936695953,84,24,1.1450956152785044e-05,0.0012343915678942282,0.9474742073734226,-0.5903071958671751,0.00170937180519095,0.014573627071434295,0.0055858492851257,0.07624654169187048,0.0163424015045165,0.07222093251250176,-0.0005302570760250017,0.030314109408584304,-0.00037682056426995003,0.02955441256707477,-0.0107565522193908,0.004025609179368709,92,54,15,68,-0.6068471812714048,0.5065901040375012,0.0026303836731532172,0.017760809065428543
Other,0.003833294240891065,0.05352791695286779,0.009177166521548995,0.08224362798360346,0.0027110427618026,0.02230836277637977,0.0015950010484084218,0.013056530323582885,78,23,8.448317110927045e-06,0.0009341670599602556,0.49430988143055377,6.923894742542698,0.00136677920818325,0.010990796333721825,0.0061824917793273,0.10880918740039097,0.0119858384132384,0.10864897186671853,0.0010250484570860714,0.02452669937088585,0.00098617374897,0.02253733063474507,-0.0058033466339111,0.00016021553367244525,46,43,14,114,-0.25178307137343137,1.993116847741615,0.00206302552564224,0.018237545830797605,0.0023350417613982,0.01638456993729052,0.0014485620288177928,0.008830314884919775,83,23,6.335047313505713e-06,0.0005505228987752607,-0.11833640194612416,-0.44043234124015385,0.0012264847755431,0.0082364497050676,0.0058035850524902,0.045474395407453724,0.0097690820693969,0.04123928279419766,0.0008185397833585564,0.020836162432139996,0.0008778274059294999,0.019383470124121442,-0.0039654970169067,0.004235112613256061,56,51,16,104,0.057306874031081326,0.5460205523142995,0.0018193639621216715,0.010787828042601469,0.00330697000026695,0.02727984230391772,0.002298611318692524,0.017031624016087443,78,23,1.7704131407007754e-05,0.001816838559312842,5.144462634355767,-0.10317241793935183,0.0016832649707794,0.014293521329428282,0.0124896764755249,0.08809444169963145,0.029861927032470703,0.0827184721427166,-0.0004902962595224265,0.03688076618057762,-0.00057312846183775,0.033386620241298605,-0.0173722505569458,0.005375969556914838,92,50,16,68,-0.7177283703152532,0.7851600743341408,0.0033004199019725533,0.02136931550720341
Other,0.009225041204807024,0.17678366305382937,0.02222660183906532,0.27611331188382415,0.004297137260436925,0.07559375957014983,0.004005047492682897,0.0467266297966534,82,19,6.35554170300872e-05,0.009649623707391291,3.5697104805929474,-0.42609240948198224,0.0021923631429672,0.03458690446915546,0.0233176350593566,0.2052302097173719,0.046027272939681896,0.19686297911087255,0.0010223612189292786,0.08054997412025033,0.0011625289916992,0.061066659789493084,-0.0227096378803253,0.00836723060649935,58,39,12,102,-0.3713647693575217,0.8270552369861961,0.006238602744856799,0.05622566475034596,0.00379773974418635,0.04225345425979837,0.0035641497746109487,0.026134044534738398,84,22,5.7459435610098184e-05,0.006891391470158584,8.506027889871325,1.296426644854761,0.0019599497318267,0.022242904774799576,0.0289123654365539,0.17900954255383045,0.0600071549415587,0.16915652884364027,0.00043149515986441766,0.07543868026403695,0.000542402267456,0.07152953132705833,-0.0310947895050048,0.009853013710190183,67,45,13,93,-0.03714555399412179,0.8682912545122169,0.005995886152231017,0.034646745737211514,0.006495252251625,0.09831585788998316,0.00610097693279381,0.0585595813953537,78,25,0.0001475719686181511,0.01993856654225666,4.143481248594679,0.35669422940256723,0.0032871961593628,0.04886702104905207,0.045491337776184,0.34352885848758946,0.07941532135009749,0.33159728005456396,-0.00024102255702017876,0.1201246574995369,-0.00043171644210810003,0.12190949176957946,-0.0339239835739135,0.011931578433025496,86,41,13,74,0.27698696178417204,0.7388056170798853,0.009630893086762826,0.07422016709005458
Other,0.010732950104181821,0.18878052448677102,0.025868895351886512,0.29918348361667635,0.00656443834304795,0.08800108564003484,0.005147178974002561,0.05221164228713682,88,20,8.464032731091562e-05,0.013029335150371454,1.6004420148033889,1.9603097962167508,0.0034139901399612,0.03710642162053274,0.0233176350593566,0.33347943527574175,0.046027272939681896,0.3257521463486169,0.001026452146470533,0.09247859921125383,0.0014638304710388,0.07636094492077493,-0.0227096378803253,0.0077272889271248505,60,36,12,100,-0.4783724882795702,1.3392751397559752,0.007223065817859851,0.06691071542208869,0.0056707710027693245,0.04854013668055455,0.00418785532936449,0.029661036244305425,84,26,6.448039558488641e-05,0.00790252050552951,6.312666308600427,0.8326653589100199,0.0028091073036192998,0.02540331017038415,0.0289123654365539,0.2035332234242587,0.0600071549415587,0.1983589130525926,0.0004734579473733852,0.0804193784460464,0.00054761767387385,0.0816437853689254,-0.0310947895050048,0.005174310371666102,69,44,15,91,-0.04166592179020827,0.5970210675569367,0.006350443737291208,0.03788461529276866,0.008928462862968325,0.10489835018947674,0.006630059015005782,0.05738051949058736,86,22,0.00015246850655436972,0.02097256413264155,3.676567636107416,0.4392543529813109,0.00450959801673885,0.0495263819904614,0.045491337776184,0.32593300426979727,0.07941532135009749,0.2990676937954539,-0.00031821504235267557,0.12628550595937615,8.37445259094004e-05,0.10928181665350833,-0.0339239835739135,0.026865310474343394,80,39,13,80,0.286678058457279,0.909703290720045,0.00978724909325318,0.07088395528768074
Other,0.005672247708382304,0.09141410711788786,0.013596529066562424,0.14460564933084313,0.00337621569633476,0.05188340699382714,0.002783204598817945,0.0289823608617662,87,23,3.0460615673044227e-05,0.004366347175640403,5.4937881285671395,-0.6901530515604564,0.0017865151166916,0.025411979954020343,0.0125534236431121,0.136625525578856,0.0332380235195159,0.12847996363405076,0.0011621566489338647,0.056315358295295284,0.00137449800968165,0.049753295886319125,-0.0206845998764038,0.008145561944805228,44,39,15,116,-1.3104450198125244,0.5789323031216483,0.004218828919626057,0.03456772476910968,0.0035679936408995997,0.021174999486069455,0.00228605657350268,0.01548314276288119,81,20,1.5001685479738165e-05,0.001774401084424953,1.3993004406011504,0.7604578478668946,0.0018564760684965998,0.01277049223574527,0.0112501382827758,0.09706622408757165,0.0203710794448851,0.08915120446620531,0.0007772032171487695,0.036585180005904716,0.0008984804153441999,0.03473240909915094,-0.0091209411621093,0.00791501962136635,61,46,16,99,-0.11266218422684611,1.0596946477498577,0.0029710567899989223,0.02087883350095265,0.004800856113433749,0.03700933606536454,0.0030906404834240243,0.020087030843732704,90,21,2.4895658310377203e-05,0.003299694689101092,0.2352074255811636,-0.2440131417266005,0.0024000704288481504,0.016415875427974753,0.0078627467155456,0.12165276566468823,0.020840585231780902,0.10960931334574273,-0.0004465814679861094,0.05170511102964314,0.00031536817550655,0.047198313227100074,-0.0129778385162353,0.012043452318945503,77,47,14,83,-0.41742658818392725,0.5366982751019566,0.003931533723664861,0.025025510634417963
Other,0.004268649699087815,0.059562528308760514,0.010239069461822285,0.09361151727884515,0.0023738965392112272,0.018581188735667373,0.00148340519051996,0.011291861838963569,81,20,7.577072523829713e-06,0.0007645649251505075,-0.17516735726122734,0.6031378766066773,0.0011900067329406498,0.008708707429042506,0.0053295493125915,0.06436323833597939,0.0089603960514068,0.06185264739800976,0.0011366460472345126,0.0234431597856384,0.0011638700962066,0.021074602651288056,-0.0036308467388153,0.0025105909379696282,44,40,14,116,-0.028683568806797927,0.954328082246433,0.001861548983930333,0.01466230488073189,0.0029277503490447495,0.01442085083488347,0.0018174275755881899,0.009369984239126676,80,25,9.444711450896352e-06,0.000871068591095556,0.30067261920802313,0.7067138663042147,0.0014903545379639001,0.007302746269783977,0.0078356266021728,0.06282977507312515,0.0133913755416869,0.05650836458216243,0.0007946386933326601,0.02687445982460516,0.00082710385322565,0.026593531071910946,-0.0055557489395141,0.0063214104909627205,60,50,15,100,-0.02385875042375246,0.6067217404608947,0.002303182158277452,0.012199672136219043,0.004092082381248375,0.035139939241368275,0.0027251745155080723,0.020511921376751556,79,23,2.115922084566749e-05,0.00246949728455646,4.223864846449723,-0.4321410747247092,0.0022065937519073,0.019601678592975298,0.0075019598007202,0.10314441215869391,0.0272486209869384,0.09910334400929276,-0.0005616057664155902,0.0432938976686016,-0.0006474852561950499,0.039361035472455695,-0.0197466611862182,0.004041068149401153,87,50,19,73,-0.8913288068175399,0.49730891733037336,0.0036042060672589675,0.024395403444442423
Other,0.003950837837681314,0.05231024488466979,0.009503608047961961,0.08165553385057901,0.00266728550195685,0.015851608598900252,0.001472842507064313,0.011714745275340896,80,17,6.742865897661795e-06,0.0007267420668023911,-0.4447288249397743,0.5121030510930824,0.00133821368217465,0.008901099146207715,0.0054226815700531,0.06443776972372729,0.009019762277603099,0.06305309213544417,0.0009592132642865032,0.022340635911717737,0.00097076594829555,0.018879484802927254,-0.00359708070755,0.0013846775882831225,51,41,14,109,0.0025367540385784477,1.0839211011967107,0.001820691996347882,0.015087678875905966,0.0026748478412627003,0.01770455437939027,0.0016388705791905128,0.011244780609468435,79,17,7.84517248067803e-06,0.0007090196656037325,0.21224103642969538,1.9763289699973923,0.0013796985149383,0.008447408281377463,0.0065194368362426,0.07581568251344259,0.0120751857757567,0.074224830309822,0.0007441852241754463,0.022087406555348105,0.0007378458976745,0.01868502900520775,-0.0055557489395141,0.0015908522036205762,63,51,18,97,0.1429319635072932,1.2332730440166193,0.0020920745690722166,0.014871655498380057,0.003986656665801926,0.02685829955900642,0.0025152802467345754,0.021165006498905466,80,18,1.9375328182035966e-05,0.0021216158212237655,5.044181750724135,1.0202357708035636,0.00197198987007135,0.011907424099128264,0.0075019598007202,0.1257245895212122,0.0272486209869384,0.12264831306108552,-0.0006425924599170632,0.03722749138351317,-0.00061807036399835,0.029102533952691,-0.0197466611862182,0.0030762764601266913,89,49,16,71,-0.9143903731998567,1.2213788069056568,0.0034307752640522697,0.027124337900015526
Other,0.0037773169424609163,0.05377615492059637,0.009101281166076431,0.08528086359568254,0.0024385005235671247,0.020399866089659168,0.0014156989753246073,0.010973416242882944,76,27,6.769663876226877e-06,0.0006980807441954868,0.30587916957591954,-0.9814007066782007,0.0012277513742447,0.010630165327132351,0.0074478089809417,0.04984207756086595,0.0101146101951598,0.04725630543239465,0.001010261476039866,0.023264452888317067,0.00093513727188105,0.02522389728725645,-0.0026668012142181,0.0025857721284712983,47,42,15,113,0.43293707004302084,0.21497980438905817,0.001797387810421872,0.012523816351366809,0.00261928141117085,0.022535481601075304,0.001709366813302,0.013615082005934838,72,22,9.525518895898425e-06,0.0010652541524354246,3.259180376039682,3.7342103694272826,0.0012201368808746,0.011990967860979258,0.0116288065910339,0.10082692877885137,0.019069194793701102,0.09775802466542119,0.0007116965949535319,0.02732325575777742,0.00045058131217955003,0.024635884666059746,-0.0074403882026672,0.0030689041134301796,67,47,15,93,0.6244152541177673,1.4518497840234788,0.0023411951507198254,0.017851998409996222,0.003945454955100951,0.0304934108017065,0.002318736948072866,0.017392520181940773,82,26,1.5832299113824502e-05,0.0016313017096523832,2.583138982419003,-0.07136046942358876,0.0019211173057554999,0.017159775838253438,0.0132194757461547,0.09672797135504238,0.0245110988616942,0.09531410567496996,-0.0005449369549751289,0.034693154949588065,-0.000452309846878,0.03617779046669699,-0.0112916231155395,0.0014138656800724186,86,52,13,74,0.012939954001372402,0.4418568231051066,0.0031078283240579107,0.020680587740590357
Other,0.0036015034996189554,0.04899297557415668,0.008741450607776407,0.07735329356685533,0.002045929431915194,0.016557417949705423,0.0013134912517852842,0.010122618242062908,73,19,6.459602233261675e-06,0.000566174183579318,1.022988574591703,1.4566217351144024,0.00104966759681695,0.0072809311255400385,0.0074478089809417,0.057724830551450244,0.009851992130279399,0.054974165652284815,0.0010709410533308733,0.019793792735210706,0.0009399950504302499,0.015687157086249348,-0.0024041831493377,0.002750664899165427,42,46,15,118,0.7134825189664274,1.2769531599366681,0.0017054368572427029,0.013205300175870209,0.002770870923995875,0.01874996625748976,0.0016603266354649868,0.012834107506093997,75,22,9.211333482283792e-06,0.0009788188506668631,3.769205145780954,1.8153903237413767,0.0013831853866576,0.00867509504078394,0.0116288065910339,0.08650272084905054,0.019069194793701102,0.08587310617226288,0.000851687043905246,0.02624380720522728,0.0007294118404388001,0.02180164574430843,-0.0074403882026672,0.0006296146767876624,59,45,16,101,0.5563423031393865,1.1812100605311358,0.002250190791222369,0.017031777183891407,0.0032322704792022,0.020159575933082666,0.002149607725441409,0.014247345856262465,81,24,1.3628631961352844e-05,0.0013266287132589394,3.565842734930686,0.17349412700327482,0.0016328990459441501,0.010551946447403556,0.0132194757461547,0.08439576534860219,0.0245110988616942,0.08352309057050564,-0.00045416653156280326,0.031315693626417354,-0.00040477514266965,0.029999234609219307,-0.0112916231155395,0.000872674778096549,88,54,14,72,0.060301088825454645,0.5718913216956711,0.002892041169440645,0.018599893708172166
Other,0.0035075905141107823,0.04495363052309107,0.008462758362293016,0.07190287499197394,0.0024752095341682,0.017029780971515748,0.0016311725019477023,0.013742987303685244,77,18,9.21983017716037e-06,0.0009434641164025326,0.41589878919648227,2.33199524379803,0.0012447535991667999,0.008210381202036402,0.0078760385513305,0.09021312210370852,0.011831820011138802,0.088092104907418,0.001198419369757152,0.024565064470011902,0.0010716468095778998,0.018435287063650094,-0.0039557814598083,0.0021210171962905175,46,42,16,114,0.39539911026532837,1.5727489947956743,0.0020864787525448785,0.018439677979473802,0.00269268453121175,0.015028377857164425,0.0014117049286141597,0.008820410714261545,85,27,6.076763630140404e-06,0.0005297602511378323,0.012459829521844767,-0.674610840115546,0.0013670623302459,0.0073812661683045145,0.0058711767196655,0.04614117913307289,0.0099958777427673,0.04435543337529471,0.000776341184973705,0.020387653983806455,0.0008170902729034,0.021569638495180267,-0.0041247010231018,0.0017857457577781762,55,48,17,105,0.04640513728412585,-0.0025389255455425855,0.0017931446348133423,0.010681938783498678,0.0027642250061034003,0.022640472375281846,0.0018679247284307636,0.012263899139505737,81,21,9.929544476072446e-06,0.0009714236062799242,1.9612247287506932,3.2882093645070922,0.0013846158981323,0.009545062396924781,0.0050020217895507,0.09010691431648406,0.0165303945541381,0.08555146502309226,-0.00040415711700915615,0.026950156538155575,-0.0002510547637939,0.022232424522823622,-0.0115283727645874,0.004555449293391794,90,50,17,70,-0.6610644653889761,1.3689858080442574,0.0024658925840946432,0.015656074503170792
Other,0.003887599409318597,0.05166206064450161,0.009289173185825127,0.0820787496136658,0.00260709971189495,0.025208669785664474,0.0016172442259266711,0.015004800082324332,78,20,9.433739313502138e-06,0.0009600787516717739,0.3570572698996717,0.8659200610150894,0.0013263076543807602,0.010387929475423104,0.0078760385513305,0.08604905456002512,0.011831820011138802,0.0841507219575069,0.0012649210169911117,0.024857376115693986,0.00123116374015805,0.019289878830461377,-0.0039557814598083,0.0018983326025182158,44,41,15,116,0.18092232912908557,1.111754248402934,0.002079202046193104,0.01849836761216243,0.0027314275503157745,0.017187968690820194,0.0016063877474516279,0.01010981436624506,78,23,7.763420878710049e-06,0.0007451450826883306,0.09455500246971882,0.6554892339718892,0.00136590003967275,0.00877188745313949,0.0069238543510437,0.06564345395785028,0.011048555374145501,0.06173614517779091,0.0007734786719083703,0.024041111695026974,0.0007163286209106001,0.023174831051704026,-0.0041247010231018,0.003907308780059365,59,47,19,101,0.37838141010841847,0.6864127127684199,0.002068966574181029,0.012929425012566022,0.003248721361160175,0.01819234164509687,0.002212737128138505,0.013266061788603982,90,22,1.5015315087793767e-05,0.001415585446744217,3.0841840854338303,1.8429722358731286,0.0016954839229583502,0.00999528721643186,0.0131303071975708,0.09454397617904557,0.024658679962158203,0.08754429434066063,-0.0005793303251266429,0.03318026180294486,-0.00020876526832575,0.029564826055388287,-0.0115283727645874,0.0069996818383849324,91,47,18,69,-0.14561055990488259,1.2178118629968504,0.003017591743230826,0.01773853639487361
Other,0.0036643128530092243,0.0481713655285335,0.008719268441200032,0.07563118951909548,0.002178691327571842,0.01773617368383331,0.0012852080166339628,0.011065304890854069,80,20,6.448923469974695e-06,0.0005612811393820636,0.5568334934419887,0.40895104113432845,0.001126557588577208,0.009093267611990596,0.0067864656448364,0.059438079944984595,0.0105861127376556,0.057754806198847174,0.0011527691036462523,0.019154514334071573,0.00113105773925775,0.016913368879470474,-0.0037996470928192,0.0016832737461374195,41,45,16,119,0.21730596916237344,1.017517740855404,0.0016488457750345722,0.013942227942761164,0.002423763275146375,0.017301000436481445,0.001528017586097087,0.011256497525451624,73,23,7.0024434203472586e-06,0.000659098476038249,0.2232925481435757,-0.21313155887632895,0.0012145340442657,0.008813800626383168,0.0069238543510437,0.05832886610565039,0.0108817219734191,0.05616588882339772,0.0008028872311115183,0.021710812433037175,0.0007058084011077,0.01903208710099953,-0.0039578676223754,0.002162977282252666,59,48,18,101,0.5011943725988834,0.7919590976827422,0.001937877781539971,0.013701791836680608,0.0032959580421447,0.022428778472893984,0.002275740727782205,0.01338976324945443,86,24,1.5414635286105858e-05,0.001481156229826177,2.200686965326647,0.1228177676776081,0.0017578601837158001,0.009909328808963714,0.0131303071975708,0.08320245523138182,0.023800790309906,0.07837027082202837,-0.00041390955448150385,0.03476586275198673,-0.00017940998077385,0.03057003585944683,-0.0106704831123352,0.004832184409353459,87,49,16,73,0.1906302717044336,0.6431257116311436,0.0030858289912184225,0.01650730192781966
Other,0.003785974833700611,0.05126324308255645,0.009162468910217048,0.08042530762696028,0.002748697996139425,0.021120909555720553,0.0015318963676690697,0.011779537365443484,80,24,7.4159596999831285e-06,0.000822385860584322,-0.1688801126765993,-0.005293799911483266,0.0014130324125289,0.010639544137378358,0.0067864656448364,0.06402744160364578,0.0105106830596923,0.06385687739510253,0.0010181073099374566,0.024647733552116677,0.0010118633508682,0.023675452427842608,-0.0037242174148559,0.0001705642085432516,51,41,15,109,0.13978558391519566,0.6219115255572678,0.0019029093430165673,0.01465861832943965,0.002368092536926175,0.01675659418229067,0.001498984638601507,0.009655228123053826,78,27,6.592265525497724e-06,0.0006103509735824669,0.1482535761108168,0.21224818197187023,0.0012064576148986001,0.009139189386001865,0.0066162347793579,0.056430887734892195,0.010698914527893,0.05502874095922338,0.0008111037313938019,0.0212829976590992,0.00077635049819945,0.02227640726553408,-0.0040826797485351,0.001402146775668811,58,52,16,102,0.12134655276127106,0.6233598960543949,0.0018665615487981374,0.012545317222981836,0.00417988002300255,0.025110992783787783,0.0023777639120816695,0.014583979859549305,72,28,1.408792569257813e-05,0.001499401542831544,-0.09137301798227959,-0.8332007444852967,0.0020937919616699,0.013613312867873545,0.0084279775619506,0.07359713992797216,0.0161900520324706,0.06975740434980361,-0.00030017867684363464,0.034494576415744396,-0.0005901455879211001,0.03549558518010666,-0.00776207447052,0.003839735578168558,92,51,15,68,0.31592044810060727,-0.048823533995758416,0.0029613606119556772,0.01759334364837777
Other,0.004080252830827616,0.0543392368403392,0.0099553999304769,0.0873268419225594,0.00284294039010995,0.01358666580159544,0.001643443692009864,0.011573476563954157,81,23,8.815067479667981e-06,0.0009813519643606392,-0.07852003144471098,2.9278323042510808,0.00144101679325095,0.007540909702405708,0.0057881474494934,0.08829315965838147,0.010647028684616,0.08609112462680311,0.0011055747047066476,0.026982394206280867,0.00116005539894095,0.024787011627761393,-0.0048588812351226,0.002202035031578357,44,41,17,116,-0.25599700050431407,1.4062558138544483,0.002077037500133617,0.01591547571571456,0.002884745597839275,0.02162966983462386,0.0017080511897801993,0.011700659146657286,80,23,8.165139077042902e-06,0.0007875840057724867,-0.21312235542952207,-0.856840106303796,0.0015312731266021997,0.011440030746309563,0.0066162347793579,0.05485349627232735,0.010963499546051,0.052495590001101156,0.0008600536733865572,0.02442587345559518,0.00086152553558345,0.022835072864875863,-0.0043472647666931,0.0023579062712261963,57,49,13,103,0.07642022728095296,0.2388781991653647,0.002095462507790542,0.013818853487309919,0.0041415989398955,0.01966540805668154,0.0024502532742917077,0.013934947635562916,78,25,1.5189558988594866e-05,0.001636354081834634,-0.11905212694204481,1.3983296872159467,0.0020585060119628,0.012346837111367906,0.0084279775619506,0.0959423094234349,0.015596389770507701,0.09103658579821189,-0.0005022205412387752,0.035918574260683366,-0.0007053911685943001,0.03595890793028178,-0.0071684122085571,0.004905723625223008,94,51,16,66,0.16061361885800565,0.9523147514667339,0.0030494868352015465,0.018606722035716238
Other,0.003976646950750253,0.0523758703992873,0.009608304500579609,0.08323819936977106,0.002501279115676811,0.020937844691513177,0.001604201272129986,0.011639842971587962,85,25,9.122401353138495e-06,0.0009574454907713112,0.9142869274798282,-0.10498540138977974,0.0012593567371368302,0.01051073607413125,0.0057881474494934,0.06786499145337632,0.0119227170944213,0.0632460310079033,0.001113080978393533,0.027406471273738207,0.00118847191333765,0.026688980163710737,-0.0061345696449279,0.004618960445473021,40,46,17,120,-0.5846023965289826,0.4472984471544964,0.0021191078177847113,0.01436422023964662,0.003150954842567375,0.019748314399613602,0.0018374023959040289,0.012061291660650406,83,19,9.4386089111961e-06,0.0008598994356985904,0.4989555653139992,0.3261050778727208,0.0015330314636229998,0.010411187316472257,0.008724570274353,0.06340208909949523,0.015240192413329998,0.06130941723565873,0.000763639807701095,0.02501059212218383,0.00089859962463375,0.021414771437986795,-0.006515622138977,0.002092671863836497,55,53,16,105,-0.06251387847720333,0.889557571216532,0.0023128810346284448,0.015309138362309831,0.0037233382463454498,0.023126655394343366,0.0021422624960541338,0.014783353291565994,88,23,1.2432039001843637e-05,0.0012537732673339483,0.38830985740471746,-0.5943883171100142,0.0016903877258299502,0.011783111844870995,0.006678819656372,0.07158473440837215,0.015580654144286998,0.06921972105835168,-0.0005096908658742835,0.030821135973849022,-0.00017723441123955,0.024619379474130933,-0.008901834487915,0.0023650133500204683,88,52,17,72,-0.35368420009788143,0.4251311316092449,0.002749085995144746,0.017430744235845414
Other,0.0037776759755527357,0.05012666234940508,0.009075438082217944,0.08050132955147857,0.0024047344923018,0.011449710808738266,0.0015749520133249207,0.010696757599164218,77,22,8.487085906709608e-06,0.0009155259511700811,0.8415426006065836,6.906776927131819,0.0011529028415679999,0.0057862015315235,0.0067781209945678,0.09798027685615057,0.0129126906394957,0.09505397989848037,0.001010468788444976,0.02554701902107825,0.00090026855468745,0.022560448901192437,-0.0061345696449279,0.0029262969576702037,47,44,14,113,-0.17740981855161236,2.2129720277881564,0.002076131264078108,0.016213444122293922,0.0025139898061750997,0.014980689179308976,0.001695136982016228,0.009917177902769003,87,23,8.886361156008305e-06,0.0008007431140332158,1.1594585623883429,0.7458900005719538,0.0012347102165221,0.007771396473909172,0.008724570274353,0.0656248152860502,0.015240192413329998,0.06310162122251935,0.0007511731237172913,0.02507189559560968,0.00099733471870415,0.024223476666745264,-0.006515622138977,0.0025231940635308484,51,55,16,109,-0.15084344606797,0.8144260953493815,0.002240780335937017,0.013120334038280562,0.0037649869918822505,0.022329370546673503,0.002019417122937701,0.014062860650901794,85,24,1.0821780512379707e-05,0.0011862377988636074,0.19850251160891563,-0.34637471611019954,0.0018518269062041,0.011737211958742035,0.0046446919441223,0.07360801857282409,0.013546526432037298,0.07239135195280626,-0.0005904588848352323,0.02988241493479062,-0.00038239359855645,0.02752304228238517,-0.008901834487915,0.0012166666200178402,91,49,16,69,-0.5226189149286518,0.502224348446675,0.0025407315591982286,0.017125392740857354
Other,0.0036886277471656036,0.046871076548855105,0.0089072689414022,0.07407545657998514,0.00216441601514805,0.01975960794755685,0.0014011444081552093,0.012169907519744543,77,21,6.7988274517014455e-06,0.0007202783732344549,0.3575614479010625,-0.20354508382305259,0.0010879188776015498,0.008800039305938494,0.0067781209945678,0.06330174117080123,0.0104586780071257,0.060675488987881075,0.000987806729972342,0.02231926260137789,0.0009227097034454,0.017592555138204923,-0.0036805570125579,0.002626252182920153,45,44,17,115,0.263048309297483,0.8547108904584321,0.0018149636644933687,0.01490398906887646,0.002505689859390175,0.013197375688247158,0.0015766913210972784,0.00955447015308617,81,18,7.957728393641315e-06,0.0006182976129992378,0.27743508781495896,0.6890920578775432,0.0012982785701751002,0.005996058884577033,0.0066260695457458,0.05273191321534012,0.0122481584548949,0.04860725556962698,0.0009437341243028472,0.021444807513426357,0.0009730458259582,0.017673019997699296,-0.0056220889091491,0.004124657645713138,49,51,13,111,-0.08552080249105895,1.2194815225948445,0.0020269743597903394,0.012586415046045882,0.003779858350753675,0.016436172301165168,0.0021340414881705814,0.012840834046143407,80,24,1.1803788371124912e-05,0.0011942465949336576,-0.373856876990871,0.7075366157166312,0.00189164280891415,0.009471852787912054,0.0046446919441223,0.07749661135414929,0.0120527148246764,0.0743722601290417,-0.0006561487913131598,0.030311386465180893,-0.00065007805824275,0.027049176712736413,-0.0074080228805541,0.0031243512251075784,94,49,17,66,-0.17826648897084701,0.8392026289833162,0.0026439605313206232,0.016597181853920447
Other,0.008485056004368736,0.28424949930066545,0.019369736239313838,0.41530596151990956,0.003211664035916225,0.07709969514101425,0.004659406847786131,0.041991199388225736,124,27,0.0004586891091691858,0.06626345486408589,73.70453780340688,-0.5896939246179311,0.00168645009398455,0.04132667805745255,0.0093021392822265,0.357134570612793,0.1730251014232635,0.22221083251456433,-0.0012576753739267708,0.252262460521843,0.0008108429610729,0.25484094833872106,-0.163722962141037,0.1349237380982287,57,47,15,103,-8.522620978987925,-0.030040132472594124,0.01693788714733655,0.051255300950745486,0.005361523479223175,0.055192384665535846,0.004756049653515173,0.042810245308236114,74,20,8.416242921783927e-05,0.011837535737371657,3.810428766171409,2.039762079407013,0.0026761665940284,0.029891256663809943,0.0315713286399841,0.30111220691284674,0.05643342435359951,0.28603064894885627,-0.00011782310903071444,0.09234334935808482,-0.00075997412204735,0.07676372723190236,-0.0248620957136154,0.015081557963990478,88,44,16,72,0.8187280866013532,1.3654879578574597,0.007274501757854922,0.05753469880604531,0.0037210881710051857,0.04083211905645646,0.00285802112426607,0.022003405959612476,63,25,5.336998153278874e-05,0.005761120436106868,48.02157207166774,-0.03296752169299744,0.0018197894096374403,0.02132810724138139,0.0510711669921875,0.14637647767102546,0.0549288988113403,0.1367142641524782,0.002613402530550927,0.07070015163998185,0.00173947215080255,0.07090384762039023,-0.0038577318191528,0.009662213518547253,40,43,17,120,5.665476399796495,0.1419947132354571,0.005166546057067695,0.027615376046515126
Other,0.020508830151983726,0.44539624534384004,0.04815208777785278,0.6920231380055921,0.008394392207264824,0.28500790778191176,0.01314067463390527,0.1713729460487305,45,24,0.0008770174075183347,0.1334389305919865,9.027837541254288,-0.747723183741599,0.00443808361887925,0.15011501540836744,0.1219801306724548,0.7385682646049694,0.19123627990484232,0.7358337128141503,0.0038394927978515564,0.3026606401402016,0.0007764361798763,0.2682343172196,-0.0692561492323875,0.0027345517908190747,69,41,10,91,2.149033046514044,0.5230999947530833,0.023167840967569058,0.20453720322207847,0.012229416519403425,0.1607270759212781,0.010654591021593614,0.09168273115511301,76,20,0.0004178654998129917,0.061665850695283034,3.9162788321067525,-0.745667968613986,0.0061441734433173995,0.08422382919063853,0.0528348088264465,0.4476324100851572,0.1242427229881286,0.44076399623540286,-0.0006507160607725293,0.22239761854381498,-0.0009404867887496499,0.20881820979409743,-0.0714079141616821,0.006868413849754321,89,40,13,71,-0.4535462718007193,0.20790704391068693,0.01619822200015054,0.11047692049167013,0.0058253407478331505,0.1100290970866889,0.0067945818789302975,0.06269630356853421,76,22,0.0002301397117417625,0.03356496032810732,10.728160976933975,-0.7329319041643907,0.0029154121875762003,0.05001413366202437,0.0734418034553527,0.33048978532574813,0.1071197390556334,0.2841818396422143,0.0018684405833482593,0.16696487932157544,0.0016712248325347501,0.1527997114392047,-0.0336779356002807,0.04630794568353387,59,39,11,101,1.8590627111458242,0.6031619890476962,0.011883977887910721,0.07541677135252525
Other,0.024613715051561128,0.4676937126471855,0.05779105298221088,0.7306661706015821,0.0153288170695304,0.2947805105412752,0.014428177441586707,0.1728142012346295,67,24,0.0009273181393865197,0.13990784799358263,7.759190504721129,-0.21285937784200737,0.00773940980434415,0.15300821893647432,0.1219801306724548,0.8377873289268147,0.19123627990484232,0.8049423520749106,0.004460926027968518,0.3074881824227574,0.0021416172385215,0.2923633553837873,-0.0692561492323875,0.03284497685190415,70,36,10,90,1.8942775230818054,0.7184640821901421,0.02373170744391011,0.21297620915006374,0.020757589489221497,0.21656113243543448,0.013153465188224753,0.11317684602500902,75,23,0.0005264999001530819,0.07910251093085584,1.9051110739659656,0.003799126443312595,0.00996064394712445,0.10697334387522206,0.0528348088264465,0.6631399214018169,0.1242427229881286,0.6315670529283804,-0.00019398997537791208,0.24589723978078087,-0.00102990865707395,0.23036408042433576,-0.0714079141616821,0.0315728684734364,86,37,16,74,-0.38287335208298345,0.5625144948093583,0.018195992522651975,0.13651761204712373,0.010256811976432724,0.1408914094802945,0.008631944609805903,0.07986523428459871,70,22,0.0002768995784498771,0.040582004526817365,6.742236784434368,-0.6585706025681803,0.00511524081230155,0.07081811165304558,0.0734418034553527,0.4055772184742385,0.1071197390556334,0.3894906444909278,0.0020824160426855046,0.1772807483980438,0.0007657110691069999,0.15030829416363484,-0.0336779356002807,0.016086573983310724,69,36,16,91,1.4607667038994723,0.4396052717149234,0.013030232092473932,0.09567413848186375
Other,0.010126258584364242,0.17659091156437856,0.02393389776349044,0.27415330061305626,0.005537111312150875,0.05261684328336845,0.00407356005860489,0.050077922697936976,82,15,6.474272643910587e-05,0.009104739031301903,3.877122673798991,2.0365906660124926,0.0027485191822051,0.02708932327259405,0.0204769298434257,0.2751005622248479,0.0412414148449897,0.26872557116846973,0.0016816255636513074,0.06665048761769735,0.00192432850599285,0.046959470030515205,-0.020764485001564,0.006374991056378181,55,38,15,105,-0.7757012859300743,1.6766504103507116,0.006154108060944063,0.06828214650715864,0.0052473917603491505,0.10869999912988698,0.006251681642606807,0.07014628940390107,70,18,0.0001620915873112938,0.024449633017045818,3.2952997218334765,0.9947745665749785,0.0027440339326858,0.04444821226961386,0.0315862894058227,0.389041071933881,0.0728424489498137,0.3735275527937937,-0.00024400018155574182,0.12782172948192577,-0.0009273290634155,0.09864056759960611,-0.041256159543991,0.015513519140087289,93,38,12,67,-0.022496812243013326,1.2312611617689795,0.010093784424386963,0.09006241440964821,0.00562165677547445,0.07976261523474962,0.004284254210069741,0.047113123501038585,66,22,6.788567293160172e-05,0.009584909768328334,3.650819627888172,0.7794427113597497,0.00282377004623415,0.03458825135997669,0.0286639928817749,0.2659065105757034,0.046960473060607896,0.25546918076541425,0.0017065625637769602,0.07968108351343317,0.0009994506835937001,0.053547077681396965,-0.018296480178833,0.010437329810289171,63,39,14,97,0.9517104699253305,1.0601466626432374,0.006305927314341011,0.05688439767153751
Other,0.005174991167328087,0.08594155919365659,0.012291842922568089,0.13617864157965603,0.00354909896850575,0.02548381607012765,0.0020419906562892352,0.01648118202995217,75,20,1.2355093956940795e-05,0.0015960147415883781,0.4326776730995152,2.2672107807842705,0.00171472504734985,0.013892487194904237,0.0093848705291748,0.10884802377747407,0.0150162652134895,0.1046742070261444,0.0009863379877060562,0.03358508792229648,0.0008350573480128999,0.0281775424152566,-0.0056313946843147,0.004173816751329682,61,38,17,99,0.4683391593149576,1.3826907906298143,0.002606054121680518,0.02163461603172086,0.0036682933568953752,0.04526998422921383,0.0029711656272410907,0.027944963855711463,80,21,3.4947773547279795e-05,0.004878691627655719,4.870885340027363,1.0270506869997043,0.00179433822631825,0.024210821799705642,0.0193818807601928,0.1785051115368798,0.0332666933536528,0.16668429616839045,-0.0005688756704330369,0.059622253424928356,-0.0005740076303481501,0.05551149004725335,-0.01388481259346,0.011820815368489368,93,43,17,67,0.9518064541248176,1.096472209379362,0.004653394128954198,0.036385141530428836,0.00346256792545305,0.028892825075446715,0.002418250851333106,0.020633812002956206,79,22,1.9314302953432213e-05,0.002485826461049798,1.8324173587404884,-0.4084316210213892,0.0018167793750762501,0.013174846661475833,0.0131157040596008,0.10506558061751835,0.022627592086791902,0.10146027348702605,0.001040419936180099,0.0429713002324312,0.00100821256637565,0.03853658839341753,-0.0095118880271911,0.0036053071304923,57,44,17,103,0.49299407168088055,0.5249915289759423,0.0033253689560908063,0.025284260269662937
Other,0.005263723815273071,0.08542451697800559,0.0121141646057365,0.1330124919991995,0.0028987973928450497,0.01680013676934726,0.0018603876215638215,0.014842450679165276,77,17,1.0152061213189145e-05,0.0013751015964222771,0.4406512658940822,1.1200528177846607,0.0014093145728111,0.006676553304790493,0.0083179473876953,0.08881726401892696,0.0130142197012901,0.0849955181789006,0.0007230378221720338,0.03132979084093652,0.0004440546035766,0.025716313375946768,-0.0046962723135948,0.003821745840026376,64,41,18,96,0.4064055162806937,1.3007248579961197,0.002420510797165945,0.01983798886695542,0.0032850652933119496,0.05124052328775977,0.003001147694885683,0.03361160133761936,80,21,3.729738811620587e-05,0.005284030626288554,4.967464054373429,0.4757273337587149,0.00167176127433775,0.026183854894590085,0.0198018550872802,0.18463832265432262,0.033686667680740204,0.180866992844305,-0.00026226658374070496,0.05953613155172037,-0.00020904839038845,0.05158580612827908,-0.01388481259346,0.0037713298100176262,89,42,15,71,1.082215561784496,0.9572359583522989,0.004836141069016503,0.04170706973817269,0.003403365612029875,0.03365411358063194,0.0024486644053831382,0.021347714649755295,79,22,2.0925532022139814e-05,0.002606336478056948,1.344273849822617,3.3237870070984483,0.0017354190349578,0.01721305818645302,0.0131014585494995,0.15579905381223597,0.0209352374076843,0.1477879963610986,0.0013251442462205703,0.04214656960654264,0.0012499392032623,0.0360388550165161,-0.0078337788581848,0.008011057451137359,53,41,15,107,0.5976375705610611,1.5896264953714505,0.003375449691436277,0.028809775224006948
Other,0.005877579842314198,0.09640056271613208,0.013651325628161192,0.14786496956051368,0.00314338132739055,0.02536446308528805,0.0019325689307879246,0.015192767852840287,82,24,1.0410764818466136e-05,0.0013840119906459356,-0.0432137067275602,0.9998600657447789,0.0015756525099276499,0.013140399485545441,0.0073621347546577,0.09556718591841101,0.013235345482826101,0.09090616412883945,0.000661308364942659,0.03193471666477723,0.0007230974733829,0.030186899116280693,-0.0058732107281684,0.004661021789571561,62,41,17,98,-0.07023756456485743,0.9119833774059349,0.0024713501533322932,0.019083654319504307,0.0040852949023246,0.05056777728775128,0.0035143612790852325,0.03452884907840414,78,20,4.535490082185175e-05,0.006292581281469907,3.2856265264663147,0.43559312563159036,0.0020027458667754502,0.0249403039148597,0.0209330320358276,0.18902366737689705,0.0360828042030334,0.18242195832494257,-0.0003174137324094695,0.06611073618497247,-0.00039234757423395,0.05464481845150977,-0.0151497721672058,0.006601709051954479,90,43,13,70,0.7857715496551,1.006264645627961,0.005331389098714995,0.043840071196918434,0.004526972770690875,0.02753415022278311,0.0028852344304322866,0.0206531342998724,71,24,2.6041404471754518e-05,0.0032375941338318175,0.814398643310362,2.1844718090931865,0.0022212266921996003,0.013858685875275535,0.0143431425094604,0.15124676830179867,0.0221769213676452,0.14808950021281939,0.0014630496501922504,0.049819516710763984,0.00092208385467525,0.04755585422926044,-0.0078337788581848,0.003157268088979283,62,42,12,98,0.636433026188656,1.037041965194023,0.003771507016200783,0.027488359145968064
Other,0.005428052286343797,0.08964454475475658,0.01263634115457512,0.139143555821712,0.0028173718601464753,0.015251715205587178,0.0018475997203494985,0.013112184905496085,83,16,1.060845435518622e-05,0.001433580544216947,1.859380248523248,5.479034079975982,0.0015085563063621,0.0076216817253055,0.0114851593971252,0.1134127793922319,0.0173583701252936,0.10885220178561107,0.0007209531031548858,0.03213413162751036,0.00076762959361075,0.02805351430147789,-0.0058732107281684,0.004560577606620831,57,40,17,103,0.2659730638541422,2.127177345988713,0.002479705925969505,0.02002443828832123,0.00408124923706045,0.054316733435478826,0.0034594904864206485,0.03402726168542096,86,17,4.316278880410476e-05,0.006036003829297307,2.8493854065413498,2.750288919647023,0.0020338892936705493,0.017716957701617436,0.0209330320358276,0.22009869454512018,0.0360828042030334,0.21956121102294773,-0.00039238017052412006,0.0636500614923697,-0.00010380148887629931,0.0493728019551843,-0.0151497721672058,0.0005374835221724536,81,45,14,79,0.40240912759326897,1.5701256100045422,0.005195332283787386,0.04454967453657619,0.003550887107849025,0.02784414589555631,0.002456850786693359,0.018530402758081353,67,22,1.947486952754892e-05,0.002510594013407621,1.571730461920371,1.02763594289838,0.0017825067043303999,0.012408083401525084,0.0143431425094604,0.11911575053075338,0.0211759209632873,0.10891663813803892,0.0011128086596727297,0.04335936270183193,0.0006461143493652,0.041920896731990884,-0.0068327784538269,0.010199112392714451,65,45,18,95,0.8259640680923307,1.010252873726909,0.00331695857379955,0.025110947403445504
Other,0.004952107794395201,0.0780947828648954,0.011575057879090082,0.12061613186681841,0.0029151961207389255,0.017786081244292908,0.00177814333932471,0.014144071757150545,76,18,9.614207689468128e-06,0.0011842898657488542,2.0895076624020996,3.8657762526879997,0.001488983631134,0.00903857997474036,0.0114851593971252,0.10402055171303343,0.0168815776705741,0.1003548816909812,0.0008168858010321695,0.027841438189322148,0.0007243864238262,0.02242909316713141,-0.0053964182734489,0.003665670022052233,57,40,17,103,0.5343546232593788,1.831234579198055,0.0023184417655759447,0.020227312854133855,0.00364840030670155,0.05515872294618003,0.0029495008476078067,0.03305480544560622,84,20,3.276351966235277e-05,0.004474864994706476,3.7218544697049554,0.009256066695710885,0.00181354582309715,0.022565158740800555,0.0174795091152191,0.15146360509802204,0.031272679567337,0.14671028289831142,-0.0004449043422937374,0.052848716932066706,-0.00032791495323180003,0.0406769315651566,-0.0137931704521179,0.00475332219971062,85,46,17,75,0.6622206142422189,0.9689150317876151,0.0045173888951880676,0.041010707301152,0.003465324640273975,0.02747654480574677,0.0022812605369835768,0.01817625552803893,75,22,1.702856034285071e-05,0.002154919791614265,1.1771375692658896,1.266965872052423,0.0017600953578948502,0.013897419176243318,0.0115898847579956,0.1158624191650863,0.0184226632118225,0.11100733787265198,0.0011068113148212301,0.039925976745429546,0.0008231699466704999,0.03752130467225731,-0.0068327784538269,0.004855081292434329,59,41,14,101,0.734425857505164,1.1335735642474176,0.003078481848776795,0.0236819799116899
Other,0.004740861384554773,0.07711396267839196,0.011062877550720936,0.11749377702599534,0.0027534738183021,0.01759588866191915,0.0015832485508871842,0.011248829368203137,73,22,6.957657110018582e-06,0.0008991802521588028,-0.2337428274782658,2.101089785131027,0.00134187936782835,0.008409220091290238,0.0058245435357093,0.07835983847876694,0.0100002735853194,0.07673341920424932,0.0007010287139564601,0.025874138275433518,0.0005259402096271,0.02228244343505495,-0.0041757300496101,0.0016264192745176183,63,41,14,97,0.19585799874947935,1.2932824477787968,0.00197011494373864,0.01515616114530817,0.0030143633484838745,0.05679452915852521,0.0028182655735872275,0.029644054383960693,79,23,3.1560863268333516e-05,0.0044257757487662945,4.02931916772309,-0.4301559979451621,0.0015242099761963,0.028824467662281895,0.017989307641983,0.15428645184251683,0.029618889093399,0.1509748645633466,-0.00037054587155579673,0.056239331081609924,-0.0004058182239532,0.053732343884885916,-0.011629581451416,0.003311587279170229,96,44,15,64,0.8112067345379635,0.39227891349545974,0.00443975582078651,0.03553749271205495,0.003564611077308575,0.030047426790162736,0.002234175894409385,0.018888508587049872,79,23,1.6403764980949736e-05,0.0018616969850672313,1.1427945658349987,2.417065248432028,0.00178682804107655,0.015369055202820111,0.0115898847579956,0.12397028255788788,0.0166983604431152,0.12287355413520487,0.001284070312976824,0.035380307668951894,0.001158595085144,0.03129486159955655,-0.0051084756851196,0.001096728422683002,57,41,14,103,0.8010845758146984,1.2618051224807179,0.0029423845281287176,0.02469677740753912
Other,0.00463036191530239,0.07690375890902187,0.010557989105582007,0.1171570385975933,0.0023002848029136,0.02091119363791462,0.001481780782923995,0.013423987244221149,79,21,6.587932255783006e-06,0.0008630617579357999,0.9876912008629808,0.8142179425474736,0.00117760896682735,0.009863320592787972,0.0073333457112312,0.07256004877614547,0.0120922103524207,0.06915225278150204,0.0006052516866475214,0.023899797145099867,0.0005690194666385,0.019666005056393415,-0.0047588646411895,0.0034077959946434244,62,43,17,98,0.20652929655725533,1.1391245315683178,0.0019428638799527014,0.01708395312446381,0.00274005532264705,0.061715937153555,0.0028409650176763153,0.0313147771919626,79,27,3.306552925042853e-05,0.004636446213215934,3.8778384545909166,-0.5582205465336898,0.0013536512851715,0.033653952040293436,0.017989307641983,0.15953768052492515,0.029973238706588703,0.15479716783540967,-0.0003225386142730613,0.05758950535131418,-0.00041833519935605,0.05954673052706346,-0.0119839310646057,0.004740512689515478,94,44,17,66,0.820916722327629,0.3863573741903833,0.004548763008167562,0.0363303603974264,0.0031703710556029753,0.021552185982448055,0.0020956862252205282,0.016482049520431884,70,21,1.4485116584274864e-05,0.0017511732898356654,1.1968453572897273,0.5237889497854291,0.0015397667884825999,0.011084723071907492,0.0105088949203491,0.09730927877769828,0.015617370605468701,0.09536156478980551,0.0011550124734640021,0.03566773610117926,0.0007975101470947,0.032688445172905575,-0.0051084756851196,0.0019477139878927734,62,42,16,98,0.8678855446720392,0.9630189399767555,0.0027870579698149062,0.02188574630329749
Other,0.004607317656416886,0.07098656502430643,0.010576932802796136,0.10951594801126244,0.00256733782589425,0.020217078655445364,0.0015710583218605807,0.013504264205939786,85,18,7.1251374457340286e-06,0.0009073068941210812,0.5188153309180175,2.891021833948412,0.0013737082481383,0.008610490474999163,0.0073333457112312,0.08898916865188787,0.0120922103524207,0.08680958347376014,0.0006754386704414984,0.023968140286586604,0.0007639527320861,0.01759181066797858,-0.0047588646411895,0.002179585178127738,58,43,18,102,0.10196653538209904,1.6900684421733452,0.002005525325193738,0.018243770041402776,0.00275579094886765,0.04289097664992393,0.0027521855314261772,0.03335004400081383,75,16,3.165063705160302e-05,0.004404785557331611,4.309042598569509,1.9935536069767847,0.0013890117406844499,0.020296161512538574,0.0160644054412841,0.19608909115682596,0.0282549560070037,0.19101956755964827,-0.0003136260434985076,0.04929889924824742,-0.00045345723628995,0.034081388817763396,-0.0121905505657196,0.005069523597177681,91,45,16,69,1.021153473244428,1.602157487442156,0.004450514702715367,0.0444342670721906,0.0026172846555708998,0.022469459205885965,0.0020454204408451642,0.01673343203946657,65,18,1.4383097566330255e-05,0.001777241463896928,0.7892472507713215,0.8169332292468559,0.0012967288494109,0.010711197523775518,0.0102940797805786,0.10058674607292424,0.0153685808181762,0.09245559714482586,0.0011692974716424795,0.03624890847642843,0.0007974505424499,0.030168003483149693,-0.0050745010375976,0.00813114892809838,57,43,17,103,0.7372747583773476,1.2100652940524408,0.0027694977228728953,0.021523431375234832
Other,0.004468830667797977,0.06982698249172636,0.010433347076177378,0.10720173924440138,0.0024792253971099,0.017150414464673622,0.0015437981113791174,0.012945177028587022,80,18,7.268151469919993e-06,0.0009152183885306437,1.433513998425977,6.863613616936817,0.0012709982693194502,0.008942765909977434,0.0091985091567039,0.105291941643771,0.0145667493343352,0.09974932985685639,0.0007512473501264962,0.023367021023816395,0.0007399171590804501,0.019135624154685203,-0.0053682401776313,0.005542611786914612,58,42,14,102,0.39241222365832523,2.4278135725550465,0.0020008104238857754,0.01921459645694299,0.0028901323676108,0.03494224522275902,0.0026809904305263943,0.031900322461157406,79,16,3.082813620650844e-05,0.004285819431533546,5.036608157967548,2.939884289047124,0.00145030021667475,0.015121050560937299,0.0172208547592163,0.2078185712910689,0.0294114053249359,0.20442159965462045,-0.00036776401102542295,0.048654393476926766,-0.0004117041826248,0.03295709522489208,-0.0121905505657196,0.0033969716364484564,91,45,15,69,1.0447148896782348,1.7745608952339254,0.004387785763993516,0.04380147745140491,0.002810552716255075,0.020190901639120178,0.0019636320276185575,0.015272287078611063,79,21,1.3313166758699087e-05,0.0016447181657435084,1.5445247624896874,0.7584596421209899,0.0013603568077087,0.011308556068940732,0.0118550062179565,0.0895917082605925,0.0181459188461303,0.0835749984338395,0.00107078514993189,0.0351803247436582,0.00100469589233395,0.03045349202170027,-0.0062909126281738,0.006016709826752994,53,45,15,107,0.5851426880102252,1.0547042984520996,0.0026868697059921577,0.020175800273452813
Other,0.004576034760382981,0.07322752691830435,0.010595743358135009,0.11353055391397365,0.0022863801568746,0.018066441255355628,0.0015615703794173582,0.012336265992277027,78,21,7.540464243288373e-06,0.0009849448059534188,1.4442731325342226,3.2333709541169258,0.00117744132876395,0.008937120563285834,0.0091985091567039,0.08605965502571239,0.0145667493343352,0.0822891017041588,0.0007151077501475749,0.02658300428517598,0.0005534254014491499,0.023250610519355563,-0.0053682401776313,0.003770553321553583,65,43,19,95,0.4913029340012382,1.5722286490509132,0.0020561699897262077,0.01668198696581838,0.0028978511691093002,0.03378144499604947,0.0026800781465135155,0.03159760866702374,81,16,3.1227624335423324e-05,0.004286609545219368,5.300774093519786,2.971828195905304,0.0014368891716003002,0.01563523172253894,0.0172208547592163,0.20513317711347823,0.0297954082489013,0.2041385737485853,-0.00047470610588787895,0.04827227596217137,-0.0004584193229675,0.03284868906091622,-0.012574553489685,0.0009946033648929435,98,46,15,62,1.0579214000563857,1.858385513009141,0.004406047224962653,0.04423117586783489,0.0028018802404403,0.025147303878016426,0.0020208941819145993,0.015572783217435165,79,24,1.534656137689405e-05,0.0018544168999560901,2.24105980833464,-0.7271699827362119,0.0013899505138397,0.012968174584455268,0.0118550062179565,0.07886349310963303,0.018547952175140298,0.07555223452219262,0.0012028668075799724,0.03867527366662632,0.00113493204116815,0.03692615871617942,-0.0066929459571838,0.003311258587440418,51,45,20,109,0.6748718858110623,0.38446746319923936,0.0028628546783700535,0.018937795720929376
Other,0.004560056097720843,0.07666361098271343,0.010588543191551936,0.11859011353986301,0.0023971106857060497,0.020120107720506368,0.0016819714155280583,0.014413140306770201,77,17,8.538928924774235e-06,0.0011763041174570289,1.212662487314284,3.973237608809254,0.0012126676738261999,0.010397730777181452,0.0074002221226692,0.10452898952448063,0.0141968205571174,0.10094059681297672,0.0005295054521411575,0.027554298295715887,0.00041436403989784996,0.024017630705480943,-0.0067965984344482,0.0035883927115039115,70,41,15,90,-0.001899484485858622,1.8542533950205662,0.002255716328598545,0.02042216352122706,0.0030237361788749,0.04107231679648187,0.002641022950410801,0.027186621593446838,80,23,2.971604644750727e-05,0.003986760111515383,5.07857144738686,0.957382636828624,0.0015143901109695,0.021426332962554022,0.0168030261993408,0.1573321710954903,0.0293775796890258,0.15293398454397775,-0.0004638087004423024,0.052321433052997496,-0.0004724711179733,0.04579806382323333,-0.012574553489685,0.004398186551512551,96,45,14,64,0.8726967186034118,1.0924118164101388,0.004298007204642146,0.03534441617562925,0.0029015243053435503,0.018707410880558353,0.0020455225789919223,0.013632558057636619,69,24,1.5329799167211555e-05,0.0017843886002565854,1.9804256049534432,-0.2728212615126835,0.0014368891716003002,0.010729487316719523,0.0114142298698425,0.07778586117066053,0.018107175827026298,0.0720732226215959,0.0012494619935750782,0.038714382191149616,0.000939667224884,0.03674773281820506,-0.0066929459571838,0.005712638549064616,55,45,13,105,0.7780801357382304,0.41985205957582666,0.002840846575233997,0.016899266605808167
Other,0.00462205269961563,0.07373600985132446,0.010733707398175958,0.11409161124254408,0.00225748680531965,0.01769854928363959,0.001588570233434404,0.013345115288516366,80,22,8.25788311483363e-06,0.0010987513078341636,1.8346509283894008,4.488632697710663,0.0011424161493778,0.00914358350166794,0.0074002221226692,0.10483837874359184,0.0141968205571174,0.10174520265365261,0.0006491917185485183,0.02722970346677743,0.00065585970878595,0.02419012726541126,-0.0067965984344482,0.003093176089939228,58,41,15,102,-0.04155478652565496,1.8444898737488904,0.002183926890600009,0.018902236823866447,0.0031966567039489,0.0380707964191736,0.002806120319291903,0.030857628606931583,87,21,3.175951123077734e-05,0.0042668917434624835,4.347328206816275,2.896446835677132,0.00164395570755,0.021545376055154598,0.0170032083988189,0.20458688133775377,0.030699372291564803,0.20034176950046462,-0.0004276372492313323,0.05016191744021537,-0.00013740360736839998,0.036354435377032236,-0.0136961638927459,0.004245111837289148,84,45,16,76,0.608658796430136,1.6686979163979156,0.004448652784810754,0.04184105378911365,0.003405198454856775,0.02918700173558923,0.0021928462386130968,0.017538383227659292,64,25,1.49506702306109e-05,0.0018676356104134143,0.9458223941936912,1.3353911450490514,0.0016588568687438,0.013846851497832586,0.0114142298698425,0.10961995175219946,0.0177467465400695,0.1049755888919122,0.0009982395917177138,0.0366999903355513,0.0006358921527862,0.03515763426697295,-0.006332516670227,0.004644362860287255,63,46,17,97,0.6304834186234898,1.001335489226964,0.0028983077451018376,0.022819866778398486
Other,0.004441080379379946,0.06897011672054394,0.010259952396154171,0.10466554659225803,0.002111950889229675,0.01596361333452919,0.0013675571884959653,0.012467375415926709,76,16,6.332043020267121e-06,0.0007421783385274269,1.3467470498018779,5.265292663545502,0.00104901939630495,0.007814051198733187,0.0071144178509712,0.0939888583881106,0.0118576809763908,0.09189796933045988,0.0008306549862026955,0.020182790328719964,0.0007404424250125,0.014643905951126562,-0.0047432631254196,0.0020908890576507226,52,46,16,108,0.3825835208146499,2.236333944566975,0.0018133090587249287,0.01829845111134696,0.0031810924410819,0.03867246057597046,0.0028359640436246567,0.031511793195213855,86,18,3.26913987312145e-05,0.004519594836915986,4.420698307010934,4.024897863677367,0.0015261471271514,0.01807511639478216,0.0171229541301727,0.2229778468651997,0.030819118022918597,0.21390777971778724,-0.00042856987565755375,0.05037117031381107,-0.0002053380012512,0.036465362689898,-0.0136961638927459,0.009070067147412453,88,42,14,72,0.8032646482674101,2.0029186119449474,0.004513956227505636,0.04452347738141109,0.00290213525295245,0.024509885023572674,0.001972730159759489,0.015625346581352305,71,21,1.2486499140819904e-05,0.0015673238378687779,0.9290194927929454,0.8591251998788283,0.0014567375183105,0.012602648386537239,0.0095806717872619,0.0960212923152527,0.0159131884574889,0.08803383452662926,0.0009516119956970127,0.03411158594972699,0.0007418394088745,0.031763132089657434,-0.006332516670227,0.007987457788623429,57,45,14,103,0.4875905955498162,1.0282233706353363,0.0026347454039347346,0.020092872912133953
Other,0.0044118319094721935,0.07588932296725008,0.010271760672330632,0.11378370319185233,0.0021835826337337,0.016252454983555736,0.0013834597798995357,0.010753862055018389,82,21,5.658250408223434e-06,0.0007106863027917413,0.4597450695360754,1.9855677551620268,0.00107437372207635,0.008414837487371759,0.0060454681515693,0.07052521993796025,0.0107887312769889,0.06765239390434002,0.0006337304599583005,0.022317255988169696,0.0007031857967376501,0.019582253714123483,-0.0047432631254196,0.002872826033620233,55,45,16,105,0.05416693321028466,1.4513206791044206,0.0017760934332215652,0.014581714163645003,0.0030801221728323754,0.05030387664835608,0.0027910409960895366,0.02894214950948321,84,22,3.246181417913396e-05,0.004523181694354435,4.933704548713187,0.5643000748006872,0.00152325630187985,0.022504405590161668,0.0183623731136322,0.16289979658686704,0.0302548110485076,0.1579672150076445,-0.0004352787509560494,0.05676052485234739,-0.00037558376789090003,0.048093047382125526,-0.0118924379348754,0.0049325815792225615,91,42,15,69,0.9703328206958057,0.9122040583320311,0.004497285416969374,0.03607526178478115,0.0028720051050185255,0.02855957140332579,0.0020260344818234083,0.016902586800713736,73,22,1.331068467145223e-05,0.0016584149260728278,0.9591228207659173,1.1342625691384773,0.00142103433609,0.014109556948581348,0.0094375014305114,0.09686937514123853,0.0148011445999144,0.0939814435355718,0.0010020345449447562,0.03470592235133524,0.00077074766159055,0.030570588112949743,-0.005363643169403,0.002887931605666736,60,44,16,100,0.7235823044791119,1.0067507004946354,0.002713136863140769,0.02130525474656235
Other,0.00470149728796661,0.07615941484125933,0.01085992842912651,0.11438171316750903,0.00235855951905245,0.012392732381189871,0.0013761713402345437,0.011610654591468667,85,15,5.4120211548234265e-06,0.0006868167765121524,-0.2669536723429293,3.4367503292478396,0.0011143013834953,0.005716909207927623,0.0051657781004905,0.08027762470206586,0.008481740951538,0.07698633823848341,0.0005848716944455979,0.020405519853992558,0.0006889775395393001,0.015352664625561088,-0.0033159628510475,0.0032912864635824372,52,43,15,108,0.031608886886987576,1.9218147599467674,0.0017491599630689867,0.016444802704820384,0.002894848585128675,0.05119425496656173,0.002927133962511976,0.034274743977366844,84,23,3.575903150879918e-05,0.0051476985715772075,4.105927191649653,0.734732326943607,0.001430332660675,0.02850159497985026,0.0183623731136322,0.19029250628052577,0.029355794191360397,0.18497576804410942,-0.0003957331180572387,0.05680534045838796,-0.0003142356872558,0.05206402673272324,-0.0109934210777282,0.005316738236416335,93,44,13,67,1.0672762472519315,1.0977828050408915,0.0047257134157522775,0.04382752408000978,0.003415346145629825,0.020340179605319225,0.002242645099759066,0.01720255164664066,72,19,1.546334280341415e-05,0.0018999449023236281,0.46515473773558735,1.0852337707903255,0.00172057747840875,0.010689350889312634,0.0099511742591857,0.10252721128831836,0.0153148174285887,0.09418643940393881,0.00111229196190833,0.03717085285512849,0.00089111924171445,0.030642755771086567,-0.005363643169403,0.008340771884379549,57,41,18,103,0.5357781822117169,1.3356190571496276,0.0029121123489986443,0.022765601251581606
Other,0.0046053998287647864,0.07475128695407221,0.010777671709656478,0.11510440745102246,0.002480579540133425,0.017680542162379232,0.001450465259840677,0.012147096545697041,86,18,6.1917590046914776e-06,0.0007812802543018987,0.230624936906477,-0.18960970829791268,0.0011331848800182,0.007129318004491971,0.0053395926952362,0.06219820505173095,0.010027028620243,0.05847593576132927,0.0005773707758635121,0.023648120367001188,0.0006700940430164,0.018586334715576903,-0.0046874359250068,0.003722269290401682,56,42,18,104,-0.04804605311827714,0.9120158076858407,0.0018864608279679567,0.014901230063646506,0.0029774978756904,0.043177348921946634,0.002884417807217646,0.02835028866450579,83,23,3.1865118299049864e-05,0.004465874682393306,3.3023505282663024,-0.2165283643599003,0.00150993466377255,0.021147680932105197,0.0170076489448547,0.1502196283671952,0.0283965468406676,0.14553082832150513,-0.0003821114078164016,0.05626533645372188,-0.00029760599136345004,0.054141147745357415,-0.0113888978958129,0.0046888000456900706,94,46,13,66,0.9753863407369356,0.6497879587958126,0.004460272130787197,0.036056713607077136,0.003354057669639525,0.0258557598984097,0.002072019446641174,0.015375229292724016,78,25,1.4162948459741241e-05,0.001614440065326592,1.1231435923096242,0.7601469446119453,0.0016756355762481499,0.0129946399755974,0.0114046335220336,0.09516081755545071,0.0157740712165831,0.0915443322542683,0.0012026555836200505,0.03519095063029941,0.00110268592834465,0.03514465789989826,-0.0043694376945495,0.003616485301182394,51,38,17,109,0.6478483660565804,0.7777425035281051,0.0027298420410958087,0.01939167499372918
Other,0.004715371894229214,0.07385395850691612,0.010868137031793363,0.11228801068831673,0.00209634192287915,0.01637693277248356,0.001425269566243483,0.012641987532981512,79,18,6.396454106660548e-06,0.0008081054986457497,0.8472681745151229,2.6656773059588588,0.0010164380073547,0.009002073219563454,0.006553329527378,0.08642768350062377,0.0112407654523848,0.08483614808328611,0.0006403136067092248,0.02225051169369325,0.0006216168403625,0.01878097559310273,-0.0046874359250068,0.001591535417337649,56,40,15,104,0.13907193683132527,1.6049234995751036,0.00190009130577722,0.017692377681209768,0.002934627234935675,0.046849695562202254,0.0028672583214938248,0.029931651942130065,82,19,3.1313871717681495e-05,0.004424436177913537,2.8469329370689147,3.311374892115799,0.001485988497734,0.019012301798516727,0.0167547166347503,0.200565760865572,0.0282946527004241,0.19072842580540697,-0.0004787437617778644,0.053576905757147984,-0.0004293024539947,0.04020140613182829,-0.0115399360656738,0.009837335060165047,94,43,13,66,0.7024476560664498,1.7056822562348442,0.004411759498295689,0.03942018959116278,0.0034233033657073,0.02747396759581354,0.0021745090838521364,0.016991604187000606,78,21,1.525784337534434e-05,0.0017911768939512112,0.5856720199701355,0.25421317069884175,0.00184306502342215,0.014177192610777729,0.0114046335220336,0.09650949351923763,0.0169118642807005,0.0935771440662577,0.0012360271066427075,0.0364605932374755,0.0012000203132629,0.033816965498343905,-0.0055072307586669,0.0029323494529799364,56,41,15,104,0.5555524248615323,0.8330738095150702,0.0028387948725271538,0.02148957967766162
Other,0.004575882012129601,0.07286308600454774,0.01041752599179721,0.11111842019048015,0.00180558674037445,0.01707936983359534,0.0014072869520168404,0.012135314279620984,78,16,6.624270781533689e-06,0.0008453533773745683,0.9631227674432923,3.8556550020462783,0.00091160833835595,0.007058542059317767,0.006553329527378,0.0821469761707525,0.010832279920577899,0.0780820085211412,0.00069772484712301,0.023931251625571023,0.00065955519676205,0.01826575876430006,-0.0042789503931999,0.004064967649611313,53,40,16,107,0.22754879367748712,1.890814619898237,0.0019173748500589207,0.016512073552651475,0.0024223774671552996,0.04347375438061291,0.0027602739632129275,0.03231249701505889,80,18,3.232525733283208e-05,0.004512961221448935,3.8638166704533994,0.4806210257252683,0.0012394934892654,0.01964476714649706,0.0167547166347503,0.16235499953019042,0.0290340781211852,0.16047326472992748,-0.0005684789270162414,0.05325262366645999,-0.0005617588758468,0.039002949109851616,-0.0122793614864349,0.0018817348002629372,98,42,14,62,0.7934753783047438,1.1494844064688667,0.004472711675075956,0.04095264697290419,0.00315184891223895,0.02431080164961876,0.0020050130318849937,0.014644502046061644,74,20,1.3099263076803073e-05,0.0015058484185829142,0.5671840742667387,1.5137670667827106,0.00160434842109675,0.012315221475470388,0.009596824645996,0.0997658302515117,0.0151040554046629,0.09163526686067518,0.0012041870504617578,0.03393454489844915,0.0010258555412292,0.031820796272142716,-0.0055072307586669,0.008130563390836523,57,45,18,103,0.5620484405336394,1.0851811804440534,0.0026037173175457585,0.01882272778101124
Other,0.004372937193401737,0.06724109974500593,0.010100034028291457,0.10089703015952428,0.00242215767502775,0.0178140572990204,0.001507175700971819,0.013515125555958216,81,18,6.614367340298284e-06,0.0008840238355194785,0.3987073261603382,3.5244043374486784,0.00117491185665125,0.007959167740180644,0.00610963255167,0.09443281957743038,0.0103885829448699,0.09360062816506086,0.0005605976097285616,0.023229782339272836,0.0005739480257034,0.01660867085982371,-0.0042789503931999,0.000832191412369518,60,43,17,100,0.13224715311486668,1.8182660741563208,0.001960544118454259,0.01855804537092972,0.002324104309081925,0.057709216037292385,0.002538430071435826,0.032107370431223296,86,20,2.796725203162388e-05,0.0037125364457934024,5.214508275001343,-0.3987244275245261,0.0012232661247253,0.023755200433852527,0.0161414742469787,0.14177003929531137,0.0284208357334136,0.13780924847167647,-0.0005816461518406762,0.04745212406651026,-0.00030218064785,0.03613482731232179,-0.0122793614864349,0.003960790823634914,93,48,14,67,0.9394080682790213,0.838006211576037,0.004153194757127374,0.03822083682194726,0.003018632531166025,0.02688300259856088,0.0019977071508764906,0.018734947684153794,74,19,1.3682392013052054e-05,0.0015459976471150095,0.8042365552527406,4.420376920612034,0.00151956081390385,0.012054377431105406,0.009596824645996,0.13503372926560533,0.0146744847297667,0.13337869651820733,0.0012490466237067978,0.030215123753741198,0.00100916624069205,0.02207315622810636,-0.0050776600837707,0.001655032747398014,52,41,15,108,0.6404555678284731,1.8165425825900625,0.002652423131381659,0.025160364537524377
Other,0.004550956074973727,0.06991636979915741,0.010452326536178355,0.1076033533289961,0.002709932625293625,0.01690846363225425,0.0016238272935151735,0.011308764121181489,67,21,7.677264996658077e-06,0.0009387531678885511,0.6056171487470476,2.895892609721704,0.0013160035014151,0.008574531296630161,0.0080973654985427,0.08401492503122457,0.012325100600719301,0.08160081995135099,0.0006799370050430182,0.026507651908891084,0.00037692487239830003,0.024034406210377217,-0.0042277351021766,0.0024141050798735754,65,41,14,95,0.48691863866772095,1.3670002425227128,0.0020888385728029856,0.01536546641549205,0.0025396645069121248,0.05103703992685016,0.002660448537208103,0.03176063894190635,83,17,3.105330166349021e-05,0.004049589296976387,4.103128346098049,1.4576991889262496,0.0012129396200179,0.021076164874361168,0.0159232914447784,0.1830701541280573,0.0285198092460631,0.18263249956757496,-0.000586163625121102,0.04913771373082409,-0.00045301020145410004,0.0361572309881531,-0.0125965178012847,0.0004376545604823338,98,48,13,62,0.9159342490967006,1.3387312451257394,0.004380026219072759,0.04043605305026653,0.0029426962137220998,0.016000650910179146,0.0019898065738379613,0.015388352113151284,73,19,1.3200950051483607e-05,0.0015237665585521227,0.7908479030354165,4.178787187369271,0.0014702379703521,0.008510855083051487,0.0090201497077941,0.11751799314831357,0.0159978270530699,0.11044465242511278,0.00108993202447889,0.03195798768928092,0.00097855925559995,0.026990166646871233,-0.0069776773452758,0.007073340723200793,48,41,14,112,0.2883523008737766,2.0157856624541908,0.0026659071806878184,0.022415476381373024
Other,0.004901851148988714,0.07563501720067456,0.011147675737738378,0.11702959618209821,0.002587821334600325,0.014718688965996344,0.0016421434760558996,0.012671583161709597,66,17,8.152161553670872e-06,0.0009879138963038447,0.8751193400267883,4.332990311275382,0.0012267455458640501,0.007798258609845533,0.0080973654985427,0.09681981227769701,0.012757860124111,0.09497035131082553,0.0006413261871784807,0.025453895869343955,0.00038312003016465,0.02177741118421228,-0.0046604946255683,0.0018494609668714872,67,43,16,93,0.5909407090030208,1.8981587330044858,0.002171004275667009,0.018439443629796416,0.0024614259600638498,0.046923343633973026,0.002795174517668747,0.03114015169278409,82,20,3.450142814028953e-05,0.0046096800796508715,4.770241679596891,2.7314035522616633,0.0012575089931487502,0.021716484961601185,0.0207825303077697,0.19005803278665667,0.0333790481090544,0.18398812576219656,-0.000599562563002094,0.05322978913719219,-0.0004820525646209,0.04017747267827243,-0.0125965178012847,0.0060699070244601095,101,46,16,59,1.060147190189526,1.6636042811384324,0.004619228863273385,0.042145813885378094,0.003466084599494875,0.024128096119743044,0.002349580805748667,0.0170413770202419,68,18,1.9586125413119802e-05,0.0020305512027175023,3.4401109012538154,4.963744534321005,0.0017522573471068501,0.010133216877858826,0.0167652368545532,0.13968639059839702,0.0238124728202819,0.13277330061186288,0.0011308912187814606,0.03834591117556207,0.0008238852024078,0.032105603680456465,-0.0070472359657287,0.00691308998653415,57,43,15,103,0.9332845791718188,1.8861174198635648,0.003321349037804691,0.02366732555303632
Other,0.0050745126444561636,0.07845614507126497,0.011616316214203599,0.12268641454891413,0.00238725543022145,0.01623306250394135,0.0017035739053971662,0.014402682312145166,76,17,9.108412625884715e-06,0.0011800714096085107,1.3679661250772641,1.4296722950811285,0.00120838358998295,0.00885300304293099,0.0095676258206367,0.08710583308528773,0.014984644949436101,0.08542076193889564,0.0005944520700722791,0.02852247834959601,0.00043909996747965,0.022802496355591978,-0.0054170191287994,0.0016850711463920875,64,46,17,96,0.4753877176574943,1.3048193444620386,0.0023179658459429936,0.01914522495050235,0.0032673478126525003,0.03653453038150639,0.0028947168658487086,0.029609614890858102,91,18,3.317742344365499e-05,0.004277098658385429,4.745905573245513,2.1784377217881783,0.0016469508409499502,0.01753984180105802,0.0207825303077697,0.18188927209137562,0.0342594385147093,0.17732281466363561,-0.0005489991977810798,0.05173886636012459,-0.00024011731147759998,0.038640485844496184,-0.0134769082069396,0.0045664574277400035,87,48,13,73,0.7512672901411616,1.564705021139622,0.004534645337313073,0.040002354507636124,0.0036172717809676252,0.027843585335065646,0.002589446268975697,0.018386003565107653,72,19,2.231683521092223e-05,0.002401123358153446,2.603385625512187,1.9654657630473604,0.00173988938331595,0.014886188951986127,0.0167652368545532,0.12473251637219859,0.027045905590057297,0.12008419358938581,0.0011478919535875263,0.04242506983919353,0.0007150471210479,0.03646342793170352,-0.0102806687355041,0.0046483227828127815,66,47,18,94,0.7348452726218434,1.2913105291531597,0.0035650809716337175,0.02452013065407682
Other,0.0049929537033014375,0.07444883219758111,0.011517678275704152,0.11594135612463813,0.002303138375282225,0.016273326879033535,0.0016971244424348335,0.01301312608131614,79,18,9.214972683833355e-06,0.001142409277589742,1.2944033618042035,3.717599315974823,0.00117802992463105,0.008115171866575014,0.0095676258206367,0.09436732835390624,0.014984644949436101,0.08970824338387186,0.0007087695877998915,0.028283316047428734,0.0006536208093166,0.024583017984831673,-0.0054170191287994,0.0046590849700343835,58,48,15,102,0.16788141849106464,1.749209144431231,0.0023000144596331514,0.018505764262818282,0.003778897225856625,0.034405475577051314,0.0030628670123405304,0.03213076670597232,85,13,3.3601301619609625e-05,0.004202490925951186,3.289420413284085,1.135612952803899,0.00193890929222105,0.01622609185169866,0.0168741047382354,0.1821326167784342,0.030351012945175,0.17311091696086395,-0.0005487771704792931,0.04972254407728112,-0.0003104209899902,0.036167167161333294,-0.0134769082069396,0.009021699817570254,86,48,16,74,0.3820216346674984,1.444314467123999,0.004563972354456508,0.04159518645749796,0.0032470822334288497,0.017305204976980144,0.0022551330830901544,0.016242233194362136,71,17,1.664744124539615e-05,0.001939712379855518,1.251405475892657,2.431403646522652,0.0015136599540711002,0.008360893463808751,0.0103535652160644,0.11811874684912299,0.0206342339515685,0.10955762265028215,0.001151173561811432,0.037935495999928265,0.0007516443729399999,0.031245258844250424,-0.0102806687355041,0.00856112419884083,55,48,14,105,0.20920101910989947,1.5746242298506936,0.0030226732654047607,0.02237432732161896
Other,0.004837260289654334,0.07359545513912943,0.01114057876169659,0.11185623545297128,0.00233780406415455,0.013674402201401748,0.001495439509744717,0.011719515430283364,79,19,6.678204376816847e-06,0.0007967439784854194,0.6273854169526905,5.270421631553274,0.00120662897825235,0.006955102751409835,0.0055017322301864,0.08860187941302955,0.0105385556817054,0.08627970127989301,0.0005708334501832625,0.02222597278586398,0.0004893988370895,0.017988773539418735,-0.005036823451519,0.002322178133136541,58,45,13,102,-0.09775175180338151,2.1844011753470727,0.0019677978388936753,0.017399715865710364,0.003348901867866425,0.04476550171615778,0.003064964152872518,0.030148512047655496,80,22,3.4922924467659124e-05,0.004630664015505635,3.3516865464837506,2.308514425770074,0.00183586776256565,0.02087733254200856,0.0168741047382354,0.18871692024462022,0.0298535525798796,0.18324713373864754,-0.0003924189135432195,0.05447217070362548,-0.0004137307405471,0.04337886202334487,-0.0129794478416442,0.005469786505972681,90,45,11,70,0.7192935597929111,1.5510701087001226,0.004670025945124003,0.040785372798844456,0.003196880221366825,0.021851599951629403,0.0021518933447077595,0.016241032134171548,69,18,1.55263756715481e-05,0.001737658627174578,0.5841174034464376,2.6834089371421967,0.0015130043029784,0.0125473592528034,0.0103535652160644,0.11889856265014692,0.0157989859580993,0.11384121482184276,0.0012790661305188944,0.03515809196348183,0.0009279549121856,0.033159959718462265,-0.0054454207420349,0.005057347828304165,49,47,16,111,0.43212019690350867,1.5022443208090397,0.00284933616957923,0.02239569594055814
Other,0.004700879869021705,0.06925974108054846,0.01087574169039703,0.10471813124167559,0.00233805738389485,0.015407162206986525,0.0014731789426877713,0.011981333489853379,78,15,6.495651314654969e-06,0.0008319195936279959,0.7093079335380268,9.040289973851353,0.00118645653128615,0.007956101331327223,0.0070779547095298,0.10771111526509089,0.0123890191316603,0.10422286557613622,0.0005738267675042013,0.020871607181747485,0.00048694387078279997,0.016540139978245452,-0.0053110644221305,0.003488249688954671,55,38,18,105,0.02457830079527807,2.8974935061883373,0.0019375157309303452,0.01990717476888227,0.0034957528114318496,0.03725072271872476,0.003042079466395038,0.0341934901296498,79,16,3.6720504289248876e-05,0.004979958245115588,4.018968015003975,2.632342424721579,0.0017211139202117,0.01765062658514211,0.0201694071292877,0.1987867124352445,0.032382935285568196,0.19301319219536148,-0.0004220638424158005,0.05186568607278949,-0.0004632174968719,0.03702922162285199,-0.0122135281562805,0.005773520239883045,94,44,14,66,0.9390499683054572,1.8371187495756425,0.004787003084869141,0.04785299210409353,0.00286480784416195,0.019474106130748403,0.0019755542185157277,0.017301982912247018,73,16,1.3395402543067906e-05,0.0016133136592609903,0.8082345211655975,2.527822820070128,0.0013848245143889,0.00985487677806477,0.0103763341903686,0.1079954668031682,0.0151786804199218,0.10278209528696423,0.0011207289993762765,0.03198083798713862,0.00090289115905755,0.025676272472042082,-0.0048023462295532,0.005213371516203966,49,46,14,111,0.5549329602567245,1.680442738380905,0.0026759761586916805,0.02430102180776318
Other,0.004638285181703029,0.06835069970717626,0.010643505677580592,0.10349071952021718,0.002480622380971775,0.016841190099942255,0.0015356602886458443,0.012893627521612099,77,17,7.063417397300797e-06,0.0009182563640399571,0.47027560073971886,7.4953155871074575,0.0012347362935542,0.007800343956480179,0.0070779547095298,0.1081919221642132,0.0123890191316603,0.10687426951297038,0.0007146927062421876,0.023154655833019122,0.000615831464529,0.01826402048139729,-0.0053110644221305,0.0013176526512428063,57,39,15,103,0.19318471253235528,2.4802533437440517,0.0019820198601413364,0.019547845847928888,0.003141038119792825,0.04511821634389148,0.0029376193881034446,0.036064247084508755,84,16,3.572878323085461e-05,0.004970322842219112,4.9456063703063595,2.2168952836477285,0.0015992671251296498,0.01781538551602589,0.0201694071292877,0.19836984129554777,0.0319455564022064,0.19575866687477292,-0.0005266666412353386,0.05125449866627749,-0.0003951638936996,0.03471381763153021,-0.0117761492729187,0.002611174420774861,95,48,12,65,1.1542500323716776,1.691280318946847,0.004710818462268188,0.048407635851048035,0.00248274207115165,0.029987778256015587,0.0018177891150116664,0.01803289992824148,78,19,1.1496666095780155e-05,0.0013721784720445102,1.3622241438106357,0.9092383887983919,0.00131997466087335,0.012110489979210264,0.0103763341903686,0.0974457700370278,0.0149552226066588,0.09320958415715071,0.0010308399796485662,0.02908156502092058,0.00096827745437615,0.02290683626474948,-0.0045788884162902,0.004236185879877095,44,45,14,116,0.4948117081975818,1.2644648800295437,0.0024821952641825547,0.022944303170470845
Other,0.004573834144666793,0.0714502059251248,0.010372539088129757,0.10833744896433808,0.002300327643752,0.013674845704962399,0.0014651621767552156,0.012297713085738085,79,15,6.639300518105617e-06,0.0008498652602000438,0.19325172038372518,3.4244183902329954,0.0011749267578124501,0.0069598419689047425,0.0058153346180915,0.08707366030078828,0.010016694664955,0.08438077558746758,0.0007515145931392753,0.0234535678495431,0.00066849961876865,0.019570793288281405,-0.0042013600468635,0.0026928847133207002,57,39,12,103,0.22547050903826157,1.7643755990811996,0.0018992984180003377,0.017314601217669496,0.0029492005705832,0.042944393954248136,0.002760672131553251,0.029236916073628657,82,21,3.12061861954578e-05,0.004293337536955355,4.720237053096941,0.9117830570017329,0.00150044262409205,0.022109787902773334,0.0186803042888641,0.17329882032705407,0.0299042165279388,0.16845657719621582,-0.00037130452692507723,0.0536790107837348,-0.0003278404474258,0.047137935690684966,-0.0112239122390747,0.00484224313083824,91,47,13,69,1.081333277629233,1.1161681773784284,0.004414498619131115,0.03757527562420585,0.003122210502624375,0.020622023275127917,0.0019496925733983286,0.015711006017623513,68,17,1.2611886157038659e-05,0.0014066293454995111,0.43737456903377225,3.4338868102986693,0.00166949629783635,0.010222559447682338,0.008956491947174,0.1137061513092358,0.0135353803634642,0.10637276582128201,0.0011809248477220309,0.031204870331060196,0.0008838176727294,0.025511505227591907,-0.0045788884162902,0.00733338548795378,45,46,16,115,0.5422903053065344,1.6921914351935052,0.0025551221910117355,0.02080589851751735
Other,0.004541418097768322,0.06645151464394665,0.010290849730372194,0.10045838847114413,0.0023345109075307,0.01845433117201268,0.0014348243060521367,0.012991423057075903,76,17,5.984451610686895e-06,0.0007800988217308668,0.3635549558656552,2.017426274959619,0.00118053704500195,0.00903394445202764,0.0052329450845718,0.07624556874041885,0.0105879604816436,0.07423433174639878,0.0005341622512787444,0.02196833125570831,0.00046535208821295,0.017328482160210323,-0.0053550153970718,0.0020112369940200794,61,41,13,99,-0.009693334559203166,1.5369392001367534,0.0018645863374484378,0.017247934472577765,0.0025431513786314747,0.0465193586475829,0.0026075474917888206,0.031827763265196485,80,18,2.836540952905822e-05,0.0037692123556711003,4.5640179040164,1.9109029455322109,0.0012675225734711001,0.019203821367050383,0.0176272094249725,0.17915236025479483,0.0288511216640472,0.1768769216201953,-0.00026729442179202574,0.04595603227132955,-0.0002660751342773,0.03090212201744021,-0.0112239122390747,0.00227543863459954,87,44,13,73,0.8860269270547781,1.4931246716605442,0.00421520871976527,0.04070940252015027,0.0032887011766433,0.03038211202751614,0.002128826421685493,0.01913310630007766,69,20,1.5087358459559737e-05,0.0016064561639413744,0.1382347883339312,1.4752005703852564,0.00174921751022335,0.01408254520949358,0.0092232823371887,0.11547925738135989,0.0130540132522582,0.10981097650864027,0.0014222424477338565,0.03253402494410628,0.00099617242813105,0.02352874139940282,-0.0038307309150695,0.005668280872719615,47,45,15,113,0.5341100384236462,1.249467689781937,0.0027300932703838276,0.023409258529001827
Other,0.004360463343783408,0.06353631355474154,0.009971167445182574,0.09731913855790895,0.0022064726799725497,0.01946702787842902,0.001422793031670106,0.0119510172827134,86,17,5.570551055383594e-06,0.0007463383159543343,0.29721099816678054,3.4340381906493525,0.0010778903961180999,0.008343539329547227,0.0046715810894966,0.08274467606607112,0.0100265964865684,0.0789920055394753,0.00035083685070275253,0.022294166508758425,0.00045852363109585,0.018558108759874656,-0.0053550153970718,0.0037526705265958273,65,45,14,95,-0.21152584842765784,1.7066592234451456,0.0018383771661673524,0.015789504603821135,0.002440899610519375,0.0463010082878494,0.0025388522027059964,0.031913272727329536,83,19,2.79740001670166e-05,0.003734797009107599,5.098463250538304,1.991821633508903,0.0011720210313796,0.016338615878840584,0.0167402029037475,0.17536216521468467,0.0291963815689086,0.1708181848560386,-0.00028071291744708425,0.045217454791286915,-0.0001824647188186,0.026924792399072986,-0.0124561786651611,0.004543980358646072,88,43,17,72,0.9093644897463221,1.570573695289974,0.004185022754894215,0.041111784092952276,0.0033842623233794502,0.026089452163746384,0.002049897797405691,0.01959222572027002,72,19,1.3742350517737761e-05,0.001538612675068451,0.8861983947512413,0.9754593075944027,0.00177195668220515,0.01401180715580724,0.0107097625732421,0.1009807486413287,0.014866828918456901,0.0997479473699678,0.001145226880907999,0.029807517257863615,0.0009852051734924,0.022240964379155716,-0.0041570663452148,0.0012328012713609033,58,42,15,102,0.6137720759112553,1.3178249352729803,0.0027061401349559597,0.0254975408616324
Other,0.004297536531519064,0.06718515348047598,0.009899027422070297,0.10326010257647203,0.0019619558006524,0.018568185607083686,0.0013902186445193022,0.012093591251678647,77,21,5.51399379791463e-06,0.0007223947013629268,0.19091193662493033,1.4721038778201327,0.00097873061895365,0.010229804249582797,0.0051922500133514,0.07675838883133837,0.0098896548151969,0.07536384596500025,0.0004904482048004755,0.021763567446773484,0.00039401650428765,0.019818900290331457,-0.0046974048018455,0.0013945428663381223,65,42,14,95,-0.024372133667520137,1.1904450073161972,0.0017960702545698416,0.015771551393336934,0.0031174644827841247,0.03582766599376823,0.002562160417437511,0.029718540523201192,80,18,2.824314808112364e-05,0.0038663977286553537,5.765657429500937,1.2165851593752164,0.0015107691287993999,0.01839750881671616,0.0174612998962402,0.17165422732087382,0.029917478561401298,0.16815296688621134,-0.0003564596176147339,0.047965148640108736,-0.0003785341978073,0.03733746816152074,-0.0124561786651611,0.003501260434662475,93,42,13,67,1.2575932972758677,1.4221955478947577,0.004199419437767751,0.03956946100956682,0.00361758470535265,0.026724257153809272,0.0020737200044095207,0.016683349811199854,70,20,1.3631347144524525e-05,0.001570347120147267,0.925715007909091,0.08829525359195678,0.0017336308956146002,0.010065418332636049,0.0107097625732421,0.09000735650312404,0.014866828918456901,0.08261201330589409,0.0011165551841258892,0.0335313864895898,0.0009573996067047,0.029169833441640952,-0.0041570663452148,0.007395343197229957,62,44,15,98,0.7516537050866741,0.9647217036591273,0.0027052981302369576,0.021118552039214755
Other,0.004425251317592308,0.06494912215837263,0.010290755257010242,0.10164551115041313,0.002379970625042775,0.013959836549545563,0.0015473051415756062,0.011171861579010962,72,20,6.906817033831892e-06,0.0008798065790308211,0.0677978430634325,2.7879055561845796,0.001256663352251,0.007367072345962353,0.0057282745838165,0.0764322785216722,0.010590687394142099,0.06961995732153947,0.0006964262109249695,0.025407545601941264,0.0004807375371456,0.021974826328497975,-0.0048624128103256,0.006812321200132727,61,42,15,99,0.1861057118134451,1.5808834015905968,0.0019636319010699907,0.015305659264340627,0.00345335155725465,0.037822225064125775,0.0026433620788156587,0.02940432039705167,84,17,2.8897423427007417e-05,0.003819886840880372,5.5188575882517075,4.292457774402671,0.0016570091247558498,0.016878567919163215,0.0174612998962402,0.20160728136222184,0.026922047138214,0.19577626425282774,-0.0004446733742952236,0.04523034441077026,-0.00036428868770595,0.03382161904642578,-0.0094607472419738,0.005831017109394092,92,43,15,68,1.3706090682742704,2.0712549317636313,0.0042397526013111374,0.04212009954123419,0.0033565759658812752,0.0306377878796494,0.002033902253024247,0.017630714742912258,77,18,1.3141032704772838e-05,0.001452908541792358,0.8879613266597515,-0.06432034510884854,0.0017176270484924,0.014380617767878525,0.0102327466011047,0.08665375674050572,0.014271974563598501,0.08601838721222614,0.0011572618037462095,0.031007621137701603,0.00104922056198115,0.026971719809548593,-0.0040392279624938,0.0006353695282795847,57,47,16,103,0.7507397338744219,0.8945622392690704,0.0026300423141389956,0.0221683552202936
Other,0.004772107917111199,0.07213516898281137,0.01086047247052169,0.10957590974163312,0.0028694812208412746,0.018415606629228132,0.0015975505346432057,0.013514216802105794,70,20,7.27550133975273e-06,0.0009318048879743188,-0.0658604829009577,1.1869782672983353,0.0014292597770690502,0.009311692600872251,0.0057282745838165,0.08119794711888838,0.010590687394142099,0.07714868219519266,0.0006938317790627303,0.025019714529054052,0.0005008280277252,0.02061275304641283,-0.0048624128103256,0.004049264923695712,58,43,15,102,0.137225572496165,1.3010557507120182,0.002022710255963637,0.017487674884299528,0.0032561123371123253,0.04482030216517892,0.002879861777182631,0.033429546940813515,81,20,3.472025358768733e-05,0.004621296876578206,4.42490157152534,0.9203186419684193,0.00167758762836445,0.022755889956831414,0.0169430375099182,0.18443730829112487,0.0278879106044769,0.1804590582453789,-0.0005182502791285372,0.05195290045982949,-0.00048294663429254996,0.04071595171500263,-0.0109448730945587,0.003978250045745981,99,46,13,61,1.219359233459981,1.2559425801964719,0.0046439600473352,0.04384282165177391,0.0032304972410201,0.025344136272372732,0.002021048963069883,0.015376706252381588,80,21,1.3026880150803438e-05,0.0014642039634948129,0.556309671624728,2.0642495540884775,0.00159069895744315,0.010414881295909081,0.0102327466011047,0.10234565082113475,0.0153226852416991,0.0972147386586697,0.0011313617229461517,0.032603294752749555,0.0011284947395324499,0.02821975490020584,-0.0050899386405944,0.005130912162465056,56,45,14,104,0.4634342856449399,1.33248662616071,0.002627732264030313,0.02003070479938602
Other,0.004681747238645978,0.07448398851516244,0.010621069893240697,0.11488114930649045,0.00282905809581275,0.017755049006367672,0.0015694071265170049,0.012198762910018592,71,23,6.781940738383211e-06,0.0009129951113320276,-0.11041432124911887,1.6449421608184336,0.00139940157532685,0.009133927790576922,0.0054575875401496,0.08080811971172544,0.0103267729282378,0.07873910498429257,0.0005548920948058196,0.02553764109989194,0.00034257769584650005,0.02423099546287648,-0.0048691853880882,0.002069014727432872,61,42,14,99,0.025772219380823018,1.1451640289319802,0.001988851373474799,0.016150046389566124,0.002996794879436375,0.03809180538826966,0.0028500644164159484,0.02791095243929822,82,21,3.5228850111214796e-05,0.004764108822610607,4.87313926210767,3.9679532732269074,0.00148706138134,0.021810907830813395,0.0179526805877685,0.21451738382614616,0.030017852783203,0.20427508645086595,-0.0004199879243969836,0.05595025426802111,-0.00030978024005885003,0.051182011399605806,-0.0120651721954345,0.010242297375280207,94,46,12,66,1.157797199675857,1.8372524389437566,0.0046881777138992765,0.040418781153745746,0.0032015740871429,0.020516074396923704,0.002049972107633917,0.01535437668111114,73,18,1.2815622568566817e-05,0.001546942460369919,0.296914340838057,1.7221369592300197,0.0015471279621123999,0.010813866273648613,0.0098686218261718,0.10533333203607956,0.014958560466766201,0.09809430255560672,0.001019579917192446,0.033393253938577415,0.0008113086223601499,0.028928055353438505,-0.0050899386405944,0.007239029480472839,59,41,16,101,0.4429095701420527,1.3544327950570363,0.0026484068352679397,0.020780593152352592
Other,0.004514986304763482,0.06702516048804197,0.010465696677565348,0.10406775045756868,0.0026003867387771,0.01605775875200429,0.0015578642056788949,0.012981591813087709,78,18,6.912420507231599e-06,0.0009066743368518701,0.028646065727429892,4.958307740497604,0.0013057887554167999,0.0073266519466477775,0.0055452138185501,0.0962996373263888,0.010414399206638301,0.0911393917029782,0.0006463193800300205,0.023228650097645888,0.0006081163883209,0.016661444249986262,-0.0048691853880882,0.005160245623410597,55,42,14,105,-0.07011409147662898,2.2224005924040022,0.001981685725711614,0.019159962199675803,0.0031176581978796247,0.03676050095859371,0.002707114391960161,0.029352099593357436,89,18,2.9808106625636824e-05,0.003742753806804419,5.9900858907555605,4.041397962408438,0.0014666169881820499,0.016710513705098552,0.0179526805877685,0.21034711821023286,0.030017852783203,0.2061763832962454,-0.00037714131176471284,0.04643339942101704,-0.00011797249317164999,0.033467079472885755,-0.0120651721954345,0.00417073491398746,85,47,14,75,1.133885867963934,1.8336404193619575,0.00431324781795607,0.03983331802665594,0.0031956881284713,0.014126360274555282,0.0021298498846590228,0.01561319306494037,65,14,1.4214017625206673e-05,0.0017172350360179095,0.6095795012197374,4.35341021226304,0.00159263610839835,0.006506147875467045,0.0098686218261718,0.12567991174690715,0.0140918493270873,0.11576293310563547,0.0010343715548515211,0.034405700938905735,0.0006703436374664,0.028428911266077585,-0.0042232275009155,0.009916978641271683,58,40,14,102,0.7937964679338431,2.091257835413898,0.0028041005916458568,0.02309724613282914
Other,0.004441054122762338,0.06665456169161794,0.010223075598478093,0.10297138060203852,0.0023715123534201747,0.018531336737980096,0.0015279711876064216,0.01336031158241211,78,21,6.966903802372047e-06,0.0008705359166433496,-0.022113567100808584,4.027050360263343,0.00119931623339645,0.009380314372524838,0.0056651309132575,0.09225555782222793,0.0097826942801474,0.09001706606354418,0.0007592353969812253,0.023337035981917862,0.00066614896059035,0.017343602136572878,-0.0041175633668899,0.0022384917586837534,54,43,13,106,0.0002432643171861758,1.8628979787311926,0.001949778633060794,0.01805321766949097,0.0026865974068641003,0.04085233544912923,0.002612184816971382,0.02832642424211338,84,19,2.8610747374004507e-05,0.0038275905888197036,5.536740138255466,4.209535170504835,0.0013790279626845,0.017787325743085614,0.0182184875011444,0.20859984676347926,0.029931545257568297,0.20189939100334459,-0.0004578584805130845,0.047574805210370455,-0.00034211575984945,0.03641285828785092,-0.0117130577564239,0.006700455760134673,93,48,14,67,1.08448304178002,1.9092136501572157,0.004217016468419148,0.03955032867139049,0.003043621778488075,0.01968356673699239,0.0019998424034565407,0.015715421205019595,67,19,1.2888877679060003e-05,0.001500039476555545,0.7647420221009975,3.078825861944881,0.00160059332847595,0.010041662186387823,0.0093002319335937,0.11597914627856906,0.0135234594345092,0.111874077108231,0.001063548773527132,0.032059539409750204,0.0007165968418121,0.027084172131535668,-0.0042232275009155,0.004105069170338072,54,42,15,106,0.8005683693402509,1.5860036509473379,0.0026396898151568784,0.021730748017273097
Other,0.004628040859637475,0.07610833725503711,0.010747145116328974,0.11510062362020905,0.003369478508830025,0.01779579513262045,0.0019079451682045667,0.015511083923931537,76,17,9.87358467742196e-06,0.0013501792677558099,-0.1571328382743138,3.272787400954777,0.00167927891015995,0.009263612122975535,0.0066106095910072,0.1095415481073898,0.0131889805197715,0.10544430799026654,0.0006227106787264272,0.02971274928692705,0.00052072107791895,0.023554909170655235,-0.0065783709287643,0.004097240117123264,63,41,14,97,-0.0009536727417509449,1.7493521584858258,0.0024123835305260863,0.02161785830206188,0.0024435445666312,0.052172680529980336,0.0025882853241637007,0.030220586290516806,82,23,2.9750560586884918e-05,0.004060632539333232,5.07664827352397,1.7635858702877423,0.00127033889293665,0.027487692638519287,0.0182184875011444,0.18786077541218518,0.029931545257568297,0.18324781487501635,-0.0005161615088581888,0.05156727263183624,-0.00049181282520285,0.04713119728258748,-0.0117130577564239,0.004612960537168842,100,45,14,60,1.1493678582416942,1.1422908859569865,0.004294525128178292,0.03743593103753538,0.0032055079936980503,0.024213790476768818,0.0020026450976729066,0.014257528391006509,72,24,1.2374297164505468e-05,0.0014523818414731628,0.5212723877709462,0.48542817284058115,0.0015661418437957998,0.012044452103829852,0.0089174509048461,0.08735756442797889,0.0126935839653014,0.08670937775698821,0.001019695773720734,0.03382060170144576,0.0008037686347961001,0.0317334932193896,-0.0037761330604553,0.0006481866709906689,59,41,13,101,0.7514899344246152,0.7365613167713652,0.0025954301894966143,0.01756555555697932
Other,0.005168382527182892,0.08380921734443217,0.01202673994004704,0.12785853932163402,0.0030574537813663,0.02065997032408748,0.0018751274253008495,0.01597909673273175,77,19,9.822802687725876e-06,0.0013281249425427472,0.06564201127644331,3.965646939680023,0.0015548430383205,0.010507628626339197,0.0070927962660789,0.11843505522741807,0.0136711671948432,0.11664087515622464,0.0006917663384228862,0.02843559245043885,0.00061333924531935,0.02318399379753141,-0.0065783709287643,0.0017941800711934323,63,40,15,97,0.11054383726911259,1.8494034400226713,0.0023866949886630568,0.022793464513655937,0.003332473337650225,0.057856519325641495,0.0029313119128346055,0.03146176883301078,80,22,3.3176347269962646e-05,0.004590529773688168,3.6030620388333405,-0.1816752452083139,0.00168284773826595,0.02806290221924161,0.0175872445106506,0.16373287691413926,0.028455495834350503,0.15905568937802242,-0.0004934055730700397,0.05603418730935483,-0.0005237311124801,0.0510633257425744,-0.0108682513236999,0.00467718753611684,94,42,15,66,1.107783708684339,0.6865512915710525,0.004540996259425436,0.03808805096442067,0.003855824470519925,0.030281511215957374,0.002569139581173621,0.018574305371668293,71,23,1.921159929267408e-05,0.0024051774500770257,0.058372269591235426,-0.14966189494912419,0.00188389420509325,0.01710312644025455,0.0116811990737915,0.10339265878699981,0.0174468159675598,0.0977777401132326,0.0012285694479942284,0.04338875956184034,0.0008073747158049999,0.03930293527008505,-0.0057656168937683,0.005614918673767203,67,39,16,93,0.6328105405414893,0.5109753392428742,0.0032502139911168583,0.022860292950044055
Other,0.004892074900909571,0.07424689513470764,0.011412812843918574,0.11387938300785218,0.002488868311047475,0.013383135486805463,0.0015222826984245014,0.011781192402019483,78,16,7.038812980550188e-06,0.0008731800115863054,0.17998506262951963,6.82173139147053,0.00124351307749735,0.006013547698525067,0.0070927962660789,0.10243416213212983,0.0110600516200065,0.09907362259737343,0.000821886630728827,0.02386905986781457,0.000792060047388,0.020166641964814234,-0.0039672553539276,0.0033605395347564015,54,40,16,106,0.22051118163407402,2.2993169980416064,0.0019357635073272664,0.017419758684120434,0.0035978108644484246,0.044115121404118024,0.0029547887854277644,0.0292638371738965,87,20,3.0747868788906846e-05,0.004285573602172244,2.802012357898321,7.072679927786487,0.0017434507608413,0.022183558058469693,0.016783207654953,0.2422074911734095,0.026365280151367097,0.23578147277961437,-0.0004179850220680225,0.05024500830317711,-3.078579902648926e-05,0.042538175995075714,-0.0095820724964141,0.006426018393795143,81,44,16,79,0.824657804193304,2.2595944898313967,0.004377496083855431,0.04196442234543337,0.00370402634143825,0.024176525062546327,0.002521562115289232,0.020554171640208105,71,18,1.8765664706883035e-05,0.002406723910169903,0.4406737906045515,2.8021551036348633,0.0018885433673858,0.011339283994086674,0.0116811990737915,0.14667475642525818,0.0174468159675598,0.144447449428403,0.0010136026889085684,0.0397653148368605,0.0005177855491637999,0.03270387149678597,-0.0057656168937683,0.0022273069968551575,69,44,16,91,0.7033971058405687,1.5886628025608451,0.0032815320905366526,0.028730535081951836
Other,0.0044391532331266356,0.07429199714708581,0.010390667021274336,0.1147240945448209,0.002420267090201275,0.019938604252098154,0.0015237472858279603,0.012216241934433878,83,22,6.753484499649498e-06,0.0008663982634010373,0.07920575799934504,0.21850735022858814,0.0012420937418938002,0.009817678518543635,0.0060581639409065,0.07030379024946892,0.011099733412265701,0.0674140788539068,0.0007388494908809514,0.025329409684927064,0.0007804483175277,0.02162169354235792,-0.0050415694713592,0.002889711395562132,55,40,16,105,-0.14006760098108018,0.8174743251245996,0.0019230555461467254,0.014993974403544927,0.002979621291160475,0.04402174761261666,0.0025698296562768077,0.026036494912451434,87,21,2.500206095100442e-05,0.003397507053005907,3.9544938727942824,2.0226910331059225,0.0015277415513992002,0.021769401689822478,0.0146305561065673,0.16852414140928754,0.028440773487090898,0.1629599221499262,-0.0004416255280375437,0.048020616493513336,-4.5493245124816895e-05,0.042234116262479866,-0.0138102173805236,0.0055642192593613376,82,44,15,78,0.5313856457461167,1.251564121731691,0.003940597277764227,0.0330382724213725,0.0029517710208892,0.023785151335747365,0.002249009851366247,0.016158837552112112,69,25,1.7206459898701686e-05,0.0021292175696878803,1.2956875039456266,-0.2510983739797994,0.00145214796066275,0.012405988367470432,0.010912001132965,0.09136528585076963,0.0178011655807494,0.0883395320378607,0.0011032328009605275,0.041374068366380495,0.00064861774444575,0.042110003851643235,-0.0068891644477844,0.003025753812908928,63,46,16,97,0.8672320057886272,0.273578118274203,0.0030978856370027633,0.020430468337802574
Other,0.004506954283391669,0.07456385822308814,0.010353092551231156,0.11408986259363255,0.0020457692444324,0.018139771185821385,0.0014263155194930374,0.012085584383243626,78,22,6.375780431438799e-06,0.0008223953872103537,0.7196421809621643,2.0533895848951653,0.0010198540985583999,0.008953310205316697,0.0055778101086616,0.08120224578748385,0.0106193795800208,0.07724163630153567,0.0006882521323859528,0.023625694318436835,0.00063738599419585,0.0207937423518529,-0.0050415694713592,0.003960609485948177,59,41,13,101,-0.0008393656333196304,1.3930425220065263,0.001879695351180143,0.016254905572845858,0.002896510064601825,0.041587985273932496,0.00263635203707959,0.02584073282259884,78,22,2.8202145680315632e-05,0.0038207610010962934,4.2312741251821615,-0.159526532008317,0.00145655870437615,0.021553499152028817,0.0157068967819213,0.13764412011441102,0.029517114162444902,0.13199039342065783,-0.0006263090297579658,0.052722283421791305,-0.0008323192596435,0.04953686100383932,-0.0138102173805236,0.005653726693753193,95,40,15,65,0.729197997429997,0.7052293788829616,0.004164428949739065,0.03226641957033045,0.003231838345527525,0.031640149211452424,0.0021968350000679225,0.01683418661177311,67,21,1.5895815980826144e-05,0.0018572533677545294,1.1210920987671376,-0.2834063199914332,0.00153240561485285,0.016205098542451175,0.010912001132965,0.09028748959297346,0.0178011655807494,0.08150325159505932,0.0012679055333137388,0.03774188485340441,0.00070166587829585,0.03485794473851163,-0.0068891644477844,0.00878423799791414,59,43,13,101,0.6916743949887694,0.7075258197677903,0.00289476657194002,0.020803929808257193
Other,0.004546210957434693,0.07162818509906463,0.01041448712348916,0.10901723580798042,0.00216133706271645,0.01839355404331526,0.0014416096359491006,0.012851872579326205,78,19,6.3232113593778285e-06,0.0008231935060985774,0.5684927879212704,3.3769207399752714,0.00105910003185275,0.007696722317326935,0.0055778101086616,0.0869296126742877,0.010478697717189699,0.08635259618097342,0.0006770364940166326,0.022731832806166263,0.0006111338734626,0.017190327648398757,-0.0049008876085281,0.0005770164933142773,59,39,14,101,-0.15630553027372365,1.7075166000214335,0.0018749936514121945,0.017505921380238185,0.0030942112207412,0.051955358621182085,0.0028432354680262084,0.03326120918287724,81,19,3.277879732430613e-05,0.00450450500600327,4.037447447344605,0.5069172621007634,0.00159898400306695,0.021964475757573293,0.0172663629055023,0.17075888577581888,0.029027372598648,0.16569272986947808,-0.0004291413351893353,0.05316663383776952,-0.00036284327507015,0.03674411844211033,-0.0117610096931457,0.005066155906340808,92,41,15,68,1.0252081993678466,1.1208582027943168,0.0045199862015844645,0.0409611285533469,0.00303304195404045,0.02116945699057502,0.001982081304304279,0.015787375770894414,69,20,1.3403956178840992e-05,0.001507284802256716,2.40537413206858,0.6225922203718035,0.0014471411705017,0.011313900736732444,0.0135458111763,0.09249715323474955,0.0183541774749755,0.09028300111344727,0.0011894810944795473,0.03311876916404465,0.00072273612022395,0.02901897250990139,-0.0048083662986755,0.0022141521213022907,50,44,16,110,0.9698753849107715,0.9584510625572267,0.002646960014980775,0.020259119707318
Other,0.004629186788391008,0.07281535276245883,0.010668183490633735,0.11136981142342511,0.00225301273167125,0.018873102808300915,0.0015710705425589912,0.013196135239269092,80,18,7.367858819356254e-06,0.0010025815496139867,0.7162851376374109,8.206896178919735,0.0011526681482791502,0.009688105553508722,0.0063329637050628,0.11242343489668928,0.012691073119640201,0.10951912161018168,0.0006521314848214264,0.024156710446579317,0.0006296075880527,0.019514737609052396,-0.0063581094145774,0.0029043132865076045,59,38,16,101,-0.2951772377518553,2.596575591590558,0.0020508347835175053,0.020470341717082112,0.0028001964092253,0.05142162373390025,0.002824874660000161,0.03108508792733854,84,17,3.2513966322466765e-05,0.00448622871346715,3.8785920672255,4.452284405353612,0.00148051977157585,0.02482114207660108,0.0172663629055023,0.2214551216931837,0.028902381658554,0.2140462314656227,-0.00033750142902135656,0.05112503526052448,-0.00029955804347985004,0.040449248798606896,-0.0116360187530517,0.007408890227560993,88,45,15,72,0.7541131126471633,1.9344095981695186,0.004509369336256187,0.04327192488296859,0.00315669178962705,0.024570533768739647,0.002060662265866966,0.017986658563728428,69,19,1.5036156385548001e-05,0.0018338949053553918,2.473247120476988,0.7405320472826284,0.00162079930305475,0.011611425796213864,0.0135458111763,0.10431601096646645,0.0181121230125426,0.10121532430931623,0.001091946661472307,0.036088065716321324,0.00072273612022395,0.029584570859957655,-0.0045663118362426,0.003100686657150209,51,45,14,109,1.1909822005395148,1.0707649660497651,0.0028734744781922323,0.0230552904603231
Other,0.004665899885707572,0.07108697515697725,0.010545149222016098,0.10823779838722607,0.00200829654932015,0.01042726897637131,0.0014818502432899171,0.01201461830563658,83,15,7.138110386134824e-06,0.0008787456965162557,1.0890092043116688,5.143451021035325,0.00101052969694135,0.004437705916424943,0.0063329637050628,0.09803876312940182,0.012691073119640201,0.09732839411423584,0.0006616157013922773,0.023562629209162092,0.00070754066109655,0.018307331502434236,-0.0063581094145774,0.0007103690151659764,55,39,12,105,-0.14421610128644768,2.1595631781289786,0.002012185183471969,0.01798744565711867,0.002512134611606525,0.043178371474725405,0.0028957312926649664,0.0339775791280391,84,17,3.498659678006846e-05,0.004756238146124557,3.8784049982602955,1.3712298488592705,0.0012999027967452001,0.01869459069855909,0.0183526873588562,0.2035449457626183,0.0306447446346282,0.19866425059519557,-0.0004797689616680067,0.053168181514254294,-0.00034806132316585,0.034952258967737036,-0.012292057275772,0.004880695167422743,94,46,14,66,0.8056597236918245,1.379788001823581,0.004666103620764436,0.043924738139138254,0.002854377031326175,0.02130107427229595,0.0019939567521214158,0.016082804539132748,72,14,1.2982523779249894e-05,0.0014947502380441794,1.2393112009016614,2.0798487062749107,0.0014041364192961502,0.010051004646123338,0.0108043551445007,0.10514168512822351,0.0163724422454833,0.10319292567263275,0.00099953971803187,0.031506987663809695,0.0007022023200988,0.025943255946267417,-0.0055680871009826,0.0019487594555907613,57,44,14,103,0.7034300246765153,1.5444600818891525,0.0026757701933096253,0.02240669467808055
Other,0.004818509889851235,0.07713271215999151,0.011049027740955113,0.12094652479630133,0.00246061198413365,0.017430390189549377,0.0016655678697861357,0.013964679133897184,82,20,9.317390289113866e-06,0.0012851797663962585,4.037522648641064,2.8816695520683897,0.0012379847466946,0.009016236797511503,0.0065247043967247,0.0949226029512103,0.0173040255904197,0.09074283869881178,0.0006270973943173748,0.030085101320366802,0.00068810209631915,0.026113499585571756,-0.010779321193695,0.004179764252398519,56,39,13,104,-0.956941155457848,1.6058316585783778,0.002337577693455859,0.019495292891862963,0.003036901354789675,0.04805944372358403,0.0029774520639329746,0.03195604361657017,84,19,3.655231748901989e-05,0.005037094018498388,4.339300428826001,2.986102868898465,0.00146250426769245,0.025815918077163956,0.0183526873588562,0.21253171582919217,0.034656614065170205,0.21058284718914297,-0.0004744717851281097,0.05578398325612571,-0.0003265738487243,0.04718099062562395,-0.016303926706314,0.001948868640049209,91,45,12,69,0.7918182678983232,1.6559651198646177,0.004770989370991934,0.04387757092842165,0.003102034330367925,0.03422579075500613,0.0020912064239382413,0.018932646305895973,68,21,1.3868284584929898e-05,0.0017456120326673039,1.7922797940036679,0.055242466037521254,0.0017115771770477,0.014848004678998902,0.0110445618629455,0.09650697333060398,0.016612648963928098,0.09523442903494725,0.0010039694607257706,0.03507744021980881,0.0005504786968230501,0.02883199396906385,-0.0055680871009826,0.0012725442956567383,61,42,13,99,0.7396038974362875,0.8102921863831933,0.0027763100596260993,0.02269769195960337
Other,0.004666079099883211,0.07468048608133596,0.01089286230504489,0.117424319540493,0.002702835947275,0.02300423511909388,0.0017863410589051974,0.016514496255409933,81,18,1.0029670387755853e-05,0.0014562305740559753,2.9116236146315524,4.121981102146657,0.00137219205498685,0.009452831925128604,0.0065247043967247,0.1140232771627697,0.0173040255904197,0.11051584564319761,0.0004909294191747791,0.029963152718866924,0.0005139149725436501,0.021949621454703132,-0.010779321193695,0.003507431519572094,59,34,12,101,-0.7964567854395131,2.009819742473584,0.002462811666753669,0.023631336255104853,0.002672538161277725,0.03665789128887052,0.0028140087146311553,0.030197168191632824,85,19,3.3682921696111625e-05,0.004598624257347743,4.8150677572628675,3.123407061666172,0.0013289153575897499,0.018917134522341894,0.0177199244499206,0.21096788396159866,0.0340238511562346,0.20595222863498633,-0.0003801710903644542,0.05322543425884239,-0.00019368529319755,0.0406808469092243,-0.016303926706314,0.0050156553266123265,85,47,17,75,0.7512768909472233,1.7408831876669506,0.004586805907143571,0.04201996436582723,0.0030905306339262502,0.023357676732857994,0.0020073278015479085,0.016813646421847107,73,19,1.3026951694605403e-05,0.0016539943471488262,2.0615143099880786,1.0824298492870907,0.0015733540058135,0.010194731656681501,0.0110445618629455,0.0991635895308872,0.0165487527847289,0.09657345107895214,0.000997256115078911,0.03423573256278368,0.0008553862571716,0.02822203974714744,-0.0055041909217834,0.0025901384519350632,59,45,13,101,0.8006048619355038,1.2471858385302117,0.002681842049774879,0.02195242499220483
Other,0.004844567935137177,0.07917682119169511,0.011126341000199092,0.11992870156038396,0.0028858650475739748,0.03413849846000866,0.0020102461508940475,0.019338405121417396,82,19,1.23839309499032e-05,0.0018395664212319304,1.6172791464981833,1.0454296054001047,0.0014408193528652,0.015872477320643362,0.0068060457706451,0.10780546259693595,0.0170892849564551,0.10184783898530916,0.00036356155760585465,0.03538830867351029,0.00040474161505695,0.02958117229952667,-0.01028323918581,0.00595762361162678,67,36,15,92,-0.47653999759044463,1.1373431007600103,0.0027668804653354284,0.024232912133300987,0.0023857951164245,0.042614245393716665,0.0028288054931908417,0.029795813596794406,81,21,3.444860251885683e-05,0.0048302081090183515,4.286580518509825,3.271144610737845,0.0012380629777908,0.021994515883192532,0.0174059271812438,0.19902351703003826,0.0301977694034575,0.1923310420535575,-0.0003851331770420009,0.056701990698640084,-0.0003460496664047,0.04527772071590396,-0.0127918422222137,0.00669247497648077,89,45,11,71,0.8102229314386188,1.653674451296798,0.004638591090610257,0.04018821170231,0.002945452928542975,0.020329378639909076,0.0018291282746940522,0.013514327179976113,81,22,1.1075165274050052e-05,0.001151255688957951,1.0630491345617656,7.807801476215316,0.00151714682579035,0.010259412661231187,0.0103980302810668,0.11857862449840735,0.0154295563697814,0.11239618814943957,0.0011100523173808868,0.02783840218823359,0.0011309087276458502,0.024590671222496856,-0.0050315260887146,0.0061824363489677864,51,49,16,109,0.26564676083154576,2.327229866426143,0.0023928114878866073,0.019397913613688
Other,0.012597832564855114,0.24152320178047798,0.030519520044326544,0.3838475975767587,0.006410624831914825,0.0720692380850547,0.0058447184972464615,0.05604626632065515,70,20,0.00011720248286776218,0.018277019076330704,2.480318825511036,8.399652498118428,0.0033376403152942,0.03520660846152371,0.035495214164257,0.5120521265407731,0.061583712697029,0.5094799709524183,0.0009779468178749075,0.10359365294278255,-9.4585120677948e-06,0.09163918259649607,-0.026088498532772,0.00257215558835489,80,33,13,79,0.6365806960860526,2.548788160586788,0.008529352755569474,0.08686411310950584,0.008450284600257775,0.10376108242643695,0.007462344150990211,0.07387206423559965,91,22,0.00021442897503025078,0.03277003647228247,4.100448289525236,0.7379475288956532,0.0043680667877197005,0.05657803545717108,0.030075579881668,0.42105411558601624,0.08480173349380479,0.4031170542843191,-0.001082183420658109,0.154835145179982,-0.0003556758165359,0.13522643699128617,-0.0547261536121368,0.01793706130169714,87,39,13,73,-1.0581020731102344,0.9807551527983063,0.011562115035256856,0.09378760200248414,0.0060115903615950254,0.11574217521893816,0.0057822272181510485,0.06337250443493245,80,22,0.00014321289298607003,0.021503191052423248,5.692971906313257,-0.6845576648710705,0.00313338637351985,0.05641827315536277,0.043067991733551,0.30448039984621345,0.07208234071731559,0.2883591907691883,0.0011947020888328475,0.12541879945399412,0.0011608302593231002,0.11098325835011211,-0.0290143489837646,0.016121209077025116,66,42,13,94,1.132528890018156,0.5154187133689531,0.009414600999784289,0.07598233871066383
Other,0.0157090088403002,0.2691700438522983,0.03828622460365271,0.43197487536108764,0.011666260659694625,0.10377346789778491,0.007688961294479622,0.07038719704557465,76,18,0.00016028516943334173,0.024979443151187386,0.4968124447466624,4.453813404151091,0.006004001945257201,0.05015075524632178,0.035495214164257,0.5213202078252821,0.061583712697029,0.507471510192722,0.0012600277550518506,0.12510377179536877,0.0002957955002784,0.0975850458025948,-0.026088498532772,0.013848697632560088,79,30,16,81,0.32689484212825665,1.8834538921099038,0.00996045317108722,0.09658410549236184,0.0125061869621276,0.10611554757195793,0.008885297109372874,0.07654329117987087,90,22,0.00024742384653477634,0.0379690523820781,2.6725204850652657,1.9136072763881655,0.006459519267082218,0.05389269183449413,0.030075579881668,0.5177146365292361,0.08480173349380479,0.47095097644015194,-0.000949756242334845,0.16602669378461152,-2.840161323543164e-05,0.143085983469589,-0.0547261536121368,0.04676366008908419,80,34,17,80,-0.8166489224078095,1.415118114008137,0.012438037304547468,0.10200092809886065,0.010194092988967774,0.12942092630161783,0.007520188530906991,0.075544813034694,70,18,0.0001876030037167086,0.028636307398740363,2.752284733598226,0.011641484689175918,0.00453677773475645,0.04510095391170071,0.043067991733551,0.38546778394148523,0.07208234071731559,0.37723897228125997,0.0012109916657209417,0.14084440978110738,0.00038802623748775003,0.11412561753032696,-0.0290143489837646,0.008228811660225262,77,34,17,83,0.8619516188848123,0.8943988773362165,0.010794145933034493,0.09380383591384665
Other,0.008129041103062009,0.14207221641924245,0.01931550145149207,0.22705123267631958,0.003617629408836275,0.06510797198506708,0.0038115126057527565,0.048633519467995275,77,20,5.447565513497287e-05,0.008375106410315414,2.394233126575359,2.404401059585191,0.00179453194141375,0.021674899224978856,0.0193933993577957,0.29180807866345293,0.039222933351993505,0.28971309477760987,0.0007758835330605399,0.06776214253559369,0.0005990266799926,0.038768050133802315,-0.0198295339941978,0.0020949838858430707,67,38,12,93,0.05973844271317076,1.5698223898330386,0.005801347854879654,0.061509336277522114,0.004876747727394025,0.05375499034051076,0.004210320923011707,0.03660070093747445,83,18,6.379288489088455e-05,0.009130284968876533,3.3736929593657017,-0.028897421668545142,0.0023567825555801,0.02694563322949422,0.0285739600658416,0.19411088026111611,0.0506573617458342,0.1885659108565341,-0.0003448592498898466,0.08307551485640928,-0.00030696392059320003,0.07506060855600045,-0.0220834016799926,0.0055449694045820045,86,37,13,74,0.4961114209221176,0.8862013258711531,0.0063246846068137005,0.04720957318403813,0.0045392364263533505,0.0696101396522388,0.00387858930975195,0.044958019433441423,74,21,5.973036885499931e-05,0.008638661783079461,4.8628530938188055,-0.4615436835544364,0.0021727383136748496,0.031101661502367036,0.0302403569221496,0.20797023024089809,0.049315631389617795,0.1944017332580149,0.0014002963900566034,0.0762135752843166,0.0008969306945800499,0.05724238150300902,-0.0190752744674682,0.013568496982883186,63,38,15,97,0.6314922821025619,0.8504424118390544,0.005965995933295179,0.05319917974425231
Other,0.004553457809974126,0.06270354607076772,0.01059885032474971,0.09533723991959644,0.0029819291085004,0.019683790219013245,0.0014829955826280246,0.01148480477842384,83,20,5.602941122641319e-06,0.000643241248152501,-0.6126885468008934,9.188981714439414,0.00142547488212585,0.009000466784448853,0.0047159940004348,0.10052869420106905,0.008854791522025899,0.09841969444036223,0.0006354070734232497,0.019093416794853657,0.0007526464760303001,0.0159283107046074,-0.0041387975215911,0.00210899976070682,58,46,14,102,-0.17510093632133977,2.5346623266868598,0.0017656672771304005,0.01669379175773141,0.0030085816979406998,0.04222858153025766,0.0025741661200299423,0.02926506113559276,77,19,2.508256826523292e-05,0.0032001825750203106,3.3966410780133387,0.8996101754896451,0.00152532756328575,0.0226679357272435,0.0146462619304656,0.14630541726678595,0.0274096131324767,0.14468348355734661,-0.0004076305776834403,0.041957108768346386,-0.00055876374244685,0.03189090068540883,-0.0127633512020111,0.0016219337094393372,92,46,17,68,0.49753749577140577,1.297250297424713,0.0039506951832050125,0.037944480479003284,0.003259629011154075,0.024083313575849502,0.0022340366151183564,0.019538431903824916,75,15,1.7042458938049876e-05,0.001850047457327777,0.5375008696521597,0.9266516613474289,0.0016243457794189002,0.01159654204976416,0.0101323723793029,0.10192560598670761,0.0158191919326781,0.09919605715963356,0.0013455174863338318,0.034286714356396415,0.0011040568351745,0.026681984852636974,-0.0056868195533752,0.002729548827074045,56,45,16,104,0.5888233370862729,1.3756092741499564,0.0029827376779727965,0.025970534764818715
Other,0.004701904995065644,0.07282816110991733,0.010969890207051998,0.11180152958029473,0.00299137644469725,0.01123040762297651,0.001538418862037319,0.009695862336813644,82,20,5.790905827239567e-06,0.0006813852084901614,-0.7867953824924556,5.331255639803597,0.00150467827916135,0.005998864427654078,0.0046245008707046,0.08255579270137575,0.008763298392295699,0.07963600332060827,0.0006233761087059851,0.022023538944209064,0.00073997676372525,0.018654250375876424,-0.0041387975215911,0.002919789380767484,63,47,16,97,-0.21137804914285063,1.873709286095632,0.001803063324615332,0.014012456631978136,0.0033208951354026252,0.049097010372671314,0.0027894002525135444,0.026835101402917984,74,21,2.887766121134793e-05,0.003915177764740488,2.7167771416872943,1.7493018354913419,0.00161014497280115,0.02390064463345985,0.0142492055892944,0.17678636918713486,0.0270125567913055,0.16920758665902655,-0.0004180928692221527,0.052324009584846315,-0.0006851404905319,0.046123892768348385,-0.0127633512020111,0.007578782528108317,96,44,14,64,0.4993512263537717,1.1282636748528962,0.004241008140477393,0.03431290989854109,0.00328055024147025,0.024298988311515682,0.0022347825346514245,0.015951437992753902,77,23,1.5987332243944875e-05,0.001818751634223316,0.5207991967160774,1.0509626189814947,0.0016522407531737,0.012320225906089997,0.0101323723793029,0.0982799646740295,0.015211522579193,0.08953983256813842,0.0011784005910157993,0.03745398105123934,0.0011040270328521,0.034635075317843975,-0.0050791501998901,0.008740132105891068,60,41,17,100,0.5518436555211033,1.0542778472500396,0.0029423739527027846,0.02039487527877334
Other,0.004748387942164837,0.0684055330095233,0.010934265926480067,0.1048153192396108,0.002832598984241425,0.014429668671467324,0.0015297810191986657,0.012180060922803332,77,17,6.0132870261567585e-06,0.0007788485400496351,-0.14430800462657611,2.7225048877345888,0.001377947628498,0.007581738771409599,0.0048589780926704,0.08278964700521159,0.0102428570389747,0.0806241637814892,0.0005106531549245047,0.022466646212562346,0.00039749220013615,0.0175736916097039,-0.0053838789463043,0.002165483223722377,71,43,15,89,-0.13839046313049558,1.5909373654327648,0.0018760423341332812,0.016555915800981622,0.0037541314959525503,0.046041364420367506,0.0029285596730187088,0.0320733978579478,78,18,3.064109737375759e-05,0.004217964176282218,2.829831255781081,2.2256948043436813,0.0018399506807327002,0.02054759852848784,0.0162513554096221,0.18558687599053078,0.027856856584548798,0.18067758403653936,-0.0003805605694651538,0.048812245207953735,-0.00048030912876125,0.034438114477815196,-0.0116055011749267,0.004909291953991433,94,42,13,66,0.7089279730912452,1.607872756112225,0.0043732588785923435,0.04284073871959743,0.0031147897243498997,0.03016599750618413,0.0021093168947845377,0.01964574993018068,79,16,1.4517097303325592e-05,0.00171877132568175,0.7516969205807538,0.39830247049675327,0.0015611946582793498,0.01102012750593634,0.011098027229309,0.10097130260909874,0.0163322091102599,0.09926456408719746,0.0011515744030475429,0.03353642781909472,0.0011261403560637998,0.024806700357281143,-0.0052341818809509,0.001706738521901283,53,43,15,107,0.4319727119458093,1.1207793017814098,0.0027920934566226306,0.024373742733039574
Other,0.004615826674370925,0.07058890343868214,0.010711135715245975,0.11113589105622232,0.0023873299360274,0.01736627047785927,0.0015722632221877198,0.011880883150225006,77,22,6.872661172780711e-06,0.0009031162269574531,-0.035168231276140105,8.159479779169047,0.0011293627321719,0.00831289696814554,0.0054094493389129,0.10436473183426646,0.010793328285217198,0.10305517789238894,0.0005229979753494172,0.025080239090186907,0.00045725703239435004,0.02190602106418671,-0.0053838789463043,0.0013095539418775265,65,44,14,95,-0.021057685837396384,2.211623809707481,0.002011760729678753,0.01655590028166737,0.003733851015567675,0.042706453448543735,0.002735978476703123,0.02605392772001101,78,18,2.6136590336846652e-05,0.003525655106017844,3.6317858107450496,1.0621459637494945,0.0018921494483947502,0.019499675454042915,0.0162513554096221,0.15731751123439847,0.0262906849384306,0.1484101563305164,-0.00038742572069167496,0.04973422296725509,-0.0004764646291732,0.03997306825300591,-0.0100393295288085,0.008907354903882045,93,44,13,67,0.8682348778058872,1.1559280380514816,0.0040357235316763815,0.03243704937045292,0.0029034167528151004,0.022545811728566876,0.0020884374016895612,0.013659831857218982,73,23,1.5276246120982848e-05,0.0016237460346597724,1.3083654825739215,0.47648334858811703,0.00146555900573725,0.01133519401051683,0.011098027229309,0.08891961362517864,0.0163322091102599,0.08642126235270446,0.0012400638312101188,0.03632142899878032,0.00099575519561765,0.033642393660735466,-0.0052341818809509,0.0024983512724741845,48,47,16,112,0.6963406072502449,0.7382217268657104,0.002839061855881848,0.017449923499727214
Other,0.004473071046866023,0.06784528391740395,0.010326260700821648,0.1060676581294388,0.002483770251274,0.0176560832562258,0.0015305715583962948,0.01122435726703034,77,23,6.205472693439366e-06,0.0007761104624713959,-0.4642627684957259,3.9267096363956373,0.0012273304164409,0.008328992745772423,0.0054094493389129,0.080773009343713,0.0089760124683379,0.07956981023576051,0.0005962934810668132,0.02336547671895285,0.0005586035549640001,0.02001487588348365,-0.003566563129425,0.0012031991079524814,65,42,18,95,0.050284756170571224,1.624184668055311,0.0018828199158600035,0.015171188488957236,0.003202676773071175,0.032003698827005926,0.0026348248869180295,0.024204935169716325,82,20,2.5934900350925304e-05,0.0034590238074905773,4.102164247404939,6.57183933639217,0.00158745050430295,0.018417958657990743,0.0163183808326721,0.19601462203931153,0.028885781764984096,0.18862442139120406,-0.0004680335521697903,0.046393961472163604,-0.00038477778434745005,0.04132869353280021,-0.012567400932312,0.007390200648107466,90,45,16,70,0.560447506102949,2.2859644021398533,0.004011337055076597,0.03614725641608193,0.003010362386703375,0.030269344188988936,0.002076318114995927,0.015872869969645084,70,21,1.4378357071649004e-05,0.0016954818224544763,0.9000414888403183,0.13428848976894292,0.00151321291923525,0.013606239343814434,0.0100207328796386,0.09329325986808394,0.015680313110351403,0.08425626762229327,0.001081162691116322,0.03630821993832236,0.0008250474929809,0.032328605902043867,-0.0056595802307128,0.009036992245790668,56,43,13,104,0.6506434174108662,0.7557766549985886,0.0028047686984298387,0.019421508369971856
Other,0.004515215955794192,0.07087119226740143,0.010273922532796636,0.11001450518649664,0.002432415261864625,0.013780143853067892,0.001495419215643743,0.010339613880356681,77,24,6.065947154239882e-06,0.0007526747772044326,-0.2538887148498694,0.2629418419128067,0.0012379884719848,0.00783275833336239,0.0059969872236251,0.06092469337409911,0.0100446715950965,0.055999012300814735,0.0006746067665517214,0.02408659192792734,0.0005882754921913,0.021657021247033923,-0.0040476843714714,0.004925681073284369,64,42,13,96,0.004530262385456016,0.8056326965955959,0.0018322403187307193,0.013134339210707868,0.0030280351638793,0.03944541083809474,0.002697130548767706,0.0251862670421069,86,19,2.673564245678287e-05,0.003607066886326905,3.309820392675661,3.358713469767462,0.0015368163585663,0.020419597441643053,0.0163183808326721,0.17458714697678906,0.028885781764984096,0.17211974513246578,-0.0004049846902489597,0.04961366176086386,-0.00012432038784025,0.04337650670196706,-0.012567400932312,0.002467401844323283,84,44,15,76,0.3651470337023272,1.5920652142592597,0.004080419751025221,0.033845996114836095,0.002396911382675125,0.025410608249114883,0.0020379883097484423,0.01665217983287664,69,25,1.4505675692255337e-05,0.0017837465224366117,0.6676506587041291,1.1554571343392528,0.0012952983379364502,0.012893824636055602,0.0091553926467895,0.10342996305173775,0.014814972877502301,0.09666366208165034,0.0011041712015867114,0.036314251497705424,0.00079920887947075,0.03422231067454303,-0.0056595802307128,0.00676630097008742,52,41,17,108,0.553373474051396,1.1147386059146966,0.0028100186020102993,0.021564360890089236
Other,0.15792761162326072,2.143296251507247,0.37133098997175673,3.3893676446137206,0.11497659049928177,0.8537732951564363,0.08074081093305718,0.8961804159972425,82,14,0.02093132639442117,3.2353467152837614,2.922333308925272,9.495914728905152,0.0540566593408585,0.29471682382955294,0.5203173756599426,7.910989884046602,0.7538781762123108,7.816542541822439,0.016867240797728295,1.0421330799590725,0.0202138274908065,0.5179049422882018,-0.2335608005523681,0.09444734222416298,64,35,16,96,0.8785004466001894,3.0221455769033647,0.11348155391351535,1.466050940090002,0.1260992288589477,1.0918562696042156,0.08270087038166818,0.7500357600624373,86,20,0.018309548925750745,2.689915190561349,0.15152451181754678,3.6120265871273842,0.0662350058555602,0.5375665567127333,0.2769632339477539,5.062297325816282,0.5494503974914551,5.0404543479177155,0.00042126812040805124,1.2924995530856176,0.007543921470642,1.062347684898315,-0.2724871635437011,0.021842977898566374,73,45,16,87,-0.13926756504813162,1.8030928495796419,0.10730918410355664,1.009633644365533,0.10285735875368113,0.6757061803195707,0.06635574717074628,0.6263458312941307,77,15,0.012226554291583716,1.8165087333967924,1.9447501310233246,1.6305913430061185,0.05206203460693355,0.3236191823074265,0.2348184883594513,3.546980260287377,0.5632502734661102,3.432797293903587,0.005466267466545108,1.0547350115690302,0.0028630346059799,0.8207189804883086,-0.3284317851066589,0.11418296638379002,79,45,15,81,-0.3044128798094282,1.5373878833900567,0.08751907667538668,0.8390725765792076
Other,0.12042349917285251,1.821874493491183,0.28208136398345207,2.8126237323444254,0.05762071348726748,0.41104312347255256,0.037908671076584105,0.34049191908828397,89,16,0.004065527147643323,0.5896361141964787,0.24753409883740574,4.054122475676684,0.02817454934120175,0.2093927077438985,0.1382231563329696,2.423019104418239,0.2588692232966422,2.3090405971383126,0.008971255668438963,0.5935469446750951,0.01190195977687835,0.4497982422121325,-0.1206460669636726,0.11397850727992635,59,45,15,101,-0.415102778214287,1.9867309230374597,0.04975887558648481,0.4871736227089254,0.11442656815052024,1.067089823150939,0.0761422802880406,0.6527154573887778,82,22,0.015274472543814558,2.0787601530574995,0.008431262559977615,1.8710896183283454,0.06175187230110175,0.5077396271107713,0.2256561517715454,4.195472762926425,0.4863355755805969,4.108514457760659,-0.011091013252735137,1.1866521689738911,-0.0064852833747863,0.9829882661693765,-0.2606794238090515,0.08695830516576594,84,47,16,76,-0.07236202421997552,1.1878750099964899,0.09737968103848195,0.8189119506559047,0.09484574198722827,0.5977698366196682,0.05996320401318367,0.4747863892468695,87,22,0.010408517151655724,1.4992699466353014,2.686118682076189,1.9622193066996134,0.04931330680847165,0.3153140672856104,0.2192585468292236,3.30429282436428,0.5476903319358825,3.195056090795937,0.0035219527781009618,1.0324246186954393,0.01085382699966425,0.9813722486149501,-0.3284317851066589,0.10923673356834299,69,49,18,91,-0.7223802939673539,1.2942179417466046,0.08083164626182858,0.658307947200152
Other,0.15802316558009175,2.4327904985215087,0.3730605490133164,3.826902760971013,0.06712509319186197,0.659821347242626,0.06682145484577627,0.8932251350175082,97,12,0.01773812300501179,2.7678674982476066,3.404351323967047,3.692599197584327,0.0326248779892921,0.25159306223966127,0.243975281715393,5.64643053924684,0.6265006661415099,5.55590773591874,-0.0023668019799515687,1.0043419403694913,0.009959973394870699,0.4949204534613936,-0.3825253844261169,0.09052280332809992,64,45,16,96,-1.2836917177134903,2.1824952721060806,0.10559552652293283,1.326335087774749,0.12134486436843864,0.887261980759275,0.08670297823846336,0.6708525213008337,80,22,0.022638588574305018,3.055254047343252,1.9737718399927777,0.9029606587548962,0.06357991695404044,0.45953529513850067,0.2755886316299438,4.046016780476314,0.7456949949264526,3.805604490077339,-0.00359488241374493,1.4974009116170268,-0.00308278203010555,1.3775071159435193,-0.4701063632965088,0.2404122903989748,83,49,15,77,-0.6362359847079644,1.1418725070298295,0.11926903019706292,0.9016898342732658,0.12608833611011494,0.7135096142092113,0.07951204430777574,0.6658243186176506,82,16,0.01848911488030922,2.586168304015368,2.357018909323478,0.9781599677099089,0.061653673648834145,0.35939089020820353,0.4376775026321411,3.721967954429248,0.7837232947349548,3.5126809827691967,0.00793066304177045,1.3251599089844952,0.0124871432781219,1.0930942565685866,-0.3460457921028137,0.2092869716600511,70,49,15,90,0.1597870946961041,1.3685944554061322,0.10754107658760578,0.9111089504749539
Other,0.26316282367267596,4.187826786546828,0.6291182933002708,6.512830353979918,0.19763179868459696,1.4150827562908717,0.14419663840904828,1.8144268982055711,73,12,0.06878377394012991,10.55543964032438,1.5049650008448427,1.475711111114344,0.09114022552967065,0.6553416368501017,0.4837842583656311,9.199412489005555,1.2192426323890686,9.104873000172935,0.03027366250753402,2.1594360826484498,0.02067859470844265,1.2028843312176718,-0.7354583740234375,0.09453948883262017,63,36,14,97,-0.520418096584403,1.6716395513248719,0.20576194114463606,2.4274009650818504,0.1771550178527831,1.8693885416909386,0.12696553044021125,1.0714553155743258,73,23,0.059149050663999246,8.324560749812976,10.079848052648146,0.20130464762082045,0.08784702420234686,0.9635412784379751,1.2046196460723877,6.623117688467002,1.6747260093688965,6.373937057394701,0.0005022525787353558,2.572557421314818,-0.013607770204544,2.3089851035890767,-0.4701063632965088,0.24918063107230085,87,44,17,73,1.7973484328752292,0.6373276566302741,0.19287407018775,1.3063342083291825,0.20077689737081514,1.22891887751217,0.11832699284714177,0.9004197172185471,83,22,0.03629075936410084,5.112375385560261,0.4961156115178804,8.019940954782191,0.10015940666198725,0.6490723917171397,0.4906231760978699,8.204422565883483,0.8366689682006836,8.165808278900744,0.020947518991306417,1.7808368500166503,0.0305752009153366,1.5987562463893448,-0.3460457921028137,0.03861428698273905,70,43,18,90,0.1457822205582921,2.463118334062223,0.14960888565637662,1.3931961452656392
Other,0.22651159558589096,3.844163972220441,0.5454747556289656,6.112417473996045,0.15803992748260492,1.1883830338319545,0.12793015220609955,1.6067347457711938,69,13,0.05685069024131799,8.620294964743564,2.927774695011422,2.0791023601653382,0.07595153898000712,0.5623208541059908,0.4837842583656311,8.700916900283927,1.2192426323890686,8.619001115065046,0.033687583589926365,2.0031101072934927,0.0061951950192451,1.0700590614946597,-0.7354583740234375,0.08191578521888143,73,32,14,87,-0.40515504082668097,1.750823672779355,0.18604612429442483,2.1465891229581437,0.13273450732231132,1.3679158852442286,0.10512761808931828,0.7928255677225801,64,22,0.048318013718030954,6.87367983959137,16.506710213925526,-0.5801025389469121,0.06556668877601615,0.6658161068533842,1.2046196460723877,4.656512247803447,1.6238699555397034,4.043939497816384,-0.010467220097780212,2.4326208793868496,-0.0312281250953674,2.394564978128022,-0.4192503094673157,0.612572749987064,103,45,16,57,2.8571259364520043,0.24829546012791684,0.17400700015469694,0.9777706769803024,0.1626996025443076,0.9786081894295546,0.10449842632875513,0.7826134687114095,79,17,0.028487435223251253,4.032852759310038,0.856704104005686,3.754146243639343,0.0866916142404079,0.5015656515689652,0.4906231760978699,5.865429386332654,0.809550940990448,5.590702677831788,0.02507954468892421,1.676686487315702,0.0237006619572639,1.3346639570404193,-0.3189277648925781,0.2747267085008657,71,36,13,89,0.11465294660232785,1.8665182024374571,0.1314674351058523,1.1052489233484784
Other,0.13382673510569076,1.9001251823652496,0.32159660445060556,3.016730502461161,0.11242568679153911,0.3791170771432263,0.0672594682354247,0.6846391788960381,83,11,0.010933563577011973,1.6550330283832766,-0.4886912181451768,2.7619508879859973,0.05799303948879235,0.17187495885245152,0.2178694307804107,4.122806377263927,0.39087606966495503,4.107075847910482,0.01492100073955952,0.8839664620671986,0.020795322954654652,0.5231193823875798,-0.1730066388845443,0.0157305293534451,68,35,17,92,0.027113508366226134,1.8698646405187331,0.08156236012243752,0.9346851460912795,0.09163926541805255,0.8113852992369412,0.06770310285617594,0.5625924076811581,74,20,0.014862190064467535,2.0940306372910995,2.929578229127043,0.9630313693738568,0.04582574963569635,0.40987144189785285,0.3090913295745849,3.309340071075861,0.7068976759910583,3.1466912702757894,-0.011734208697453136,1.2525599592187562,-0.02134418487548825,1.1456495571426366,-0.3978063464164734,0.16264880080007152,98,46,17,62,0.2024788701148852,1.0528131677305697,0.09596213685471261,0.7246545286224378,0.1117821745574473,0.7725164901923589,0.06223084385586841,0.602191692684648,78,16,0.010204252384484738,1.5406719444250279,-0.025349632315565085,6.078913678107529,0.05304767191410055,0.38434703905595646,0.1807733178138733,4.695543931345904,0.3807693123817444,4.604549619478825,0.014628883459954514,0.8802040811752064,0.013986930251121452,0.6637731661315878,-0.1999959945678711,0.09099431186707882,69,38,16,91,-0.23938128398991632,2.2637471390613295,0.0787554355294093,0.8751643959322947
Other,0.1760775569578282,3.040501532232793,0.4267948444560168,4.888399146892599,0.1034592613577842,1.3119467444307773,0.08640610875445416,1.2413910760309004,102,15,0.03249232442250948,4.994217937008497,10.617214057697264,0.9400725460432713,0.054994195699691745,0.45780258178757294,0.2178694307804107,5.809737774194933,1.0193971693515778,5.627202013954414,0.017747021978721002,1.5723210467250581,0.04346018284559245,0.796291993180605,-0.801527738571167,0.1825357602405191,47,39,17,113,-2.8281471437023478,1.4522788865083271,0.14183965071755575,1.5880883045454102,0.1360777467489242,1.2313908072573039,0.09943587022135031,0.8070561343963923,70,20,0.030420650822684796,4.169032006301415,1.4342138290723252,0.33536043086446554,0.0657210648059845,0.5667506428837108,0.4277669191360473,4.639611690902896,0.8255732655525208,4.1739614852064335,0.018524966109544037,1.7724698003570563,0.0027778744697570003,1.5225470746828251,-0.3978063464164734,0.4656502056964628,78,46,19,82,0.40391942993969954,0.9885743322836786,0.13706623251338962,1.0135989409641424,0.09113695472478855,1.0110786608006865,0.07646167715283805,0.7688536352199429,67,17,0.02381329210449732,3.466917717715422,6.399743724392179,1.9208766677900737,0.0474395155906677,0.5588484913794936,0.5873328447341919,4.803987285970009,0.8511428833007812,4.640359919924779,0.026906452025286846,1.5436082998104845,0.013784378767013501,1.3017056848469983,-0.2638100385665893,0.16362736604522968,68,44,17,92,1.8981710737021622,1.45929053747516,0.11936667425621965,1.0412449925313478
Other,0.25068074838191656,4.029737066145215,0.6110589602217076,6.486619720470464,0.12803931720554823,1.8395473667682491,0.10419150600209828,1.275786156853424,100,15,0.04011024399586271,6.05468481600593,6.222497564881488,1.323019876526101,0.06734652444720265,0.6395475037939129,0.3427753746509552,6.997641760367192,1.1443031132221222,6.73584969166223,0.016047008521854856,1.822545128164706,0.03936672583222385,1.2467546661999171,-0.801527738571167,0.26179206870496236,49,42,14,111,-2.029333050471054,1.447398407540549,0.15801089370904392,1.653183012194665,0.21982185542583457,2.1729254982487163,0.14978552560321984,1.3334156013854856,73,20,0.06350049366255561,9.280847188686755,1.8228042268319147,0.6302000599151283,0.11546629667282104,1.1667271806422521,0.7971556186676025,7.679760853563521,1.2778173089027405,7.381664449059634,0.02024234905838966,2.5663287099055134,0.007756143808364851,2.1478245088712082,-0.4806616902351379,0.2980964045038878,78,44,15,82,0.6709949467037798,0.9338810435982251,0.198809173936855,1.6415858617207504,0.18788419663906086,1.7503937567691736,0.12276320099132132,1.1175004073786765,72,20,0.04700126445253725,6.640873474709753,1.3451867750168862,1.6570479483124236,0.0875831246376037,0.8210830918805953,0.5873328447341919,6.784493250145659,1.0203367173671722,6.5655256094806,0.041118397167883805,2.097745882400244,0.020200818777084302,1.7603707359019962,-0.4330038726329803,0.21896764066505858,64,42,19,96,0.29360010112797885,1.3693863249274727,0.16691071751030168,1.4967750958586177
Other,0.2887277914329479,5.01966199965628,0.6996707929670809,7.959407415816447,0.15752982348203648,1.1839528229910143,0.12006981921615076,1.5249286271156048,76,12,0.05252093173358224,7.916183822046837,4.528976276584106,3.1992203135667614,0.0848156847059726,0.4488894070211222,0.7830284833908081,9.439808378108848,1.3074935674667358,9.3039073049145,0.026968938158825027,1.9031153856566114,0.0231729820370674,1.0204314509961903,-0.5244650840759277,0.13590107319434958,61,34,17,99,0.7538485030452994,1.9293796713070062,0.1797223818810714,2.072277889406709,0.19924512133002276,2.289134198991693,0.16723542160994836,1.7994806595172406,77,18,0.10559970698074342,16.096413996939262,4.5085390852341085,0.7591307111448597,0.1000737473368644,0.9551540793005954,0.9731686115264891,9.354208618192416,2.081873655319214,9.058260196599438,0.0382622477132827,3.225987443129516,0.0329627394676208,2.4920137598772065,-1.1087050437927246,0.29594842159297846,67,40,17,93,0.09765105789908483,1.2498877257692862,0.25483662002556634,2.38525030420498,0.17246984690427777,1.5498802823577211,0.1425579109508544,1.4584573586107255,71,17,0.07992574784068633,11.722844572487542,3.7658557408041844,0.8917393305611512,0.0893297493457794,0.8040012075235597,0.9422860145568848,8.327299665197408,1.5469528436660767,7.756038454774304,0.046034974604845035,2.830304587030319,0.02981713414192195,2.276106070559613,-0.6046668291091919,0.5712612104231043,60,41,13,100,0.8422730334210226,1.3193324052272348,0.21939739886789383,1.9267123597264537
Other,0.34496277570544415,5.757853181034249,0.8374968035332857,9.21926422080077,0.18593549728393544,1.8919938996858443,0.14724422721250444,1.8721574644647205,76,15,0.0736068995372035,11.445867584027651,2.1372390093334683,4.321447451624259,0.09412108361721036,0.7248145733584487,0.7830284833908081,12.747180563594668,1.3074935674667358,12.5583481716511,0.022483047342393543,2.192785208283794,0.017366194166243,0.9810751500449114,-0.5244650840759277,0.1888323919435689,69,27,12,91,0.471939128381951,2.0392619100662586,0.21397425294582792,2.5763463692522883,0.23117876052856434,2.5111260710364514,0.19202591374516484,1.943109348927955,83,15,0.13989644867203124,20.73991151014325,3.344229596712932,3.791237732382079,0.11032050848007194,1.2181365616230928,0.9731686115264891,14.44381711162484,2.081873655319214,13.772901683782585,0.0437853217124939,3.7035591701179253,0.04753422737121575,2.9212792966861,-1.1087050437927246,0.6709154278422541,61,39,15,99,-0.6527612658136801,1.7867496383414507,0.2933529885168232,2.650200178020272,0.16608260292559857,2.0720795320436136,0.17534894037788035,1.8799626200248916,67,16,0.11898049556681568,17.610665172015022,1.8774609815804553,1.3081595632963738,0.0854573547840118,1.0794319591533474,0.9422860145568848,10.978312936771172,1.5469528436660767,10.852961560094865,0.06106392696965486,3.322919842399052,0.032200038433074896,2.6601473662196993,-0.6046668291091919,0.12535137667630633,66,40,16,94,0.784492608046975,1.4352730234482238,0.2666050366876526,2.5629804706641206
Other,0.2746473446652865,4.727504982238026,0.6661223694402723,7.526268638597349,0.13493525423109526,2.336913489849535,0.11792396204771642,1.466478077637782,81,21,0.04818035539223228,7.541971621006529,2.1632190625692607,3.601999090644137,0.06901547778397799,0.7809892273074723,0.4786421656608581,8.965219033093833,1.040390133857727,8.896951361661797,0.0006147253385279286,1.950774247515957,0.00415287818759675,1.2320796872745854,-0.5617479681968689,0.068267671432036,79,36,15,81,-0.30350253035868274,1.8101781750687143,0.17407392121075718,1.9329902887068733,0.1758258938789367,1.9312660069617364,0.15625560106709596,1.5463642560685829,75,18,0.08627555878438592,12.650770886058147,3.7231662758356503,2.007275840574252,0.0898356735706329,1.0209507620989922,0.7684234380722046,10.254177769250656,1.7973815202713015,10.062984358449715,0.0023406580090522796,2.861234122247119,-0.00429809093475335,2.303124088917356,-1.028958082199097,0.19119341080094268,82,38,13,78,-0.7225278002629655,1.4221602106255258,0.2329288401830206,2.1128440983060974,0.13951823115348805,2.2009109220965297,0.13937057149887547,1.5089715344358643,70,19,0.07706029448185932,11.332697621817092,2.8015412506269035,1.0654510381420454,0.0742140114307403,1.0415980062105685,0.8919331431388855,7.995376074090558,1.4468974471092224,7.564691690440794,0.04406827895436436,2.714260268834273,0.032277524471282945,2.192744766101219,-0.5549643039703369,0.43068438364976347,63,40,15,97,0.7193891652193101,1.3851333010785207,0.2156649412495888,1.9913535132780391
Other,0.1574396948038918,2.6598923055866335,0.3740889003779737,4.136688870720755,0.11249501444399346,1.284262514766309,0.08836216936470007,1.0971203907964397,80,16,0.031450180601685584,4.671282870297281,4.98487992495468,1.5907819452627274,0.059281088411807945,0.5417811676393502,0.4412502348423004,6.144339088311361,1.0029982030391693,6.03670495379977,0.03456172025180421,1.5840618301771514,0.03464492782950395,1.0546180498349589,-0.5617479681968689,0.10763413451159082,55,37,16,105,-0.5704273813442581,1.5674475847948461,0.13630100012752305,1.4703846396345057,0.0921371728181838,0.9946164091620766,0.06708384342491623,0.5763670464667769,82,21,0.014366770435145844,1.8495913643333504,1.7250344202695755,-0.6152303018113057,0.046336323022842255,0.4184081080549793,0.3113903999328613,2.793414570220121,0.6413094997406005,2.7484943816720557,-0.018197998404502858,1.178271164160598,-0.01448732614517205,0.9644350811880884,-0.3299190998077392,0.04492018854806547,97,42,14,63,0.3036168770238817,0.545902030188308,0.09328694827264697,0.6791674521360539,0.10241415351629246,0.9018799589968893,0.07050329037709158,0.5779360215005339,76,22,0.017353295705271467,2.4146577665137623,4.953829952013608,0.05007397729476892,0.05041623115539545,0.4456366428592512,0.4488589465618133,3.2949947278168747,0.8952122628688811,3.0455871908082015,0.02238249699585139,1.3743558763830064,0.019011303782463053,1.260837315345305,-0.4463533163070678,0.2494075370086732,62,40,16,98,0.03402275126029949,0.8239806721364049,0.10202889537206182,0.7251232250902334
Other,0.2686530798820825,3.456461172853555,0.6252667939476666,5.481965288111542,0.17731112986803044,0.7437176706244805,0.11766932887490836,1.2435741598592462,68,12,0.04374764071650977,6.175896383487583,0.5779883779472863,6.202878882267905,0.0889090523123741,0.4293065688448129,0.5228195190429688,8.941868529474188,0.8314841389656067,8.917132677272056,0.05417750785127281,1.4990939061842732,0.0400002598762512,0.8227307222462046,-0.3086646199226379,0.02473585220213217,57,31,13,103,0.5949701834952063,2.5965524215440845,0.15671814411608123,1.9820731177049853,0.20308218151330937,1.0342509715945254,0.12697563127847383,1.1197572687503174,66,15,0.052987677499728145,7.536663495237189,7.0072471421221945,11.229129100097694,0.08920001983642575,0.5205808976257007,1.0897836685180664,11.095637425951793,1.5502070784568787,10.917058281499415,0.04566003186628223,1.9457960446938563,0.0209589600563049,1.5199043632261933,-0.4604234099388122,0.17857914445237882,70,36,16,90,1.131341522391991,3.196584745418457,0.1767134194996109,1.9366314176143409,0.17238199571147547,1.3323205324533407,0.14743124295651794,1.6243333761865464,57,13,0.07545837504239525,10.094157009289317,0.9051118385201731,5.258684180741625,0.08267300203442571,0.47646690253697116,0.7156862020492554,11.53383038473258,1.0808300971984863,11.307603602144754,0.08524356778943912,2.037075337233413,0.03512297570705405,1.1722037758222696,-0.3651438951492309,0.22622678258782566,55,32,15,105,0.9305950648585279,2.399798693710691,0.200364494405544,2.4381306527183266
Other,0.31970780788425845,3.8641123589041615,0.735782834459096,6.1945112344652244,0.15985742956399907,0.9337580574820084,0.10320630732108835,1.0066814420212205,79,14,0.032378784072633476,4.741407256381018,1.4915952484125512,6.513326339133359,0.081516683101654,0.4676576100953162,0.5228195190429688,8.102119891270418,0.8314841389656067,7.966965586803054,0.036840943340212096,1.4989832861436796,0.03146454691886895,1.0087234563354226,-0.3086646199226379,0.1351543044673629,65,31,11,95,0.5961616219900796,2.5794213063612674,0.13783404455426776,1.5793848056262016,0.3083216920495032,1.722484660922805,0.17729377284063957,1.7084193043227465,73,15,0.09299471621736027,13.406649546050502,1.9155141340367408,10.866658924389416,0.1421519815921783,0.5864388336265943,1.0897836685180664,15.827323051637464,1.5502070784568787,15.476282073318744,0.06794876428321003,2.4414606421641682,0.04303902387619015,1.475215842416734,-0.4604234099388122,0.35104097831871933,63,26,17,97,0.7346747037833348,3.0897235088567316,0.23203700218527537,2.7287212167632346,0.24170937202870837,1.583811520932065,0.16885227757506072,1.806050687818906,64,13,0.09083966359653223,11.745172018077648,0.0024003405962322866,3.276109093809123,0.11624314635992045,0.6413537529805433,0.7156862020492554,11.138400587684362,1.0808300971984863,10.930624368620984,0.10321897942340001,2.254067306157376,0.0532900989055633,1.3159830427950907,-0.3651438951492309,0.20777621906337881,51,26,16,109,0.5658481262736762,2.0452929351717617,0.2154314250585709,2.5815407409897833
Other,0.24441226780852499,3.591487550932447,0.5698801186308262,5.599155303006707,0.12814233824610693,0.7746952106376106,0.08331520253443156,0.8037093115305827,71,14,0.022505762417697438,3.006668055842035,1.5442989600396677,6.5796544278808025,0.06364803761243815,0.3315374334137444,0.4148170351982116,6.523828376723141,0.5759468674659728,6.438706904843555,0.04528337912634014,1.2947421221629885,0.023570120334625203,0.9702593457563221,-0.1611298322677612,0.08512147187958652,66,35,15,94,1.1118006477655065,2.2820237266720675,0.10995947606191044,1.1533910407745143,0.2106416672468185,1.5591538672539413,0.15765633836388582,1.7342658230206824,76,12,0.0851366509621429,12.742020909057103,2.4239414803113553,2.6169103563655653,0.1102780401706695,0.8381605577045828,0.8078312277793884,10.393219264944642,1.7038705348968506,10.155066202544392,0.025985239446163166,2.553717180389912,0.0229662209749221,1.8239322450450897,-0.8960393071174622,0.23815306240025155,69,34,18,91,0.32421050321766304,1.8712587819711979,0.2299251706159686,2.494102939262632,0.14729694277048105,1.559855634020781,0.10492954568995624,1.0455256703232552,66,20,0.040548801680552325,5.0784084375368845,1.666924228388722,3.0029568367356836,0.07145781815052026,0.7502315008477025,0.6147952079772949,7.027952499534716,0.8979544639587402,6.943198728277117,0.07164753151591866,1.7506960004538072,0.053139865398406955,1.4193125455747233,-0.2831592559814453,0.08475377125759888,49,32,16,111,0.976270678702236,1.625518112304986,0.14260693140076605,1.418968622462078
Other,0.2517302194092876,4.659983059334632,0.5900359920971093,7.126508987620099,0.10412152111530293,1.0813739127393305,0.09849796900816725,1.0303264525204938,52,16,0.035822906770663666,5.344765518023109,9.195719061649516,8.750159329717603,0.05059109628200525,0.5203950979966974,0.8925756216049194,9.209626425015156,1.0537054538726807,9.075358166365527,0.028225574351381517,1.6940811655025385,-0.01215983927249905,1.2275408231097233,-0.1611298322677612,0.13426825864962796,96,35,19,64,2.5320528372879227,2.6522512518821855,0.14740568649741098,1.5731670358587704,0.15628917515277854,2.413670568850204,0.1610835739015601,1.8752077808172576,79,19,0.11443710608532917,17.288225219505907,6.794175533847104,2.308613284470841,0.0774505138397216,1.0948209156895587,1.238573670387268,11.432982072792536,2.4384899139404297,10.945946978564717,0.0311888052150607,3.2940489442662098,0.0260199904441833,2.528457318200102,-1.1999162435531616,0.4870350942278199,66,38,18,94,0.003684700919685001,1.593029795491558,0.2664472992036483,2.537216343216435,0.13418459519743905,1.8685938573033742,0.10942405129550022,1.141553623509763,73,20,0.04664494953647399,6.617608101025053,3.466167741388018,0.8718380949154647,0.06784911453723905,0.9251412957531131,0.713031530380249,6.750028398878276,1.2415823936462402,6.307602977254737,0.04998157415539026,2.1383788778513506,0.03899227827787395,1.8482665314128837,-0.5285508632659912,0.4424254216235389,57,34,19,103,0.5535218426692647,1.1076467883578196,0.16377599583061586,1.4300153411010148
Other,0.2088581894518851,4.096444671937709,0.49050271946936824,6.50726054407851,0.1197228860110043,1.3183230258311753,0.08274620382144346,0.9110942536067008,67,19,0.026855479451367223,3.9917588318408934,16.561925415155606,0.5452189706477624,0.054533347487449604,0.5569555195956382,0.8925756216049194,5.028616029926183,1.0718881338834763,4.669193410908993,0.022864746046252552,1.6420179342550096,-0.00358772277832025,1.1820223239808452,-0.1793125122785568,0.3594226190171895,81,34,15,79,3.0840902386764837,1.1810275512076986,0.12792245310301956,1.138216119823386,0.1479061096906661,2.185921842016218,0.12839644922874865,1.5229046660234926,66,17,0.08165052765320294,12.748071278059163,12.65277598464343,0.16272429852711756,0.07704451680183405,1.036652197013413,1.238573670387268,8.268676479417993,2.4384899139404297,7.873644418378394,0.020457899942994122,2.9809516484939347,0.00128561258316035,2.5345119370801683,-1.1999162435531616,0.3950320610395985,79,34,16,81,0.4804187192949393,1.0404770421040965,0.22567980682423866,1.9651968215424267,0.14458055049180973,1.3919060362663813,0.0988977830574731,1.0026642866806936,74,20,0.03412491670001968,5.196854572836919,4.77215416970437,0.6416679908552458,0.0744811296463012,0.6508075275463558,0.713031530380249,5.85048353842024,1.2415823936462402,5.531273478803669,0.016865363123361017,1.8842909613295666,0.0108757917769253,1.590063000533692,-0.5285508632659912,0.3192100596165708,70,31,14,90,0.3899345255683088,1.106083791883112,0.1455196974774948,1.2830830627393606
Other,0.13262702281784736,2.0184104942427714,0.32086845978861656,3.2231201962877827,0.10686060134321437,0.7104657194982491,0.06518153075943699,0.6824198007942104,64,13,0.013596294789965593,1.8345597071728887,0.19965717927354998,4.79266777636113,0.04457254149019705,0.26910120854531805,0.2504662275314331,4.511734781190686,0.42977873980998993,4.463932892200166,0.03514274904882767,0.9096841556286945,0.02186438813805575,0.5089082459989267,-0.1793125122785568,0.04780188899051973,55,36,17,105,0.3220602523527199,2.273821423037526,0.08548888004789652,1.003511058320235,0.1092806905508041,1.0483344446885385,0.06803353827446697,0.7056822457030699,74,19,0.013785454449274245,2.044827061101874,0.5823554378157954,0.05596933013927918,0.0542853772640227,0.4880737789639529,0.27186119556427,3.413201954588556,0.5274486541748047,3.3626929696336054,0.01790855675935744,1.1303046351484403,0.0137794613838195,0.8657418635368803,-0.2555874586105346,0.05050898495495053,60,33,15,100,-0.019193384932633555,0.997165468430122,0.09136390779950115,0.8759215106753716,0.0760466679930686,0.9242357360679121,0.06332398214566634,0.6239613403289854,91,23,0.013594942665021871,2.0827137791793984,2.4523337981436066,2.0738725045069026,0.04098179936408995,0.4504940768255409,0.2990527749061584,3.8922051559910296,0.7064050137996674,3.8112580172071624,-0.011067401140462601,1.183131405510648,-0.0052286386489868,1.0013208184150275,-0.4073522388935089,0.08094713878386729,91,35,16,69,-0.43865030224396745,1.3727210020113767,0.09179880542177639,0.8263860214656322
Other,0.14148381859114306,2.2630500664389417,0.3353359738155266,3.5734205743568355,0.07995090167969458,0.5180559712123253,0.0648627181522897,0.6824912907971781,80,12,0.013295338118011963,2.043983827231187,0.8116499629830809,4.5437445696546055,0.0397289246320724,0.29169427247661595,0.2504662275314331,4.5666271651163575,0.4776063561439514,4.432223876388354,0.007732412336918057,0.9989621326434786,0.007339939475059501,0.689747728845469,-0.2271401286125183,0.13440328872800342,72,43,16,88,0.2068280381305603,2.2727239216012656,0.09111356448640465,1.0227700058055968,0.11660084128379815,0.7901595549636359,0.0757660454139113,0.5505972216086981,86,22,0.015650591501453297,2.2680716546243467,0.036726628352151014,1.4117727874017438,0.05994546413421625,0.39906023389902917,0.2062481641769409,3.820584906742789,0.4618356227874755,3.650132566948613,0.0053245350718498065,1.329811741555508,0.01022356748580925,1.1987989519627988,-0.2555874586105346,0.17045233979417593,64,43,16,96,-0.29581225751214896,1.0463463448159451,0.09906871518917901,0.7068750856024375,0.08736251294612875,1.1132532834912685,0.06759669408667827,0.6748215035906636,76,24,0.015266462553315875,2.2726790386104043,2.2485205423908683,1.3283357232134145,0.04363238811492915,0.5642425021258015,0.3447828292846679,4.184967566728675,0.7521350681781769,4.1405771755756895,-0.00279325423762202,1.2446467001578487,-0.0040839314460753996,1.1095285001469852,-0.4073522388935089,0.044390391152985396,89,40,17,71,-0.15482279329483917,1.030504881355185,0.09794742179127876,0.8506078005735561
Other,0.22386594834949758,4.025876529800038,0.5299177042394874,6.329035940499004,0.12188639491796485,1.0363912836455276,0.08103229349944736,0.6972150462660095,78,18,0.02084386059254834,3.0589493924295783,4.219042270240809,2.37782469911573,0.0628980845212936,0.4223998017860756,0.3342389464378357,4.881184716185028,0.9238160252571106,4.551792285762964,-0.004975593648850911,1.484555963111161,-0.0090628862380981,1.2016848398983269,-0.5895770788192749,0.32939243042206395,87,44,15,73,-0.27179510215429775,1.5016933676859978,0.11438721104652826,0.9246853436822022,0.17071437835693348,1.497099465521419,0.1091917360015213,0.7897685725332352,76,27,0.03574518871304749,5.019975008299128,2.4613496559805492,-0.7115977785199301,0.08484092354774465,0.6325650977551276,0.5783772468566895,4.022861382038364,1.0721814632415771,3.799026652597994,-0.01074892692267895,2.0314875231197194,-0.01843747496604915,2.1845288417031146,-0.4938042163848877,0.22383472944037025,89,48,13,71,0.3710074181218297,-0.019227928064409937,0.14954927171287785,0.945004471792612,0.189352799206972,2.021245887211231,0.1383017403568374,1.2880957276244462,81,21,0.06964573118452988,10.540188378962341,3.4883800993651715,0.13202850410242517,0.0935287326574325,0.9154338319021409,0.8666336536407471,7.279272478827157,1.5280853509902954,7.186234975245418,0.020343489712104198,2.8129924542681244,0.0218003988265991,2.504876587722155,-0.6614516973495483,0.09303750358173878,70,41,15,90,0.11700665571486539,0.8892177094251805,0.20829278961464015,1.6208830405655241
Other,0.20202991946301144,3.808140435570623,0.4814739958476274,6.052851979695767,0.12196145206689825,0.943040123392525,0.0858509982784744,0.7460210102193284,63,19,0.022906290486812267,3.3225906754241303,4.228160995777063,3.5833414728343778,0.05713449418544769,0.44410522285262977,0.3405850827693939,5.55691371543197,0.9301621615886688,5.414848442294183,0.021758069377392532,1.5002637806567845,0.00148667395114895,1.2157709927752829,-0.5895770788192749,0.1420652731377874,79,32,17,81,-0.07622583570491917,1.759516875820741,0.11802576404046101,1.0352773849908734,0.12264528870582575,1.3542962423634903,0.09252029301133002,0.7656634129282428,71,21,0.030590854273242294,4.399179587390084,3.937145959177216,-0.7518879334566382,0.0633823871612548,0.7495236881579446,0.5783772468566895,3.833584545381832,1.0721814632415771,3.497461203300366,0.0056742411106824875,1.87051474934933,-0.00706538558006285,1.7856451466327299,-0.4938042163848877,0.33612334208146594,87,42,13,73,0.24964419429482823,0.2723805800171901,0.1385897957295069,0.9488699383248984,0.14315713196992863,1.9712132842927979,0.12520150581258344,1.291258812680012,80,21,0.06430614015625548,9.829635935272496,4.449741769923758,-0.16460449005650668,0.07135146856307975,1.0493329924391934,0.8666336536407471,6.457604973132196,1.5280853509902954,6.095306778746704,0.012607056723209095,2.682073449689652,0.0130565017461776,2.377511250647358,-0.6614516973495483,0.36229819438549166,69,38,16,91,0.21323408671773791,0.8289775360432198,0.20070918219477543,1.623612621822811
Other,0.10884034855753785,1.551190135939972,0.2587260772241277,2.4328167822461695,0.09557859785854807,0.589438629997453,0.06308587414314386,0.6612112411919331,75,13,0.012055534350526182,1.7355710053623639,1.8455632729186329,7.410978607448886,0.04824589192867275,0.2487844498139488,0.3405850827693939,4.989710195553612,0.48468632996082306,4.927454479918484,0.023491254949476563,0.7930230603683733,0.0164834447205066,0.43813442087112753,-0.1441012471914291,0.06225571563512849,64,32,16,96,0.9354286623767568,2.756909765640891,0.08382593471471121,1.0519911744336752,0.07036612927913652,0.5309167679481237,0.05091310163727027,0.42802034742971484,72,22,0.007786549973933435,1.0675603737787567,0.4880174316813597,1.2666735300579441,0.03508645668625825,0.27937979708396127,0.2083384096622467,2.7687296927886855,0.37668105959892273,2.7571436456543816,0.020190841914154576,0.8541392635905649,0.014449715614318799,0.7728945910975732,-0.168342649936676,0.011586047134303857,68,39,12,92,0.4925890194593893,1.1827124913290923,0.06698482799402937,0.5813832575605564,0.0674220100045203,0.5925013078943642,0.04526630317268423,0.3802774175394676,80,20,0.005692741656685822,0.8507800995880282,0.19003915792682546,0.48990257119557334,0.033852115273475605,0.27039183263612176,0.1677994728088379,2.1241225721650143,0.30777907371520985,1.9665390460443928,0.003711085111717688,0.7856544582872311,0.0045692920684814,0.6670945501877166,-0.139979600906372,0.15758352612062163,72,38,14,88,0.11392492134037571,1.0366537148455885,0.05972002925789008,0.48324649172179807
Other,0.10304281042723065,1.2558469805244759,0.2450381673406807,2.0580719791132713,0.07355004735291007,0.40173875686769,0.04356035613440323,0.42429937318347866,84,14,0.0076320770134378725,0.8396226453166378,1.002472528609335,6.931802977100745,0.03698862157762055,0.20258686763122283,0.2073151469230651,3.45799314428228,0.3514163941144942,3.3637623573578486,0.03573157749196978,0.6302583130096797,0.03710085898637765,0.44099327818401046,-0.1441012471914291,0.0942307869244315,40,40,15,120,-0.22299560787816294,2.582258197741587,0.05928973738624451,0.6651293890656391,0.09423175826668728,0.5789391839798959,0.05553330535549317,0.5187186127745531,77,15,0.007880305519965106,1.2117415070008737,0.012731410845373325,5.3734604549709015,0.047770783305168096,0.20991116963775241,0.2083384096622467,3.962385168180187,0.330814778804779,3.8418055604381176,0.0034706871374510203,0.8091951953383756,-0.00148088112473485,0.5462276836365392,-0.1224763691425323,0.12057960774206937,82,35,16,78,0.5081360060729699,2.245997957123695,0.07031390734098664,0.7462872388311098,0.07376430928707109,0.43536883439055163,0.04381801763702239,0.39064205503663624,94,16,0.0047734292572801105,0.7197258473779287,-0.27301618506993686,3.5405281786493026,0.03485259413719165,0.22251098010144377,0.085488736629486,2.5403820698449397,0.2516074776649474,2.503818999866496,-0.009943088734871708,0.6186184707652156,-0.00061005353927605,0.4532935156194716,-0.1661187410354614,0.03656306997844348,82,35,18,78,-0.6423008634613068,2.013887948170789,0.05387643231930956,0.5805489083669307
Other,0.09448272442311854,1.0820108290969888,0.22863026321399935,1.751825544653696,0.058018235838972,0.2883612649757313,0.03786939369831087,0.3939149686113057,77,11,0.006344116098404126,0.6621257656449991,0.9044673439309401,6.911403706611319,0.02606270648539065,0.14149021308423637,0.2073151469230651,3.197322608678415,0.3119565993547438,3.157585871183362,0.0362167558079818,0.5352041929993044,0.03584579005837435,0.34333174342754136,-0.1046414524316787,0.039736737495052805,40,39,15,120,0.3943405921281162,2.6094175560496056,0.051673081300293695,0.6129292271061664,0.07253416255116452,0.3817850546513846,0.04938531352236164,0.4920760991467287,78,12,0.006486285880616149,1.0014045608094826,-0.07828121637294938,8.746410744638265,0.037330973893404,0.19222334848106754,0.1518484354019165,4.19925857952901,0.2743248045444488,4.195343574969594,-0.0074016998405568276,0.6263058978736998,-0.01008268818259235,0.3725249487429477,-0.1224763691425323,0.003915004559416201,90,33,16,70,0.4693736438771379,2.873873254014685,0.06343733412479416,0.7804777274836875,0.07537821680307377,0.3427905224933177,0.044421866229968104,0.40300297584400363,91,13,0.005022477809347423,0.781613166420806,-0.14170510890687193,8.389634781199895,0.0381873100996017,0.156099013026408,0.1034479439258575,3.4893360084044347,0.2695666849613189,3.4587596452569067,-0.001884001027792699,0.5903154537806917,0.0034834742546081,0.3874857870191283,-0.1661187410354614,0.030576363147527826,76,38,15,84,-0.5375816794245402,2.8453005299511034,0.05617133870170401,0.6581343566844858
Other,0.10619460026948344,1.6544199869240472,0.2545574376918373,2.59213300790232,0.07679410465061655,0.40727386306450764,0.050216632233496025,0.47618343698821114,81,12,0.007731006782433123,1.0582322200055043,0.6271668566521926,7.058619580064798,0.039669468998908955,0.20621771773248687,0.2158823609352111,4.073782632697088,0.38394057750701893,3.9966345269735357,0.025363840011414125,0.662420868920938,0.0261848792433738,0.42899235287451254,-0.1680582165718078,0.07714810572355216,60,32,15,100,0.03456830151086892,2.699893871648724,0.06492224558051109,0.7870392699373607,0.059623271226882844,0.8979985438626448,0.053617678675800515,0.4970886324569472,90,24,0.010711845275674883,1.6490793175094172,3.7439798762935492,0.05839252071812062,0.0279900729656219,0.4994118422731496,0.2624064683914184,2.8352074443252677,0.6162720918655396,2.7135717144273337,-0.005630672723054888,1.1258874513279364,0.003375768661499,1.055095157515535,-0.3538656234741211,0.1216357298979339,76,38,11,84,-0.7489421146393492,0.61078651986949,0.08188471000628093,0.6176218620253823,0.06928360462188707,0.8400813328839302,0.05162042760988694,0.5967856429003734,67,17,0.009449513307431146,1.2724526569972878,2.8615941623532377,2.615853840344064,0.033633172512054346,0.3300136810786074,0.3248454928398132,3.4687410636805467,0.4716794490814208,3.434221444952538,0.027111098729073985,0.8038246876534457,0.0135259330272674,0.487020160817647,-0.1468339562416076,0.034519618728008974,59,41,15,101,1.158101384853312,1.7127389609548813,0.0721349827838723,0.7914028863455885
Other,0.1469750727088343,2.243687790735753,0.35592255197465394,3.5233723071560665,0.11120844632387156,0.7037977742132728,0.0638628292852081,0.6168641802617834,84,15,0.011287777533209873,1.485331195835061,-0.2006259202896188,4.293635273792878,0.057081058621406444,0.2528832050313947,0.2158823609352111,3.978883531949903,0.38394057750701893,3.8931969203936583,0.03187206475995479,0.8432654351975993,0.03860470652580255,0.5216395769376553,-0.1680582165718078,0.08568661155624456,58,38,18,102,-0.17964605304543366,2.147797214294075,0.07795520368989488,0.8799060186383909,0.10101208090782157,1.3157835282352335,0.07646096434444186,0.6118913389075944,86,21,0.018064817882633682,2.6868127010517657,0.9190752565242684,-0.9490231168852392,0.052174359560012804,0.570161553498818,0.2624064683914184,3.0755626721154234,0.6162720918655396,2.777907991468645,-0.008570970594882963,1.4719934448210543,-0.00329563021659845,1.407598103335833,-0.3538656234741211,0.29765468064677836,85,41,15,75,-0.2826493440000485,0.3513439295811525,0.10624310387840917,0.7211435359591124,0.11442863196134562,0.9748234982767471,0.07638890565140169,0.7164385320411907,75,17,0.01674846976537081,2.3475994297653084,0.2314260833679369,1.4425938435464332,0.05476857721805565,0.41921050552253014,0.3248454928398132,3.8326242960920642,0.5304155945777892,3.6648590191001333,0.023131982795894138,1.2081134271374132,0.015611469745635948,0.9526588508443505,-0.205570101737976,0.167765276991931,70,44,16,90,0.37371546694066426,1.432449680636042,0.09997587117849528,0.942370084911232
Other,0.1875175030578324,2.9195608422639907,0.46108636066317543,4.723574434564139,0.13385164365172386,0.8633718705072139,0.08173716726829294,0.6509862987972969,87,23,0.019081441106669084,2.659599090041555,0.6056055350116663,1.8565907456088686,0.07015434652566906,0.4516653122922791,0.3898833692073822,4.401649118772039,0.6352278590202332,4.207982548670942,0.030423988495022043,1.3757410189182309,0.03826355934143065,1.230392034535835,-0.2453444898128509,0.19366657010109772,54,42,17,106,-0.10907883813342904,1.346085422358678,0.10521152872583936,0.8757486733688966,0.17076332867145536,1.2176487586876432,0.10456814764998848,0.8009872904630315,78,23,0.027574832692247305,4.090616757480931,-0.11145796843892741,2.4016224641719024,0.08725905418395988,0.6183616499051923,0.3752393126487732,5.5426953422279785,0.6682999730110168,5.346572059631405,0.0024597194045782055,1.7333201718952356,-0.0009848773479461254,1.634441371381424,-0.2930606603622436,0.19612328259657338,81,37,13,79,0.14746943407224616,1.1582925256046854,0.13166842369889317,1.0422177983425547,0.1599840149283408,1.1783182145605453,0.09549815678503362,0.7241943867638848,78,21,0.024910790124798864,3.579476432233232,1.0933165353751724,2.514326490433657,0.08129678666591636,0.6195548107961228,0.499973326921463,4.806910164934613,0.808987021446228,4.504111899287087,0.019007446430623527,1.6145132437506724,0.01157179474830625,1.479802469202589,-0.309013694524765,0.30279826564752516,74,42,17,86,0.496592699973299,1.4404320420793415,0.12370775384121648,0.9863181119633336
Other,0.1577869433994826,2.6876910719235227,0.38255546286702136,4.383880597624365,0.08116671442985526,0.7245361539463189,0.06909965827129777,0.6195991246005714,72,18,0.015544125401525034,2.312188430680104,1.9282336806543805,1.5588066171198571,0.041146934032440095,0.35337248334206633,0.3898833692073822,4.024586761965062,0.6352278590202332,3.782422476697403,0.005160918552428485,1.28232654754072,0.00032837688922879424,1.0372680220767116,-0.2453444898128509,0.24216428526765899,80,40,15,80,0.612048773307792,1.3570241525510065,0.09873893305723612,0.8172068625216026,0.12584450840950007,1.061644036004773,0.08572462616953994,0.6698426641997871,79,20,0.02131599208540353,3.098756469817439,0.8445405840643061,1.2495054217281378,0.06281566619873044,0.5353122753294695,0.3752393126487732,4.326942329521248,0.6682999730110168,4.001126429545813,-0.0014951180666685111,1.5320235937660829,-0.0022249519824981,1.3950886834016312,-0.2930606603622436,0.32581589997543475,83,43,18,77,0.29620053070885155,1.160559225625618,0.11577579580131528,0.8669833781344917,0.11563976854085917,0.9312743025210541,0.08189359429292378,0.5797935527560028,79,21,0.021938457089454112,2.997473716248125,2.415118650885832,0.6130007400441553,0.0577859878540039,0.43332775523973577,0.499973326921463,3.8242308976922987,0.808987021446228,3.353677437045942,0.02809632644057273,1.569530456317562,0.02619580924510955,1.4091094937559248,-0.309013694524765,0.4705534606463567,61,43,16,99,0.3881460054556148,0.8839001550495635,0.11403246639732784,0.7307857845769239
Other,0.13768271277187916,2.325383632553845,0.33077986523509,3.6124094762295496,0.06308309733867633,0.5748768624934093,0.04691845906781959,0.4060397680198951,73,18,0.006370117411130059,0.9208236332050419,2.487827275656123,5.654111707741347,0.033129766583442605,0.2726261748148741,0.2953070700168609,3.2822424667769567,0.4436180591583251,3.238034700047003,-0.0007071695290505823,0.758126005901622,-0.01106335222721095,0.6093509095034653,-0.1483109891414642,0.04420776672995406,89,41,15,71,1.075162334398765,2.0501310040978464,0.06329186296593811,0.588275949177506,0.09330715239047997,0.766912323586623,0.06218824693933125,0.5285323813648191,83,21,0.010897917998579762,1.6148739704242578,0.7915777643617372,0.9915507105240584,0.04910346865653985,0.3547590365819997,0.2239260077476501,3.1556656823480687,0.4936510920524596,3.031756488132126,-0.004382632672786709,1.0662016258591847,-0.0035703480243682003,0.8662962782760231,-0.2697250843048095,0.12390919421594253,84,42,15,76,-0.4836048515601544,1.1948011149860431,0.08267229406673604,0.6914391248978387,0.1284003108739852,1.6894775807672666,0.09741617866791781,0.9912590778147677,76,20,0.031870412534436385,4.69900070617888,3.310304912835413,0.7590794277779138,0.0639046132564545,0.7787441557963857,0.4574302136898041,5.55458843673985,1.038826197385788,5.244070998395324,0.013127445615828038,1.7880818444687434,0.0060038864612579,1.4371002279786942,-0.5813959836959839,0.31051743834452583,75,38,16,85,0.12115725807132117,1.0810846828507863,0.1409640768034815,1.2254648194298094
Other,0.15154867644735193,2.3695986030409784,0.3651431451737879,3.5781390322012046,0.07329553738236413,0.5365522676011526,0.0486714930273592,0.45452478334604973,76,16,0.005964592331488947,0.9128299926365959,-0.22043485615835134,6.9669767332689805,0.0382798574864864,0.2227563086790049,0.1717551946640014,3.7006176936345403,0.2869081944227218,3.6287380323801424,0.002826087176799776,0.6714477055819538,-0.0048180222511291,0.4506262315047871,-0.1151529997587204,0.07187966125439794,82,33,16,78,0.3542590272685112,2.4773312358755617,0.06118234166631172,0.6796969702046094,0.11764548718929277,1.2731187521999658,0.07543653285596516,0.7744626386813147,81,17,0.015530686495140413,2.418297386905756,0.88102350454237,0.693399190910343,0.059611290693283046,0.44320595542584634,0.3270834684371948,4.211764034584583,0.5968085527420044,4.195254046226614,-0.0024991620332002595,1.2134440190128122,0.0030083060264587,0.8546452860071767,-0.2697250843048095,0.01650998835796897,79,31,18,81,-0.08991672185848039,1.194376772130179,0.09880001145109586,0.9725487132415473,0.15808647871017453,1.3303886549239707,0.10410999054787676,1.1297969949336604,79,16,0.03304099023995987,5.080157389011697,2.828857271861051,1.1444783710553894,0.08309057354927055,0.6197867764803427,0.4574302136898041,5.710417400843581,1.038826197385788,5.451182284397045,-0.004556495882570739,1.693247307606439,-0.00873695313930505,1.1803729282193312,-0.5813959836959839,0.2592351164465361,84,32,13,76,0.38791204003458984,1.4602270553137973,0.14408193771285613,1.4876393865097965
Other,0.1512511962325231,2.2015667445521863,0.36737736826762535,3.4907845126612123,0.08944388851523387,0.594283917134518,0.05979055387608238,0.6590857448688289,68,14,0.010097446868568274,1.5144284086332098,0.2743908362882661,1.4762169257184894,0.0444066338241099,0.14945880262460565,0.2669093012809753,3.5061866055557807,0.41268664598464955,3.40051185558557,0.018003227433655407,0.879310156598725,0.007587995380163149,0.4948066807272271,-0.1457773447036743,0.10567474997021079,71,28,15,89,0.5615201687253536,1.6235666881341695,0.07761727159685934,0.8609541550718803,0.12022291868925092,1.0974840876706136,0.08172113653272386,0.8988432352071308,80,15,0.021055810053607862,3.2409167614061625,3.5307964992804166,1.2571929156407489,0.06011556088924405,0.44161896485447705,0.5523840188980103,4.653493779629205,0.8472260236740112,4.479326938005533,0.011967461742460727,1.3841127911981268,0.011857211589813201,0.9509795246591635,-0.294842004776001,0.17416684162367202,72,37,19,88,0.851786765350419,1.4797933013364104,0.11444879613302851,1.151150964316971,0.14814216643571837,0.7220267656423323,0.08793606782564889,0.8183452329003482,78,16,0.019563927065485244,3.0646097845925886,0.13219039218986417,8.912093760324916,0.07628674060106265,0.4465034193335625,0.3652028441429138,7.21541464552531,0.5793887078762054,7.135306745166359,0.0009116888977587223,1.2273615648643603,-0.00101938098669045,0.8627938476845167,-0.2141858637332916,0.08010790035895116,82,36,15,78,0.5802919262859354,2.6745336262644988,0.11092123439985195,1.2482761608259192
Other,0.1609425619719468,2.3427340149563314,0.3916795846261082,3.6992578501723568,0.12156921997666349,0.4943860160922241,0.07186120610815121,0.8062240610533884,73,11,0.013761647625310527,1.966521130912567,-0.2392652291328594,0.9614758021623029,0.0603281110525131,0.21791270954414493,0.2669093012809753,3.971206550525428,0.46264910697937,3.8223626061684053,0.027298594254534687,0.9494076445720131,0.01665686815977095,0.49099134749185297,-0.1957398056983947,0.1488439443570227,62,36,16,98,0.13584904314251087,1.5533401296757847,0.08891132756066074,1.0320592305390175,0.12359680235385888,1.190524676127279,0.08267650517169382,0.7245996242447411,79,20,0.02093007575891266,3.1677202891976783,3.4268738179820897,5.443697820312419,0.0601305961608886,0.6406483504234928,0.5523840188980103,5.819194876139597,0.8472260236740112,5.772348412023918,0.008349438384175295,1.4839151616167257,0.00703990459442135,1.3001473956846459,-0.294842004776001,0.04684646411567891,73,45,18,87,0.6969108932452983,1.7731020730384794,0.11442647460731449,0.982708543934408,0.14923910051584233,0.912409377487558,0.08709517440060151,0.8453521799408844,68,18,0.019471478547212182,3.0001010645126405,0.3209217256969721,3.42855545593795,0.07046819478273389,0.4943328856960345,0.3652028441429138,5.839850664327341,0.5941058844327927,5.689607123803108,-0.008366098487749685,1.2659350439836174,-0.02995304763317105,0.8359575250544871,-0.2289030402898788,0.15024354052423272,99,37,18,61,0.7646880543468414,1.8582454849006105,0.11034392198984735,1.1821630720534442
Other,0.17900922373022982,2.7975202606548737,0.4274438670463858,4.4683988281854985,0.12575838435441247,1.1473326650170295,0.07148150646389692,0.6487306330040166,75,17,0.012248663432559464,1.8429331090319296,-0.5349903785684997,1.591629191562891,0.0645904354751109,0.3775200755683257,0.2183019369840622,3.8884984703977676,0.41404174268245686,3.765186986498037,0.010985445347614586,1.0821921022474477,0.00482852384448045,0.8343201891722034,-0.1957398056983947,0.12331148389973055,77,36,15,83,0.07858990115760753,1.3832116720272516,0.08707538632710353,0.8196300158395735,0.14290565252304072,0.9999439204505869,0.09317956862738351,0.6459115069567312,77,23,0.023584181029109866,3.3864776554153644,1.5953192781447516,5.673669868082996,0.07427735626697535,0.5088842714631558,0.4771139621734619,5.600548204686944,0.8346878290176392,5.30794557721062,-0.0049541151151061,1.6060887674967115,-0.0173642188310623,1.533355305285312,-0.3575738668441772,0.29260262747632393,85,42,15,75,0.44119705766353307,1.7214568765006466,0.12168862165635635,0.8983075900471171,0.1529058665037154,1.1212608842824199,0.097322005941387,0.8080024815600928,69,20,0.029502406916371595,4.390958880189846,2.0777791741920515,1.9860247688921264,0.06916308030486104,0.5915304760649532,0.4509289860725403,5.593746605802178,1.014011800289154,5.4207851430770315,-0.020870632154401377,1.7801179584413396,-0.03580077365040775,1.589886033283074,-0.5630828142166138,0.1729614627251462,105,41,17,55,0.35374089014044413,1.3242423666183387,0.134598105853421,1.1055039277291074
Other,0.16024857418069263,2.636710508051001,0.38146391795016804,4.121823958918865,0.11489530280232427,0.7398551532524849,0.06363699817447918,0.55416705817407,77,21,0.01019271741044145,1.48024934411546,-0.23210469683138424,0.7138726116913037,0.0581069514155387,0.3707710967626991,0.2643148899078369,3.193662514974461,0.430062711238861,3.1422810207262892,0.0187046849168837,0.9787101926488349,0.0112880170345306,0.792243376025282,-0.1657478213310241,0.051381494248171726,70,36,17,90,0.16364840892155025,1.1327933058462776,0.07783603565493612,0.7227556315385861,0.15444546937942494,1.1404708752770725,0.08709693290293212,0.7121425306844245,76,23,0.020687021395204105,2.9831321826048196,2.10646331610685,1.205732003027519,0.07630366086959829,0.6441696719787324,0.4771139621734619,4.579085394160734,0.8346878290176392,4.465044819561368,0.008928321301937107,1.4594379828964736,0.0036108195781707,1.3702876488269224,-0.3575738668441772,0.11404057459936605,79,43,17,81,0.39623116297646754,1.0394813635788216,0.11371230807184353,0.9236736202165204,0.11248025670647613,1.2939417434407998,0.08690915691411642,0.8119048197889469,83,20,0.025378209806456675,3.869107932589915,3.1778155851174645,0.49633827068076863,0.056450188159942655,0.6311656411303093,0.4509289860725403,4.668356189139685,1.014011800289154,4.376049563210722,0.003987957449862728,1.683675783373557,0.00613572448492045,1.4141862728113683,-0.5630828142166138,0.29230662592896334,74,39,15,86,-0.08663442953441479,1.0103386140328463,0.12627404489642421,1.017026936256536
Other,0.12982435399473952,2.1657511457190397,0.30666946734301725,3.4423121977365723,0.08113596215844146,1.1798825873862464,0.06558115412190088,0.7045117261945109,75,21,0.015392866205394231,2.2673798710597004,2.4919483117578203,3.071439928454785,0.04440358281135555,0.5334691189871816,0.2744500637054443,4.814554772334913,0.6062847971916198,4.74150202369764,0.016414940310642112,1.1909244334743332,0.010798841714859,0.957983719300729,-0.3318347334861755,0.07305274863727268,59,39,11,101,-0.5888753356951011,1.5299657578367134,0.09700465456235444,0.9214547546209411,0.09751945734024037,0.7376420973586953,0.06998839423060413,0.49217963971030054,76,22,0.013853693904681129,2.029137448104944,0.9066616531140972,0.19325045868488822,0.04953020811080935,0.38146326542977294,0.3004776239395141,2.932845792255347,0.5834924578666686,2.861495227987945,0.007141569256782531,1.2781988981466124,0.0019631385803222,1.1981016323806466,-0.2830148339271545,0.07135056426740191,78,43,15,82,0.14589316326582796,0.5900537564557867,0.09306821291705143,0.6287646816430844,0.08279598131775842,0.7568048255959313,0.054697879056839115,0.41662544006692603,79,21,0.00850554057836405,1.1980019291506432,0.8562071884167386,-0.11150817516165823,0.041849061846732996,0.39152131713506244,0.2108967304229736,2.262581681731237,0.42977410554885864,2.111774052233378,0.004829866526415567,0.9731888661156269,0.00421430170536035,0.8543623274793294,-0.218877375125885,0.15080762949785903,74,38,15,86,-0.171698119722896,0.6010217533653583,0.07297891657849277,0.5009045418233138
Other,0.16936043214470767,2.9370645618766305,0.40134846799075585,4.60870131117294,0.0957214701920747,1.1024693273998412,0.07880855758208778,0.8122579690294316,76,18,0.02035669292278811,3.0203082770707232,0.9764248142951599,2.4634434367918514,0.04922460392117495,0.45117825932871397,0.3104110956192016,4.937987992450156,0.6422458291053771,4.86082218896521,0.005519288871437308,1.3588955581740756,0.0028840377926826,0.953821680404922,-0.3318347334861755,0.07716580348494585,75,39,16,85,-0.1435165131006629,1.6509407479398515,0.11301458926066658,1.0833794990886112,0.10937249660491935,1.2885904691595453,0.08567901547066863,0.7521738859432908,70,24,0.024879885274772875,3.407598374228359,4.778602357517919,-0.21886932824948246,0.057772666215896495,0.681320340726616,0.5838761329650879,4.197636954286109,0.8668909668922424,4.118585388776256,0.005179527029395108,1.5989441521143946,-0.01007103919982905,1.565774277838623,-0.2830148339271545,0.07905156550985316,86,43,18,74,1.3178833023025334,0.4680058261102691,0.12498292027810272,0.9224835893648946,0.10378940775990472,1.5539500767496335,0.0866966704925289,0.8845530920859619,75,23,0.025834882833101192,3.8718865847490678,3.023322680370234,-0.11434688289791994,0.05114482343196865,0.7676879175948131,0.4572790861129761,4.7323500682906365,0.9218567609786987,4.576524557678503,-0.002623466262593862,1.650861600884469,-0.01023992896080015,1.4308765507756767,-0.4645776748657226,0.15582551061213346,87,39,17,73,0.2501895071830497,0.7914778071546381,0.12744186173002522,1.0707672760568638
Other,0.19563101138802547,3.3836216277267606,0.467514809342101,5.215319086184648,0.12880629487335676,0.9963628556543608,0.0829443746624747,0.8471024312246189,76,16,0.019539742503786584,2.8029145886396707,1.0786529057863206,3.7114310514646958,0.06545707583427426,0.4534522973451963,0.4505060315132141,5.617795566362799,0.6853214055299758,5.509591478520532,0.026456598250661045,1.194111991182388,0.0165997743606567,0.7886334442226465,-0.2348153740167617,0.10820408784226763,67,34,17,93,0.5103685472994983,1.9617193753433588,0.10763267360116807,1.1734611800797263,0.13887049257755274,1.3607142635883902,0.09997800314798948,0.7810467947763402,76,25,0.03198853352589633,4.374873602877916,3.1850395523497896,-0.895594328991069,0.07426947355270386,0.6903276949128201,0.5838761329650879,3.660113578817103,0.8687524199485779,3.5954454892326275,0.02321666218340397,1.8721838326831193,0.008318513631820651,1.8563045599293315,-0.28487628698349,0.06466808958447573,75,38,16,85,1.0449344414983375,0.13430979125980597,0.13991487097606337,0.9326313845876414,0.13309809472411865,1.6336713511410499,0.10675432615767928,1.0950775950206977,76,20,0.042823662369741715,6.384109881374058,4.5353460289817695,-0.6792466570099824,0.06406879425048825,0.8033606874537025,0.4572790861129761,5.1350880014762454,1.2550081014633179,4.982583703562152,0.022377688571577882,2.1490232623191408,0.01745289564132685,1.865307690431281,-0.7977290153503418,0.15250429791409353,66,34,18,94,-0.6160485360179099,0.5637420485641297,0.16257063265406113,1.328837423985815
Other,0.22621176795105208,3.9862111314383104,0.5288585733529179,6.04664962397419,0.14170501381158818,0.8370182331931652,0.08449263666814655,0.8358945665658533,71,15,0.01893891051390482,2.918531455668933,0.9722507154715858,9.995389838940014,0.06967987865209575,0.37945575579403945,0.4505060315132141,7.334736390321923,0.6738144755363464,7.23993108582503,0.014315334754064685,1.136113118347494,0.0034359525889158,0.7133488269248018,-0.2233084440231323,0.0948053044968927,78,31,20,82,0.6382939933866858,2.8944044639897966,0.10818986461123944,1.2758442060015267,0.13357381522655476,2.7360844509743525,0.12995632174890487,1.749562427166465,97,18,0.07678934504537803,11.870066662294755,9.01384132330597,-0.2447109230915201,0.06592479348182675,0.8344344184825947,0.5769448280334473,7.6751053404713385,1.6080729961395264,7.502134311991402,0.015768787637352934,2.7349394806973053,0.054114788770675645,1.8421480129058558,-1.031128168106079,0.172971028479936,55,37,17,105,-2.324354528345026,0.9856027533732411,0.21919162172348283,2.09527389599019,0.15208865329623214,1.9035034409681226,0.11014155803139145,1.1435718107293666,73,22,0.04510819427529185,6.760947098631246,4.175018830687437,-0.005503638077719142,0.06929556466639031,0.9445170542637658,0.4724756479263305,5.79200395829111,1.2702046632766724,5.357705893252098,0.023488303780322885,2.1755970249293903,0.019537962973117752,1.874994455212131,-0.7977290153503418,0.4342980650390115,62,33,20,98,-0.6967870537649455,0.9491944456084079,0.16677758625807185,1.4239819815396648
Other,0.19049217074814123,3.4944671144594968,0.44074517413508124,5.423620333396155,0.12020093202590938,0.8858967794715961,0.0778526096149289,0.792690855486231,67,15,0.01568624391342794,2.480447746116577,0.5146507623748229,4.864216358428441,0.0528437364846467,0.31536649270397155,0.3398018479347229,5.723571897144984,0.5631102919578552,5.658377749433542,0.0021327736205421456,1.1351063044081842,-0.015242930501699399,0.7339976707678428,-0.2233084440231323,0.0651941477114426,91,30,18,69,0.5689679090273044,2.1133529706384904,0.09930249180188723,1.0917790178462723,0.12180906534194938,2.2770744098604503,0.10899704598821698,1.5274923928347268,93,20,0.06657588449043886,10.405223470713128,12.023734425096446,-0.2124340790502428,0.06264156103134144,0.9459582022072535,0.5769448280334473,7.09693438329465,1.6080729961395264,6.6387634167430996,0.008849956840276707,2.616600496732832,0.02230209112167355,1.998279739825879,-1.031128168106079,0.4581709665515505,58,34,20,102,-2.8678567931293473,0.9842480765069797,0.2044329013150158,1.8864318994362417,0.1084837811067699,1.5749462200004039,0.0868535474756936,0.8750320015792211,78,20,0.026399205665854984,4.075207659966737,3.4389594690371776,1.9495179931394686,0.0546957198530435,0.7163218368577009,0.4724756479263305,5.774706208329706,0.996914803981781,5.588494459972307,0.006728239703807046,1.6719135322551393,0.00538131594657895,1.4294496808631605,-0.5244391560554504,0.1862117483573986,75,32,17,85,-0.08201207062012626,1.3127729730972657,0.128676804755795,1.131332312200478
Other,0.1432245848102622,1.8853040086147828,0.34172533621545864,2.971006751549025,0.133082428947091,1.0364413874692673,0.07714570763055231,0.8296655692338113,81,17,0.01668764916412554,2.4097930694270744,0.606019840658186,4.0907604271491715,0.0676454603672027,0.2818327280039477,0.3398018479347229,5.590504288421296,0.5985572338104248,5.569097315420871,0.030346816405653947,1.0453945793766806,0.0363855063915252,0.49032619927958654,-0.2587553858757019,0.02140697300042497,64,27,19,96,-0.08880703471967187,2.0387595800510865,0.09781950500213589,1.1475814754678326,0.12508362531661976,1.1620793038820487,0.0782555860630236,0.8490740098172245,74,18,0.016524236356606714,2.598916517841138,-0.032029525537895065,2.8508598801950082,0.06015010178089135,0.41701269031653776,0.2778578996658325,5.255192258304051,0.5192996263504028,5.110497336414563,0.00660860063508153,1.1624632449472765,-1.5497207641999465e-06,0.7264239845160284,-0.2414417266845703,0.14469492188948738,80,27,16,80,0.2255606052408724,1.742472675289272,0.10172833038561196,1.1169582454092837,0.09257534611970175,0.6392135446731556,0.05464147645077898,0.5336771153456001,72,18,0.007806175057734888,1.1764565019330813,-0.2733051566705509,4.007883931856282,0.0471289455890656,0.2330003645941604,0.2009215950965881,3.4099707737239724,0.35405445098876953,3.3280087126057913,0.015092130398261355,0.7631489272250676,0.00795024633407585,0.43865548837040014,-0.1531328558921814,0.08196206111818084,72,30,16,88,0.045817916975496094,2.112106453444916,0.06841300410516273,0.7707530193312964
Other,0.11805363001005134,1.6761806802430685,0.2813387760077601,2.667492958707901,0.09925091639161102,0.7317272336972578,0.0638581976818386,0.7118105554925992,75,14,0.01152361899945145,1.7330490284571167,1.3102533883830496,1.4747873912434901,0.0503950603306293,0.3660135195693854,0.2423451393842697,3.8321330395286557,0.5011005252599716,3.7826182195468254,0.018684128765016794,0.9292148845855563,0.0103393793106079,0.6256389316598885,-0.2587553858757019,0.049514819981830084,72,28,14,88,-0.2229727354705641,1.4833385441661524,0.0830437648166174,0.9325281372279166,0.09924879670143115,0.8940379541142447,0.07265019813086833,0.746757170712094,76,15,0.014866427982710553,2.2947010181107337,0.21186250958921615,3.1999508224850706,0.0520486533641814,0.3306297240975519,0.2497375905513763,4.861380715268765,0.4911793172359466,4.71825138429655,-0.0002575301565229872,1.1339561462399297,-0.0053871870040893,0.751412515622613,-0.2414417266845703,0.14312933097221525,84,30,15,76,-0.026125102714471667,1.8360360816613643,0.09669481871955511,1.0044125031656168,0.056453401222825,0.5807256347057391,0.040284968439773326,0.4201915610431232,66,16,0.004829629632049664,0.7144652287642953,0.739480041650213,3.4706358962308084,0.023779036477208103,0.22068869402159239,0.1644738465547561,2.853626986241437,0.3176067024469375,2.8264859568103478,0.012338043989439029,0.6043219278824149,0.00082790863234545,0.4114392862084696,-0.1531328558921814,0.027141029431089418,77,32,13,83,0.16745146806199257,1.866244122369259,0.053705848649523186,0.5909824331101361
Other,0.07774606247584112,1.1359867347624562,0.1839964829222297,1.8025222461830945,0.05567499995231609,0.4625041273478761,0.036691065139602824,0.3590772506164508,79,19,0.0035297659850420642,0.5461740583475667,-0.01570451137445783,5.916739095713311,0.028271228075027452,0.2151803676782333,0.1194913983345031,2.671551925057365,0.2382163405418395,2.62777772114935,-0.004402473010122771,0.5529867671925908,-0.0056186020374298,0.35787834732303325,-0.1187249422073364,0.043774203908014814,86,29,17,74,0.18256304458629904,2.175968642408099,0.04690922020694952,0.49028531862320135,0.059431284666061346,0.7404262217085366,0.04216443431563671,0.4446902998023096,76,17,0.0059451793524837124,0.8657567938583172,3.534946591390291,0.6444322304053194,0.0301451981067657,0.27029526533902715,0.2414327561855316,2.4513332349787023,0.4733695685863494,2.306755826981596,0.00014239568263292555,0.7413508775795391,-0.0025078356266021,0.5462595333327576,-0.2319368124008178,0.14457740799710642,84,30,12,76,-0.4638677394252355,1.208917073628718,0.06114806707444042,0.5622772182565859,0.056874453555792424,0.4152448117028557,0.0364114647820315,0.3719954781626228,70,16,0.0034436456763667442,0.5353832539846579,-0.12738623783187508,3.6974672706933767,0.03091421443969005,0.14421785116689256,0.1225939989089965,2.275657935171745,0.2389922142028807,2.2360147679891016,0.00553117412055144,0.5081846014109644,-0.0002847686409950229,0.2859607932342708,-0.1163982152938842,0.03964316718264348,81,30,17,79,0.054687155064237186,2.0667626704501143,0.04620636957455361,0.5264329633233817
Other,0.062145339019494525,0.9170425959960898,0.14874839498661435,1.468245785051085,0.03576727211475356,0.4769341909322724,0.026285078942310015,0.28161765409404943,87,19,0.002061789722863599,0.3249599584307045,0.6224935053414726,-0.5606167486315501,0.01748827099800105,0.1708896215510861,0.1056581735610961,1.2282955461463436,0.1993028521537779,1.2249250139400072,0.001593576930463311,0.46328262720962454,0.0038268864154815,0.33960423446257704,-0.0936446785926818,0.00337053220633643,70,31,17,90,0.11607842220772953,0.8046698851914762,0.035974541513245806,0.3321583444028654,0.045170716941356596,0.6288283900962934,0.03245989485178139,0.3787018931191469,77,18,0.0035333498462203528,0.5380425019153023,2.856942985007029,1.3877035177141313,0.0231971591711044,0.28782010651719125,0.1346994042396545,2.1115167478150396,0.30816662311553955,2.096417072641638,0.008943783864378923,0.5444366336925297,0.0076086074113845496,0.4018712256334525,-0.173467218875885,0.015099675173401916,64,28,12,96,-0.4013081510431144,1.3677208789011006,0.04627891796623795,0.4915600205558304,0.052762519568204824,0.561026461595182,0.033421039034074014,0.39114114285358426,73,16,0.0030396401275336964,0.4781552277126076,0.2422198356812002,3.819580074573662,0.023005615919828373,0.1466385911866238,0.1225939989089965,2.495408240415377,0.2389922142028807,2.4654457587101977,0.004513559263432394,0.46052652414893075,0.0002024397253989771,0.22714518862260183,-0.1163982152938842,0.029962481705179324,80,28,16,80,0.021318745354821922,1.9248844433377625,0.04348819387228276,0.5158202674070803
Other,0.06365059150993024,0.9436815403369688,0.14982511367648818,1.5040725245662157,0.038406059145927325,0.5816385152870336,0.029721257765777376,0.32463315221268096,75,19,0.003193536060761165,0.4800223642688994,3.2895020930032475,0.09492986890796296,0.0190822184085845,0.2288395004251758,0.1761829853057861,1.6760676336981362,0.3386988043785095,1.6306949252869651,0.009367697313427917,0.567362051709719,0.00625193119049065,0.43957470337362337,-0.1625158190727234,0.045372708411170935,61,32,17,99,-0.25108536792432956,0.9417523728332479,0.043820173235734526,0.39764640894724246,0.03973391652107228,0.5473478486613338,0.03408719838596877,0.4620440948058231,84,16,0.004376224227813864,0.6734210089870675,4.170210575376483,1.3161344269086461,0.02073538303375235,0.20272802320594888,0.1346994042396545,2.459146833605361,0.346404731273651,2.405691714963421,0.009147465787827953,0.5648599786632731,0.0106686502695083,0.3094758834454653,-0.2117053270339965,0.05345511864193991,51,32,14,109,-0.9644407372088782,1.502302818371674,0.051654040367949614,0.595276585707513,0.04488224536180485,0.37283418405811136,0.027110118090640713,0.2879935540655798,72,16,0.0020846897452390604,0.28661186727357996,-0.27155287365947034,2.874866298633034,0.0198194961994885,0.13643353571134792,0.1106688678264617,1.6569450594847712,0.1542045772075652,1.6512371270913981,0.012712635775096705,0.37185049419322364,0.00657427310943595,0.22071268073565392,-0.0435357093811035,0.0057079323933730206,69,33,15,91,0.6034636682069656,1.805143834046863,0.03388949830730976,0.38514812376777247
Other,0.09972508423570556,1.4597810185917857,0.23960602896288016,2.3381686117833236,0.06940670311450953,0.5712364222776847,0.05474778874311592,0.5813235971011667,83,14,0.009659557908208499,1.49991293810574,0.8995943455536519,4.570142971460229,0.03475952148437495,0.30631822904610034,0.2416211366653442,4.206171523335104,0.4307577610015868,4.151992970017811,0.010753280296921719,0.8446354712914966,0.0117803812026977,0.5920972449285302,-0.1891366243362426,0.054178553317292946,62,31,20,98,-0.10959971596504185,2.2403128321747765,0.07719348006153898,0.8868505278466777,0.06447054445743544,0.6392985645875038,0.04685686249053101,0.4964125449514383,81,17,0.007101970200529435,1.1003258669408236,2.5881883326519217,3.9018518293432622,0.03314185142517086,0.24508186740440108,0.2046890258789062,3.3194559396823,0.4639515280723571,3.21173994349219,0.005884617753326888,0.7746206984905456,0.00605684518814085,0.5221911930870398,-0.2592625021934509,0.10771599619011037,67,34,16,93,-0.4629984714837495,2.0210976518697152,0.0665717763622716,0.7073108513311829,0.07317809388041485,0.7512778092298745,0.04622025586868399,0.45281584859674473,82,20,0.005873797218793586,0.925947980330028,0.6301627585385008,8.342609817415461,0.0364943072199821,0.30391520562831864,0.1320480108261108,3.7715759971242315,0.345325008034706,3.724117242587428,8.698069723322849e-05,0.7189124420012815,0.00204253848642105,0.5525602188834924,-0.2132769972085952,0.047458754536803364,78,34,15,82,-0.6775603021792963,2.444079745928659,0.06077996770373623,0.6396193251190759
Other,0.11900315993875636,1.9633386523587157,0.2776234127767382,3.0599505527200552,0.05527750961482515,0.6971313332277188,0.049951853661914326,0.6364950455720123,79,14,0.008753580446060073,1.3419876203337335,1.4155328223126693,3.046386138880518,0.02760550379753105,0.25826984185832247,0.2416211366653442,3.960070616808041,0.4307577610015868,3.909952441613495,0.013509974861517537,0.7704576817765897,0.013401005417108501,0.4294649818230867,-0.1891366243362426,0.05011817519454603,57,35,17,103,-0.07086671961167829,1.8755046660356092,0.07295018276407475,0.8650910824446038,0.08254013210535033,1.5500425423179176,0.07114667408168311,1.0754447267249845,90,18,0.025637413097526696,4.0408283379347605,10.93639021832244,0.5655858645769993,0.03608793020248405,0.6176246541977054,0.243269681930542,5.1472790490925835,0.909752607345581,5.094529549163465,-0.006129148602485657,1.4815742937426846,0.00107008218765255,1.0026235956408183,-0.6664829254150391,0.0527494999291193,77,30,14,83,-2.645899889054635,1.2472154584913075,0.12683200089560492,1.3585896915756521,0.06756077706813804,0.7187635629706705,0.05096052339067678,0.516189556412419,80,18,0.007495170647824253,1.1796825737905414,0.46160346578226097,5.124461273405988,0.0357333645224571,0.2759155914577665,0.190320074558258,3.8695569728596544,0.4035970717668532,3.8294166565641135,0.0030432695639319705,0.807918577200781,0.0029114261269569,0.5722808582832022,-0.2132769972085952,0.0401403162955411,75,30,15,85,-0.31561164326182617,2.0842154019150922,0.06859026217810943,0.7259133187953002
Other,0.12038137541325941,1.8933271591277483,0.26865230441093424,2.799806049485048,0.0335337352007626,0.4082429479374583,0.025939288333756805,0.24244779636181035,75,18,0.002144507593221825,0.3223629287868224,2.710042949842287,2.3278220558459815,0.0166197326034307,0.1866336294215263,0.1756507754325866,1.6533136386572826,0.2514013648033141,1.566471482149503,0.006815303396433587,0.472784267782073,0.00533929280936715,0.3915307304517478,-0.0757505893707275,0.08684215650777978,67,38,13,93,0.7011376221928544,1.4020059183190474,0.03608332614294049,0.3143850583672695,0.11488680541515338,1.405862936037138,0.09358950365334746,1.1531424873658136,86,17,0.033504716388568875,5.274064290618037,5.634928365143757,8.795346744098696,0.059625357389450004,0.6098230956956388,0.3087104558944702,9.628680401096394,0.9751933813095093,9.514898080493866,-0.010282997786998746,1.5803261108867712,-0.0003133416175842,0.9697820840692521,-0.6664829254150391,0.11378232060252894,80,27,10,80,-1.5239412859294994,2.5779057579427604,0.1447955234005818,1.6663234001440204,0.06810134649276717,0.6520656816747824,0.0476904767961241,0.5025687251214911,78,15,0.00658118417438375,1.0078422679017383,0.21109394457724484,1.7518631051505498,0.03327265381813045,0.2498234806844905,0.190320074558258,2.992804155112266,0.33215168118476857,2.951222229119556,0.00884191850200295,0.7466956708162037,0.0083498507738113,0.48872485587445125,-0.1418316066265106,0.04158192599271033,67,31,13,93,-0.035532605425868176,1.5433691261356008,0.06372156876387768,0.6710349045214249
Other,0.10910177690292991,1.6278351207541837,0.2520000794064251,2.5038459829314377,0.0406015627086162,0.3087414186124516,0.031146908591035714,0.31829858559462115,68,16,0.003311974637622765,0.4646346487909742,3.013937541608435,10.313262302434039,0.0205783918499946,0.15321186601414938,0.2083181738853454,2.895503381709832,0.2840687632560729,2.88401082033303,0.01345607074908912,0.477957015035791,0.00693641789257525,0.32344467453774606,-0.0757505893707275,0.011492561376801916,67,36,14,93,1.3511611449587726,2.842276446888765,0.043598145578354966,0.48599561784963746,0.0833204174414276,1.2548837934348804,0.07428581605337965,0.910079000887537,71,16,0.02024461426433168,2.9947779614515393,3.3474399866408415,1.470619651773001,0.04030152037739745,0.46644311675622974,0.5351658463478088,4.6413507523384485,0.7593777775764465,4.554963250816546,0.026231906440807508,1.2566850046695597,0.01693364605307575,0.8208292574531499,-0.2242119312286377,0.08638750152190215,63,34,14,97,1.0241605522228387,1.5155315218314365,0.10972703008721929,1.1897565971618769,0.07041273266077037,0.7863474402603368,0.04943204784183759,0.5593841393609257,87,16,0.007204216900749702,1.1054417174692919,0.2901872887165893,1.538204680607305,0.0326830744743346,0.22006222428513314,0.1691961884498596,3.014534187364863,0.3440052270889282,2.9768548527184504,0.007771177869290101,0.769203963226087,0.01171392202377315,0.4485656585558253,-0.1748090386390686,0.037679334646412585,62,36,16,98,-0.10886526033879541,1.5512121833818506,0.06685942716812815,0.7167754044514727
Other,0.10373499960461237,1.6159637151337731,0.2475257087778298,2.571121981169104,0.059129141271114294,0.6145958263932835,0.044985283721180144,0.602843996008888,61,14,0.007509315454034699,1.04475935051385,4.152722605552659,2.0500154652747637,0.030455470085144,0.13283421963825048,0.2805812358856201,3.124100972498688,0.352161556482315,3.0741516437056147,0.020998938777484,0.6623760945483531,0.0103618800640106,0.26588795704593005,-0.0715803205966949,0.049949328793073296,73,33,12,87,1.8908883809524724,1.7171544322549417,0.06541491553023353,0.7784711040781933,0.06556919869035467,0.9825061937541204,0.05662302092940079,0.7148208351257659,72,18,0.014548193736236795,2.0543414610859347,7.580362073076408,1.5351615136243417,0.032909812405705396,0.4829027433111799,0.5351658463478088,4.0440478328898815,0.7811203598976135,3.9382120393320768,0.0290670803922694,1.0824674010002149,0.0262916777282953,0.816244337061093,-0.2459545135498047,0.10583579355780463,49,40,15,111,1.259290960596715,1.417528754273282,0.09110213176812439,0.9394710143787167,0.053139790892600874,0.73203340928419,0.04415186345344407,0.46428699522794986,88,19,0.006990192383540261,1.019648759128729,2.207445753964296,0.4727246179222151,0.026365026831626902,0.36762014038474666,0.1691961884498596,2.449774785871452,0.3899443745613098,2.3392786409985304,0.016740422020666286,0.8262784856205363,0.021268635988235397,0.6805655390245398,-0.2207481861114502,0.11049614487292171,47,38,17,113,-0.625706417193365,1.0942425530823787,0.06414314581466529,0.5804417484376553
Other,0.13876256529209194,2.4036240272422384,0.3293941405508665,3.5688933504587075,0.07901909854263066,0.47639684875421645,0.055466760159470094,0.6482436907141459,72,12,0.009344746998179419,1.4375774890616182,2.393685586871894,4.432340534192806,0.039294883608818,0.15674782471589077,0.2805812358856201,4.397678601395384,0.48622027039527893,4.366983392767867,0.007723564980551598,0.7662428251371005,-0.00036729872226715,0.37527579101274533,-0.2056390345096588,0.0306952086275166,80,32,16,80,1.0016126591006136,2.204444297438151,0.07627037914516192,0.9221981468141933,0.13496881723403917,1.3864189486646035,0.0955513118189992,0.8046777941238813,91,26,0.02821795020118997,4.37831824428626,2.455812740583455,-0.1212801025263559,0.06335693597793575,0.7192994886042127,0.4508117437362671,4.636627564019024,1.0159989595413208,4.401720249345421,0.008220766158774486,1.852190823223753,0.0196950733661651,1.89670682595936,-0.5651872158050537,0.23490731467360343,63,39,16,97,-0.3087262863181773,0.5039617265024464,0.13296289880024806,0.973502644399067,0.08275718241929994,0.839830142293269,0.05357176182456893,0.48305658791310996,78,21,0.00822263809502488,1.271125884121901,1.003540757828083,0.09790606392716894,0.0416581965982913,0.39183856886168406,0.2408114373683929,2.5936932776115573,0.4615596234798431,2.4848077257504744,0.0052232779620680955,0.9504597020978542,0.004134327173233,0.8615515000870424,-0.2207481861114502,0.1088855518610828,73,34,17,87,-0.0220612508450237,0.7422532454637164,0.07172179779161918,0.6064257900270725
Other,0.11408022332234657,2.1322046087614552,0.2724207152239976,3.1319538930130215,0.06423909030854695,0.3959801623697856,0.04629369846130425,0.5180004535937952,79,11,0.005745204474851197,0.9019015154476775,0.37641450809438926,2.796498603155624,0.0336292497813701,0.18523516801972512,0.1377638727426529,3.085633872512306,0.3434029072523117,3.0477012323378525,-0.0015924847277347005,0.6220028541391462,-0.0024041645228862502,0.371746736990922,-0.2056390345096588,0.03793264017445361,82,29,13,78,-0.06104871554801203,1.9164140943834853,0.06008980105112433,0.717644734454614,0.08566041290760035,1.0595942841548573,0.07638314522337165,0.6843561096752686,85,23,0.02317297144386056,3.5693151565071055,4.680574795898879,-0.5584657648972113,0.0417404770851135,0.6205541626263029,0.4508117437362671,3.69796227686122,1.0159989595413208,3.5379483198529678,0.00970706231892108,1.696009792323294,0.01437038183212275,1.6283280261943291,-0.5651872158050537,0.16001395700825222,65,38,13,95,-0.31562378734983776,0.1868452329225361,0.12033027962556525,0.8323856923629833,0.06488887220621105,0.5635751412924768,0.04660039532136575,0.41393435312022986,73,22,0.006395982688823365,0.9866722111813256,1.2496595815825264,3.2233318761463714,0.03239257633686055,0.2824845767858568,0.2408114373683929,2.7908550320570025,0.4003429114818572,2.7243422893207114,0.0026899697550106802,0.8139412465505812,-0.0023679435253143,0.7021306457369849,-0.1595314741134643,0.06651274273629099,85,34,15,75,0.494623239561565,1.609461907680286,0.06336678290381405,0.5693609209851092
Other,0.12651216064957516,2.156575783819249,0.3020496585313228,3.353192961144644,0.07239051535725577,0.7726789530427105,0.06622843581717457,0.7756995190203935,64,14,0.014292191623932346,2.2408057048209757,2.1945564613469104,3.775608555618226,0.04087689146399495,0.2826578500106431,0.3337765038013458,4.892249186355626,0.5126523673534393,4.827051628825501,0.008842416777042682,1.0190386209760485,-0.007688389159739,0.559139684428507,-0.1788758635520935,0.06519755753012461,91,32,14,69,1.1852496194411686,2.0666550933562937,0.09439343027186452,1.0965245066938585,0.0734602063894271,0.7290218298436977,0.05978267914149906,0.4119425115008037,89,22,0.011472991963429735,1.5236669751413459,1.474414875358958,-0.5876651898170593,0.036752551794052096,0.39517395301559294,0.2806211113929748,2.238993315928083,0.5550134778022765,1.963885222515851,0.006981365010142318,1.1258997855740298,0.014074623584747249,1.062677000583569,-0.2743923664093017,0.27510809341223214,66,40,16,94,-0.26812138481684955,0.3273206209966682,0.08465620013395798,0.5059808770948756,0.08333862572908396,0.7251712709208027,0.06325071580213257,0.5145185678764858,75,24,0.013461251840460741,2.007163052035235,2.408317287295394,3.6537879664049973,0.0376083180308341,0.3737673097787342,0.3008313179016113,4.12199230337586,0.5913023948669432,4.016169840194568,-0.002268399600870901,1.2082545545945649,-0.005263999104499749,1.1710292362122254,-0.290471076965332,0.10582246318129267,88,38,16,72,0.7923617095099674,1.4060280995324193,0.09198379273997907,0.7397864444126593
Other,0.21833398233435278,3.619649324688078,0.5210965179651973,5.705810760612778,0.17818077653646464,1.4013726053848283,0.10709851076011545,1.0190071745942764,77,18,0.031091510438506262,4.583259170611674,0.37783700408202936,2.752244132139581,0.0850981250405311,0.6782467977432635,0.3337765038013458,6.436874259261661,0.7431335151195526,6.147996829450409,0.034309630375355483,1.6528724370678294,0.02245844900608055,1.296223823475846,-0.4093570113182068,0.28887742981125175,66,32,17,94,-0.1572392245644636,1.6903359190913858,0.135535437729682,1.3606145219690728,0.1576016247272491,0.850662220291589,0.09340617470443244,0.5140288638753264,80,25,0.022477008457015824,3.1745402975465127,-0.0318716812311961,2.2516049706284527,0.08146017789840695,0.3397361689092365,0.3648023009300232,4.150333266785805,0.639194667339325,3.702597476105085,0.0039400417357683196,1.639445756917083,0.0038458406925201,1.6285835946804745,-0.2743923664093017,0.44773579068071967,79,41,16,81,0.1783559067081081,1.2412128272505525,0.11883123218517443,0.6976803764425981,0.17263247445225707,2.5316167775436,0.12316891768656202,1.2531974325544941,71,20,0.05239673161838665,8.048589897210523,6.045013636934648,-0.6228254512021061,0.07942712679505345,0.9869791909169255,0.8917847275733948,6.3242492265817445,1.5272575616836548,6.1366802864237275,0.001377316704019914,2.4134925666278644,-0.0268073752522468,2.080793275160548,-0.63547283411026,0.1875689401580168,89,36,16,71,1.1674578896238126,0.5855040171172925,0.18152688595554647,1.4911886292627652
Other,0.2108231894780818,3.310553652013084,0.5070562186464664,5.223510297070032,0.16523786075413216,1.5619462457767612,0.10108105618041005,1.0467918976624002,83,19,0.02824943722279982,4.226708296783377,0.6886610365490262,1.9803379275568007,0.08295249193906784,0.6110675240619041,0.3138747811317444,5.832191037342141,0.7232317924499512,5.752500797410716,0.027519312128424633,1.5630484771164732,0.029988605529069852,1.0561137602588113,-0.4093570113182068,0.07969023993142557,61,30,16,99,-0.5275652442744854,1.5020219973814475,0.13040270755466757,1.3355102975893713,0.1269056499004363,1.1683641010842412,0.08379662634804841,0.6823321355652121,78,23,0.019194801968078812,2.823149955298323,0.4005131682480725,0.9273048024204655,0.06331819295883176,0.6364895794282146,0.3648023009300232,4.371286920050369,0.6234044432640076,4.203464033934881,0.012311459332704545,1.4172164887602063,0.0075991153717040495,1.3265225357687083,-0.2586021423339844,0.1678228861154882,75,37,17,85,0.1227605661543835,0.9449172351315032,0.10917727410744875,0.9025781845826515,0.1819610334932803,2.442735916741188,0.1274066557511105,1.4672690398369814,75,14,0.054790029922397544,8.470287731228721,5.687507789855205,1.6580473985615622,0.08559634909033764,0.6266452320323319,0.8917847275733948,8.734698791140557,1.5272575616836548,8.481423424681585,-0.009259360120631752,2.2432453311933536,-0.02493502199649805,1.4566906040877594,-0.63547283411026,0.2532753664589719,88,32,15,72,1.0008821597965911,1.4639482076778927,0.18539919996477136,1.8542217006895216
Other,0.15191090637831606,2.4918453650895502,0.36885801799595336,3.91949779160565,0.10207011178135861,1.0437360212305344,0.07061846928903828,0.7546602963056169,82,17,0.014884707445086862,2.29403256068637,1.3535046058825007,0.8240303641256919,0.0510450974106788,0.4724260269363497,0.3003970086574554,4.057493329204759,0.6137659847736359,4.026729812129833,0.011269566696137179,1.1574188826061547,0.0138926859945058,0.9113312989932116,-0.3133689761161804,0.030763517074925317,70,39,15,90,-0.20832130252372602,1.2842064925788161,0.09609187961508692,0.9769411911026629,0.09924021363258355,0.9185364133375918,0.06863529187627133,0.49729165282901044,79,23,0.013272134128967456,1.9565974192606441,0.9149934352559814,-0.45919390811697935,0.05140113830566395,0.4735705981318827,0.2859307527542114,2.744933119740611,0.5233782529830933,2.4322770983861477,0.0060247994959354385,1.2619319409497325,0.0028804242610931,1.1573596712219074,-0.2374475002288818,0.31265602135446324,78,37,14,82,0.021763439131787028,0.6163030254043508,0.09116319251525404,0.60342787114243,0.13446089252829538,1.1801800398741353,0.09029063712339844,0.8504646034310147,83,19,0.022860906590008282,3.4552098847168726,0.6932929786856397,1.84585362607908,0.0685165114700793,0.501277349064841,0.2868575155735016,5.152340749111547,0.633413702249527,4.955217423458198,-0.010755856707692149,1.500146968049763,-0.00755162909626955,1.108333562717641,-0.3465561866760254,0.1971233256533494,83,36,15,77,-0.49733270765429505,1.4457147553492844,0.11942157518266201,1.0976196786537562
Other,0.1755513782385193,3.1776164480345845,0.42244077244773487,4.920604441151066,0.08508882857859125,0.9989821585418596,0.061780863806052334,0.5970579926154234,85,21,0.012092533648058916,1.778440909088755,2.163846897749309,0.7756773406778508,0.04198192805051806,0.4627916422747246,0.3003970086574554,3.4520062078041587,0.5976856350898743,3.408615748128092,0.012941786588635285,1.104788214826219,0.01763649284839625,0.9264473817301843,-0.2972886264324188,0.043390459676066716,66,41,15,94,-0.27239561968686793,1.0639737537829386,0.0862370212781281,0.7469162667058815,0.13492399454116813,1.0252575267968085,0.0908405331941321,0.6756179348355787,73,26,0.02529534481588231,3.505793851846229,2.3400225770964402,-0.14533788514801982,0.0674004256725311,0.4544757160932411,0.3486220836639404,3.87043205939986,0.8750315308570862,3.7305410141268025,0.00019001327455044314,1.6666718885750234,-0.0103700757026672,1.7215046641345646,-0.5264094471931458,0.13989104527305712,87,36,15,73,0.007065550506564914,0.2414102334205547,0.1261308271782163,0.8532283795561386,0.13250149786472315,2.027155312205201,0.10910656435851702,1.1940537519036951,91,23,0.043616287797695864,6.722408187675014,5.419598970308002,0.8318513124000511,0.0701761953532695,0.9034802332855189,0.443043053150177,6.864692397983824,1.2369503378868103,6.623314492285089,0.004194102506153279,2.149144337749824,0.017364889383316,1.6743894693628705,-0.7939072847366333,0.24137790569873574,68,37,16,92,-1.3351291133417693,1.0322706423778998,0.1655715145121264,1.4503747113049397
Other,0.14582023971965857,2.8855426092706216,0.3487760662473736,4.428335684776918,0.07533134520053852,0.7005664864044943,0.05617927877916369,0.5454522240870876,91,14,0.009793362167550827,1.4103723672973145,2.1157956085637597,1.3764067214215059,0.03728459030389775,0.299476090957543,0.2194300889968872,2.9215174242077064,0.516718715429306,2.753110472436082,0.014507186820264889,0.9420987688969298,0.0220125019550323,0.7111689669113685,-0.2972886264324188,0.16840695177162415,56,35,16,104,-0.6811935702696451,1.5477601236635197,0.07712045881333024,0.7230645039968451,0.09045560657978047,0.7582988938100206,0.07372537126590027,0.5361647162884643,77,22,0.020492451835727087,2.823674041964834,4.345210422191534,0.08707761261850733,0.043578952550888,0.3670251667590805,0.3486220836639404,3.324970387436525,0.8750315308570862,3.0643965750642472,0.0033819667529314786,1.5314130366165402,0.00079113245010375,1.4258299470794653,-0.5264094471931458,0.26057381237227784,80,40,16,80,-0.1187199162473766,0.48594307106283013,0.11347609815968365,0.6916994674320207,0.0798357427120208,1.4833798031005805,0.08440119434264484,1.0476075108688483,84,20,0.03627072909559431,5.626747623128693,8.738686759925415,0.5372656840256012,0.04035729914903645,0.754771292438895,0.443043053150177,5.876755350222025,1.2369503378868103,5.778857269820809,0.004383060405962159,1.9548238792634487,0.00784833729267115,1.6956340314704244,-0.7939072847366333,0.09789808040121582,65,40,15,95,-1.6911480262937373,1.0019098804680253,0.15097167701793998,1.343655917335273
Other,0.09320751624224752,1.955337844623881,0.21826678209938086,3.0257906191469477,0.06776647269725787,0.40774823562176477,0.04324679281140557,0.3702541094209914,91,17,0.004954348464693354,0.7457937925728337,0.3987775686112802,11.264449671857466,0.0354208797216415,0.16225630835537413,0.1523968875408172,3.6964033299440047,0.3387497216463088,3.632432462004094,0.009291200421284871,0.5877722428295299,0.01759348995983595,0.38985419872745086,-0.1863528341054916,0.0639708679399104,59,33,16,101,-0.5717890690333807,3.220877073950696,0.05503701565301119,0.6327065537292768,0.05108518153429015,0.8008215739621135,0.04875808121578298,0.4967897802736367,88,21,0.014379187516971481,2.2017648648142556,22.509363820615047,-0.5475260768110406,0.0257697999477386,0.42494444529646336,0.2489919662475586,2.8055483447497336,0.8907787799835205,2.6596069145907406,0.003962208371376615,1.3540090595536498,0.0071425139904022,1.2204149160406983,-0.6417868137359619,0.14594143015899314,69,40,17,91,-3.27905458334376,0.40295879925226646,0.09501429539806848,0.6069796796111847,0.04987522959709155,0.6176871699667354,0.0421123450651066,0.4069276417642071,71,22,0.009345573406893758,1.4548620973607538,15.021635389193882,0.8961995585578122,0.02488385140895845,0.3176425809195116,0.3809189200401306,2.7836088395337355,0.8541332483291626,2.5140447751422363,0.007007466861978164,1.084009316763768,0.0033627301454543504,0.9808973505854168,-0.473214328289032,0.2695640643914992,64,39,16,96,-0.6749223962481512,0.957535054660698,0.07634334088903892,0.5289479166516328
Other,0.14496942533386775,2.642759600288718,0.33904602092690744,4.050286367840826,0.08159832935780274,0.5208077008412754,0.048807678982848254,0.45592521568669625,84,14,0.006897999767121112,0.9495872549027946,0.1919179342450441,3.826577993936339,0.03949411306530239,0.1989800731861588,0.1627398133277893,2.9637391701094575,0.34909264743328094,2.889496101156331,0.022034194669686244,0.7217776520974333,0.0252205496653914,0.5192676768323713,-0.1863528341054916,0.07424306895312642,56,35,18,104,-0.13093057123109153,2.060063213214041,0.06204680010670026,0.6546940322284228,0.08225458860397322,1.68885188995477,0.0940128737891791,1.149821790564319,88,17,0.041879823597784346,6.562618849261864,6.45433709185367,1.9964007548600033,0.040700927376747104,0.7654247569068873,0.6991481184959412,7.046098062674074,1.340934932231903,6.5222439002596015,0.010082349641015741,2.0480613675426205,0.0171362459659576,1.5882257851350317,-0.6417868137359619,0.5238541624144725,62,34,16,98,-0.2581510909779948,1.5344501192546904,0.16197906837157167,1.5388513521589124,0.08482979238033281,1.2284162150408648,0.0635489151862566,0.6285199572969635,82,20,0.014225830955876458,2.1843981185649675,5.558413992949154,-0.8800439756494267,0.042992651462554904,0.5465634653823654,0.3809189200401306,2.893187658723587,0.8541332483291626,2.7089066082127595,0.00141308949096128,1.2804473482007723,0.0027560740709304497,1.0748562260086207,-0.473214328289032,0.18428105051082735,71,35,17,89,-0.3883480412505804,0.5504123042653467,0.09457829620861276,0.7381413868972382
Other,0.05094492236941685,1.0376116896901681,0.1212426000088451,1.6170682112230432,0.03537233173847192,0.4055501741850962,0.03226610777899619,0.2769347871989454,76,23,0.0052279921423464114,0.6988262897979244,13.089548252094701,-0.4307380108717247,0.01811599731445305,0.22001677070730785,0.3711254596710205,1.5622623570971017,0.5954226851463317,1.5344074624253141,0.005858485028147691,0.7630747065505925,0.00377935171127315,0.7107142648984963,-0.2242972254753112,0.02785489467178766,69,48,16,91,0.8875823638028472,0.15241332476545322,0.057039527216203555,0.34138436112489373,0.03669201582670205,0.30497145147183874,0.024930128612322685,0.21090440553976492,87,19,0.00205815396142002,0.3174449174075772,4.863850985895959,9.124494468439696,0.0176837742328644,0.15663841227546768,0.1803975701332092,1.9886886462418998,0.31400170922279347,1.932948885001951,-0.00032517174258828787,0.46249140501704916,0.0017483979463576499,0.41906382395547254,-0.1336041390895843,0.05573976123994888,74,35,15,86,0.2497718112348393,2.5610359451727938,0.035976798802153744,0.32178660272443443,0.024324491620063674,0.3398737095927363,0.01832359501684546,0.16810573073935708,83,26,0.001286643194125017,0.19557955176847458,8.750522517615186,-0.6581667635714967,0.012095689773559501,0.16048863418342474,0.1379623264074325,0.8544829542154885,0.2910888046026229,0.8184304616731697,-0.0011527956929057808,0.39150209965540195,-0.00049983710050575,0.40182774496725937,-0.1531264781951904,0.036052492542318765,82,41,14,78,-0.5335791028340159,0.2837168269322601,0.02842309378030174,0.20568339197389346
Other,0.026541497968817357,0.4024357173445079,0.06378416866064048,0.6255156933040547,0.024095058441162026,0.19763068717805388,0.014234496941789937,0.10434643204382636,83,21,0.0005386050923556926,0.07242566403195272,0.5258884557163692,-0.3811147444958034,0.0117809474468231,0.078852369251668,0.0630781650543212,0.5752883997989672,0.1098279953002928,0.5438475786342475,0.00136313065886497,0.2384544849533253,0.0020016729831695,0.21287843189654287,-0.0467498302459716,0.03144082116471973,70,44,16,90,0.052926258207933695,0.5188834768048046,0.018354169269926168,0.12476026065056561,0.027284786105155823,0.1883504689062298,0.01573944551171731,0.14190805110411023,77,15,0.0006379803270388136,0.09331858851274445,-0.07838372005118499,3.167292646617966,0.013660505414009051,0.05511148461205903,0.0649908483028411,0.9315330308598064,0.1105433702468871,0.9208829293042584,0.004752455465495577,0.23634487906835966,0.0038185268640518,0.15854681932749182,-0.045552521944046,0.01065010155554805,67,31,16,93,-0.011217988271976374,1.8621150165348297,0.019455528943934975,0.19354505070114017,0.0174971837550401,0.1037392041278577,0.009441292827250388,0.07579787292085724,81,19,0.00021494528752362876,0.03265785473892514,-0.5804224648468783,1.3025554212167405,0.008338443934917401,0.04950374417737866,0.0267196148633956,0.47536740228666186,0.0511453598737715,0.4653592894343092,0.00031604012474417876,0.15071632928236972,0.00035516172647475,0.12301500902605098,-0.0244257450103759,0.01000811285235266,79,36,16,81,0.04128666654625482,1.2828689725719813,0.011622616137452042,0.09971179883330485
Other,0.02373063647915892,0.3582577955243758,0.057210302799939876,0.5563336533309584,0.015156388282775775,0.12221823797864828,0.010428801458328921,0.06844248184928994,76,23,0.00034321326493912894,0.044076318838633194,2.3835400770527446,2.788802973874417,0.00779426097869875,0.061566812866982845,0.0595512390136718,0.5330461262749381,0.1095177531242369,0.48967185964539195,0.0021400880068540525,0.1902175861853829,0.0015247166156768,0.17581789743292683,-0.0499665141105651,0.04337426662954615,68,44,15,92,0.23464107855222868,1.2945561241988564,0.01453439430354576,0.08884587072250251,0.023054912686347875,0.12871186938180013,0.014525332406628835,0.12332850345008772,85,14,0.0005875521443656301,0.08945647624543283,0.5354387624313248,19.48991869711051,0.011774182319641049,0.05387405786604908,0.0649908483028411,1.4510090336148778,0.1164442598819731,1.4358540505089836,0.003262932412326321,0.20596230688055742,0.0041853785514831005,0.14291569503279655,-0.051453411579132,0.015154983105894054,61,28,17,99,-0.22823993612889967,4.034797753523101,0.018942438123536506,0.21687785592326372,0.013701846823096175,0.10261256578756063,0.010226183064514728,0.11055196341116895,75,13,0.00032184357270054057,0.050036433436767974,1.3753138292358766,3.4803640412654264,0.0073654316365718,0.04489012337318636,0.046505220234394,0.726810234174325,0.0883592963218688,0.7105086260662884,0.0006243922747671625,0.16015376026501804,-0.00042942911386485,0.09969635835040415,-0.0418540760874748,0.01630160810803658,81,38,16,79,0.3217235744044754,1.9851710750298246,0.014213550704264251,0.1561640371844398
Other,0.019118410380708748,0.31700849570631146,0.04641287967562653,0.4869806371085976,0.01175531744956955,0.1427490749449722,0.008644690811634026,0.06950721709636047,74,26,0.0002705717453189024,0.03407313128870328,4.842148220826522,-0.7410632680922742,0.00617945194244385,0.06939526068647223,0.0595512390136718,0.3503033189913188,0.1095177531242369,0.3184429965054231,0.002461439371109003,0.16489186917855594,0.0017795264720916,0.1683561517879672,-0.0499665141105651,0.03186032248589564,66,45,15,94,0.16956971291201964,0.33524489399354274,0.01280914205942515,0.08296868546328358,0.013288259506225475,0.14742565521621573,0.010874953824095392,0.11181413373720586,89,16,0.0003898210206779477,0.059724280852120615,1.9911142928095273,6.455416416782992,0.006622850894927951,0.06335379986406733,0.0426248311996459,0.8688514544853975,0.0940782427787779,0.8438220329983173,0.001991838589310628,0.18022048979054925,0.00396730005741115,0.1297839502695613,-0.051453411579132,0.025029421487080154,55,31,17,105,-0.8404964430310086,2.378586047369696,0.015529909206353568,0.16506015846283184,0.011665595695376275,0.10408558077451574,0.008991079097613649,0.1073688402833992,72,15,0.0002829538449687907,0.044265762038838925,2.3348542883050163,4.918817266391701,0.0053999200463295495,0.05234615464641448,0.046505220234394,0.7165723378812278,0.0883592963218688,0.7086059125509238,0.0005688739009201537,0.14186827813949246,-0.0002468489110469,0.09004981713497201,-0.0418540760874748,0.007966425330303983,82,42,14,78,0.4411084564315633,2.2190589512462537,0.013327893315025463,0.1553678013507771
Other,0.012426647223859161,0.1848928991935005,0.029332135319709546,0.2876112672323639,0.01035106182098375,0.051797462242438294,0.006460748799145185,0.04796329721730972,72,18,0.0001165955573464206,0.01429656911432265,0.06693403410585619,3.233872463541151,0.005348771810531549,0.026863330295391043,0.0239481329917907,0.3231801257659791,0.0418170690536498,0.3142414047989787,0.002534223720431322,0.09750608973422699,0.00156873464584345,0.0812408247300914,-0.0178689360618591,0.008938720967000383,65,44,17,95,0.2953058866313646,1.8073333014034343,0.008177276905316956,0.06920355178069636,0.0101127251982688,0.08484175919014617,0.006492691477760634,0.05625263608235803,86,23,0.000124634978223578,0.01797586766862777,4.179141563894812,0.5464149284001811,0.0051721334457397,0.04698124119296947,0.0176219344139099,0.3345487415764055,0.0613166987895965,0.32976422480490486,0.000957886502146711,0.11227244163126994,0.0015959888696669999,0.10607317635155178,-0.0436947643756866,0.0047845167715006715,64,38,17,96,-1.3755690215794045,0.8569998910002423,0.00880133293728554,0.07328551370346573,0.009029639884829424,0.0472741560059492,0.005182989025488445,0.04440225918123357,82,16,6.902228853341933e-05,0.010023131862830015,-0.1620230989787288,2.940363891483039,0.00459384173154825,0.023212542387480377,0.0197889879345893,0.30828785772195466,0.0365675762295722,0.3039895628256632,0.00020233951508998748,0.07783273586686701,0.0002963580191135,0.06084242622202275,-0.0167785882949829,0.0042982948962914614,77,45,16,83,-0.007637120125755808,1.7482339064957946,0.006585517867939558,0.06296981094388426
Other,0.012165956801295409,0.18323230911303207,0.02835941806435561,0.2798166457697491,0.009791791439056249,0.06957976643527333,0.0065035920124500626,0.05398602838404201,70,18,0.00012918687223528632,0.014726250082354923,1.4395464480393523,-0.10714129920675886,0.004531294107437149,0.03239951734428985,0.0253845453262329,0.2649347491694705,0.0556249022483825,0.2596926970934429,0.0024094220250844888,0.10061909848888828,0.00140351057052605,0.07564892901702716,-0.0302403569221496,0.005242052076027644,65,48,11,95,-0.16636762406567848,1.010479509485519,0.008683765270465636,0.06783838958612094,0.008625410497188474,0.08195534631900292,0.005675005947705316,0.04899447162472837,87,22,0.00010417687568021438,0.014810143444661538,7.2419838641378345,0.36318921821184835,0.00412398576736445,0.042212419068290714,0.0182538032531738,0.2904100615559387,0.0644017457962035,0.27462421435998574,0.0007088286802172585,0.10438355935699752,0.0014666467905044,0.0983638284357348,-0.0461479425430297,0.01578584719595296,65,41,15,95,-1.687679535020814,0.7499279934813344,0.00806315381917544,0.06256369538818589,0.008819567039608825,0.04781278829929998,0.0054143073968588775,0.04868451446792302,80,14,8.088342375111489e-05,0.011762039832141451,1.4706054186277049,7.117949398765207,0.0044947005808352505,0.02255364377623849,0.0293145030736923,0.40074377581289483,0.046093091368675204,0.39385370879144066,2.7315970510243742e-05,0.07481398792386326,2.7120113372799997e-05,0.054181712021488325,-0.0167785882949829,0.006890067021454198,80,44,15,80,0.5719938753680335,2.6776804771287095,0.00713227361896616,0.07851692201729187
Other,0.012279881206433913,0.1792602141616004,0.029035535603761438,0.27607772568565125,0.008499413728713925,0.07991593704754851,0.005741680469363892,0.05506395121159319,73,20,0.00010287775642417694,0.011946857072834192,2.321756752002951,-0.23633314409763573,0.00426852703094475,0.036272450964901296,0.0253845453262329,0.2542228902366008,0.0556249022483825,0.2532644753045715,0.002353473007678975,0.08568077273246275,0.00186333060264585,0.06544746913525212,-0.0302403569221496,0.0009584149320292609,63,47,16,97,-0.31401123679596005,0.9508404550909142,0.007689559208587767,0.06786502970457069,0.008070871233939975,0.07993099057526862,0.0057845607865601376,0.051637626969432755,85,19,0.00010875719979479025,0.014406268808046276,6.425665460150892,0.5535688431167811,0.00404110550880425,0.03992264291793097,0.019447386264801,0.273053537381262,0.0655953288078307,0.26386334524245175,0.0009487263858318215,0.10137299194351748,0.00123830139636985,0.08157751924238214,-0.0461479425430297,0.009190192138810222,63,45,17,97,-1.311726385187584,1.028052281206644,0.008215534793377903,0.06426340570235765,0.01109628379344925,0.06422224357012637,0.006303934101015278,0.06212458447177139,80,15,0.00010017827828446741,0.014686042803926108,0.5496386806663849,1.628904021021893,0.0056354403495788,0.026038531419166795,0.0293145030736923,0.35630970755942615,0.0486448854207992,0.34783494945408294,-7.854774594307133e-05,0.08902396100967107,2.5931745767599997e-05,0.053713761456141505,-0.0193303823471069,0.008474758105343224,80,42,14,80,0.26406041420832627,1.6008200985660026,0.007937190807607988,0.08222394523540376
Other,0.010739594648445903,0.15087948350267644,0.025996272042393444,0.23512597890964568,0.007706418633460875,0.058740443147731705,0.0047934266226365785,0.03596021548868824,79,22,6.609406184498486e-05,0.0073957694083593975,0.05916317036528307,2.628543775443375,0.00385957956314085,0.025244986135160692,0.018889844417572,0.24087401133409198,0.0330395102500915,0.23821433811284848,0.0022444013506173954,0.07165952081935045,0.00221988558769225,0.06042779588303911,-0.0141496658325195,0.0026596732212434966,58,45,17,102,0.005838678361825473,1.4297188225657116,0.0060414876947027804,0.04754663483676291,0.00830641388893115,0.06553655481467074,0.005429367157630584,0.042284261142592386,74,20,8.282711690600046e-05,0.011475556771974198,0.40143973301681024,11.396094126685023,0.00407089293003075,0.026582637461235674,0.0201057195663452,0.41694920817390385,0.0398347973823547,0.4028040806485203,0.0012112656608223816,0.0849973493690397,0.0009799897670745,0.06979765388078354,-0.0197290778160095,0.014145127525383567,67,44,13,93,0.103699439656863,2.8849594746533342,0.007114501697602951,0.06519974978641868,0.009805910289287425,0.056928133542786453,0.005627038449165361,0.051143097559391115,85,16,7.540201669749631e-05,0.01120718248772188,-0.13048750460970027,3.3071475427136816,0.00463601946830745,0.024400777119837527,0.0154154449701309,0.32061707486684754,0.0347458273172378,0.3063006376062527,0.0002874496858566955,0.07846910872125554,0.0011066198348998499,0.05449935565117571,-0.0193303823471069,0.014316437260594814,73,40,15,87,-0.40556701997780814,1.9207752184378033,0.006880370994387851,0.07106181438869726
Other,0.01038088778118364,0.15465554177764138,0.02498575009405589,0.24031502076614197,0.0095002204179763,0.0803617815885378,0.005151216704398354,0.04149954822640911,76,21,7.252716284920436e-05,0.008452328482950307,0.07564201653204572,4.254251092369876,0.00424140691757195,0.034100698993879054,0.0168735980987548,0.3014634255519592,0.034179747104644595,0.29778271041028836,0.0020920116454362795,0.0748689410245419,0.0016158819198608,0.05831423282571599,-0.0173061490058898,0.003680715141670836,65,45,12,95,-0.14714796694709534,1.5836826700144453,0.00641954280831473,0.053357006595328924,0.007446952164173,0.06573645527271692,0.005106238937005357,0.04290964314231113,76,20,8.174291848910638e-05,0.010405327170854371,3.0190218095491836,5.337324075071631,0.00357055664062495,0.03306764075608491,0.0281530618667602,0.3403629325083572,0.057384997606277396,0.32957448184874827,0.0010223707184195455,0.08214692270744135,0.0006211251020431,0.07147157787800443,-0.0292319357395172,0.010788450659608949,70,41,17,90,0.21624105149312076,2.031350123787242,0.007096395199322387,0.06047487296846538,0.0071686264127492245,0.061161636693009336,0.005165793520281974,0.04937549448864589,81,18,7.542195256518528e-05,0.011210286837782291,1.4290141570196653,1.8883234304085503,0.0036560967564581498,0.02813601385484719,0.0228103399276733,0.29715148249592427,0.0465198755264281,0.2908074495018201,0.00044552185572683796,0.08329915703415867,0.00077868252992625,0.05817212799536406,-0.0237095355987548,0.0063440329941041726,74,38,17,86,-0.3887210779830159,1.493240146355748,0.0068728052646350665,0.0653569986702332
Other,0.014092828476868113,0.21574105296735793,0.03346807956695533,0.3320302630728117,0.011376112699508549,0.10084430427314986,0.0070495088864117456,0.05518617709334792,74,23,0.0001361502890768296,0.01622615165042416,0.6610594372381988,-0.6653957771087469,0.0057026743888854495,0.046282584383157854,0.0256977081298828,0.2662634201078647,0.053734242916107094,0.2610059502360452,0.002148103341460226,0.1104368961888485,0.001225471496582,0.0903384707353189,-0.0280365347862243,0.005257469871819452,75,47,17,85,-0.30791867009838597,0.4560484624487946,0.008999207943200162,0.06348104922413982,0.010371677577495526,0.0778318063111405,0.0074228459363802814,0.06479741654556101,79,19,0.00016620775063184702,0.022969827971841807,1.0372584740547284,2.439259274598106,0.00530125200748435,0.04403153191617449,0.0361379981040954,0.40294120024796354,0.0653699338436126,0.3728255328183934,0.0011114876717329002,0.12210971908634546,0.0009458959102629999,0.09715421546043038,-0.0292319357395172,0.030115667429570094,71,39,12,89,0.17941891761745873,1.660137388424483,0.010163168886317594,0.08977218097214534,0.00981037691235525,0.09089217524320459,0.006386574036441692,0.06513205761744924,76,16,0.00011159214272170374,0.0165639840281427,0.29122963867124607,1.7561719565791014,0.005022879689931751,0.02830809463972674,0.0228103399276733,0.3906911475353194,0.0465198755264281,0.3765962613468775,0.00017692437395453657,0.09948364779761777,-0.00026416406035415,0.06221675503887392,-0.0237095355987548,0.014094886188441928,82,39,14,78,-0.13228968177053635,1.4654036582746963,0.008375693312038348,0.08165162490129785
Other,0.014405704110483086,0.21354898950841109,0.03460149973630881,0.32776206931860485,0.009654730558395275,0.07560640522366718,0.0066383722703903525,0.04744184823642466,79,23,0.00013386975771176315,0.015018975504749035,1.0416468737459939,0.9645300020338827,0.00493061542510985,0.03792520480567767,0.0256977081298828,0.29065963594472205,0.053734242916107094,0.27361056710825726,0.0023520849645137683,0.10621623371825864,0.00228568911552425,0.10115307912442041,-0.0280365347862243,0.017049068836464808,65,46,14,95,-0.2445336989363699,0.9890737066226766,0.008867227195006303,0.06113172007605616,0.01259613037109365,0.10228250867837944,0.007892211475409526,0.06738409020965679,78,19,0.0001678137047869553,0.023774727172734753,0.3547556588574605,1.960164572900342,0.0062526911497115,0.047410453258171684,0.0361379981040954,0.41118088874698766,0.058468639850616295,0.39723312243980924,0.0012418383732438038,0.12435458289129553,0.0009465068578719501,0.09702719294177067,-0.0223306417465209,0.013947766307178405,71,39,14,89,0.162969471194537,1.48914169503774,0.010197614862165952,0.09116284817109799,0.012436363846063548,0.08380518754415055,0.006749709974974342,0.060192222288202736,80,17,0.00010765992803404068,0.01575538514914041,-0.4473739880195571,1.4494173498353842,0.006212744861841172,0.04302696008827041,0.0190115049481391,0.35924508748047856,0.040246613323688396,0.3570242523299545,0.00021940981969237084,0.09719125270905067,0.00031307339668272755,0.07748252312829759,-0.0212351083755493,0.00222083515052408,78,40,16,82,-0.04158081717943606,1.3461200895561334,0.008225703807079932,0.07943075944485144
Other,0.011747650458999982,0.17880450161606684,0.02843419715762115,0.28333308366300824,0.008678197860717675,0.06694048266695533,0.00573251029942181,0.048016439112598785,81,20,9.885980371873063e-05,0.011542486897461726,0.49337657844478544,1.5706092452238227,0.0043475031852722,0.03281122656221019,0.0243746638298034,0.30425053745501307,0.0409881472587584,0.2949434007858496,0.002375687286257728,0.08765159070228203,0.0024139881134033,0.07133200802789338,-0.016613483428955,0.009307136669163477,60,47,16,100,0.137849861075993,1.2738449242292347,0.007516421418166139,0.06212636754890273,0.0091705843806266,0.07232503390675668,0.005879732463508806,0.04054632836031823,74,24,9.790332097029535e-05,0.012940122823689284,1.9203696160987223,0.2791382275977403,0.00486725568771365,0.036674462451448536,0.0358855724334716,0.24265989630370077,0.0547083616256713,0.2309192237449286,0.0013630621135234766,0.10183094669959476,0.0006915479898452,0.09868399206479261,-0.0188227891921997,0.011740672558772178,72,44,13,88,0.5646382637455089,0.59099869916063,0.007726887616146947,0.0507008985911845,0.010213844478130299,0.06288354780856184,0.005760946623049631,0.03936979330227943,87,21,7.994073537526368e-05,0.011408840561887486,-0.5199458051469867,0.6452769263838825,0.0049130097031592004,0.031746457428574654,0.0186197236180305,0.2379319788277307,0.0343204215168952,0.23265076774598822,0.0004479806870222017,0.09385054626113146,0.0009736381471156499,0.08601683355659781,-0.0157006978988647,0.005281211081742471,68,43,14,92,-0.14639932474299405,0.9153225367529928,0.007076386308243194,0.050999171840086864
Other,0.011253435914650146,0.16877102766385865,0.02683136165142036,0.25922862431563853,0.010272964835166824,0.0980768284074077,0.00650828862562772,0.05835054854602959,75,18,0.00011738073314020773,0.014478108799228033,-0.038004971244935515,1.7131280270843163,0.005334198474884,0.039896259062185316,0.024867832660675,0.3558883683856973,0.04148131608963,0.35223979413985335,0.002443589270114885,0.09452860423439756,0.00177875161170955,0.06666088644937243,-0.016613483428955,0.0036485742458439913,62,46,16,98,0.14238522558453665,1.3680912575039856,0.008235027484901982,0.07444764456129337,0.007911741733550949,0.056236964732775396,0.005224180901423059,0.04365660280298472,74,21,8.139137340963307e-05,0.010982085279847559,3.090685003437117,1.6898094846103877,0.0041102468967437,0.03273942089367755,0.0358855724334716,0.27813811510066827,0.0547083616256713,0.265400892709388,0.001173232123255727,0.08694718207547587,0.00073213875293725,0.0694374599902326,-0.0188227891921997,0.012737222391280261,72,45,15,88,0.6117174383187108,1.3952116190112258,0.007057224124478835,0.058500194948235905,0.007023202255368075,0.051559007128174544,0.00482383405324067,0.03680617132230009,85,19,6.103105801743705e-05,0.00811864564418177,-0.022922273938017046,-0.4941953118915867,0.0035806894302368502,0.028436187370911352,0.0129686594009399,0.18352706101509514,0.0314155891537665,0.17390289104367762,0.00014920271933078106,0.07775283800576512,0.00046202912926669997,0.06880953988267918,-0.0184469297528266,0.009624169971417525,71,43,14,89,-0.3301718364404878,0.67200995462106,0.006193699359666202,0.04553176722060124
Other,0.015904145792073172,0.2718142345856149,0.038393884524702784,0.42040579348313206,0.0116665512323379,0.15173772514789152,0.007713549928739629,0.07698632243485269,74,22,0.00020678200924617457,0.02637064154180254,6.87817840168465,-1.0519754319028394,0.00578767061233515,0.06432553619680034,0.0451087355613708,0.33451781404535685,0.104878544807434,0.3211167323319354,0.0023781355470418823,0.1374004282535952,0.0019217133522033,0.10263411847904155,-0.0597698092460632,0.01340108171342149,64,45,14,96,-0.663827233525522,0.43747624865225354,0.011151703013413514,0.08655497592588877,0.0095740258693694,0.1387503719225504,0.008199961353093341,0.0905976727131679,88,17,0.00025365123346223633,0.03884966123276546,4.23612835272576,1.50844295937436,0.0047696381807327,0.05393036471486821,0.0408224165439605,0.5370157104384693,0.0931736528873442,0.5228417306712198,0.0006883325055241507,0.15870742908450652,0.0013046413660049,0.12112080477126752,-0.0523512363433837,0.014173979767249495,67,42,14,93,-0.7895997477824357,1.395791072513329,0.012611593718738618,0.11688290373768007,0.0113314278423785,0.12452562007330292,0.007812508777133138,0.09589373395911917,83,14,0.000204831969200701,0.030926792098802388,4.083000699015902,3.3132038237758055,0.005643755197525,0.03173359357848447,0.0435510873794555,0.6155764497558874,0.0910978317260741,0.6031984270596432,-2.7386937290452186e-06,0.12429793614503039,0.00028991699218745,0.06818054043458799,-0.0475467443466186,0.012378022696244212,77,39,17,83,-0.18234440205162436,1.8114678107533495,0.011350115872292236,0.12440584861206623
Other,0.016062044344392568,0.2719088601976317,0.03909697525203205,0.4170991051738386,0.010135903954505851,0.10830919946491901,0.007059315284714063,0.059746947623952135,82,23,0.0001859580810549832,0.02298540589193329,8.763437473318879,-1.1710230097947496,0.00512358546257015,0.057465741978457385,0.0451087355613708,0.24324993749453525,0.104878544807434,0.22490281942862345,0.00217994786798953,0.13518242383903856,0.00243249535560605,0.12688469902319632,-0.0597698092460632,0.01834711806591181,64,45,14,96,-0.829422099470269,-0.0068553338632418815,0.010591161757488907,0.06863758574524474,0.011334881186485225,0.09841606731142591,0.009169152677059127,0.0912059941671437,83,16,0.0002830549642570176,0.04371055036832233,3.210632402805625,3.9423234337327138,0.0059137493371962,0.05352855842268982,0.0408224165439605,0.6496890840014483,0.0931736528873442,0.6318930429211133,0.0011376261711120573,0.16137727188952145,0.0015634894371032,0.12786464720415563,-0.0523512363433837,0.017796041080335095,71,40,12,89,-0.6291912568229733,1.9763705414583272,0.013293594593375348,0.13292075265291645,0.01191342435777175,0.11773754261337076,0.00785171745985276,0.10034654608626903,81,15,0.0002067403599649469,0.03169385475981135,4.0179630654272644,3.6738211576011484,0.00612574815750115,0.03644961238223244,0.0435510873794555,0.6521289373110906,0.0910978317260741,0.6455888207192423,0.0002715530339628445,0.12053940944527856,0.0003487430512905,0.06407806578886852,-0.0475467443466186,0.0065401165918483025,77,43,16,83,-0.20997820860806174,1.8506385825511256,0.011399613098491898,0.13101185263324402
Other,0.01097870402596683,0.16128027532706912,0.026679801270365493,0.2505868951025376,0.008518919348716649,0.06911160897869849,0.005149065610021324,0.0377070425684974,78,24,7.381969564796906e-05,0.008240249236444843,-0.1490834674852759,-0.4987080194843898,0.00434097647666925,0.03451557843127977,0.0206904411315917,0.19595495275561786,0.0345094203948973,0.1903665963931512,0.0021149478852748784,0.07864479568027902,0.0020294189453124497,0.07130375606436598,-0.0138189792633056,0.0055883563624666436,62,45,16,98,0.11280447901686992,0.5373448321193042,0.006475055588799198,0.04533481387247562,0.00940505415201175,0.08416642219834031,0.006057571247219994,0.05530812746705288,80,17,9.93346329711099e-05,0.014177543518292418,0.6906731558210812,2.197011598155611,0.0047280937433243,0.03747528261845087,0.0278761386871337,0.3574154100282624,0.0465740859508513,0.3392593595130512,0.0014965500682592367,0.09561079613868838,0.0012017786502837502,0.07183738555906377,-0.0186979472637176,0.018156050515211186,72,39,15,88,0.46252326907220026,1.4738455272056707,0.007760210299953789,0.07096561970432294,0.00852357409894455,0.06184434377346015,0.005117239832179573,0.047208300111856595,90,19,6.781582288731687e-05,0.01010628900429557,0.7149294069120855,1.9373065349682754,0.004134945571422501,0.029649267069171946,0.017928123474121,0.27141668398794827,0.0371328443288802,0.26310942810132704,0.00047376840375363194,0.07633130328357023,0.0013018026947975,0.060516937589912376,-0.0192047208547592,0.008307255886621227,68,47,15,92,-0.5916088196683648,1.5787484176289936,0.006513493130334984,0.0654203419688952
Other,0.012459955768756185,0.18916571088258557,0.030107039436697743,0.29246312986939715,0.00901560485363,0.06588407500760096,0.005641871737316222,0.045238673101086695,75,20,9.249772915289536e-05,0.010565731923854755,0.8416005810299154,0.8052284750061705,0.0044074654579162,0.03264865821612854,0.0301138162612915,0.25547663378224483,0.0436420440673828,0.24287829557015145,0.0023311860859393982,0.08487858226283006,0.0019179582595825,0.07080456423752282,-0.0135282278060913,0.012598338212093383,62,43,17,98,0.5681011244618127,1.1369781628198705,0.00725989428710271,0.057977221362417355,0.009373024106025574,0.06873870993422583,0.006564810769632409,0.0546520278415269,78,19,0.00011597009718725355,0.015049898705455329,0.6693085565188324,4.376201121628699,0.00451382994651785,0.030778635473621942,0.0300607085227966,0.3985507212323925,0.0531507432460784,0.3824282566174375,0.0006427425891160976,0.09648205159639228,0.00030159950256345,0.06526504074143019,-0.0230900347232818,0.01612246461495496,77,43,13,83,0.26758510954503945,1.976060991994492,0.008515952781679423,0.07577012884512223,0.010143268853425948,0.09160711475851915,0.006434882970643184,0.055126474372973834,85,22,0.00012346625773151335,0.017952724213374835,3.314882490434096,8.216127770789402,0.00500220060348505,0.04667238996810519,0.0387051850557327,0.4713002141528458,0.07249207794666279,0.4632424502521303,-0.00015263599343598054,0.11110249601017472,0.00055440515279765,0.1006161983196161,-0.0337868928909301,0.008057763900715484,75,44,15,85,-0.05981128752285508,2.1210040502225618,0.00881069180877051,0.07489298761355395
Other,0.01398818417134556,0.2095825600499468,0.033875031098723175,0.33242555090896997,0.0101846009492874,0.08913040497581398,0.006344449236057666,0.04918053650111873,77,22,0.0001127925723041647,0.012227388311256072,0.4039176723006066,-0.47187810869360414,0.00499597191810605,0.03781173203972434,0.0301138162612915,0.2439465156555234,0.0436420440673828,0.2361586982808272,0.002328497543930997,0.09419534863079178,0.00209489464759825,0.07855998335306638,-0.0135282278060913,0.007787817374696181,64,47,17,96,0.5062686616496059,0.6807883014240602,0.008092139636857502,0.0579191212604237,0.0115101486444472,0.06570844963079214,0.007379575257655186,0.053481314777044986,83,19,0.00015043036587610522,0.018577861944204632,1.8511211974514028,4.338016493265689,0.00590854883193965,0.033417925338235295,0.0300607085227966,0.42696367556050296,0.0706272423267364,0.40568997858150113,0.000979354046285146,0.11308486508308874,0.0013569295406341,0.09340921161449856,-0.0405665338039398,0.02127369697900186,69,47,18,91,-0.3253902847412163,1.8819373458063318,0.009677041198856599,0.07608991545102574,0.01142192445695395,0.10545192543578001,0.007190094886464019,0.060335017047958794,77,23,0.000147811514084179,0.0216087616229821,1.9346236839475406,1.7992600492162882,0.0057817101478576,0.05368233251885811,0.0387051850557327,0.40202408339263357,0.07249207794666279,0.386018943967426,-0.00020061810500919699,0.12514533719508938,-0.000741571187973,0.1149700715628163,-0.0337868928909301,0.016005139425207614,83,42,14,77,0.3115444419612969,1.1588694555597758,0.009639642921362568,0.07711942817027026
Other,0.012660275948274083,0.17936606744410655,0.030401281341910124,0.2771492111324022,0.0092013776302337,0.08239352237362715,0.005900191143155064,0.043834066659589145,80,20,0.00010021420080388222,0.008866016260335645,0.6037339147985445,-0.7451228892375479,0.00467091798782345,0.03240060076273592,0.0291667580604553,0.20117189548101397,0.0433592200279235,0.18891917862972354,0.0022956263273954287,0.07967470548527485,0.0022458732128143,0.061306462370002764,-0.0141924619674682,0.012252716851290427,61,51,16,99,0.3629873333825964,0.6113000298857986,0.007597680895250749,0.05017925434051763,0.009690351784229199,0.07087846579598672,0.006726847612298983,0.053107958790027034,87,23,0.00013978801763840808,0.017221220517969045,3.4990883739640397,0.6216090365205393,0.004969388246536199,0.03609530248053916,0.0305208563804626,0.3218611699601231,0.0710873901844024,0.3108828004621715,0.0012377668172120903,0.1119715178717933,0.0020073056221008,0.10157889019429667,-0.0405665338039398,0.010978369497951595,62,45,18,98,-0.8108316744978409,0.8961457065530575,0.009293830743672868,0.06843683002196783,0.009172337129712,0.06731611652832623,0.005882467063493048,0.05083446325956025,79,18,8.944783349739977e-05,0.012918273005258956,-0.031761174051633034,4.8947647450463165,0.00460785254836075,0.029921114749262998,0.0231508165597915,0.35926955748584116,0.0374405682086943,0.3517564761001912,0.0005127537529915507,0.08550298777533401,0.0004336461424827,0.062080147265572976,-0.0142897516489028,0.007513081385649993,69,42,15,91,0.33738675939969515,2.197824505193592,0.007482775493186125,0.07488332315509266
Other,0.01049387579127586,0.15027366592820052,0.024838333129882564,0.23566578288580636,0.007971301674842675,0.045557084816958006,0.00508346580900248,0.030895437469330257,78,21,7.999254268700097e-05,0.007191150213026664,1.4733616231754345,2.3209414789764544,0.0040152668952941496,0.02489962675471899,0.0291667580604553,0.22641396174455006,0.0455906987190246,0.21726462651315911,0.0022631231695413477,0.07404384362497804,0.0019570887088775,0.0677466943374683,-0.0164239406585693,0.009149335231390948,58,48,15,102,0.12510927614835826,1.2089409341820874,0.006719809273937679,0.04133593393485219,0.009490802884101774,0.06835017054721182,0.005752265732735351,0.04780635345552333,75,20,9.878781034329163e-05,0.011902769618956399,3.2219010655201314,0.41900960928701325,0.0046832859516143,0.03433784639676387,0.0305208563804626,0.26283323564240213,0.0661312639713286,0.25989851894666305,0.0011743113398551867,0.09034305610567124,0.00087217986583705,0.07949311673132492,-0.035610407590866,0.0029347166957390744,71,47,18,89,-0.41972882895878544,0.921722128073814,0.00779378073886023,0.06116291222991216,0.0067727752029895245,0.07642107733507143,0.004379064124077512,0.04167881695712792,80,20,5.4524471228979755e-05,0.007563719488683338,0.6844676677043431,0.7559438618717391,0.0033391676843166,0.019990030775409444,0.020057201385498,0.2258795492162927,0.0332296639680861,0.20731009332863395,0.000396089907735578,0.07127888315515706,0.0003664717078208,0.04653625951650582,-0.0131724625825881,0.01856945588765874,70,45,16,90,0.18262879691567055,1.155265136088545,0.00584245208305079,0.04983011443732399
Other,0.009384158725262912,0.12520018679736064,0.02236957840621446,0.19777325765673567,0.007326290011405825,0.04792870849590016,0.004726351215504072,0.030522875563211475,75,21,6.620091014870075e-05,0.006127006546847999,0.5349501622664934,-0.8043405985062821,0.0036593675613403004,0.023990216486144418,0.0171429514884948,0.13891442754792252,0.0335668921470641,0.1360874501135877,0.0021205868571996566,0.06893205540921508,0.0014129877090454,0.060354374764034505,-0.0164239406585693,0.0028269774343348277,61,49,18,99,-0.04067668783813225,0.3356079930885572,0.0060918487841595936,0.03708609286388768,0.008938893675804025,0.044000978109267286,0.005045658196322575,0.04313794187458815,74,16,6.592673425790082e-05,0.007940311352578033,-0.28486105711450405,2.2284124270144465,0.00459291040897355,0.021553952712589353,0.0175183415412902,0.25159700541209146,0.0327488780021666,0.24552434153808775,0.0013340765610337167,0.06548899207329259,0.0009541213512419999,0.045094633683820655,-0.0152305364608764,0.006072663874003712,71,46,16,89,0.05237959130038886,1.7498230235992789,0.006298603110822379,0.060427669736655025,0.005896449089050225,0.043146323133139326,0.004077046973979979,0.03598067401267707,79,15,4.5208967691666576e-05,0.006510563785195895,1.0620209608502718,3.5120949952288614,0.0030358955264090997,0.017758421708846533,0.020057201385498,0.22851422870345028,0.0331398174166678,0.2156051956070357,1.261415891349463e-05,0.06335221017422799,-0.00024147704243655,0.045003145441788586,-0.0130826160311698,0.012909033096414592,81,44,14,79,0.1965124308965483,1.9685404301373381,0.005332274645579108,0.04997060387103942
Other,0.009084456902928145,0.12605765133942445,0.02182038441300368,0.1962785907952398,0.007728278636932225,0.04962227497643449,0.004644541954621639,0.031161339025034013,81,19,6.432145720140092e-05,0.006249481053882473,0.6571498320322879,1.4710168642005996,0.00391784310340875,0.022244475875300648,0.0238330364227294,0.20277971137119571,0.037509262561798,0.19118766507824453,0.0022899694740772083,0.06779358347216388,0.002380758523941,0.05741106226067332,-0.0136762261390686,0.011592046292951179,55,51,17,105,0.15014380551709752,1.184431894971028,0.005931003759367407,0.04066338763415096,0.007257089018821575,0.05046033133161098,0.004614259821828411,0.03812696544206107,81,18,5.964499411105811e-05,0.007723496043531968,0.7187824330149288,2.615994168579509,0.00360643863677975,0.025440153602612803,0.0175183415412902,0.22816950796939683,0.037674605846404904,0.21771035997342694,0.0007119210436940139,0.06856036295924385,0.00100015103816985,0.05696842892692327,-0.0201562643051147,0.0104591479959699,70,45,14,90,-0.21699423833871076,1.7739315151539086,0.006082972605577658,0.05498156667855793,0.006022399291396025,0.0457915777008933,0.003963268300285512,0.03478133357832908,83,20,4.097203066654666e-05,0.005711340337964028,0.8179033110411802,2.0645839846646483,0.0032012760639189997,0.02501151161859236,0.0171625018119812,0.22641233696154672,0.0303279757499694,0.21824816577026812,0.00041107749566435936,0.05992464436383206,0.0008837729692459,0.045432413529305514,-0.0131654739379882,0.008164171191278614,74,42,13,86,0.015005440750053278,1.4188037791850316,0.00505949851684057,0.04604755515586338
Other,0.01047013260835067,0.1580592053991063,0.025770811289548633,0.2445033415347929,0.009239539504051125,0.05600484600647284,0.005552155245095452,0.037455398312433594,82,21,8.567031060081733e-05,0.010062907641188588,0.5491333042944317,1.8487472185810612,0.0045021474361419,0.02873359167963424,0.0238330364227294,0.2551771493577856,0.0462807416915892,0.2417244212612371,0.0019214563071727614,0.08721955590849718,0.00218924880027765,0.07826442483612375,-0.0224477052688598,0.01345272809654851,55,50,13,105,-0.2109347177487211,1.152682849172143,0.007082759635940999,0.049554583121171746,0.008002087473869225,0.07937928642395015,0.005128042390570002,0.05022989445627002,84,18,7.780177634651246e-05,0.01087838218220731,1.0925578115720729,0.406023356191739,0.004010826349258451,0.029742634753708218,0.0245878100395202,0.24502467866813551,0.0447440743446349,0.2394336915343341,0.0014083052054047513,0.08293794117180306,0.0018341243267059,0.062334890880946146,-0.0201562643051147,0.005590987133801416,63,40,16,97,0.13587560441626947,1.1039805667211733,0.006850995367428625,0.0632430240927001,0.007841942831873776,0.06579914225149416,0.004911215828033115,0.04932885768733487,83,16,6.686810514330872e-05,0.009894043887686374,0.6350117093431455,2.0355448904027282,0.0037626624107360497,0.028064058933305817,0.0177789330482482,0.2792091478352485,0.036580398678779505,0.26649921175848623,0.0005247955210506869,0.07434584445449262,0.0008837729692459,0.05087639767947896,-0.0188014656305313,0.012709936076762237,72,37,14,88,-0.018561591311348984,1.6449210886265755,0.0064636111857386365,0.06608130825002456
Other,0.01227589396340895,0.18111537543206627,0.0303313465416429,0.2785489482856727,0.00992672145366655,0.059734723690130165,0.00611718343105163,0.04032407891390738,81,19,0.00010201595442648322,0.012625571685489279,0.3645748257679786,1.8788296564681115,0.005032896995544401,0.026801523831776135,0.0229085087776184,0.2933158424435852,0.0453562140464782,0.2755006958100841,0.0016872812062501802,0.09848189716762949,0.00172597169876095,0.08865186160462597,-0.0224477052688598,0.017815146633501148,61,48,16,99,-0.24854827340840732,1.186314856253948,0.007829186076082491,0.054100717331230695,0.00984720140695565,0.06364412099638851,0.005855247066356197,0.055488629847740015,77,17,8.89996778069592e-05,0.013109827729758454,0.24565439216969853,1.4337852390880288,0.0046183019876479495,0.031219690210866905,0.0245878100395202,0.3174014047259023,0.038690149784088,0.30941751626824077,0.0014711435884237293,0.08653806240011948,0.00067450106143945,0.06608133789368988,-0.0141023397445678,0.007983888457661511,75,37,18,85,0.43320032320031093,1.482185431726617,0.007334627799182631,0.07497327180930204,0.011372113600373126,0.08144969345166446,0.006841444219462524,0.06698762288361398,74,17,0.00011601265845831763,0.017847873760042175,-0.2168273421141289,3.6211236205871824,0.005655266344547201,0.03587301072207234,0.0236892774701118,0.42504360135354824,0.0424907431006431,0.420337429254636,0.0003376999869942672,0.09352898871792377,-0.0001849196851253,0.0567516343610239,-0.0188014656305313,0.0047061720989122376,83,33,16,77,0.3458040623463294,1.9491475011080235,0.008535172969268309,0.09539497905783444
Other,0.01128325099774929,0.16320043018061844,0.027197932377457375,0.25193157934349064,0.010035529732704076,0.07236096857571035,0.0061913669575005366,0.04260780266701495,78,20,0.00010601794698626214,0.011433808040494946,0.19988486258968896,0.3634246517853361,0.0050637125968933,0.029003279584291223,0.0229085087776184,0.2579574666222021,0.0441460609436035,0.24188637566818144,0.0022052098065614596,0.09231123166958456,0.0019859373569488,0.08359054567173431,-0.0212375521659851,0.016071090954020664,63,49,17,97,-0.07197851371106775,0.7987703987955432,0.007860306558616557,0.05396706910829267,0.007926017045974626,0.06355336993655637,0.004976707997266157,0.04517106009601811,71,16,6.428734930069266e-05,0.00929042290926086,0.15037931781025238,2.485410684073366,0.00386331975460051,0.025744842514475664,0.020071804523468,0.27726504226194804,0.0331621766090392,0.26867032859314965,0.0008939580991864239,0.07530998002915,-6.614625453944004e-05,0.0581630074439302,-0.0130903720855712,0.008594713668798382,81,41,13,79,0.45693753533274084,1.644080650790546,0.0062950860124571266,0.06015671049242876,0.009282046929001675,0.09160060013487609,0.005680265600676598,0.059236277827962584,75,16,8.591346945779527e-05,0.013370295633807617,0.6236621243871276,2.4385544721859223,0.004693839699029799,0.03498244089443892,0.0236892774701118,0.357711526792532,0.0398967266082763,0.35525991710263644,0.000254975212737917,0.08431036764475607,-0.00018018856644625,0.0615790777759503,-0.0162074491381645,0.0024516096898955413,82,34,14,78,0.5660741853801735,1.650153859553738,0.0073463056938801495,0.07913316334769945
Other,0.009896333990214798,0.13681017658333589,0.023534385263919586,0.2094646566455981,0.01125769317150105,0.0708986214879424,0.006464057955890853,0.04671094194836382,76,21,0.00011165886214715814,0.010962381466755003,-0.10553789714629103,0.1711259759229531,0.00560727715492245,0.03739545231760884,0.0212697386741638,0.24118178889576486,0.040819227695465005,0.23370773555484003,0.002354491129517547,0.08785290784933847,0.0019481778144836,0.06921635999748116,-0.0195494890213012,0.007474053340924828,65,47,14,95,0.043054516124893555,0.8872434319477759,0.00804034858676703,0.056958300968082305,0.00596582144498815,0.053104797933559045,0.003946750611066774,0.037752716588046076,80,17,4.4374956969654276e-05,0.0059366740270708875,0.27055454667141987,2.143347720746802,0.0029719322919845,0.026290026806572612,0.0166553556919097,0.21569022960624046,0.0286492407321929,0.2111750279486294,0.0011800870299339173,0.05847441073759316,0.0011498332023620501,0.044256890422281064,-0.0119938850402832,0.004515201657611058,64,46,15,96,0.20845059920205514,1.5819758652299016,0.005148535135900373,0.0501738708489004,0.00739156268537035,0.059908040873967665,0.00398417891236017,0.03420071871242745,82,19,3.751507579276159e-05,0.0055944663606036895,-0.190879995957844,0.2751242296425125,0.0036334358155727,0.01817419210667113,0.0139992237091064,0.18425275960618417,0.0269615575671195,0.1764637573566217,0.0002173210494220213,0.06313733805866645,0.0005237162113189,0.044910577564525156,-0.0129623338580131,0.007789002249562479,75,37,15,85,-0.047761919136350195,0.9450856910583524,0.004852510877712547,0.04010165711625092
Other,0.011132547903635057,0.1771227251719733,0.026480982974171396,0.2720462737857272,0.010799616575241025,0.07793548933678393,0.006816187985241373,0.04812165099457029,81,21,0.00013655302821319874,0.015344272104455539,1.8053686597142962,-0.2869832913066914,0.00540378689765925,0.040965040296330926,0.022804856300354,0.26251919041481,0.058309257030487005,0.2508561198327171,0.002360126376152027,0.10852218791085413,0.0025279819965362002,0.09915478351683642,-0.035504400730133,0.011663070582092887,63,46,17,97,-0.5563225423859723,0.6091854875128978,0.008959753260407727,0.05972609844529279,0.006176754832267625,0.04726286066308506,0.0048501511570065775,0.054697467873847154,86,14,9.771006509866989e-05,0.01435848964158088,7.368568355739789,1.7380105176862557,0.0030484944581985005,0.02403495424648742,0.0316531956195831,0.33806595637800446,0.0680640041828155,0.31690243240363847,0.0009191464632749398,0.0946982643616962,0.00106030702590935,0.06855688355035114,-0.0364108085632324,0.021163523974365998,63,45,15,97,-0.438557166080065,1.598389013715396,0.007784775366872962,0.07342157971920232,0.0079251881688832,0.06242605346140016,0.004466701752971812,0.040209531039932675,84,20,5.04876474740988e-05,0.007240855769577732,-0.04279429657612743,0.15601002365941374,0.0037710666656493998,0.030440357223182953,0.0139992237091064,0.19147814964711843,0.0283567309379577,0.18610006919545888,0.000477276043966407,0.06882582151317687,0.0009360983967780501,0.05558157794611479,-0.0143575072288513,0.005378080451659537,72,43,15,88,-0.10105054056703164,0.9611366893263972,0.005614624860683598,0.050038605722122736
Other,0.013547816291491085,0.20535014094577753,0.03233386196196056,0.32135334489905565,0.011452600359916599,0.09120072267833945,0.0074697918631136005,0.05179527757262285,84,22,0.00015242045848243052,0.01563589083516648,1.0060140441818426,-0.4685529009980307,0.0059535801410675,0.04618291125237807,0.022804856300354,0.2657172763884394,0.058309257030487005,0.2577238366215142,0.0023518588393926522,0.1078599048140841,0.0029674172401427503,0.10067608963542302,-0.035504400730133,0.007993439766925159,63,50,14,97,-0.5731963453723224,0.5372571889474163,0.009502415266681816,0.06326240406958308,0.008122034370899126,0.10290205125314195,0.007210447306279055,0.06591763702923009,73,18,0.00018198571890855396,0.025558400735514453,2.240143580147336,1.9459198597348237,0.0044395774602889,0.05411217322793341,0.0316531956195831,0.44481480879661245,0.0680640041828155,0.4176914311419099,0.001180796138942233,0.13309599853451015,0.0007511973381042,0.11892258031527983,-0.0364108085632324,0.027123377654702602,70,46,17,90,0.20858062936379618,1.3730467109333997,0.010632656225571068,0.08856554583818768,0.008164830505847875,0.06815975724798443,0.005155715960427141,0.05007417416020904,83,18,7.725169704413153e-05,0.010774270749842583,3.1585114345336764,1.8832212605272485,0.0040813907980918,0.030616978863328308,0.0229929685592651,0.3014075405800572,0.055177561938762595,0.29594025636898624,7.982528768479527e-05,0.08039744155046145,0.00036522746086115,0.05682413136331928,-0.0321845933794975,0.005467284211070933,76,44,15,84,-0.6480256160770467,1.4960680192057643,0.006969903932711225,0.06565456680218612
Other,0.011783154607687646,0.17183245450593268,0.028065606802701728,0.26392818003408236,0.0118160396814345,0.06178840813695505,0.006622786391526425,0.0423438714669517,82,21,0.00011583034217927838,0.009396419870443684,-0.1935904378674893,3.719061273806708,0.005616337060928249,0.029306329233587447,0.0205183625221252,0.30488894122826676,0.0418530106544494,0.2987075501772442,0.002230899780988681,0.07745749854466875,0.002833217382431,0.06444864398485127,-0.0213346481323242,0.006181391051022555,60,50,17,100,-0.2071241677306691,1.7605370375999263,0.00823656825584485,0.05828169343495711,0.00864497572183605,0.09744345131625112,0.005991208921186589,0.05112250332415833,77,23,0.00011968556377642072,0.01551034094464053,2.47689209565492,-0.9552214859826522,0.0042143166065216,0.05271578476947683,0.0308038592338562,0.2408560142571388,0.0537704229354858,0.22838611486526278,0.001443942263722415,0.1096392161196726,0.0011914670467376,0.1027028083345812,-0.0229665637016296,0.012469899391876012,66,49,15,94,0.7324755794936328,0.34385648549845405,0.008554288819466052,0.059072694481496685,0.007328299805521876,0.06072863067302227,0.004532576778437898,0.040623097523525796,79,22,6.43016737890294e-05,0.008906196499288692,5.2097649166666145,1.5846589654077743,0.00363001227378845,0.03237771415853984,0.0229929685592651,0.25359897750039734,0.055177561938762595,0.24754464082107325,0.0002713991329073855,0.07683146536974092,0.0002220571041107,0.07075514138863304,-0.0321845933794975,0.006054336679324098,74,40,15,86,-0.8618480354810042,1.2338133611728797,0.006353517413672286,0.054800752079027105
Other,0.009694462434306338,0.11800639228802906,0.023240998312830705,0.1874553832888891,0.0106339156627654,0.0513924077123327,0.005981249036267367,0.03984654717290311,82,19,9.540149290241744e-05,0.007375975127370881,-0.15629708854275037,4.393541061466143,0.0052012503147125504,0.02771659385946162,0.0205183625221252,0.2939195771733416,0.0418530106544494,0.2918913115601202,0.002325681969523417,0.06410764616965366,0.0025955140590667,0.054329318647349745,-0.0213346481323242,0.002028265613221397,58,49,18,102,-0.11417975873816373,1.9258774107743886,0.00738634718383488,0.057150545316360477,0.007915467023849349,0.04202382968990519,0.004242751798592471,0.023182712775331984,82,17,4.7549785448017134e-05,0.0045522128495516625,0.4514824556241974,-0.35403693631940225,0.0041443109512328,0.0188269659060463,0.021540343761444,0.1322712765167755,0.031000733375549202,0.1221447932808309,0.0014389062300324356,0.061043935672536805,0.00158014893531795,0.055129022603732286,-0.0094603896141052,0.010126483235944604,64,50,17,96,0.40330207985861233,0.5951939271416606,0.005274661372534041,0.02873761937180691,0.0064591672271489,0.04522868164734223,0.0038048415392403986,0.02859445350409263,73,21,3.782330873472791e-05,0.005187723752676396,0.06274373603768035,1.1202753967096486,0.0031513571739196,0.0225848933643098,0.0132812932133674,0.18547507392248022,0.025848098099231602,0.17346067967894738,0.000445412145927546,0.06230380144669869,0.00015455484390255,0.05551956932980355,-0.0125668048858642,0.012014394243532851,77,40,16,83,0.1982304342376698,0.9944286116129678,0.00485681014238875,0.036138069649148986
Other,0.010111074753989892,0.13077843781283158,0.024382679387926837,0.2055001836607093,0.011314362287521225,0.06114612381323427,0.006512901773676241,0.049812289392461094,82,19,0.00011115112203515926,0.009929659776563215,-0.4476585631301204,1.2218581332899152,0.0057583451271056504,0.02988510809723225,0.0225586295127868,0.2847471729841141,0.0385962724685668,0.27439134977402896,0.0023352716118097212,0.076441003876788,0.0025955140590667,0.052066016515680554,-0.01603764295578,0.01035582321008518,60,49,14,100,0.012100958414659701,1.3819792733659646,0.008026118230979441,0.0639252117937211,0.007913492619991226,0.040380940628116396,0.004460407225415071,0.02627379670635481,83,22,5.395233692075438e-05,0.005646658604608831,0.8663368148614472,0.5612908674494985,0.0041568130254745,0.020676015948471963,0.021540343761444,0.15990423116958738,0.037986218929290605,0.15730263809360176,0.0012624017894267941,0.06637364446597992,0.00155538320541375,0.06207244116600144,-0.0164458751678466,0.002601593075985608,66,49,17,94,0.07975925886687116,0.8129118101405463,0.0056858250136245184,0.03523063900800729,0.00582234188914295,0.04793652140346753,0.0038304199138655794,0.02897001587516826,72,20,3.8467510653651366e-05,0.005258437411857333,0.015430311772544059,0.265282838075271,0.0029745660722255,0.02323797504339728,0.0132812932133674,0.1655727671606538,0.0252845883369445,0.15196419417633883,0.00025618276558816744,0.06268553531794138,-0.00030064582824705004,0.05597733515526092,-0.0120032951235771,0.013608572984314973,83,39,16,77,0.31876169263341564,0.9054759698091638,0.004911960968147187,0.03645491837544636
Other,0.010150762562178468,0.1321214369042015,0.02428369909524895,0.2089305795779707,0.009074509143829249,0.06531703668573972,0.005829608305357364,0.04150312770180213,81,18,9.84182932250723e-05,0.007905450042667897,-0.014645766124185666,0.8661498549357249,0.0046916604042052,0.030376082591439688,0.0225586295127868,0.23452205102778126,0.0385962724685668,0.22700522929298586,0.002164464071392997,0.07116818869837972,0.0024188160896300498,0.05539356406786698,-0.01603764295578,0.007516821734795388,56,52,15,104,0.04392838820091564,1.1917110152663954,0.00756200556069246,0.053296706840664315,0.009107083082198975,0.050000653546238935,0.005082160490564961,0.04059081694886519,82,18,6.612102251834981e-05,0.008323315574777312,-0.06360924942633428,4.065514550977054,0.00454695522785175,0.023296237520584226,0.0153857767581939,0.300238938727479,0.0318316519260405,0.2898816027010909,0.0013388814404606737,0.07201216846375957,0.0016208887100219,0.05571251491738023,-0.0164458751678466,0.010357336026388036,67,45,18,93,-0.18961629908317762,1.8888455009073701,0.006307271280525914,0.056013955117670655,0.0059541724622249005,0.05121707343124934,0.0038261244655586313,0.03062910669657961,75,20,4.046474229746077e-05,0.005885468537880392,0.9298462253823887,1.10888766810121,0.00296983495354645,0.023816473901267395,0.015854001045227,0.19260346272507559,0.0323494672775268,0.18694062678975382,0.00041666124016046283,0.06575022241583142,5.934387445449834e-06,0.059013207825501984,-0.0164954662322998,0.005662835935321768,80,37,16,80,0.022694516102212875,1.0225381964243687,0.005027407383844131,0.03952691222634386
Other,0.00985869083339723,0.1303651539517751,0.023232225179672005,0.20413643720747643,0.00795474648475635,0.05289221071655982,0.005223857937380644,0.03664046957744638,81,20,7.94094631577727e-05,0.007172486022978846,0.024875541120373157,3.5535592993231475,0.0039870142936706005,0.024306126270055826,0.0176436901092529,0.2674461626635931,0.0349069237709045,0.256287000835411,0.0022240020334720395,0.06853197142743235,0.0025179088115691497,0.055779379435149434,-0.0172632336616516,0.011159161828182107,51,49,16,109,-0.330191445048619,1.6752778196974505,0.006705651755263097,0.04975796333501243,0.008309222757816176,0.05837630055621237,0.005194836338050621,0.03944692639922693,87,19,7.96222546915528e-05,0.008410413964766845,6.018630030011879,1.197545025813282,0.00429916381835925,0.02968389008250386,0.0157962441444396,0.2504894098184899,0.055219918489456,0.23841773559800464,0.0012198362499475355,0.07618098103395728,0.00174282491207115,0.06937638156596548,-0.0394236743450164,0.012071674220485253,64,43,15,96,-1.2267705910051794,1.1352129394682582,0.006969901776414417,0.05105753708778643,0.0055668726563453,0.046675601191689675,0.0034672001528087567,0.030773971241783306,79,21,3.449896900405154e-05,0.004959371624219982,1.6211168291824452,-0.5292115475597483,0.0028514862060546996,0.02608006061622687,0.015854001045227,0.1416760680598771,0.0323494672775268,0.14024066717058734,0.00025586904957890027,0.05942348474608676,0.00023913383483880002,0.05349692283731054,-0.0164954662322998,0.0014354008892897513,77,40,16,83,-0.06165747937705401,0.6125654422160967,0.004650976677791267,0.03779181240495851
Other,0.013808836047283196,0.187808331571977,0.033125672116875414,0.2884146800730471,0.0095762908458709,0.06962366080105746,0.00569203977473077,0.04190239787644078,81,21,8.733640262405994e-05,0.009312130221807484,-0.18786689624837205,1.0757276252235508,0.0049728453159332,0.03169872961054894,0.0205921530723571,0.255616456481177,0.037855386734008706,0.24879989091284913,0.002224060148000701,0.08040773676879981,0.0023643374443054,0.0668307214034569,-0.0172632336616516,0.0068165655683278545,55,47,16,105,-0.28973259312311783,1.0769244735272536,0.007067602270907434,0.05335471946816777,0.0121784955263137,0.05966748359405462,0.008234372059814584,0.0728201973184909,90,13,0.00019604971672395908,0.02714253457402579,0.9536074202993281,11.014932887048422,0.005891278386116,0.025236951028228434,0.0312680006027221,0.7080066837269233,0.07069167494773851,0.6869203229398286,0.0010179260745644466,0.112600003476267,0.00181224942207335,0.0728527066753234,-0.0394236743450164,0.021086360787094683,64,37,13,96,-0.31244412283738093,3.1613338130704713,0.011057080008922767,0.12026543057408663,0.008980331942438925,0.10338792984021272,0.00625326883629891,0.07174067729246976,82,16,0.00012275613643064693,0.018540415181420085,1.3852427917147878,2.9056604980304757,0.00448196381330475,0.03824949153242363,0.0311874151229858,0.4404923504954809,0.0545063018798827,0.4322639035199446,0.00012896074913442082,0.09540693982798026,0.00023913383483880002,0.05671111743653805,-0.0233188867568969,0.008228446975536307,77,35,14,83,0.2868650345627355,1.8183387553324029,0.008785691878302183,0.09714901447817284
Other,0.016149171194644353,0.21773520570830684,0.03945882946252799,0.33718778017474965,0.0094409435987472,0.07208694070051083,0.006058576507493816,0.042081248464218214,81,20,9.937571688943948e-05,0.011874493485202094,-0.2008722851606244,-0.42328172801129993,0.0049065351486206,0.036177436945258205,0.0206986665725708,0.20983744908402438,0.036404967308044406,0.20309412151401213,0.002143100649118413,0.09535187315616826,0.00234577059745785,0.0917128992921166,-0.0157063007354736,0.006743327570012251,61,47,16,99,-0.011824433221568622,0.37435734387283914,0.007607804180011911,0.052749538109940756,0.0166595429182052,0.08598836721769584,0.009565783592406615,0.08351946592189138,83,15,0.0002253074919172244,0.0344927334562361,-0.4052259877909665,13.018824597019197,0.008314490318298302,0.04220550664514611,0.0312680006027221,0.8481020901502335,0.0592420697212218,0.8331309909786865,0.0012714335694909023,0.12421543692026316,0.00202143192291255,0.08487973750162682,-0.0279740691184997,0.014971099171547,72,32,16,88,-0.02020373759906806,3.260575895730639,0.011835375568371899,0.1380697602190437,0.013977620750665574,0.08439080934973553,0.008706353693269142,0.09247564369173283,79,14,0.0001949857921120032,0.029873344183862373,-0.04743329193351187,2.1060224181630014,0.0068937502801418,0.03252920890953079,0.0311874151229858,0.49214214886066,0.0545063018798827,0.48334902250563816,2.0928308367730585e-05,0.11762047009831827,-0.00022499635815614999,0.06562535943696704,-0.0233188867568969,0.008793126355021826,81,35,15,79,0.3340475074486301,1.8064825115203227,0.011073939358086487,0.1266442623955503
Other,0.011783326007710645,0.1751646196564765,0.02868540778756118,0.2696609091408447,0.00915801525115955,0.08486926217902745,0.0058663679426535584,0.05042884020006671,81,21,9.481901772584586e-05,0.01110478282940183,-0.110526519361561,1.3843910381548392,0.0045463740825653,0.03994070512427632,0.0206986665725708,0.2904544822336342,0.0363223552703857,0.28336924059916496,0.0021730501204728953,0.08380691323709355,0.0023741722106933,0.06961644614686022,-0.0156236886978149,0.007085241634469244,63,47,15,97,-0.017602472875622777,1.2024818862657063,0.0074082897135958415,0.06388414610114242,0.009435437619686075,0.0721972529897127,0.006020996160805184,0.05290678284314084,80,17,9.69261909119802e-05,0.014157159685208719,0.31491489101414727,3.9915153663573086,0.00481393933296195,0.030282703091258384,0.0231892168521881,0.3839561684363791,0.0433059334754943,0.37348817578478377,0.0014483911916613487,0.09460621194529524,0.0015979558229446,0.07292724637067374,-0.0201167166233062,0.010467992651595296,70,37,13,90,0.136600884396806,1.8763256714805392,0.007671299597222435,0.07215832832439088,0.0080386195331811,0.06446878036976261,0.0057187956757842945,0.060358566780553805,80,15,0.00010015670631269745,0.015362260964409229,1.8084484228998257,3.6732632375714225,0.0040386281907557,0.02946089184906943,0.0295446589589118,0.42408802477769136,0.051630571484565596,0.4111997145766177,0.00018048575147985973,0.09124778395845587,0.0002509951591491,0.06419701788022655,-0.0220859125256538,0.012888310201073677,78,40,19,82,0.4413267315990095,1.906748566485367,0.007934661883722893,0.08388148119269348
Other,0.008549105907794152,0.11677507692482149,0.02048732936382271,0.17863174193323397,0.00887145102024065,0.07508401424105246,0.005079290703870322,0.04195458260436159,83,21,7.262704483817749e-05,0.007505372946814377,-0.005703713680081712,-0.7032469815310143,0.00437551736831665,0.0301104913470853,0.0193044543266296,0.1817309123403152,0.0343336462974547,0.17348652894953048,0.002163070812821373,0.07091583247683614,0.0024163126945495,0.054956010368060526,-0.0150291919708251,0.00824438339078469,59,48,14,101,-0.062325200486733644,0.6811097263426288,0.006400709684125587,0.04976261298336021,0.006848677992820674,0.051260949526253194,0.0038674335926770775,0.03457286679424482,80,20,3.909943734184235e-05,0.005222853575682771,0.12724373878235662,-0.110436944390925,0.0033886283636093,0.02646047486831417,0.0169232189655303,0.1739835911335285,0.027063339948653998,0.16862969095700805,0.0014198075979947977,0.05806045255327602,0.0014608949422836,0.04851302392937847,-0.0101401209831237,0.0053539001765204285,65,42,16,95,0.17699347041524993,0.9539570664703609,0.004749979911068035,0.04303298066589806,0.005640162155032075,0.0299445031799479,0.003378428332507561,0.030162579896283338,80,14,3.0333395643863956e-05,0.004276690338968559,0.5411854408014403,3.4352652916928417,0.00284186378121375,0.01562567403690693,0.0133629515767097,0.20743444206803907,0.0264250636100768,0.20004514689618536,0.0003924018703401028,0.049655456903121814,0.00035619735717765,0.03756822993642385,-0.0130621120333671,0.0073892951718537115,75,41,16,85,-0.07164057563024673,1.9180200833567298,0.004350018353124711,0.04255615042165787
Other,0.008557533053751202,0.11763341994017677,0.020271707400679365,0.1843884239326659,0.00854599475860585,0.06399066036270798,0.005200977064669097,0.0437893065087568,82,17,8.443895738139331e-05,0.008938867358046977,1.2959051680847464,0.8177270763866753,0.0042704641819,0.03309750900243635,0.0216752886772155,0.23952332675041788,0.045401632785797,0.23278003634031313,0.0023586675524711496,0.07539937166567791,0.0024883449077606,0.06182927617446102,-0.0237263441085815,0.0067432904101047434,56,47,13,104,-0.2121334215359928,1.1961201507551014,0.006892601866739016,0.05704210822250475,0.0053530484437942,0.04228785634626058,0.0033740496984682585,0.030719519462025988,79,18,3.0825323276095255e-05,0.004184406977584716,0.17484678361944272,1.7034268256429241,0.00265412032604215,0.019882088785220197,0.0123555958271026,0.18071697442025497,0.0241389274597167,0.17809870090552585,0.0011179802939295682,0.0506108223397775,0.00101758539676665,0.04088404799100795,-0.0117833316326141,0.002618273514729112,65,44,14,95,-0.033151519616488434,1.3995228316838797,0.0042578462810913525,0.04028587394703255,0.00604641623795025,0.04042918195737993,0.0036123224109177966,0.02793610224712685,77,20,3.333518218709313e-05,0.0046472204014439454,0.15461730803017515,0.2522198539998892,0.00308644399046895,0.018862423214663637,0.0130968168377876,0.15336792451476147,0.026158928871154702,0.1469139671228506,0.00015900791622698384,0.05837822992721051,5.02169132232666e-05,0.048718825566427905,-0.0130621120333671,0.0064539573919108655,79,45,13,81,-0.039077866131038884,0.8991882390470182,0.004576033310068141,0.035202310606119135
Other,0.00851774798006821,0.11445462070387129,0.020100588351487887,0.1811552065083274,0.008423790335655074,0.06863438572185514,0.005336556406691636,0.04889316200014166,78,20,8.86671002671227e-05,0.0098265308426576,1.0643986485249863,1.0606345826346164,0.0042384266853332,0.030275884608243618,0.0216752886772155,0.2700826009999274,0.045401632785797,0.2679534412935189,0.002270855382084837,0.07631781565474052,0.00216510891914365,0.05912294858679584,-0.0237263441085815,0.00212915970640853,58,48,14,102,-0.15784195286949743,1.3126860657059751,0.0071116984676623815,0.06326232572666488,0.005154319107532375,0.048791034795493335,0.003324360065162145,0.030280163339198533,84,18,3.235910175078461e-05,0.004208425858830656,0.3525670467183075,0.1044747144418019,0.0023898333311081,0.020807001389811293,0.0123555958271026,0.15275019124345904,0.0241389274597167,0.14366305024803258,0.0011965699493884866,0.05289034711710325,0.0015107244253158001,0.0392483736330278,-0.0117833316326141,0.00908714099542646,56,45,13,104,-0.06103544914660411,1.019598252069561,0.0043486609173455475,0.03756377298226291,0.005540765821933675,0.027481265910904225,0.0033979992580133985,0.026558832964473793,77,18,2.9468703852158573e-05,0.004182899405926892,0.088047565474346,2.7606300897084353,0.0027271881699561856,0.014090643939583453,0.0130968168377876,0.18034947496735118,0.0241764187812804,0.176043074671504,6.437106058001835e-05,0.05194704373648365,-4.204362630841443e-05,0.043418791185303424,-0.0110796019434928,0.004306400295847169,80,46,16,80,0.11548497640226263,1.7154000615482479,0.004304602921712876,0.0385279645577955
Other,0.007866036081109546,0.10690189675289263,0.018409237861633072,0.1673498770209926,0.0085672587156295,0.0518864335483094,0.005056955195032026,0.03660666199600912,77,19,7.297936115659024e-05,0.0076699795141696,-0.08166194992580467,2.2586338899987997,0.0042540431022643,0.021831562262749966,0.0190432071685791,0.24252631032969427,0.0331541299819946,0.23627184308588126,0.002150532975792878,0.07263224854594451,0.0019939243793487002,0.0583487810324433,-0.0141109228134155,0.006254467243813009,63,49,15,97,0.22020049173573555,1.4827945087404533,0.006422234070653331,0.048933996212548826,0.005479536950588075,0.024958394704902836,0.003021099702455068,0.02413739062873466,86,16,2.6359398653931812e-05,0.003077018166887263,0.11423601230307323,2.1577628925576766,0.0026483386754989,0.011466415119219017,0.0111313462257385,0.15114029388398528,0.020581364631652797,0.14545272636163703,0.0011247085407376106,0.04405556946509205,0.0014589130878448,0.03302253344142719,-0.0094500184059143,0.005687567522348245,52,46,17,108,-0.2841378333247842,1.7141940380120901,0.003912200539817416,0.033706452883590594,0.004217078909277875,0.03426216327649027,0.0029283825331367125,0.023549344254518635,86,22,2.570496800999707e-05,0.003655957345101174,1.3749157881729213,2.661797753513394,0.0021918155252933,0.017424215348137713,0.0099357366561889,0.1676572418495511,0.023738145828247,0.16526307435107215,0.00015935422852634754,0.05066205900995606,0.00034213811159129997,0.047644090185933116,-0.0138024091720581,0.002394167498478953,72,46,17,88,-0.49478891857346285,1.373431860505326,0.004017597922611534,0.03300474393133362
Other,0.009355148109283383,0.138874861477738,0.022036416009068253,0.21954587002520137,0.009608194231986875,0.07021681508531455,0.005709873270243367,0.04228799109169177,78,24,8.991505592227528e-05,0.009896506913857147,0.6976549271013517,-0.3455899835908114,0.004948645830154251,0.03642975094816126,0.0286385416984558,0.20981910086818284,0.048381149768829304,0.2007319492490676,0.0021249108016490924,0.08486269721528862,0.0019519329071044,0.08309595589370311,-0.0197426080703735,0.00908715161911524,70,47,19,90,0.43936465398287605,0.6717169604072696,0.007211567509816159,0.051911747564529084,0.00651526451110835,0.039270594269585554,0.003993448792025412,0.02769423764409429,77,23,4.877213858646739e-05,0.006097387161893267,1.1214422397185126,2.045585604079151,0.00328910350799555,0.019943116157961824,0.0200634002685546,0.1948260774397622,0.0350680351257323,0.18591933945070532,0.0013420231640338773,0.06833453133880213,0.00113402307033535,0.06537814962943059,-0.0150046348571777,0.008906737989056886,58,46,18,102,0.14830195326423665,1.1536269603857991,0.005372331674081632,0.037785962851296206,0.005492504686117075,0.04217022673570897,0.0037540928402449505,0.028098277271886327,78,21,4.3670657719171444e-05,0.005933767702417801,1.8329672473627339,3.5701614788728193,0.00276690348982805,0.022364931490755247,0.0181325674057006,0.21541589227810337,0.0362160280346869,0.2010269575807838,0.00027921958826481754,0.06634864147111061,0.00018436089158055,0.05854137128259805,-0.0180834606289863,0.014388934697319583,76,48,17,84,0.04152784135654126,1.7013739670248502,0.005233294234938965,0.039135986985839775
Other,0.014428765169465216,0.21981957062999274,0.0341651605069635,0.3374866834945058,0.01136143505573265,0.07171066721721314,0.006800450645387132,0.04634733487210567,76,21,0.00012701414811836181,0.01344905804688941,0.41009318091941305,4.312057397501823,0.00555828213691705,0.03309596985245197,0.0286385416984558,0.35771537910676515,0.048381149768829304,0.3402957374014659,0.0022721640765666932,0.09828868404203984,0.0016610920429229,0.08073012873671184,-0.0197426080703735,0.017419641705299277,71,47,18,89,0.3970155113031906,1.612729861830895,0.008642216870448235,0.06154991987138142,0.011402167379856,0.10397470801703915,0.008582532294094525,0.08427542664153416,84,16,0.00022841091887881724,0.03254023041210966,1.2596545545712257,0.6672304067549808,0.0055454671382904,0.04196945512629654,0.0281701982021331,0.46328235235689086,0.0655105710029601,0.4472900765674841,0.0012694098055362631,0.1443074646353082,0.0021109879016876,0.11104867465935034,-0.037340372800827,0.01599227578940678,64,39,15,96,-0.5308649336857636,1.233374400394149,0.011917765315194138,0.10823856088584577,0.008414583280682474,0.05975283979812359,0.005721057381015221,0.04775720807385576,71,20,9.767825588304816e-05,0.013137013017127734,3.4083123926799397,2.15859802818286,0.004257291555404651,0.03215100129072558,0.0387525558471679,0.31242165017663853,0.0615303516387938,0.2986750347088996,0.0002974709495902079,0.09489053481715776,-0.00058254227042195,0.0768413018809186,-0.0227777957916259,0.013746615467738922,87,45,18,73,0.6740836216089908,1.4952980279916726,0.007832229557094448,0.06428685261576825
Other,0.021199042315635092,0.32898166099892245,0.05050272971391655,0.5104050581135277,0.013316705822944575,0.12580400299914227,0.009025667086243591,0.07024255853267487,74,20,0.00023351952816397982,0.026932751814960566,0.5226042332840422,4.544550052821434,0.00672551989555365,0.06062282040595219,0.0379307270050048,0.5340524344997937,0.0692915320396422,0.5073933717104845,0.0027606517076492225,0.13447623008676263,0.00180673599243155,0.1114863793247957,-0.0313608050346374,0.026659062789309216,66,47,12,94,0.17835295396180942,1.7475978896870366,0.01179824130382091,0.09406856731455329,0.021443694829940678,0.17385535191050583,0.014358978653326582,0.11325748199362672,84,21,0.0005833393801945231,0.08035699760156242,1.2725768814869856,0.3113608037126272,0.010692730545997502,0.08958090453699023,0.0551753640174865,0.6510232457943864,0.1208086907863616,0.6284106654295512,-0.00036830697208642795,0.24524832404377983,0.00109571218490595,0.22794059213962387,-0.0656333267688751,0.022612580364835298,78,39,17,82,-0.19794884725057704,0.7505779801019384,0.019150551171164383,0.1421627840022824,0.012751497328281375,0.09079303946729336,0.008015911536058368,0.05883331563051362,81,18,0.0001783223601664418,0.022712457042783664,1.545423437494132,1.0747015681134604,0.00640407577157025,0.044565558940893396,0.0387525558471679,0.3842346069410839,0.07544803619384749,0.3442809129163532,0.0005103667266666823,0.13068050398298522,0.0006389319896697499,0.11155669986558826,-0.0366954803466796,0.0399536940247307,74,45,16,86,0.06000137921237739,1.150590120747849,0.010577821863666417,0.07506705616671434
Other,0.021094598196722415,0.33643003755422746,0.05029496781527972,0.5212499505583965,0.015003383159637325,0.12136448089516157,0.009478267915546854,0.07516230769506892,76,22,0.00025224239019735095,0.030758624316651,0.41702846721482434,1.045718672414921,0.0075186192989349,0.07697063850493684,0.0379307270050048,0.4638108343653294,0.0692915320396422,0.43495040999788165,0.0022952683269977453,0.14699473984683623,0.0018146634101867,0.1405281434756722,-0.0313608050346374,0.028860424367447745,64,46,17,96,0.14157992378298212,1.0238829835442655,0.012383118440842146,0.09566175188659225,0.018618337810039375,0.16549839934601906,0.012915372475981662,0.10735585292530851,80,22,0.0005278116672448776,0.07155873769610648,1.9786587910412772,1.4300858922066997,0.009186461567878699,0.08834032084559215,0.0551753640174865,0.6832881117694346,0.1208086907863616,0.6215003166612038,0.0002756562083959579,0.22949049878972164,0.00026960670948028407,0.21417775618082732,-0.0656333267688751,0.06178779510823084,78,44,17,82,-0.1003714268082495,1.140695262465619,0.01821758928007989,0.13745125922068252,0.01319933496415605,0.1523947318012037,0.008791397583554458,0.08467377676418178,87,18,0.00022340554625096688,0.03136285335518681,1.0798891688457681,-0.016179326659001347,0.00641006603837005,0.05679431107284534,0.0362514331936836,0.4314113969644135,0.0729469135403632,0.41159863315729106,0.0004598931875079782,0.14476471192183873,0.00116393342614165,0.10709496728171837,-0.0366954803466796,0.01981276380712242,66,45,14,94,-0.27060115003503055,0.9503038673621178,0.011844568414200654,0.10200995803044839
Other,0.013896499054029388,0.21300913439316194,0.03276339367032027,0.3300257548243938,0.008953034877776924,0.06764328217409525,0.006492138179019053,0.04844946882328652,77,19,0.0001280186804824968,0.013471205624033828,1.4990734452502306,3.102652079866381,0.00447928905487055,0.03383408098552204,0.036566138267517,0.3438744173853023,0.0608217120170592,0.32905599227710386,0.0018799774348735674,0.09484028828237438,0.0015711486339569,0.07842335632143534,-0.0242555737495422,0.014818425108198424,62,52,16,98,0.04606507724941466,1.7127156422362193,0.008772590827821565,0.066906840775439,0.009926274418830774,0.08405235048898599,0.007444880921393593,0.061212998670299126,72,18,0.0001761225852480741,0.02257596025547331,1.142422296540973,1.572525310857067,0.00484012067317955,0.041721521325646035,0.0340491533279418,0.37447175928656395,0.057954460382461395,0.35045060539398065,0.001933248899877066,0.125482677490768,0.0010060369968414,0.1044027775232712,-0.0239053070545196,0.02402115389258329,69,47,15,91,0.47566716961505967,1.4256588715403982,0.010344465392069261,0.08264416437487418,0.008784212172031274,0.11086776877336552,0.006306066160323051,0.07312900207069835,85,20,0.00013503936610741572,0.019903697058715263,3.3123820908473096,0.5039496453751533,0.0044342838227748,0.0384715749594407,0.0327532961964607,0.377018896988476,0.0665634423494338,0.37155958475742396,0.00032916544005274064,0.1097027890512514,0.0007606074213981,0.07464797304960982,-0.0338101461529731,0.005459312231052049,70,41,12,90,-0.33269211606135757,1.124479286145233,0.009209852745984962,0.0887073567022031
Other,0.009908977623342339,0.1281139430274354,0.023438226953148615,0.20293778917666955,0.007311373949050801,0.0479647065679976,0.004931444115936719,0.03277077041418922,79,19,7.379250763157964e-05,0.005736662914964119,0.9020623724396084,0.5345786492497271,0.0037347078323364,0.022561913210040356,0.0244706273078918,0.18312469937282969,0.042820394039154,0.17858215471404792,0.002014473080635057,0.0630835393594445,0.0018602609634399,0.05175747712933374,-0.0183497667312622,0.004542544658781772,58,54,17,102,0.1111196008788351,1.0614689644489685,0.0065059017601589424,0.041918134224337045,0.008259631693363126,0.05701912564198994,0.005248537180013916,0.039418266401833074,79,21,7.482533208047847e-05,0.008189558323287724,-0.21777014544982531,1.021641239116068,0.0042101144790648495,0.028534017197838678,0.0179973542690277,0.24022388671616082,0.0331746041774749,0.2349376844109694,0.0014052305370569151,0.07430669573493762,0.00138083100318905,0.06526898705970027,-0.0151772499084472,0.005286202305191412,65,48,18,95,0.08716469539611336,1.1090297626116583,0.006713632779268217,0.05165339574745432,0.0070931185036897,0.04643114618181057,0.004036693168454763,0.0303316819211651,81,16,4.130206418009644e-05,0.005862056301052858,0.20183097302948738,0.6811568374824586,0.0035616159439086,0.018834380584677055,0.0141859054565429,0.17056975078532702,0.0291000530123709,0.16373658220951515,0.00043132635764776725,0.06554755408228745,0.0006136558949946999,0.05682769373438665,-0.014914147555828,0.006833168575811878,70,45,15,90,-0.21501451377695724,1.0833555989624821,0.005078280071915458,0.03956734076081509
Other,0.012687956889419335,0.17613741019059595,0.030253087952732804,0.274193730044191,0.010959550738334576,0.08196852954686946,0.00625875620171424,0.042057783335855345,82,18,0.00010788100759469798,0.00887069286454488,0.06063334176990498,2.4154301224125154,0.00541844964027395,0.027336887343877684,0.0234166383743286,0.28093806658442305,0.0456725358963012,0.2744864121507354,0.0020644254982471345,0.07793348068428378,0.00220018625259395,0.059785935871388675,-0.0222558975219726,0.00645165443368765,58,49,16,102,-0.010163849178900744,1.3817047794465493,0.007972517392184074,0.0528872900891816,0.012391492724418526,0.06813414159943279,0.007012128995265763,0.05597671609063792,87,17,0.00013231619615887576,0.016225605284813534,0.5300140718357196,2.8677764322199035,0.006289407610893199,0.03148724947070437,0.0314250290393829,0.389436829062859,0.0569036304950713,0.3762851069486834,0.0011801509186625413,0.10068206126481087,0.0016958713531494,0.07763197579904585,-0.0254786014556884,0.013151722114175585,65,48,16,95,-0.13990997938478902,1.7112848525943583,0.00904523176980761,0.07803030068045619,0.00782594457268705,0.06441835817834232,0.0051552460063248404,0.039735095821501615,80,23,8.654589381184994e-05,0.01176266182342589,6.828361396484457,0.11846791909500753,0.00392076745629305,0.032063078362652896,0.0400249436497688,0.22189111643170994,0.0727195814251899,0.20812704336841853,0.0003557435702532492,0.09557818809509638,0.00033262744545935,0.09264606485334062,-0.0326946377754211,0.01376407306329141,76,43,18,84,0.13432791471229963,0.686356009597333,0.007369126836621728,0.051258870294654986
Other,0.013851156035414374,0.19408330558153142,0.032885774746536964,0.30327194015048475,0.00993828475475295,0.05774813851224901,0.00627176721580323,0.045634109562254686,83,18,0.00011217801784852,0.010516047715367674,0.07953839750993419,4.3807336354080135,0.0049708187580108,0.025895329266244806,0.0234166383743286,0.3495671357856662,0.0456725358963012,0.3397121211399506,0.0020836301147937643,0.07947252759799327,0.0022433102130889502,0.06125585814101035,-0.0222558975219726,0.009855014645715624,56,48,16,104,-0.09435845328870826,1.850024260911955,0.008135317627831762,0.0648086805339676,0.0120775252580642,0.07933007628886195,0.007411088049411725,0.056651428478100806,80,21,0.0001525865360905408,0.017865820022227884,0.8791788306307442,3.4299082513152976,0.0060189813375473005,0.0415377321431862,0.0314250290393829,0.41226205358584606,0.0614498555660247,0.3984300341834133,0.0012873567640781394,0.10981793266075021,0.0012488365173339501,0.09344492069986676,-0.0300248265266418,0.01383201940243281,71,49,17,89,-0.11046460385618827,1.5988821160990607,0.009710749933463398,0.07619607396937725,0.0104566365480422,0.07609537377378328,0.006412836599629321,0.04582959436693678,84,23,0.00011705479498749732,0.016403129992382335,3.1345845102089624,0.9343551901834748,0.0055479295551776,0.03806448350240831,0.0400249436497688,0.30385994285074164,0.0727195814251899,0.291801459659489,0.0003302373457699964,0.1139814798917413,0.0005475841462611499,0.10259784617459664,-0.0326946377754211,0.012058483191252646,75,43,18,85,0.09545420215152477,0.8191657050408108,0.008573775441478523,0.05840678243210211
Other,0.011338440844925269,0.15972938193559094,0.0266905932128427,0.24906972766776445,0.0074236690998076005,0.05450864159986735,0.005055489949881996,0.04269677545589321,77,19,7.857616380078893e-05,0.008621854684096344,0.6375537324883966,2.26923507983195,0.0037814378738403004,0.025531043759706024,0.0227901339530944,0.2668988711360915,0.039573788642883204,0.2635615569350487,0.002049699425697312,0.07254464738884357,0.0018990933895110499,0.05398422365829421,-0.0167836546897888,0.0033373142010428383,57,47,18,103,0.057397877512408324,1.613942822968637,0.006722445993882612,0.057957991850345315,0.0093470737338065,0.05530640028069161,0.005716843921691137,0.03870136448846222,76,23,9.328922206828155e-05,0.009798833559432313,2.040030704730037,1.0310187008268468,0.00476969778537745,0.027832549424757633,0.0279284119606018,0.24378301441946496,0.0579532384872436,0.23508627350996444,0.0011965934187173816,0.08449850165612498,0.0008989423513412,0.07778459695888083,-0.0300248265266418,0.008696740909500513,71,50,17,89,-0.15762337967047496,1.023572181184029,0.007565158666097387,0.05156390963941891,0.0089782383292912,0.0694579087940921,0.00559026665869164,0.04140560261854602,87,20,8.041317889510811e-05,0.011333650946312423,0.04907984048166769,2.7600004434002736,0.00466543808579435,0.03333676419854198,0.0198476314544677,0.3019310383943276,0.0382212996482848,0.280858049927753,0.00012217229232191687,0.09202657862279592,0.0006719827651976999,0.08258589477914785,-0.0183736681938171,0.02107298846657464,73,43,14,87,-0.16875335470451863,1.3755712799913442,0.0071105067615090225,0.05352345068560871
Other,0.011804008617918162,0.1613949498782025,0.028239048793911703,0.252205186396831,0.008834838867187375,0.052080718668662644,0.005539017175324225,0.042164542532562875,77,21,8.721103182988709e-05,0.008928745699897277,0.4378910167652772,1.0166408111605474,0.00424030423164355,0.02909193447924498,0.0235384106636047,0.24218573696214515,0.0403220653533935,0.2393773579926934,0.002134929224848736,0.07660553545515048,0.00182881951332085,0.06226287815672795,-0.0167836546897888,0.002808378969451728,60,47,15,100,0.0802284451527762,1.182440946002151,0.007089648551033651,0.05532031848721553,0.01125282049179075,0.052191224827139254,0.006609354743268295,0.05423497861708967,83,16,0.00011346444608306142,0.014446436549952636,0.45471513331943925,2.551465289761583,0.0056699365377426,0.03081252538756248,0.0208368897438049,0.3520029156658859,0.0503473281860351,0.3442104860602109,0.0012661611661314892,0.09295101830117794,0.00169897079467765,0.0699746269236889,-0.0295104384422302,0.007792429605675023,67,50,15,93,-0.41306428903442266,1.6948586798633218,0.00835152919847618,0.07620068731138005,0.0074565168470143006,0.05762402324727219,0.005168660980416419,0.047046898500816586,82,16,7.280594521335209e-05,0.010578300052798218,0.5266025080889749,0.8790949859780355,0.00380548089742655,0.025917725328435826,0.0163436010479927,0.2571354606552522,0.0383817628026008,0.2507849371997427,0.0002486587036401032,0.08264863264050254,0.00037831440567965,0.06119448812660397,-0.0220381617546081,0.0063505234555095305,74,41,14,86,-0.3123126329904476,1.3408287940508594,0.006762224680077418,0.06121685695503712
Other,0.012166461429823968,0.1523891136938128,0.02913785971701122,0.23972019975341483,0.009522825479507351,0.06838413145998103,0.005903280526399572,0.03813591799241898,80,16,9.620778930283687e-05,0.007295305654811056,-0.08265353415985688,1.3360594097928997,0.00477451086044305,0.025486148745876232,0.0235384106636047,0.23530144543509682,0.0392926335334777,0.23107140302217283,0.002276597172021854,0.07069051678982445,0.0024131834506988,0.0578210772535558,-0.015754222869873,0.00423004241292398,61,49,14,99,0.003255042174638756,1.2178774837894535,0.007435896185472344,0.04793909146822252,0.011391811072826226,0.07339901084006398,0.006788369519635988,0.055994641680228344,84,16,0.00012112273928198365,0.01637961330501416,0.3780837081877757,8.457008690521057,0.00575737655162805,0.03216963485674065,0.0208368897438049,0.45875040386617116,0.0503473281860351,0.4399449238023869,0.0012557717040181076,0.09328148500916057,0.00152006745338435,0.06785120868602816,-0.0295104384422302,0.018805480063784217,70,47,13,90,-0.3575744553155636,2.722633552567456,0.008636604823168338,0.08762521246479185,0.0086487215012311,0.06798371499935384,0.0051668452360899685,0.05054760388347338,75,17,6.898717853681551e-05,0.010406570401704406,0.28729965697249904,2.0328310317581586,0.0040364824235438,0.03248543773257813,0.0163436010479927,0.31004505792389775,0.0383817628026008,0.30639488970538353,0.0002919789869338281,0.0757481979544298,-0.00032161921262735,0.058753344331244954,-0.0220381617546081,0.0036501682185142103,82,41,15,78,0.013145736374987676,1.5410627923831057,0.0065804539887886785,0.0683284780187655
Other,0.010860186476413194,0.13086823419530952,0.025646025538444285,0.20437416778316697,0.009883925318717825,0.04094054932842543,0.00611362362280484,0.03507700113305981,76,16,9.953103385829e-05,0.00631427399428911,-0.3411275413739636,4.090116644416791,0.00501757860183715,0.019726093208441074,0.0198884010314941,0.261706604107895,0.036843419075012096,0.2476892327599967,0.002093214169144619,0.06265009714036378,0.0017420351505278999,0.04696168420881331,-0.016955018043518,0.014017371347898268,64,49,14,96,0.011014024712716675,1.9171775410028693,0.007628173572609637,0.0488798457709524,0.00794704258441915,0.06280170678606331,0.005289522246457595,0.04736741243693466,81,18,7.61355451708382e-05,0.009731708769496734,0.5345160201223709,1.9078242386575432,0.0041825473308563,0.031219714924422368,0.0208284258842468,0.29193427342214956,0.039591103792190496,0.2862997462075038,0.0012683223932981405,0.0774172457971663,0.0015044212341308,0.05886972124548514,-0.0187626779079437,0.005634527214645766,68,44,14,92,-0.140669554161729,1.4072814481518567,0.006801855021741295,0.06114146565693264,0.0068795531988143,0.053459718306617554,0.004309950716560662,0.03755712002984028,75,18,4.870019671527049e-05,0.007228145134029258,0.23477704163781654,7.815920312750658,0.003448657691478689,0.02716955970838931,0.0186201408505439,0.3224521841776154,0.0302143171429633,0.313935381525325,0.00028972094878554425,0.06430682484563689,-4.199519753456116e-05,0.052939934179139156,-0.0115941762924194,0.008516802652290358,82,42,18,78,0.46672711419780905,2.4579710259358234,0.005526715878019792,0.055612745052747
Other,0.010631329123561876,0.13849876480768827,0.025613470152020222,0.21825111786349316,0.0096630752086638,0.04415520918451017,0.00581476059742268,0.034191572824008115,81,20,9.377461866776479e-05,0.0065317417505204485,0.28973276362250067,1.8767815784456534,0.004790782928466649,0.022645930017855663,0.0198884010314941,0.22825430875199368,0.041221618652343694,0.21974807829290482,0.002006080001592625,0.0673972870699523,0.0023840367794036,0.055621577365766166,-0.0213332176208496,0.008506230459088862,61,49,15,99,-0.21990025448196918,1.3419714338463151,0.0074113480687245294,0.0446021013645197,0.0089951008558272,0.04563167584897471,0.005359434906858906,0.04610134952207976,79,16,7.596856824377072e-05,0.009977813368946525,0.034339612508067496,4.7361278411814585,0.0044229924678802005,0.022691553903848243,0.0208284258842468,0.3474089935617118,0.0365801751613616,0.3414029445458272,0.001260192133486264,0.07522047183402969,0.0012074410915374001,0.054248649835090965,-0.0157517492771148,0.006006049015884578,68,43,17,92,0.04668750288643194,2.0569402389258866,0.00679565313813859,0.06572437893211676,0.006610784679651175,0.04329959057698745,0.004437332244124219,0.03957481607439616,76,17,5.694913558633701e-05,0.00849096117487849,0.776791815919097,2.1928110931853757,0.0033197999000549004,0.021762151527856304,0.019106388092041,0.257958517060919,0.0343976095318794,0.23952876151343427,0.0005621103104203924,0.07563335895951115,0.00024161115288730002,0.06246670991876112,-0.0152912214398384,0.01842975554748472,76,47,15,84,0.5204987343879538,1.5258527079932223,0.0059581130557658755,0.05263607306192423
Other,0.011701721694837268,0.15689379283608848,0.028282760083675147,0.2409856744559281,0.008986964821815376,0.06246210247017879,0.0056099138222634355,0.04215349418314686,82,20,9.076916052791164e-05,0.00799227189612088,0.2800674330926034,2.698391307662761,0.004595071077346699,0.02976050056888847,0.018739104270935,0.25684643740211205,0.0400723218917846,0.2491798322624556,0.0022600628435611577,0.06953202229112695,0.00249975919723505,0.054152459671354194,-0.0213332176208496,0.007666605139656444,62,51,16,98,-0.17803034448413702,1.6117491386119553,0.007207462329474326,0.056192257226659804,0.011254750192165274,0.07889968572239994,0.00691187856020401,0.055021911997156024,79,16,0.0001311099394296888,0.016038735670862947,2.8130858106739067,3.841622738525884,0.0058557093143463,0.036551684295388666,0.0296982526779174,0.40745859419857755,0.0725453794002532,0.3935630307662099,0.001032418943941588,0.1015520374987654,0.00096818804740905,0.07952975746034875,-0.0428471267223358,0.013895563432367638,74,44,18,86,-0.5083574346959826,1.7723663470002011,0.00902144604943626,0.07566980474873912,0.007873620837926702,0.05325886878075557,0.004805764704942655,0.04320111786983796,79,18,5.9983728235933136e-05,0.008689737356231375,0.3150732913573089,3.2474236346491416,0.00384838134050365,0.02590101673527747,0.019106388092041,0.2877393516459354,0.035645134747028295,0.28564988013476145,0.0003382533788680993,0.06990161466603581,0.0003058351576328,0.05357067797819247,-0.0165387466549873,0.002089471511173918,77,48,13,83,0.12447131630216117,1.8382739153737322,0.006132738401482972,0.061672535405254934
Other,0.01177800732262809,0.1554632333086259,0.02818487197160697,0.24084564961256205,0.0093234181404113,0.04728546647055001,0.005728952349163553,0.03800753135464433,73,19,9.184450140569468e-05,0.007339828022285704,-0.2704650467342371,2.029845572194496,0.0045575201511382,0.023383076614286555,0.0217700004577636,0.25423925364027783,0.0363578796386718,0.25080948294902455,0.0022890072315931197,0.06830187610346465,0.00173762440681455,0.0589763660645079,-0.0145878791809082,0.003429770691253291,64,53,16,96,0.23670415521134688,1.3942150219706368,0.007245090067439242,0.05171732536619301,0.011597983539104375,0.0839195405571568,0.006958932033739937,0.05419905050583071,79,21,0.00012912048599657549,0.015332922690664205,2.952067084228383,2.603772110767812,0.0057979375123977,0.042563375985212606,0.0296982526779174,0.37275159741566855,0.0725453794002532,0.36328453440504893,0.0011613052338361699,0.10124554288889608,0.00096818804740905,0.08851991717604588,-0.0428471267223358,0.009467063010619612,72,49,14,88,-0.49650601223220425,1.4191096732670654,0.008935924184614695,0.07128999043201582,0.00790152326226225,0.04966548508620909,0.0047191267134621285,0.03724821292442213,87,21,5.315448427701639e-05,0.007464283958605333,-0.1955802872791903,1.0784275451655345,0.00394344329833975,0.024389376939304618,0.0170426443219184,0.22237635071581535,0.0335813909769057,0.21396448747734179,0.00026232935488223384,0.0712982306202013,0.00096184015274045,0.057194105043211915,-0.0165387466549873,0.008411863238473575,73,44,17,87,-0.13132117012114988,1.2335960639478465,0.005775919299659443,0.04879391631170756
Other,0.009892510291658696,0.12079585166325411,0.02363731406629062,0.19169764548075371,0.00859688222408285,0.05097580967268276,0.005081612272188027,0.029704487463158184,79,23,7.381125813061737e-05,0.00494549102956423,0.030235162696347295,-0.8577676957484113,0.00433108210563645,0.024587312283455964,0.0217700004577636,0.1329853172764074,0.0356475114822386,0.1314191405955472,0.002188535779714571,0.060669095690997245,0.00205659866333,0.05504945216626335,-0.013877511024475,0.0015661766808601895,59,54,15,101,0.19305261284935765,0.515896370743317,0.006449989320651877,0.03556334992096286,0.009866677224636026,0.0477716001103405,0.005375572345219508,0.03936115629132262,74,17,6.983673552885344e-05,0.008647001119646214,-0.41950783847552886,7.269784790899617,0.00493909418582905,0.02279621193640442,0.0194602310657501,0.31668181133125556,0.0313363969326019,0.3103931174983996,0.0011787744238972672,0.07045947932674639,0.00027458369731895,0.053352517718890415,-0.0118761658668518,0.006288693832855963,73,50,16,87,0.2509781219931681,2.570767975976704,0.006521060265151282,0.06068329994858563,0.0066531337797640505,0.05028794319348726,0.003989128199755174,0.034231865004816224,89,16,4.158124034954077e-05,0.0059795918749671485,0.20173238959430417,4.371004266100946,0.00329685583710665,0.025284238159883503,0.0170426443219184,0.26026115523979065,0.0285837650299071,0.24938974356871202,0.00045639988966285144,0.060569070463010036,0.00100585818290705,0.05006330467039391,-0.0115411207079887,0.010871411671078626,65,42,17,95,-0.008207830705684427,1.86739272856056,0.005093340020330035,0.04807264896190008
Other,0.00989299904102073,0.12511783450386701,0.023619211688637492,0.19976144517672628,0.008596077561378325,0.04702171975959535,0.005309731089509981,0.032152367842610795,81,18,7.792708836195218e-05,0.005645282046056529,-0.09736501949416887,1.1730367360358285,0.00447037816047665,0.0230082520071054,0.0206086635589599,0.18789916722999478,0.0364109277725219,0.17547630453524546,0.0021347444504499283,0.06281775949922676,0.00230082869529715,0.049908208595538184,-0.015802264213562,0.012422862694749313,61,54,15,99,-0.0030226349595607153,1.284965799758409,0.006665204596216629,0.04122148878381076,0.0091059207916259,0.0495072254172028,0.0049877431499771325,0.031900686224508715,73,21,5.9000004428239416e-05,0.0069078028550941875,-0.6357994217040903,1.4903603441669215,0.004661738872528,0.023704426495606057,0.016008973121643,0.21580582671633036,0.0289185643196105,0.20185230792312542,0.0009394014254212435,0.07175422951405484,6.498396396636963e-05,0.06455033109057806,-0.0129095911979675,0.01395351879320493,77,46,14,83,0.12072242982686872,1.1977906872265829,0.006018213674213824,0.041942024294715774,0.0068538915365933505,0.04643092619627537,0.004180008153780321,0.032069701248650044,87,22,4.6836937075758105e-05,0.0064553621783811,0.19331307052594005,4.720931226906624,0.00351256877183905,0.023389469303453266,0.0134869739413261,0.2426757221049788,0.027237519621848998,0.23220454097410448,0.00047474536113440054,0.06518945616344468,0.0010232366621494,0.05598683749845479,-0.0137505456805229,0.01047118113087433,65,46,16,95,-0.23185422459474433,2.0071978200933076,0.005406513892273941,0.0469648483814802
Other,0.011711742643882934,0.1653420330560814,0.027369923442601925,0.2607338226857265,0.009368017315864475,0.06958512661819992,0.005472405375912743,0.040793137119454384,78,18,8.003829897287224e-05,0.007330234790221462,-0.2650520685494757,3.090579007376979,0.004898071289062399,0.028748167818742332,0.0206086635589599,0.257625048474121,0.0364109277725219,0.25015899349374693,0.002213319018483152,0.06658562316569908,0.0020082592964172,0.05032611962416869,-0.015802264213562,0.0074660549803740655,64,50,17,96,0.06152773719137979,1.684377447966786,0.006738617201745758,0.053819973781645235,0.009453520178794701,0.09035988641030637,0.006283510532230092,0.053180603924075115,76,23,0.0001560739963973202,0.01574691047735927,27.03162491037458,-0.41232815448306503,0.00490017235279081,0.04639731759566691,0.0819390416145324,0.26971086117059273,0.1079620718955992,0.2612664597515971,0.001034760102629665,0.10828721939334432,4.519522190093994e-05,0.09573522312594575,-0.0260230302810668,0.008444401418995611,78,46,14,82,3.25355526011518,0.5506605055141909,0.009853034230658175,0.06340968848225785,0.00828089006245125,0.056795678465519694,0.005165978240547655,0.03900524604096189,87,19,7.322799106619068e-05,0.010037591456534035,0.8175864545250833,1.311305712940129,0.0042260624468326,0.030075740542682836,0.0160633921623229,0.24388538624894548,0.0419996380805968,0.2359710790629331,0.00025154864415525934,0.08586098012668308,0.0006936192512512,0.07393581280669212,-0.0259362459182739,0.007914307186012385,69,47,16,91,-0.5278543391993108,1.2560226505710286,0.006781715535617114,0.05162832118342962
Other,0.013381207601423539,0.20358079784512906,0.03172474548220611,0.3235508814752306,0.010129123926162624,0.05027906720697131,0.005826006308197935,0.03635857032730788,77,21,9.754418203897238e-05,0.009136921645270244,1.2675862619680354,0.5556216880381615,0.00506380200386045,0.022896435731652277,0.028203547000885,0.22932198825294525,0.0524269938468933,0.21931286808607803,0.002195185422897334,0.08387054772640261,0.0020082592964172,0.06887353005862472,-0.0242234468460083,0.01000912016686721,64,47,12,96,0.07641229921091865,0.912111707243686,0.0075166080088159126,0.04585469299148635,0.0100958198308944,0.10892101642525497,0.0076501239300705015,0.06612292879473144,79,19,0.00021905146489706748,0.025530043318285983,13.481251639651028,2.3862444624563732,0.00515787303447715,0.05590666314244781,0.0819390416145324,0.4367319447890186,0.109755903482437,0.43308255449532085,0.001116232760250567,0.13253116592435327,0.0007711499929428,0.1130587884002697,-0.0278168618679046,0.0036493902936977373,76,45,13,84,2.0321892825740187,1.4427430148103073,0.011683937907099927,0.08924983684588741,0.008158186450600475,0.09481025855948808,0.006124622171046161,0.05766267201941318,85,16,0.00011514591738823311,0.017142319847972903,1.6987915284879316,3.432606610529289,0.00428109988570205,0.03338753434934348,0.0311484411358833,0.400422379840187,0.0570846870541572,0.37509193213293646,-4.4859666377309106e-05,0.10714916782447469,0.00037300586700434997,0.08336788442648765,-0.0259362459182739,0.025330447707250566,75,43,14,85,0.1411319095987708,1.7380511483443124,0.008509805574819906,0.07524211375616358
Other,0.01079844786973487,0.3575489358232724,0.02524592271074628,0.5291130740615451,0.005911245942115675,0.055991712658250425,0.005545284692197998,0.03411917678802539,105,27,0.000937374241121062,0.09631112871296857,145.82371791869977,-0.3670426111889231,0.00285628437995905,0.03020986641005244,0.014958381652832,0.3889788764529534,0.31503838300704945,0.18933864460075053,0.0005214139819144974,0.3075382726738627,0.0026335418224333997,0.3124821961281514,-0.3000800013542175,0.1996402318522029,44,50,14,116,-11.972368018780179,-0.29567143340531443,0.024274883428023992,0.0416093685814316,0.0074155777692794245,0.09020598606319388,0.005954605117440173,0.05022906582209914,78,26,0.0001713384000224661,0.024856038470867772,25.943651188144297,-0.10413474895964558,0.0037520229816436,0.04552469108104037,0.0823721587657928,0.3199816427862651,0.1293742060661315,0.28538503087259703,0.00019755065441132038,0.1450943273567387,3.4049153327941895e-05,0.1489585244938729,-0.0470020473003387,0.0345966119136681,79,40,15,81,2.5168099179334216,0.42116453021187056,0.010378859682300774,0.061673938091898486,0.005719257518648975,0.06241872746172672,0.004141668604133844,0.039467275792644946,69,19,7.477559650082352e-05,0.008526184581888618,35.75899270549517,3.2711216373474015,0.0029656002297996503,0.0316259367185527,0.0605055727064609,0.2707173058713769,0.06989706121385089,0.25246912162472585,0.0010685936897061761,0.07648047403094371,0.00017324276268474998,0.06361888517581349,-0.00939148850739,0.018248184246651027,76,44,14,84,4.46387739163698,1.617249076168081,0.0067734483726675215,0.051738976351400325
Other,0.007949360797632355,0.11133785199342058,0.01915170263498998,0.17852595136373095,0.00602672994136805,0.04346710742791796,0.0036401134170591523,0.02546276151061748,84,24,4.1125766257756245e-05,0.00475034831298446,1.3054922419431838,-0.3299215693814834,0.00292882323265075,0.017345036219007327,0.014958381652832,0.14099270523239749,0.032543659210204995,0.12825999487296058,0.0017963495105504802,0.0615695686359112,0.00218638777732845,0.05513517022320773,-0.017585277557373,0.012732710359436891,50,44,14,110,-0.31255536732566813,0.5501745522768198,0.0047558485513696696,0.03097638666746464,0.007649026811122775,0.042850893527780376,0.004527669302187819,0.03835404882526498,78,16,5.102061307595315e-05,0.0076239948785856125,-0.5243528243391151,7.473587968055531,0.00385640561580655,0.02283774199846865,0.0140301883220672,0.3336485076923467,0.026972532272338798,0.3271005680253349,0.0006953662261366825,0.06576121236037229,0.0005315840244293,0.05549857189734439,-0.0129423439502716,0.00654793966701184,68,37,15,92,0.027745060506007346,2.326882643758316,0.005621553220672153,0.057440907265463984,0.00571091705933205,0.04118919946418057,0.0033846680205896914,0.03039948709548673,75,20,2.9444398378960728e-05,0.004145041323005001,0.28128301484597484,0.2942330724168012,0.00288560986518855,0.018901059869693745,0.0146165490150451,0.14384790630557048,0.0240454040467738,0.14101797298199928,4.856905434280771e-05,0.051195170367447466,-0.0001875748857855,0.03802527284572863,-0.0094288550317287,0.002829933323571205,83,44,19,77,0.5016268242861791,1.0936070826575142,0.004303035644436818,0.03903967026055713
Other,0.012765955173373329,0.19633732083920705,0.030617839004844202,0.30892589914409885,0.01009687781333915,0.08493901124946954,0.00631750822067257,0.04466938487044643,88,29,0.00011515472534426758,0.015608751490363997,0.38567658421541706,-0.9452912442437769,0.004674911499023351,0.034323956218193424,0.0248841047286987,0.20289436906244143,0.0446731448173522,0.192366457640329,0.0015753135085105723,0.1134337409818235,0.0022344589233398004,0.12647626577202403,-0.0197890400886535,0.010527911422112415,58,42,15,102,-0.2216672841020894,-0.3075135375318289,0.008362244632011573,0.052359697260703955,0.010836385190486825,0.08259558798032325,0.006865498730912764,0.06917255917882867,81,18,0.00014146858885224383,0.021490228647742495,2.9104838554806607,3.2082513266297052,0.00530686974525455,0.0389450379135505,0.0255675613880157,0.4790835388395662,0.063160866498947,0.47390023648403384,0.0015534512698650272,0.11084320924088514,0.0018565505743026,0.07392811850103172,-0.0375933051109313,0.005183302355532387,67,32,14,93,-0.6868967578307764,1.7751308749679426,0.009302986992274163,0.09593754016506703,0.007268636021762951,0.0692531486937554,0.005468207613885124,0.06229796533217831,77,14,9.394614710492566e-05,0.014312168199808555,1.774767358020986,2.6975978763543553,0.00377610512077805,0.018984289923190744,0.020786166191101,0.36694527454845993,0.0472929552197455,0.3608940876664478,-0.0008974415599368511,0.08464894892139015,-0.00116437859833235,0.04699287496545043,-0.0265067890286445,0.006051186882012117,89,42,16,71,-0.5456658949810059,1.8353917791721557,0.007633816891909095,0.08453829692105488
Other,0.015145793634355592,0.22859710440661637,0.036664244569837814,0.3561141213301796,0.012475878000259327,0.10211240812489403,0.007611910211853645,0.061969782241174304,83,22,0.00015951294006203524,0.022050083385555353,0.40086505249140103,0.9706859250213284,0.0062286257743835,0.05725625733255091,0.0278406143188476,0.3808570598714299,0.0591478943824767,0.36985579656456674,0.0015095185488462296,0.126472590160752,0.00172108411788935,0.11506979880249782,-0.0313072800636291,0.011001263306863187,62,47,14,98,-0.2806690692062036,0.9148897785386517,0.009900991185472479,0.07781238541251526,0.0104098618030547,0.11269503098390285,0.007320078411139505,0.07606797573996327,82,20,0.00016085661545935597,0.02376790123613953,2.2737732718137336,3.0823392013563256,0.0051858872175216,0.047425692228132935,0.0255675613880157,0.509633857339927,0.063160866498947,0.5020280687469245,0.002111459337174885,0.11879133371704116,0.00244043767452235,0.08982057903534646,-0.0375933051109313,0.007605788593002516,68,37,15,92,-0.7175756863960527,1.563060646560394,0.00983266915806073,0.09826759521768141,0.00950546097010365,0.11070358453818795,0.007408736376964917,0.08403987384400553,85,17,0.00017040594026225756,0.025945151047183215,1.1547902300964248,4.150157014596374,0.00481512956321235,0.0373181992540281,0.0323936939239501,0.5574644763778227,0.0653524920344351,0.545641968801609,-0.0017635142197832399,0.11085019745238647,-0.0015158839523792,0.06418136395068291,-0.032958798110485,0.011822507576213764,96,36,14,64,-0.13857875024505698,2.0678069567322104,0.010200196336032872,0.11686481408854482
Other,0.01135218704248345,0.18357117430810518,0.02753174461424327,0.28087609834604665,0.007850259542465099,0.08484185884494944,0.005737341213971339,0.05148669600000669,78,20,0.00010820118523760313,0.014911472539088762,2.244443152881062,0.8112441520881153,0.0036653876304626,0.03920982761592265,0.0278406143188476,0.2874515125527732,0.0591478943824767,0.27356221886868026,0.0014729209244251124,0.10250606031567104,0.0013578832149505,0.08736165635842372,-0.0313072800636291,0.013889293684092916,62,48,16,98,-0.33141538435376605,1.1514037519419422,0.008115905323438135,0.06636249044188121,0.007775545120239201,0.05271559076784633,0.004780981836374809,0.04240221894703881,77,16,6.649814477564781e-05,0.009214377823422909,0.9610549849259566,1.3693358421315782,0.003730297088623,0.025979304471144056,0.0175738632678985,0.2479829370511524,0.0365116298198699,0.24176597408616143,0.0013871381059288909,0.07724088815583903,0.0011888891458510498,0.06502357239846754,-0.0189377665519714,0.006216962964990972,67,42,16,93,-0.2534054746553969,1.3439474630308699,0.006315574309014913,0.05699318398124528,0.009214386343955876,0.1137144236141174,0.00639748056419189,0.0734780502944278,80,14,0.00012735071610028137,0.019658835688602615,2.3432818712339323,4.563378992912325,0.0046821683645248,0.02548484189418592,0.0323936939239501,0.5066019849291921,0.0653524920344351,0.490365147867776,-0.0004122412297874644,0.10112914987453654,-0.0004201903939247,0.058264319289650375,-0.032958798110485,0.016236837061416067,85,33,16,75,-0.0962415732964434,2.0118214890639075,0.008940009974591774,0.09711709805310362
Other,0.020415305136357476,0.33750739046419365,0.04915925076231336,0.5184201632593834,0.01224015653133385,0.15383602066863494,0.009178127702325541,0.08304260776787692,79,23,0.00028884714393008287,0.03892379475733691,3.3059726704609345,-0.8819040111361822,0.0061334371566772496,0.07487264101492427,0.0582203269004821,0.39446965670523176,0.09839934110641471,0.37917134431973915,0.0013834521174430794,0.1725072419544306,0.0013578832149505,0.16793593842642746,-0.0401790142059326,0.01529831238549261,70,46,11,90,0.5641774214668176,0.28182299924346443,0.013406673460558058,0.09573424795031543,0.013652801513671726,0.12795988057915728,0.01032254550373177,0.1275959491425848,75,14,0.0003627280642992299,0.05602014035366789,2.0223769398578026,2.5902221025992302,0.0066520422697065994,0.04555388056875316,0.0487204790115356,0.752484104595615,0.0818088650703429,0.7344135508941695,0.0010015642270445805,0.15952138191337858,2.5048851966900004e-05,0.08604690586008665,-0.0330883860588073,0.018070553701445495,80,40,17,80,1.00858378837108,1.859284248279699,0.015070548037465591,0.17485156295016036,0.0144176222383975,0.20209677163601047,0.011255851001042129,0.14454747679202715,93,15,0.00044805616845475254,0.07013359953980483,3.083333804432537,2.038769857739883,0.00730699487030495,0.061659804268602125,0.0388544164597988,0.78819480995641,0.1031720004975795,0.7815226894325209,-0.0008211258915253034,0.18639153939157438,0.0006901063024997,0.11084700137805317,-0.0643175840377807,0.0066721205238890946,74,30,13,86,-1.0262923514145916,1.6137784564039157,0.016766569240008137,0.18812706765121284
Other,0.021209030633155563,0.34417362529696227,0.051180631425231465,0.5359993530132728,0.012275785207748274,0.1263960584182373,0.009385916916653475,0.06908927568147824,75,25,0.0002909798630599155,0.038209879219490206,3.203003178374419,-0.28807571731678916,0.00624907016754145,0.06263489860440542,0.0582203269004821,0.41120601303940885,0.09839934110641471,0.37080874346203774,0.0017433576285839035,0.17663688467448632,0.00125136971473685,0.17166764642340387,-0.0401790142059326,0.040397269577371095,70,48,15,90,0.5188389536329351,0.4335690011111987,0.013414462057538408,0.08372150376087627,0.01517178118228895,0.1287214125562742,0.011247984564397438,0.12452686077697271,67,16,0.000395881973230992,0.06156501522237624,1.4178654439150478,5.073569748766456,0.007601812481880149,0.0615294710426024,0.0487204790115356,0.9043982422569645,0.0818088650703429,0.8958629567204998,0.0008884901180863413,0.17230527453867805,-0.00107447803020475,0.10768056036647175,-0.0330883860588073,0.008535285536464716,88,41,14,72,0.9647771554230368,2.1965264982656763,0.015753983418140695,0.1785382524517562,0.012966294772922925,0.16405135058676285,0.011359485559369161,0.13984092957248012,83,14,0.00045322401820763316,0.06978100050972294,2.803409995758167,2.727622326191505,0.00651098042726515,0.05817178226394133,0.0388544164597988,0.8852306546271433,0.1031720004975795,0.867613068202663,-0.0023575700004585093,0.18705719380010843,-0.00150817632675165,0.10682699803981788,-0.0643175840377807,0.01761758642448032,86,41,11,74,-0.8123402193941157,1.7517263563870944,0.016716861523403934,0.1865224028296644
Other,0.016604840461997485,0.2757428960005201,0.040111591671593255,0.43495973295475526,0.01103824377059925,0.13831945393653086,0.008481876580044586,0.07174499081300963,74,24,0.00023138220093276232,0.03161978642112265,2.7478478758057596,-0.6162561034864886,0.0054386258125305,0.06920338482994383,0.0562124252319335,0.3615866505348855,0.08500367403030379,0.3504237760207622,0.0019816312938928577,0.1546706532549718,0.0011367499828338,0.1529767163731742,-0.0287912487983703,0.011162874514123266,71,48,15,89,0.8351685053134577,0.3911224831266609,0.011898396403682334,0.08773126833007105,0.0110315158963202,0.10537612167849478,0.007290190253406719,0.06755742652064886,72,20,0.00015973307215358618,0.023966792886771487,1.7397833060432228,1.976989681951781,0.0055516511201858,0.04204002531872218,0.0341418981552124,0.43919119774840454,0.0681967735290527,0.42846490862438424,0.0008473655208945278,0.1284895723980952,0.0002350658178329,0.09878676317401525,-0.0340548753738403,0.010726289124020284,79,38,13,81,0.09629494088503013,1.389900907308565,0.009986916813586658,0.08635521218621457,0.014639851055107974,0.10273608078998718,0.009284690114327487,0.07647619010502706,85,18,0.0002306230330733251,0.03489363081457493,0.8319564794492851,5.555537630846363,0.0073271673172712,0.046670771760145315,0.0362709164619445,0.5876278560442482,0.075692232698202,0.5786792024910568,9.962923068086871e-05,0.1517995073016883,0.00087324529886245,0.12227887981330372,-0.0394213162362575,0.00894865355319144,75,48,15,85,-0.04929658450653123,2.0784486407897065,0.012043086993762978,0.10886018738519423
Other,0.022192001307877764,0.33383485590093653,0.053436473100445935,0.5249454072071046,0.017241105437278678,0.17386472075292364,0.01095536351203914,0.08703424297308619,80,22,0.0003194136942478547,0.043980982157243845,0.7909789423656233,-0.7489562168202948,0.00854942202568055,0.08026493553232085,0.0562124252319335,0.4232478487150658,0.089538276195526,0.3989791291593446,0.0017884775996208156,0.18261565777429825,0.0017564892768859,0.16657066450258462,-0.0333258509635925,0.024268719555721237,73,47,18,87,0.49106696680571205,0.435038538900014,0.014059528670828561,0.10311403247329734,0.015330754220485625,0.11414543141401662,0.01080828318372364,0.10678171107082422,84,15,0.0003251385878657393,0.05046876873916187,0.5760390976787089,1.922408968107395,0.0076514929533004,0.040693476699809855,0.0403465926647186,0.5887798998812518,0.0808315873146056,0.583765188938157,0.0004662852734327309,0.17003402718439758,0.00136117637157435,0.11716007116999447,-0.040484994649887,0.005014710943094755,73,32,11,87,-0.2897684419229935,1.6864856226032525,0.014292336705839027,0.14682369815059632,0.019295047968625925,0.15028351393936923,0.01147612025848498,0.10096582278995068,87,22,0.0003140037326535569,0.04741800260894978,-0.23008565103093614,4.007845926355896,0.0094787487760185,0.06981618614772762,0.0362709164619445,0.7214423860375808,0.075692232698202,0.7176971400805394,0.00039635130960959314,0.17229572224840864,0.0017879903316497,0.125736301735839,-0.0394213162362575,0.003745245957041428,72,40,17,88,-0.16808684849485797,1.6980294206650135,0.014047367793823052,0.133162257054501
Other,0.018186977801395252,0.2681244514990493,0.04354695008136309,0.42703089830327357,0.011855185031890824,0.09065417310257985,0.007682576780207418,0.05843252131896892,87,22,0.00017059836937118305,0.023549968349972483,0.8424276579267809,0.35365545399143095,0.005596131086349451,0.04719993905646457,0.0322690606117248,0.3424014366418563,0.0655949115753173,0.34018787136557294,0.0019667956978082508,0.13441605505243193,0.00238654017448425,0.1236466299307045,-0.0333258509635925,0.0022135652762833823,57,43,17,103,-0.1996154120668059,0.8630869956887973,0.01016867532061937,0.07404250464506228,0.012673921883106176,0.17683887634797776,0.009676498151384248,0.11271760333077165,85,20,0.0002820724660200809,0.044566070659252936,0.9938730005465519,2.500044840044951,0.0063377618789672505,0.0707939408702378,0.0403465926647186,0.6949884860934893,0.0808315873146056,0.6869634353711842,0.0003671649843454322,0.15623004528654152,0.0012294799089431,0.09956322813926377,-0.040484994649887,0.008025050722305055,73,29,15,87,-0.2987822454990912,1.5026186699587554,0.013314218290652323,0.14197972957087265,0.014134140685200601,0.11506260753991583,0.009212207987875403,0.09712197933283091,74,17,0.00022785954002015683,0.03414067181808595,-0.1244706180971038,0.703472979595301,0.0063908360898494,0.060819285593918415,0.0283513069152832,0.4926854142507194,0.0567847415804862,0.4805650744477326,-0.0016200641577597593,0.1363847979643002,-0.00260560214519495,0.09396958467814226,-0.028433434665203,0.012120339802986753,97,38,15,63,0.1568948400333998,1.2962498850315942,0.011860302355425149,0.12465896960236343
Other,0.01397445378606316,0.19405326896743677,0.03324553266167617,0.3010921785156031,0.007608711719512825,0.059412893096122465,0.0048200470115989155,0.03957791733467028,81,23,7.466490807622876e-05,0.010152300803162014,2.2219046638938966,0.5545057751976841,0.0039060711860657,0.03095011703624464,0.0244059562683105,0.24676006365231584,0.0483879446983336,0.24450086757212486,0.002110863476991634,0.08682884434230856,0.00218927860260005,0.0840426823686495,-0.0239819884300231,0.002259196080190984,51,42,17,109,-0.5216514213414611,0.7630716923481222,0.006517307228726125,0.05111802610959428,0.008676126599311775,0.11300613001615163,0.006641534625086887,0.07664504904285198,79,17,0.00012880074684233815,0.0200401785108253,0.6503373479866967,3.655608418690454,0.004359200596809351,0.034963190065198685,0.0275218188762664,0.503951788546325,0.0512117743492125,0.5008124155386716,0.000993557460606097,0.0983630950283627,0.0005404353141784,0.049299165652893856,-0.0236899554729461,0.0031393730076534534,78,29,17,82,0.3575225502581113,1.8334036854672615,0.00894502062947994,0.1018080549233045,0.014269432052969825,0.12001444288273845,0.008877991195768072,0.09696411657384457,77,14,0.00021303066717438514,0.03330497944889494,0.24540012149162527,5.5553747378921035,0.0068725049495696995,0.039480777870279773,0.0283513069152832,0.687736834197005,0.061731159687042195,0.684524947975697,-0.000631047785282131,0.11590023914493179,-0.00110345706343645,0.06691637387513767,-0.033379852771759,0.0032118862213080753,88,32,17,72,-0.06781322867125096,2.361799090066084,0.011557717155137936,0.1409684858932753
Other,0.010312833551012493,0.15172437901865637,0.02455000676214672,0.2337764407539246,0.005878940224647425,0.04003760887164591,0.003560086861252757,0.026002777057976843,77,22,4.482380620373702e-05,0.0055080228994583555,4.120284353253716,0.38604491307292843,0.0028041601181029996,0.022146294445244376,0.0244059562683105,0.16662705136693823,0.042809784412383894,0.1651665313050166,0.0020087301731109416,0.06666089266097348,0.001895785331726,0.06330935940317775,-0.0184038281440734,0.0014605200619216398,49,45,16,111,-0.09279567973517115,0.5274498960591304,0.0049123007681430375,0.03262435116750256,0.00611779093742355,0.07072994184639186,0.004893878861330405,0.05781623105599379,71,19,7.963419546481201e-05,0.012369198559600123,2.4858403025489872,3.308801710081905,0.0030864179134368003,0.028898716432344023,0.0275218188762664,0.3555268553671805,0.045527011156082,0.34811579470328663,0.0007323425263166442,0.07584765928014062,4.190206527709961e-05,0.04213974450645555,-0.0180051922798156,0.007411060663893847,79,37,15,81,0.8543157354501065,1.9212218052302332,0.007038799682525614,0.08134083317328276,0.010076845064759199,0.100053155927642,0.00659999016323122,0.07874379171265528,78,16,0.00013151599517932162,0.020453256380912572,1.8188899219170933,3.0126949613155842,0.00501817837357515,0.029095077496787875,0.0250768512487411,0.4261922909028034,0.0584567040205001,0.42300134773022285,0.00017415829934179687,0.09126788881281048,1.9907951354952734e-05,0.042517574584873805,-0.033379852771759,0.0031909431725805444,80,34,16,80,-0.3902553114011664,1.9585010324751533,0.009093071015998048,0.11010644328360186
Other,0.014409499837727468,0.2450809492627678,0.03373795568943001,0.363922620179979,0.005862668156623774,0.0773987487575509,0.005074592982418806,0.04231973527553194,73,27,0.00010326206567963602,0.014120615117532815,5.830965060172678,0.7816544095191902,0.0030239522457122,0.039277608285370094,0.0407413244247436,0.2860541635173091,0.0730139017105102,0.27019521393128687,0.002086093649268132,0.10565682035449372,0.0018401741981506,0.10759240322009056,-0.0322725772857666,0.015858949586022245,53,44,12,107,0.513159368328309,0.5000646487836794,0.007782386456269227,0.054380616308672504,0.008735761046409524,0.1556558473527181,0.009144393429160073,0.1530409404082792,76,14,0.0004225600850564055,0.06708544076097611,6.749053658933159,2.459501371980701,0.00438711047172545,0.043219095083953225,0.0619972646236419,0.8310696729725638,0.1297349929809569,0.8230730423650611,0.00026159137487411475,0.16087075353473662,4.190206527709961e-05,0.06299390603170774,-0.067737728357315,0.007996630607502789,79,35,12,81,-0.12702369071891176,1.7896849967934496,0.016300067464855402,0.20299271272176778,0.009511495009064626,0.1008597518697537,0.006614618508610825,0.07888638188883053,77,17,0.00013512539263213502,0.020819533853845166,1.4946398022981615,3.040941200272038,0.0048722587525844,0.02842613028079215,0.025547444820404,0.45358846953096843,0.055434450507163904,0.44856980019597564,2.7332268655302318e-05,0.09739504629074867,-0.00012424588203430157,0.04982393045492364,-0.0298870056867599,0.005018669334992806,83,38,14,77,-0.1933283881564394,1.880639281399682,0.009218664323894956,0.10646003387125183
Other,0.015505855540625404,0.25178648410922405,0.03623882859945274,0.3763597163969479,0.006410479545593175,0.07735920329895965,0.005220966041088072,0.04412113353388647,70,25,0.00010501719492282209,0.014730671999671808,5.422964786464362,-0.2901003026068736,0.00311988592147815,0.039029242291115124,0.0407413244247436,0.2550214677550569,0.0730139017105102,0.23693105218713298,0.0019425570964813079,0.10854390385685177,0.0012111961841582502,0.10567283413097231,-0.0322725772857666,0.018090415567923925,59,41,12,101,0.5564814451998361,0.33953828957598253,0.007889948625426729,0.05430371014199973,0.012630648910999175,0.11863147896286315,0.01001176974270488,0.14922087585471427,83,12,0.00043743655235708263,0.069301446508859,6.138941563153162,2.6505661508118648,0.0062773525714873,0.058157089140340006,0.0619972646236419,0.88514393766405,0.1297349929809569,0.8799937052776825,0.0005761507898569055,0.16405815617469924,0.0008556544780730501,0.08442692176932115,-0.067737728357315,0.005150232386367442,75,29,14,85,-0.1676025889572136,1.8484436001862632,0.016576588643615633,0.20587949849709905,0.0110277161002158,0.10831418889137256,0.007238577678799582,0.08553061378761673,88,14,0.00014848821732241446,0.022998423384737773,0.9577678720303733,1.3450043901925737,0.00550556555390355,0.028912660481437272,0.025547444820404,0.43198140529197177,0.055434450507163904,0.4228581574351997,-5.462113767862593e-05,0.10375765636539691,0.0007427297532558,0.0539660158781594,-0.0298870056867599,0.009123247856772026,74,33,15,86,-0.2633312352969643,1.5771198570453362,0.009663633565766635,0.11060186314116947
Other,0.00821904778449271,0.10861731657922519,0.01975538074970222,0.16850982496085787,0.004450246691703675,0.035802740676560904,0.002680233698338238,0.018906624173222066,82,24,2.3531080974449926e-05,0.0022452009167296784,-0.3659248876700323,-0.4843517774080346,0.0021842420101165503,0.01738087225592756,0.0103719830513,0.09789389373563571,0.0163862109184264,0.09048308397975109,0.0019526846706866996,0.04155451433711458,0.00202867388725275,0.040308838516012635,-0.0060142278671264,0.0074108097558846205,47,45,15,113,0.10528295811696894,0.48732643912332646,0.0033109611268167974,0.022768909831966427,0.00801817327737795,0.06224107826813666,0.004436949605587827,0.0462488328422784,81,17,5.132517329502414e-05,0.00778652881306341,0.1233156523421961,4.3843624209300165,0.004049822688102649,0.019128215357195485,0.0165875852108001,0.3174326550457793,0.030926376581191902,0.30730986675955363,0.0006145713850855738,0.06301887860194022,0.00081667304038995,0.03671254990470847,-0.0143387913703918,0.010122788286225648,73,35,15,87,0.17038460245931458,1.9931089488018,0.00564800050973897,0.06176689852030238,0.008210925385355849,0.04909574117671658,0.004801005879417013,0.048917401320811474,87,15,5.850451733842504e-05,0.009104554301968224,0.43268794163280644,3.8163703521613916,0.00417673960328095,0.019218624278974583,0.0169708132743835,0.30424252584979383,0.0367512255907058,0.3006967281017731,3.0783563852309224e-05,0.06393643202180305,0.00057709589600555,0.038991349867385124,-0.0197804123163223,0.0035457977480207042,73,34,15,87,-0.5382797486096529,2.0895944319827082,0.006065833853297585,0.07082857447591036
Other,0.007225603372915744,0.09911150421868084,0.017481994479894413,0.15196852392506338,0.004401072859764049,0.035005083379863994,0.0027770876558497223,0.018726131367955253,83,25,2.5431724680977113e-05,0.002437890111963328,0.002037722379674811,-0.2686978774619342,0.002280086278915335,0.018156798056034817,0.0125097036361694,0.10732538444722423,0.0194982290267944,0.09933835967468452,0.0020429600030183554,0.04364871017631968,0.00225946307182305,0.0439942385837952,-0.006988525390625,0.007987024772539701,43,45,16,117,-0.17633898757732466,0.41634340238723083,0.003434364603256851,0.023079865942136124,0.0068663880228995,0.04919665711683603,0.004117359709925909,0.042730452394074685,78,15,4.423183652929314e-05,0.006591416343621764,0.2902736867785487,2.2466892769611615,0.0035102814435959,0.021026481154207743,0.0158169567584991,0.25836843653158137,0.0301557481288909,0.2524999351627231,0.0006449641659855762,0.05694810710668903,0.0004806369543075,0.036550686593115764,-0.0143387913703918,0.005868501368858249,72,35,15,88,0.12838656211761046,1.7233492903063459,0.0052345171810439465,0.05786475127905451,0.006071727722883126,0.030518427219995176,0.003536057800520166,0.03494861970496555,87,14,3.1520599870706354e-05,0.004834079188525918,0.5343565556789285,2.3265086385092646,0.0030282400548456998,0.01539700129376637,0.0102005079388618,0.2187211054941789,0.026419989764690302,0.21269559105376326,0.00024230722337960993,0.05137170664205468,0.0005719028413295,0.033500806845867134,-0.0162194818258285,0.0060255144404156346,71,39,16,89,-0.5112439936505908,1.6965589264136796,0.004445806405468834,0.0468511146634591
Other,0.006153464359677635,0.08400661922656638,0.014679673910140762,0.1295373986337568,0.004230305552482525,0.03184108839964595,0.0025621865410357446,0.0183052276453729,82,22,2.2824285051008063e-05,0.0022642680275792196,0.28352137598262184,1.5859213827549068,0.0020892620086669826,0.013617310388364902,0.0125097036361694,0.1183418066639209,0.0194982290267944,0.10824927557038885,0.001998124644160249,0.0413099483028729,0.0021870136260986,0.03423638882538084,-0.006988525390625,0.010092531093532048,42,45,17,118,-0.05997986216023756,1.2599261783899836,0.0032151647063307248,0.02361686259419716,0.0053061991930006495,0.03740799342913963,0.0030824723094701363,0.03300533335713177,79,16,2.6016299786277372e-05,0.003810776026854592,0.25148313732798755,0.5963372779790093,0.0026491731405257,0.013264490517408717,0.0130686163902282,0.15201379798890044,0.0210246145725249,0.14704683447554168,0.0008951008319854657,0.04514702276451019,0.0007383078336715,0.025877495351664042,-0.0079559981822967,0.004966963513358772,67,34,18,93,0.30426061667193266,1.3722929692146564,0.0039441359215996365,0.04210133444862991,0.0052330680191516,0.04205642194200452,0.0029994087840895653,0.028941975817211186,87,19,2.2078581982165152e-05,0.0034149803527923094,-0.37034436435007967,3.510075857895682,0.0025606490671633998,0.016752552736976567,0.0089868977665901,0.191946056723947,0.0186991840600967,0.18612384235230575,-4.116827622056571e-05,0.04308042756637374,0.000316385179758,0.028329628176554704,-0.0097122862935066,0.005822214371641236,73,35,16,87,-0.1716634790410589,1.8527912484649292,0.0037261501756448118,0.03948489728352772
Other,0.005448708058721412,0.0742783916628326,0.013198645487427479,0.11490593556166875,0.00394999980926505,0.023235334772582755,0.002285011373460267,0.015477318017648553,86,24,1.86633313747815e-05,0.0016835702218228736,-0.28141618368275667,0.7881922982372491,0.00179970264434815,0.01123657134685462,0.0086367130279541,0.092797126774675,0.0138846039772033,0.08697596575419253,0.0019332334399223112,0.03554051419304679,0.0023576319217681503,0.03264747143892455,-0.0052478909492492,0.00582116102048247,41,47,17,119,-0.18455662735668393,1.0561349393824047,0.002824366676001499,0.020504684165251436,0.00449278950691215,0.02942906977848154,0.0025803659297525443,0.022601161466713437,81,20,1.6702896684161615e-05,0.002473787970010958,-0.3567189327836098,3.907700133549503,0.002293586730957,0.013577934507364185,0.0097680985927581,0.15339889582628435,0.0159025192260741,0.1525046563917203,0.0005729481577873171,0.03854980868973948,0.0006701201200485,0.029506627292221907,-0.006134420633316,0.0008942394345640319,69,34,16,91,0.1604153090977773,1.8731566860840203,0.0031897699427840295,0.03142769829299379,0.004548946395516275,0.036043124263474086,0.0027797273074974763,0.027901641919020326,81,18,1.9988838313899194e-05,0.0030869898946062776,-0.04544673547177336,2.412688548347025,0.00225528702139855,0.01644665752566137,0.0089868977665901,0.1715437092555201,0.0186991840600967,0.16765194228046806,-0.0001312434207648088,0.04081561267888248,-0.0001132450997829,0.028433024509744925,-0.0097122862935066,0.0038917669750520435,81,34,19,79,0.061001947975435636,1.6965511253359071,0.003543199578917792,0.0376971571375578
Other,0.004833380374814615,0.06071999270170839,0.011692981049418212,0.09356910799794409,0.00313349068164825,0.028313356701273773,0.0021208258718251904,0.016825187095385205,86,19,1.7203425897988715e-05,0.001378291887821822,-0.0033220467777432816,1.440148412466229,0.0017192959785461,0.012362720335460719,0.0086367130279541,0.10462941636817859,0.0138846039772033,0.10112307709033855,0.0019199818372726163,0.030449541865488094,0.002232402563095,0.024819093128531027,-0.0052478909492492,0.003506339277840033,37,49,15,123,-0.13215700977619305,1.1969989806287484,0.00266650520217831,0.021239521840279496,0.0035205334424971754,0.023994176746713818,0.0021985386242158343,0.019229287499354514,79,17,1.3541447220068634e-05,0.0018933466998001575,0.17713758082514808,8.683485461028827,0.0018280297517776001,0.011864284228708749,0.0097680985927581,0.16199021169274339,0.015836328268051002,0.1573030387178389,0.0007406378164887314,0.030204261335647162,0.0007340461015700999,0.02224150197306734,-0.0060682296752929,0.004687172974904478,61,36,16,99,0.2407724203120232,2.8765288653120726,0.0028221692245335153,0.03132170648237556,0.003979090601205725,0.030086105867732443,0.002320550335571122,0.019403582146922053,80,19,1.3347290012684282e-05,0.001990734431432197,-0.16624545059230833,11.434284789378426,0.0019811354577541,0.015223311719782553,0.0084410905838012,0.18630995882260704,0.0152069926261901,0.18500390494981403,6.237230263650172e-05,0.03291530479680884,7.608532905573794e-05,0.026723423650033495,-0.0067659020423889,0.0013060538727930106,79,48,17,81,0.09199451491347649,2.8892152214822553,0.002896654492530713,0.030121705488988675
Other,0.004949963871470562,0.060687862619444866,0.011762531399726633,0.09532985462149901,0.002889096736908,0.01443246570684428,0.0018340543983503973,0.010432160198577027,81,21,1.4630074621457426e-05,0.0008775607776257797,-0.14427086703533165,6.378359388060298,0.0015478134155273498,0.007268764463445848,0.0077847838401794,0.09363201209261536,0.012394726276397601,0.09318392463294481,0.0019913528114556944,0.025418288638430146,0.0020143687725066497,0.023541751074703608,-0.0046099424362182,0.0004480874596705544,31,49,17,129,0.04859707269898437,1.9573970585106426,0.002282734897010839,0.01521418352456788,0.0035240650177000756,0.02576200367612719,0.0024483997374772676,0.02358366557815242,80,17,1.8155674815307384e-05,0.002564869491670468,0.8510198083392173,6.289165327235644,0.0017886757850646502,0.012882211173530481,0.0088985860347747,0.18337086566228541,0.0195367634296416,0.17887296613790304,0.0007499858736991753,0.035955334844727974,0.0007889866828918,0.026587749613012968,-0.0106381773948669,0.004497899524382362,59,38,14,101,-0.2178192326043244,2.427164963446968,0.0032943355919702634,0.035666278021037716,0.0037998035550116252,0.0279339895192261,0.002353939237073016,0.022302253475162306,84,17,1.4936636670289288e-05,0.002218910200252092,0.615727054999831,6.668893468955648,0.0019018910825252,0.013101981055679808,0.0082151889801025,0.1732225034515087,0.018956899642944197,0.17141144277374842,9.63190570473657e-05,0.03395623113834089,0.0003372505307197,0.022558982246360014,-0.0107417106628417,0.0018110606777602654,74,50,14,86,-0.2088945404153454,2.4244357481178698,0.0030634580794354233,0.03264788763659388
Other,0.005669162601208373,0.06889534165890689,0.013576196283101812,0.1073501853221821,0.0031193792819976997,0.021828622854923763,0.001917767645791154,0.013355311256912122,79,21,1.584695287256428e-05,0.0010537203871421276,0.15387017089337807,1.0825144586548427,0.0015803873538971,0.0105669921350454,0.0097122192382812,0.08175591931271281,0.0143221616744994,0.07590222534496191,0.0020081497728824324,0.02772683539702449,0.0019909739494323,0.02313308575877373,-0.0046099424362182,0.005853693967750896,33,47,14,127,0.21429047703179013,1.06055499797577,0.0024307630160664857,0.01688025432297859,0.00517360121011725,0.03194191107134893,0.00305603316985067,0.02864902959933127,86,15,2.38985246446428e-05,0.0034563273752991597,-0.17096865208304068,4.06994835429769,0.00252909958362575,0.015465458634448773,0.0088985860347747,0.19665163229559923,0.0195367634296416,0.19300703805528094,0.0007484178990125546,0.0415097103182459,0.0011121183633804,0.02870584345102617,-0.0106381773948669,0.0036445942403183005,62,36,17,98,-0.26020543893353465,2.089526358659145,0.003803533418645958,0.041632575281796695,0.0046558510512113,0.022719668487620102,0.0028221992054022348,0.028202661140246187,86,13,2.020630283108346e-05,0.003061061452336868,0.24511592539266047,3.121937541600591,0.0023356638848781,0.00960591134771004,0.008361279964447,0.1728960119502114,0.0199652835726737,0.16806427478176705,-1.559434458613656e-05,0.03811363960691171,0.00035900622606269996,0.023461725798975985,-0.0116040036082267,0.004831737168444337,74,39,18,86,-0.2554616195565772,2.011326052246654,0.003564845276781347,0.040105011261079564
Other,0.005717253390537268,0.06936710698090472,0.01367784045636631,0.10976519641429874,0.0035407990217208698,0.021598196034824678,0.0021927761659025964,0.013512305400250961,72,26,1.9509255035110156e-05,0.0014320817070602324,0.0009692297770365066,1.6220003916925751,0.0018552839756012,0.010573639044298368,0.0097122192382812,0.09352029175351202,0.0146309137344359,0.09229710562621604,0.0021230865269899098,0.03335861104075459,0.00199577212333675,0.034830436429212894,-0.0049186944961547,0.0012231861272959802,38,49,15,122,0.2892480707454275,0.9343984727374725,0.00278102971669486,0.01786854153230973,0.005146495997905625,0.0244748935425972,0.0027707133046350994,0.024027886782446606,87,14,1.903436237765413e-05,0.0027134998145366147,-0.46233068692373536,7.2088791924275935,0.0024243295192718497,0.008640268413152276,0.0091618597507476,0.2038796253294707,0.0182491838932036,0.1977643321531654,0.0007413310930132762,0.03624446338496633,0.0009720772504806,0.024005129855213796,-0.009087324142456,0.006115293176305295,64,40,14,96,-0.043207381895243785,2.6279351320133753,0.003379092907430501,0.03741441818968257,0.0052598956972359,0.02596834358522824,0.0029361272504319852,0.028776214853233863,87,13,2.080062108438369e-05,0.0031491145548221845,-0.20168854902402433,1.8633803213747129,0.00263654813170435,0.012503440403918362,0.0084742382168769,0.1679502218979582,0.0200782418251036,0.16379666359572775,-7.792753167450859e-05,0.04016212198857782,0.0002865865826606,0.024664626295654656,-0.0116040036082267,0.004153558302230426,77,36,14,83,-0.03657033019341251,1.6932355808162685,0.0036160808525422506,0.03919334780542201
Other,0.012726311838205315,0.20029990650316137,0.02974733948707557,0.30946933909275487,0.0049873292446136,0.07071453879689674,0.004054795266129051,0.03581598894378877,71,27,6.461623892253168e-05,0.008332752265849824,2.781219098373823,-0.8469098309192922,0.0025200843811034497,0.03576893358782432,0.0248137116432189,0.16770775017325182,0.0398172736167906,0.15978732248594366,0.0020977694541215695,0.08068113873759959,0.0015075802803039,0.08321732244674923,-0.0150035619735717,0.007920427687308157,51,44,15,109,0.4001554497751401,0.16831825241541437,0.006017543546458248,0.04270018873323665,0.007198527455329775,0.10432522299114547,0.0068816870008594835,0.08792889880419688,89,16,0.00018699095307325286,0.029473130653231334,2.265364013286443,4.858473359527703,0.0036818385124206,0.042945283365981746,0.0314237475395202,0.6164366017749441,0.0671948492527007,0.6125773125373339,0.00043273176997899105,0.11679861161378158,0.0009720772504806,0.07216131321927186,-0.0357711017131805,0.0038592892376101465,66,37,14,94,-0.4282031534760461,2.1860535520804576,0.010835863532809431,0.12582215615035508,0.006931874901056149,0.09999694362420593,0.0073140596156008,0.1095014125546026,86,14,0.0002193498625978328,0.03481453120353901,2.4672578315297624,3.449648245507201,0.0034485422074793997,0.02129921649538683,0.0350862741470336,0.665263549224541,0.0736553072929381,0.663014097235225,-0.00013351580128073988,0.11198958874137369,0.00030756369233125,0.042368307246283245,-0.0385690331459045,0.0022494519893160314,77,29,11,83,-0.07211750633265114,2.018611890192559,0.01174469879737066,0.1492409569021755
Other,0.016911647837312898,0.22631758388095002,0.039712935239076375,0.3456985393732642,0.0070778578519820005,0.0720135806332048,0.0048951691016554475,0.04202640165393345,78,22,7.481806040281841e-05,0.010151887660565205,1.3665280571087672,-0.5939655654978009,0.0035824179649352997,0.034489041006967494,0.0248137116432189,0.19979113071008736,0.0398172736167906,0.19524165685235187,0.00191044062376021,0.08692942410376307,0.00148350000381465,0.0788385438883707,-0.0150035619735717,0.0045494738577355025,65,42,13,95,0.3057841140330388,0.4282722103708188,0.00658655038026712,0.05094274124498308,0.011382266879081674,0.13130310898255013,0.00935907481703903,0.10015647873751535,89,16,0.00026657050045034793,0.0420600584630149,0.4873542776754718,15.019042755880186,0.00585156679153445,0.06050640561796514,0.0314237475395202,0.9956347405018967,0.0671948492527007,0.9871711117167501,0.000882343575358384,0.12884190177727092,0.00168408453464505,0.08986422778210688,-0.0357711017131805,0.008463628785146594,63,27,14,97,-0.37074843226258836,3.4203715473552188,0.012917854937942562,0.15956134497249316,0.012639760971069175,0.09388390363484254,0.010281501745339431,0.12775058639746323,81,13,0.00031156763706003776,0.049456780221699026,0.3745251058689463,4.356672078165533,0.0067441835999488,0.02511288357065188,0.0350862741470336,0.7816359120482687,0.0736553072929381,0.7742349852604604,-0.00023896526545285815,0.12992721349223024,-5.847215652464999e-05,0.048444795021252464,-0.0385690331459045,0.007400926787808182,80,23,15,80,-0.14674938298951423,2.2280686350138623,0.013996321844390192,0.18048739406352857
Other,0.010163679379286092,0.14468686654321566,0.024424506798386342,0.21901694488536183,0.0057191550731658,0.03101247409779593,0.0033809312619268576,0.021143693480790145,75,26,3.4622670990315795e-05,0.003840759468618363,0.27956417862186056,-0.5451449875284928,0.0028614401817321,0.016439214713195077,0.0131847858428955,0.11046064479237305,0.0245721340179443,0.1084211514354614,0.0018535152077674686,0.05642478702711935,0.00158420205116265,0.05951930729460431,-0.0113873481750488,0.002039493356911659,55,46,17,105,-0.15612561040781786,-0.07019518074979048,0.004279969522435668,0.02563206736809552,0.00732428580522525,0.06512097760377784,0.005351780029013713,0.06214238404766193,78,16,0.00010134878738918743,0.015578228959238043,3.337600792101008,5.930483200524421,0.0036130547523497997,0.03565441288793836,0.0295512378215789,0.46988925517105473,0.0570339560508727,0.46866315317429696,0.0013663042336702319,0.08026501091480737,0.0013206154108047,0.05741450247922284,-0.0274827182292938,0.0012261019967577404,68,33,12,92,-0.31072952612564425,2.4115220896639187,0.007865293869726302,0.09558115390642602,0.00861066952347745,0.07735825789636554,0.006136633600108276,0.07224651183774547,88,14,0.00011819839643306081,0.018681742030981944,1.8168112242525405,5.907761139553179,0.0041546821594238,0.02811597985402931,0.0222545936703681,0.5304212170155531,0.0515158250927924,0.5286817978467815,-8.575529791415006e-05,0.08232714694343513,0.0006930865347385,0.04163975882402113,-0.0292612314224243,0.0017394191687715886,72,26,14,88,-0.5635850182886736,2.4522792184500006,0.008621555189542792,0.10910537524400889
Other,0.0072504142029810245,0.09830037528192656,0.017676727995276212,0.15089245747494506,0.003826752305030806,0.03555575554947979,0.0024221195001154876,0.017799344899183486,74,25,2.270477397136212e-05,0.0020807920560854025,1.7870395149054756,-0.6956038226309107,0.00205507874488825,0.017975388446078825,0.0131847858428955,0.09148827269881492,0.0230304598808288,0.08270598669640497,0.0019276466220617024,0.04041898974878243,0.0016412138938903,0.03956657013700548,-0.0098456740379333,0.008782286002409954,38,47,13,122,-0.09227133392265546,0.3426293118158832,0.0032466198747892454,0.02114467601485593,0.0058411136269569,0.04785510508528,0.0038814162136986395,0.046178853281502195,79,15,4.7743173600930865e-05,0.007292067217475855,2.038779020221508,2.931377295286002,0.0028118044137954,0.018311566056901717,0.0151054561138153,0.2689298575315144,0.033774405717849704,0.26341717745415705,0.0007789228111505502,0.05736294487019685,0.0007333308458328,0.03397466719684039,-0.0186689496040344,0.005512680077357311,74,35,14,86,-0.4507474613464045,1.8997256795613051,0.005423708750352955,0.06325788309210648,0.00730882957577695,0.06036508341211903,0.004203279995708676,0.044121688247747315,89,16,4.304483558010479e-05,0.0066277109334006625,-0.4466144813751072,5.4408735056425535,0.00366526469588265,0.018509634347758687,0.0121414884924888,0.3126908756950258,0.024538055062293902,0.31189296589463394,5.7558389380570586e-05,0.053110522855965785,0.00088006630539885,0.02979563853434032,-0.0123965665698051,0.0007979098003918628,70,32,15,90,-0.05736366866501144,2.237234027507514,0.005202777126767977,0.06170075603561595
Other,0.0069182375360021435,0.0916616990182834,0.016712834984063864,0.14008113190575056,0.003655612468719475,0.026030873253703044,0.002180308313108957,0.016726490038255167,85,21,1.8413231826421407e-05,0.0015539126630144894,0.29946710480716154,0.11285122250293389,0.001821905374527,0.012710865716432247,0.0105012655258178,0.08685215215028504,0.0167106389999388,0.08513743553587566,0.001956215128302546,0.033471022363773056,0.0020975172519683,0.027732731531794116,-0.006209373474121,0.0017147166144093687,36,48,15,124,-0.04813484096908777,0.8674378099187157,0.002780252422966293,0.02082314397343239,0.004894062876701225,0.055482542708194416,0.0036891479045152243,0.04571062498584752,80,16,4.4961754051974736e-05,0.006893734241431264,2.1001632875613963,3.533596209101786,0.00254720449447625,0.01736151871522002,0.0151054561138153,0.2977286822660015,0.033774405717849704,0.2951109946119562,0.0005559220910072298,0.05689056249497387,0.0005527287721633499,0.028873715897798136,-0.0186689496040344,0.0026176876540452915,69,32,15,91,-0.6637548204902641,1.8640504752626763,0.005288368336177391,0.06047477276052169,0.006529243662953274,0.035065573157933835,0.00395636653061951,0.03939920846489365,76,13,3.642571875111565e-05,0.00551060825374454,-0.45576381993366777,3.290296512136445,0.0033305510878562997,0.017081770519950648,0.0121414884924888,0.2568518282599831,0.0226802453398703,0.2528615957546367,-4.554325714706815e-05,0.04971954704700364,-0.00036352872848505,0.030902057631885808,-0.0105387568473815,0.003990232505346398,84,36,19,76,0.06170008469336613,1.9483772043611638,0.004786143525082856,0.05512326999721018
Other,0.005068938541815839,0.06971944532387968,0.012238171547651057,0.10776335040567356,0.0036550462245940997,0.027294120133762895,0.002134009450674038,0.01491400444026102,80,22,1.8216575392599594e-05,0.0014255231824741763,-0.036524269622399075,0.7087487726972315,0.001844584941864,0.014436178150302466,0.0082741975784301,0.09267295117084583,0.0136033296585082,0.08661285355539748,0.002042621374130219,0.03262070502178154,0.0020586550235747996,0.031141021622496344,-0.0053291320800781,0.006060097615448349,35,46,16,125,0.011527189911529666,0.8987035240357097,0.0026941460027431192,0.019010859695344995,0.004435837268829175,0.030336165503040198,0.0023960980586707195,0.02153267243346208,75,22,1.5264646896290988e-05,0.0022156125987327045,0.31229917264422413,0.9373893513021256,0.002121865749359,0.015263639329784714,0.0081491470336914,0.12610933582486986,0.0174804329872131,0.12389287677660818,0.0005894169211387564,0.03791198844716184,0.00053212046623225,0.03256580417955336,-0.0093312859535217,0.0022164590482616803,68,35,16,92,-0.2803530423313744,1.1758220390289023,0.0030415143535788367,0.02789791624324245,0.00469468533992755,0.028892888788302803,0.0025311348936520018,0.02252579650022798,79,18,1.5086237153778145e-05,0.0022567189664763456,-0.29114549493315556,1.3544159297333165,0.00237095355987545,0.015211774742762564,0.0079312399029731,0.12878858501881632,0.017109498381614602,0.12492271496414474,4.8942677676677835e-05,0.037230656936730167,-4.842877388000488e-07,0.031378417525623765,-0.0091782584786415,0.003865870054671582,80,41,16,80,-0.07515641674838115,1.3650533664056954,0.003079900812813292,0.029505883320718466
Other,0.0077353776871286655,0.1331577247549606,0.018697333261370422,0.20498169683695974,0.004702851176261869,0.05997526953526784,0.0037366348877548943,0.038381144752985714,76,20,6.363782377945813e-05,0.00807870277311469,7.780926002043536,-0.2951681117696716,0.0024358928203581497,0.029680386411654734,0.0188571214675903,0.20392538566574167,0.0471447110176086,0.19964718305585744,0.002159423381090136,0.07681732223450168,0.0020013749599455998,0.06462678665410584,-0.0282875895500183,0.004278202609884225,41,47,16,119,-1.5148211461912124,0.6441902496311687,0.005944018124976603,0.046666923809433006,0.005558006465434901,0.08450443590866444,0.0043381383456289335,0.05895598084085317,86,20,7.673810728663278e-05,0.011892898138407883,6.416336128033887,1.4422354869062524,0.002745971083641,0.03619187166397024,0.0224651992321014,0.3090461327858061,0.0543460845947265,0.3052651949705835,0.0006966866552829627,0.07760202039449464,0.00095142424106595,0.04784642492312924,-0.0318808853626251,0.003780937815222586,62,32,14,98,-1.185481446442583,1.4422397121843487,0.006911912586689291,0.07662130623462592,0.0040671322494744006,0.04250033866600618,0.002964509013690937,0.030649478823963995,85,16,2.9243543729969944e-05,0.004282344920754251,3.421863743816325,3.598026307026595,0.0020453296601772,0.017647341399994694,0.015253722667694,0.21632530427944419,0.0332310795783995,0.2103621387253826,0.00014563254080712042,0.05056235420796342,0.00035554915666575,0.03783094866806618,-0.0179773569107055,0.005963165554061593,72,42,18,88,-0.44923006142435534,1.7933147692019047,0.004286119881903924,0.0415426679174881
Other,0.00939639237960736,0.1522345262011241,0.022544362172484157,0.23603413602941636,0.00763458013534535,0.07914340909074145,0.004956249147653549,0.042129300651973046,80,26,8.56012516422302e-05,0.01133560131188278,3.43152047050142,0.4579369623617553,0.0038821399211883,0.040588487404705303,0.0188571214675903,0.2616207787425199,0.0471447110176086,0.2472638423601906,0.002211514115333533,0.09309499107919506,0.0022293329238891,0.09365192171265038,-0.0282875895500183,0.014356936382329257,49,45,14,111,-1.0002966279849046,0.5853382380871625,0.006993976750496815,0.05166162935726451,0.006611600518226525,0.08420315856382513,0.0050800075242295436,0.06180896409442811,87,20,9.152144135743518e-05,0.01417975397864058,4.032984250246656,2.7182581499345346,0.0033203512430190502,0.03979255776823458,0.0224651992321014,0.38901352961407015,0.0543460845947265,0.3771017382774671,0.0007324714213609578,0.08664000474048318,0.0011429339647293,0.05923392425787429,-0.0318808853626251,0.011911791336603006,57,34,13,103,-1.0571805885378434,1.6620371699338647,0.007551209588825905,0.0816900456433318,0.0051589589565991,0.05036765931551264,0.0034572773549006773,0.035149935686932234,81,20,3.580954709056285e-05,0.005145468448818155,1.8326092610658122,1.3291004100316526,0.0025581568479537417,0.02391435357018204,0.015253722667694,0.19330382292038395,0.0332310795783995,0.18474046554528087,-0.00012042694725096387,0.056299140209738134,3.703683614730835e-05,0.04077474193261603,-0.0179773569107055,0.008563357375103074,79,42,16,81,-0.1719417510081869,1.342352677136293,0.0047441684064392885,0.04445081844536051
Other,0.007358399560283437,0.1127199036497268,0.01765956923365569,0.17637579887506438,0.005771443247794975,0.04455860644269734,0.003779592504724827,0.02448264970291099,82,23,4.5988230222383916e-05,0.005314092846758711,0.8300552388973781,-0.5923826715353226,0.00288075208663935,0.022486532517048477,0.016473650932312,0.13338084306073045,0.030195116996765102,0.12381872672753053,0.0020482335239648576,0.06628979334035648,0.0021314620971679002,0.064679659266945,-0.0137214660644531,0.00956211633319992,48,48,14,112,-0.08426415700025681,0.2896759957850742,0.004970087461897896,0.0303274816899053,0.00500675290822975,0.05589996124828111,0.0035583540680817843,0.03853432103829371,83,15,3.824255442899486e-05,0.005686051455840641,1.5132582294456167,1.1900193969953632,0.00248749554157255,0.019020450186406985,0.0174212455749511,0.20546863116133215,0.033955007791519,0.19865408147495178,0.0008089197799563297,0.057056136793659035,0.00110538303852075,0.03673108016561963,-0.0165337622165679,0.0068145496863803705,60,37,18,100,-0.32421770254044824,1.402205481472618,0.004836678033289256,0.04930160960885465,0.0046290121972559495,0.04540627122036264,0.003231381851946888,0.03460120327856674,81,17,3.299729304531323e-05,0.0049804680299335305,2.9529106526791065,3.392271733244846,0.0023358687758445002,0.018115750642289312,0.0123937129974365,0.23656186499907583,0.0314049124717712,0.2336018693889002,-0.0001710536889731845,0.05302986874104884,-0.0001640580594539,0.03471057055235982,-0.0190111994743347,0.0029599956101756253,82,41,17,78,-0.568666452025239,1.7504358985900264,0.004552314917515693,0.04656501960958098
Other,0.012594662683605174,0.19718485147176787,0.030356752648949388,0.3039619213268624,0.007764622569084074,0.05936709492221818,0.005166356479749045,0.037900571439566925,82,24,8.473751298037419e-05,0.010673838859013202,1.2418383442160605,1.9160646712058886,0.00371873378753655,0.031411004141113384,0.0256127119064331,0.2700350035702561,0.046721220016479395,0.2638983460696564,0.0019300643354654133,0.0911374336737433,0.00208684802055355,0.08790733237454475,-0.0211085081100463,0.0061366575005997355,55,48,15,105,0.03000229438436875,0.9751621168618902,0.007038853342416549,0.04866011757463441,0.008493252098560226,0.11254853546134178,0.007106800852343401,0.08605128833657215,83,14,0.00016739273204569347,0.025261273713821954,1.4810297229313045,3.7752928608594605,0.00431536138057705,0.03129600188228362,0.0277482867240905,0.5490611255256053,0.0607374608516692,0.5395391515145829,0.0016885273158550131,0.10703523889130219,0.0020610392093658,0.052268789069921585,-0.0329891741275787,0.009521974011022387,59,36,15,101,-0.3991419809293674,1.986536454240175,0.01011975255282882,0.11749353747889212,0.007616853341460126,0.11758781302651489,0.006136517311679156,0.07429197940730124,86,19,0.00012961481392151554,0.019610179668359665,2.4849838254647825,0.9579594862698966,0.00377541780471795,0.040026848555412366,0.0285435914993286,0.3859967057377435,0.0612735748291015,0.38347548153225763,-0.0006459807511419025,0.10578924876181693,-0.00019627809524535,0.0638107536791607,-0.0327299833297729,0.0025212242054858188,84,35,14,76,-0.25234431247494254,1.2711255458732043,0.009005489175534443,0.09175409808161204
Other,0.017069778460446446,0.2338599939210521,0.04057804234325861,0.3608613196710152,0.009457662701606674,0.06516710597225273,0.005734481411054692,0.04147723753092304,77,21,9.710572035075315e-05,0.012389875712070049,0.6263299606964923,1.990908960513651,0.00474879145622245,0.03208577343834944,0.0256127119064331,0.28743732139179473,0.046721220016479395,0.2744712238121519,0.0020232133567333103,0.09726127038436891,0.0016722679138183,0.08714666728548057,-0.0211085081100463,0.01296609757964285,63,47,13,97,0.12602413268136958,1.2036166720133419,0.007546763756894175,0.0541305920463534,0.014534965157508751,0.08844104429731589,0.009775447030551684,0.09840466199350292,90,13,0.0002539761638410348,0.038784014504653117,0.14012402758439046,11.05342719167298,0.00700531899929045,0.031835343029611454,0.0295282304286956,0.8945072713900177,0.0625174045562743,0.8830497191500901,0.0008804520592093374,0.12415902975628905,0.00272114574909205,0.0639556957430135,-0.0329891741275787,0.01145755223992762,66,31,15,94,-0.42913208649633533,3.040492798817445,0.012607670883393995,0.15286775276241238,0.014860119670629475,0.11949638988209274,0.00954002522397782,0.09861966708411123,88,16,0.0002497179581178957,0.03743965036011887,0.4718738874690529,4.592065768864574,0.00712639093399045,0.042653510535131084,0.0285435914993286,0.7004872908047861,0.06872355937957761,0.6848629445883332,-0.00019263136200607282,0.13944101953035726,0.0006937123835086499,0.08821021022212576,-0.040179967880249,0.015624346216452874,75,30,19,85,-0.4379844233297462,2.003361368331794,0.012530681519893993,0.13414862068785274
Other,0.010466438567056518,0.16116094048147672,0.02466598309576487,0.24903308932572776,0.00500036776065815,0.036330797148350434,0.0032500569894909513,0.020322166167598802,81,26,3.644826909386665e-05,0.0035062610302882265,2.0774210844734213,-0.3798487154538148,0.0025141537189483,0.01829262950478196,0.0197742581367492,0.11994665541316724,0.0298350453376769,0.11171008900781618,0.001929900050163255,0.05409437999058797,0.0019668042659759,0.05540110870025512,-0.0100607872009277,0.008236566405351066,54,48,16,106,0.6682798401778881,0.2817780369787486,0.0043789839986490215,0.02408441578536008,0.005753941833972849,0.0640305627869225,0.005559694515541147,0.06741287782640894,87,16,0.00011620237041839138,0.01753031847806869,3.3338331914270674,6.181018828242074,0.0029028356075286,0.026764877634200934,0.0295282304286956,0.5061833086383812,0.06162086129188529,0.497016108151533,0.0002981878817081366,0.09054570951317492,0.00084479153156275,0.05385001629259618,-0.0320926308631897,0.00916720048684821,68,34,13,92,-0.8010318656340516,2.3718052375828824,0.008543639540761445,0.09660120582489864,0.00684204511344425,0.08898047660448066,0.006204057252034501,0.07145361293921441,80,17,0.00014800059915338909,0.02197270403309575,3.106783620104884,4.284986719802335,0.0033022798597812,0.04615053054026631,0.0245411992073059,0.48261564278085406,0.0647211670875549,0.47456936380946024,0.00030201137997209543,0.10439299982196486,0.00022518634796135,0.07428267875756979,-0.040179967880249,0.00804627897139381,76,39,15,84,-0.8616460851373814,2.1174496812573333,0.009643150590206203,0.10523690237396284
Other,0.005182055680448345,0.07535435875110824,0.012174851298331978,0.11325085548951205,0.004554852843284499,0.04209992908619358,0.002746522137895199,0.02369273959602651,79,20,2.457719015183054e-05,0.0025608254020569594,-0.1297498036963578,0.6649770911572093,0.0021705627441406,0.018842963421574935,0.0122679471969604,0.13059298455182747,0.0189721584320067,0.12618426956309042,0.0019119150936603348,0.04081472027606512,0.0018905997276306,0.033941586510147774,-0.0067042112350463,0.004408714988737038,45,46,17,115,0.1690966977085712,1.0822481233711538,0.0034320464613306822,0.029916283372830886,0.0031368732452391503,0.031007322785829676,0.0021881556836887777,0.01955314937984377,70,21,1.6084769917119236e-05,0.00221080009453784,5.548457433349702,4.8663104252268,0.00156047940254205,0.015743872266967475,0.016909122467041,0.15360207770304535,0.022970378398895198,0.14961770881940908,0.0008471971377730311,0.03872132173752634,0.0006256997585296,0.03336781714094696,-0.0060612559318542,0.003984368883636275,69,46,17,91,1.4596967800431355,1.7623321497332811,0.00306495520325107,0.026673195111137506,0.0033515356481074498,0.03167630885861815,0.0022224947484209673,0.022020293501305042,78,19,1.4090441622327177e-05,0.0020055797770024684,0.9622383625662909,2.8585950485290166,0.00169315934181205,0.013855287801716965,0.0087973475456237,0.1385761328218536,0.0186085700988768,0.13535121452386492,-0.00019129123538732222,0.03371481347592057,-0.00033952668309205,0.023775333702960987,-0.0098112225532531,0.0032249182979886878,89,42,16,71,-0.05580632581879451,1.7180975911429892,0.0029707053864021027,0.029476959295123253
Other,0.00608738010623091,0.08387385347080205,0.014209398925304179,0.1257435380445631,0.004446938633918625,0.034678413212679074,0.0029580296995117975,0.026244614463720443,77,18,2.8931265351523402e-05,0.0029647640116503,0.020426353000534192,2.0938292108101777,0.002232551574707,0.015390590091116492,0.0122679471969604,0.1599608283726271,0.019079267978668102,0.15604953937578614,0.00204020254313944,0.04195933610322876,0.0016607940196990498,0.029877540670182348,-0.0068113207817077,0.003911288996840954,46,45,14,114,0.36257571226101676,1.5839728731788334,0.0037426139491667587,0.0347012697955937,0.00381359457969655,0.03163622988254383,0.0026397674740291726,0.029070522968341762,79,16,2.2087339217824064e-05,0.0031581207396969573,1.6082213626707418,2.6984814395047305,0.0019446313381195,0.012777771881147672,0.0116252601146698,0.17982427053522523,0.0230710208415985,0.1752566708937168,0.0008833514526486299,0.039970240117062766,0.0008076131343841,0.0240013265943927,-0.0114457607269287,0.004567599641508438,63,43,14,97,-0.13373320405262865,1.784269560114116,0.003620247355563602,0.039503172590075644,0.004124836996197625,0.025802753724522447,0.002871152809821022,0.030399414792571893,81,12,2.54740095459733e-05,0.003794263991954281,1.8345459115892506,2.3927385008038415,0.002075176686048446,0.013258780542582057,0.0145094469189643,0.18612102877945125,0.027831196784973,0.18252064345212302,-4.1786953806879794e-05,0.043813961824271566,-2.422928810119629e-05,0.02903590506471136,-0.0133217498660087,0.0036003853273282207,81,41,15,79,0.1533600631010512,1.8045878709800194,0.004002453312653965,0.04329665970043827
Other,0.006176234857772521,0.08425286285654834,0.014582242965698006,0.1284759334045636,0.004333510994911075,0.030021082660466922,0.0025701418519019754,0.02195056137294356,80,21,2.3200812761813927e-05,0.0022745313914730044,0.26769607840016363,2.3722576038432726,0.0020069181919097462,0.015845579453670978,0.0122346878051757,0.1443107725085131,0.0190460085868834,0.14182799236973692,0.001942081749439222,0.03706503009564113,0.0019709169864654,0.029971110970789014,-0.0068113207817077,0.0024827801387761806,47,45,15,113,0.37698135097558927,1.5266075722059582,0.0032857728695955012,0.03001191322595448,0.004572108387947025,0.024025117846044813,0.002934370702132545,0.029217590698925,87,14,2.5993083538597504e-05,0.0038139677892354883,0.8659038342691501,4.316109185268935,0.00228863954544065,0.011971024190631254,0.0116252601146698,0.20627020457194042,0.0230710208415985,0.20073719620862354,0.0009634904563426812,0.04508053698662142,0.001254916191101,0.029698702981079697,-0.0114457607269287,0.0055330083633168764,56,40,15,104,-0.2792370620943074,2.151089068447219,0.003926028396576756,0.04221034202933382,0.00421969220042215,0.03225434917244968,0.0030306491628288735,0.0315541818168441,86,14,2.6860836083754703e-05,0.004060193690669009,1.3699185018472484,2.8911621990437926,0.0022266469895838503,0.014353416749302518,0.0145094469189643,0.20041424251240605,0.027831196784973,0.19710426652844545,1.8547475337976564e-05,0.04633036632230104,0.0002121999859809,0.029764725310771865,-0.0133217498660087,0.0033099759839605937,74,46,15,86,0.1082125915186694,1.86126822207695,0.004110141290445706,0.043745752332202535
Other,0.0054587973756463955,0.07248045048483256,0.013074387013911967,0.11328842873401729,0.0037948191165923777,0.03434207210560185,0.0023193855956196545,0.021387781019630476,79,19,1.955772061748417e-05,0.0017625201505179486,-0.22364085106819243,0.602655182846088,0.0019236803054809462,0.014147714606222574,0.0105314254760742,0.11703490652425541,0.0158952474594116,0.11437026606387218,0.0019302755594253298,0.03284176212113436,0.0018900334835052,0.024345281514431105,-0.0053638219833374,0.0026646404603832326,40,47,15,120,0.15167501104314543,1.065110585295031,0.0029242188271475793,0.02615222383080974,0.00386565923690785,0.027647769398874804,0.0027323873387649243,0.02080763717295258,86,18,2.2072566746311283e-05,0.002411679116389507,2.0970975484289767,7.795227473346856,0.00193275511264795,0.013375912697262257,0.0166510343551635,0.1833410188416669,0.027746677398681502,0.1805877636191964,0.0006384009495377415,0.03805039821334147,0.00087854266166685,0.03192976456266607,-0.011095643043518,0.0027532552224704874,64,46,15,96,0.12997185457327856,2.3949389305877307,0.003670422105737726,0.031045874318428323,0.00402482599019995,0.028353214822954005,0.0025338125228881324,0.018163099122965848,84,19,1.697747769714499e-05,0.002415542869049166,0.23246586271212832,3.4745561939694642,0.0019506774842738502,0.013435661757657905,0.0089032500982284,0.13569873127533333,0.0185728073120116,0.1293029406926844,0.00012497827410697522,0.04239626839954148,0.0002694763243198,0.037840413706330636,-0.0096695572137832,0.006395790582648947,72,48,15,88,-0.02062015484602257,1.648229999289922,0.0032652627955097636,0.024861602821282604
Other,0.005957469010172763,0.07859425520648727,0.014321497604250671,0.12351515869076338,0.003384113311767625,0.030583055029025738,0.0022019582847133063,0.016642051720037344,77,21,1.9303375048842065e-05,0.0014845125424044086,0.27340092000471206,1.7653084185579013,0.00170916318893435,0.015311109736726527,0.0105314254760742,0.10897579716172573,0.0158952474594116,0.10344163035128988,0.002042907103896114,0.03234860837721114,0.0019745528697967,0.0272029573109233,-0.0053638219833374,0.005534166810435854,35,48,13,125,0.14885414253201767,1.1684459270867549,0.002817937150028639,0.02093036259748584,0.004325836896896225,0.031936742687562795,0.0031398783158510515,0.025542481008804237,84,18,3.0324058886347966e-05,0.00358589995192061,1.2952543903587017,10.986461500012373,0.00215412676334375,0.01499965940842219,0.0166510343551635,0.246717388839369,0.027746677398681502,0.23892280786482512,0.0007644506171345563,0.04395627695831788,0.0008658319711685001,0.033315938625810726,-0.011095643043518,0.0077945809745438915,62,46,18,98,0.15461535611964952,2.9677140576819685,0.004299264475098953,0.040666271870977586,0.004818918183445825,0.03375374090615832,0.0028898706054314473,0.02181742170717838,88,22,2.130341364313012e-05,0.0030216339404004187,0.06216257117641133,1.6703747743780504,0.0024644583463669,0.01558973026778969,0.0089032500982284,0.1416390936217689,0.019163712859153602,0.13768066206011897,0.00023409551940857748,0.04721027335523437,0.00059386342763895,0.041200613252607994,-0.0102604627609252,0.003958431561649929,70,44,17,90,-0.3062123058065172,1.1432240406369092,0.003652838347050781,0.028157131070555935
Other,0.005784713698866646,0.07775400117519364,0.013846323490142582,0.11966752725491112,0.003683507442474375,0.03342687466948593,0.0022029125364497063,0.017124528695252016,79,20,1.9263558265158573e-05,0.0013642500199147645,-0.2023455237022902,-0.5376115918024151,0.00184789299964905,0.014422393957753302,0.0104097723960876,0.08237228365554423,0.014157831668853699,0.07828969199421457,0.0021713171154260366,0.031239146993889407,0.00203251838684075,0.026637759508084342,-0.0037480592727661,0.004082591661329663,36,47,16,124,0.24398912002263554,0.6250134973327874,0.002714990929710378,0.01970699660041923,0.00398362427949895,0.028327992295991623,0.0028081489843316,0.025384331141994777,85,17,2.4398483503568846e-05,0.0029689807748093217,1.2994038810813224,3.096088876635477,0.0020613968372344502,0.01363502987613606,0.0125950276851654,0.16709672415211363,0.0233912765979766,0.16537102468108217,0.0008027432486414753,0.040781369111085236,0.0009353160858154,0.029904938091669706,-0.0107962489128112,0.0017256994710314693,56,48,14,104,-0.22796361509219784,1.7987324259090887,0.0038336025674977833,0.03613669476079327,0.00511354021728035,0.03584777029568381,0.002936379143502512,0.02302893614278892,78,21,2.1893192678232387e-05,0.0031544091761804972,0.9852130278500897,2.5321109843136824,0.0024950169026852,0.015022917039888652,0.0151803568005561,0.15560131837060315,0.0254408195614813,0.1515464357452114,2.572303637862238e-05,0.04764701114993646,-0.00034239888191215,0.038476540944250855,-0.0102604627609252,0.004054882625391746,81,39,17,79,0.27466446544827144,1.4459914581206206,0.0037106115042051125,0.029735021517704123
Other,0.006226470005545217,0.08765423297291909,0.014616432860493429,0.1365434323275159,0.004011362791061375,0.024707487281187154,0.0023055632412433426,0.015532266105215369,76,21,2.0452715408651587e-05,0.0014053493950913678,-0.555465010981024,-0.3610969436450002,0.0019009411334991405,0.012236516858085245,0.0090376138687133,0.07510193789144903,0.013390719890594401,0.06980587665854199,0.0022077202796935784,0.03219862565328589,0.00199425220489495,0.027548163503853404,-0.0043531060218811,0.005296061232907048,35,47,16,125,0.1725999933663808,0.7273369762606613,0.002821109696829709,0.019198903643982582,0.004643157124519225,0.028650510944998382,0.002988246614113407,0.01761475584743095,86,19,2.464027959703636e-05,0.002418652648078516,0.6023627941667926,0.3438191929158112,0.00229783356189725,0.0142413981792057,0.0122511684894561,0.11146235519644128,0.0230474174022673,0.10404463722783619,0.0006943870335817262,0.04369243177094478,0.0009146332740783501,0.04192398827696742,-0.0107962489128112,0.007417717968605096,64,50,15,96,0.05977672556925984,0.739232449190848,0.003874509685610634,0.022574854462872003,0.004393039271235375,0.056570500123343186,0.003185296637238884,0.03330979417820916,74,19,3.790825595903829e-05,0.005354889889521358,8.674265489138323,-0.021650267892227237,0.0021506585180760002,0.029919130515279342,0.0256836414337158,0.17256288084489962,0.050626516342163,0.1684156036099312,-0.00013199360109865176,0.06065237490328523,-0.0005098842084407,0.05154030372366307,-0.0249428749084472,0.004147277234968417,87,45,16,73,0.46037890435865364,0.8257847352897822,0.004880997698163478,0.040941168865980045
Other,0.005859609702252992,0.08292073061312434,0.013696873411535988,0.1292212187595628,0.0031665861606598,0.03288087291631704,0.0020901698246598072,0.01659359785019256,77,21,1.76399135429502e-05,0.0012656827769262785,-0.11887352560943665,-0.8607468041097075,0.0016644299030303998,0.012588879983398336,0.0090376138687133,0.07212888524203515,0.013390719890594401,0.07059988983893076,0.0020034402608871205,0.029693974471812202,0.00183403491973875,0.02523495983144042,-0.0043531060218811,0.0015289954031043917,38,49,17,122,0.2705477551111901,0.46126692976655137,0.002656175542694889,0.01959465888944341,0.00427670776844015,0.02851709818929077,0.002846069652587134,0.019011290503883817,77,23,2.2954712466666878e-05,0.002479241123983721,0.5268377767621519,6.463741042721363,0.0021489709615706,0.015601352223250842,0.0122511684894561,0.1668788996493518,0.0203986167907714,0.1633838699482763,0.0008906230330467172,0.04129971939783403,0.00071950256824485,0.03915847825310939,-0.0081474483013153,0.003495029701075479,66,51,15,94,0.2859676198404472,2.0135057500714266,0.003693064845678775,0.02781320372851521,0.0042500663548707,0.06355832210611698,0.0030080399202415246,0.032997971912105746,83,22,3.436044860935193e-05,0.004807641257463437,10.331341138766861,-0.7002723875126504,0.0022376254200935,0.02947361403198714,0.0256836414337158,0.15421615395337118,0.050626516342163,0.15001979108008373,-7.15558882802745e-05,0.05822752488991655,0.00010276585817335079,0.047260309923078295,-0.0249428749084472,0.004196362873287456,78,49,13,82,0.24927394316954468,0.5559019091844116,0.0046481386155515,0.03764567176525854
Other,0.00720235476297901,0.10029397091149239,0.017333655878901247,0.15479954090182443,0.0036123394966124695,0.024682040750425426,0.0021875210106372623,0.013888762630962717,80,22,1.8731794597925544e-05,0.0015591728656028517,0.7703202213645732,0.06614472223626677,0.001810520887374853,0.012661306242195974,0.0105823278427124,0.07899347472309347,0.0167787671089172,0.0730478085097656,0.001953934133052799,0.03537307720652017,0.00193026661872855,0.034445063873409114,-0.0061964392662048,0.00594566621332787,41,47,16,119,0.23632539251894352,0.607188887831347,0.0028176466432438467,0.017547600250302463,0.0053415149450301005,0.04618233555241455,0.0041215119138359605,0.0447388316467239,74,16,5.500172924381915e-05,0.00813536500500438,1.4247298682562786,4.829619015831335,0.0025497674942016,0.018748213157137088,0.0185823142528533,0.31811808296251853,0.0331897735595702,0.3169496174389039,0.0010512039065360954,0.061374127282591964,0.0007148385047912,0.0368427433124152,-0.0146074593067169,0.0011684655236146857,67,42,18,93,0.2736486059853335,2.2492985091125726,0.005786216641133786,0.06609524570878436,0.006156673654913825,0.05752611544792895,0.003957764757797075,0.04636144287179504,80,15,4.6853514161081455e-05,0.0072448524492746335,1.425402708475107,2.3932797010841727,0.0028853118419646323,0.017117728481773134,0.0181851387023925,0.25430434182669415,0.035807661712169495,0.2508614059829751,-0.00010706200264394351,0.05805233641271228,-5.7246536016432005e-05,0.03184284770125064,-0.017622523009777,0.0034429358437190133,80,38,16,80,0.2215723974548533,1.7845288012793374,0.00542734600030806,0.06224772033014473
Other,0.0090272465598005,0.11172181068672049,0.02206744030117965,0.17264055132415806,0.003938719630241332,0.026518102706817013,0.002532567307352999,0.018305536425771346,82,19,2.3999465920283093e-05,0.0023071704193723887,0.7531359859594282,-0.023576550920976658,0.002057641744613603,0.013349697835885714,0.0134043097496032,0.10614867251938119,0.019600749015808,0.10189508811117659,0.002045920491218539,0.04211297986266408,0.0021382868289947,0.03788213034834251,-0.0061964392662048,0.004253584408204607,40,42,16,120,0.20781303171013138,0.7420824420037645,0.0032987705800285524,0.023101241232003942,0.0097123980522155,0.037997884604399276,0.005690249395556704,0.055812031591162305,78,12,8.077017149084846e-05,0.012407718836473432,-0.15545668468511975,9.780154685387192,0.00490102171897885,0.0165225218352666,0.0185823142528533,0.4935789010574287,0.0346664488315581,0.49044296436021495,0.0007166327908635121,0.06641197080162071,0.00031699240207665,0.037716203230742686,-0.0160841345787048,0.003135936697213748,74,33,13,86,0.04902457994774106,3.0128933954184696,0.007090984239449075,0.08942689176482714,0.007481498643755825,0.051577836438918986,0.004993093921802888,0.053569877906234194,76,13,6.148286600978133e-05,0.009531813955077899,0.039362636833939035,2.3787575005669614,0.0039032623171805,0.019390055915318047,0.0181851387023925,0.29849415126652495,0.035807661712169495,0.2908650224442316,-9.245658293366061e-05,0.0641156006598733,-0.0005719661712646,0.034294819373544734,-0.017622523009777,0.007629128822293327,84,35,18,76,0.19393763873395942,1.8560114863905,0.006217705944029978,0.07362746571152337
Other,0.0068356126054115686,0.09423726928370459,0.016675453633069763,0.1433599594841736,0.004085481166839549,0.030109554570305973,0.0025781744718551386,0.021361146401058035,82,21,2.3124747202202873e-05,0.0023760576990476683,0.33327557764726157,5.205367298725292,0.0020457506179809,0.015803520205570104,0.0134043097496032,0.16667478807171554,0.0187916159629821,0.16442830458677413,0.0019132435321807598,0.038992247079463194,0.0019372105598449,0.03530862290450132,-0.0053873062133789,0.0022464834849414157,41,43,16,119,0.1573845547444953,1.8288157977699628,0.003295503502316667,0.029251707073977104,0.006459653377532875,0.048944763430705876,0.003919799358118282,0.04110777650112741,81,15,4.035372509234969e-05,0.006098430186016955,0.5958067057867638,1.3174643388026812,0.00327242910861965,0.0212440901395008,0.0118635594844818,0.22639037357788971,0.027947694063186597,0.2186813931610844,0.00044686254113912376,0.05661521913461411,0.0005154609680175499,0.03864893395209268,-0.0160841345787048,0.007708980416805313,71,38,18,89,-0.3790340865828484,1.5071011916153285,0.005017844088615706,0.053787983308138436,0.0051714666187762,0.041402027200928844,0.0033833816298283145,0.031497967259654994,75,16,2.8673441025877654e-05,0.004225508920325336,-0.08877251485082338,2.396836098542276,0.00268221646547315,0.02076930359178194,0.0112449377775192,0.18146539087528749,0.0213131681084632,0.1794166154304797,-7.586535066365727e-05,0.047752493270096306,-0.00040250271558755,0.03584174244993369,-0.010068230330944,0.002048775444807773,87,44,16,73,0.10353265403826378,1.738467481026391,0.004245917917038806,0.04410451571908191
Other,0.005088034520633972,0.06688531692975946,0.012308547571301228,0.10157144816369706,0.0038504302501677877,0.03265452020019931,0.002344797272235133,0.019797616108882567,76,20,1.9510176352390398e-05,0.0018629102085219967,-0.05409842474260085,4.110094430325551,0.0020467042922973,0.01569667779394985,0.0092655420303344,0.14208054996026934,0.0162009596824645,0.14065513492606102,0.0018521863967180022,0.03467872881317078,0.0016624033451080001,0.026647270762758343,-0.0069354176521301,0.001425415034208316,40,47,17,120,-0.036243621435154964,1.6391479248481577,0.002969575836904375,0.025696224945010036,0.0040742605924605005,0.020941345928425656,0.002327902344986757,0.017243551909178673,83,14,1.3740207287770852e-05,0.0018838443282316202,-0.4576815279988531,20.953380751907186,0.00207412242889405,0.010731227299081415,0.0072201788425445,0.21162681608171002,0.0135064423084258,0.20464851921987742,0.00075118467211722,0.03048166755014835,0.00105695426464075,0.023743682318246414,-0.0062862634658813,0.006978296861832597,61,42,15,99,-0.18617282996726542,4.1391869584972065,0.0028414454897424633,0.030898418593737983,0.00406365096569045,0.025380336144808106,0.002404720096383198,0.01957850163038067,76,17,1.4432397663687481e-05,0.002039540442976276,0.11164739597925122,3.6328280196407325,0.00199093297123905,0.01073028278596393,0.0072230100631713,0.1418935492360819,0.0166802555322646,0.13416818663499555,-0.00016603446565567837,0.03641105180037794,-0.00052539259195325,0.028701036980623408,-0.0094572454690933,0.007725362601086356,89,45,18,71,-0.09213184401081771,1.803534419229635,0.0030081952793595975,0.02671658192521025
Other,0.006244535249576086,0.0901704120542,0.015059081092476615,0.13854208532745793,0.004258751869201525,0.03298960486522216,0.0026000095065682924,0.02206599058058521,70,18,2.4619770450122303e-05,0.0024107399551734406,0.7041934254322837,3.526348826981458,0.0021036863327026,0.014462914356398715,0.0136225223541259,0.1456075077848761,0.020557940006256,0.14342097191703126,0.002050609514117218,0.03933777386284165,0.0016758739948272501,0.03063984287399577,-0.0069354176521301,0.0021865358678448514,42,46,15,118,0.29237055458424455,1.6581403011317126,0.0033545024135037006,0.029381618449114966,0.00429192930459965,0.0294189772488612,0.0026555270864627853,0.026963486184855032,83,19,2.08682145207901e-05,0.003020308542726553,1.0765974699940246,2.4706890431756907,0.0020607560873031,0.014660009689699917,0.0116776525974273,0.17201727634842398,0.0206407010555266,0.16940771084926354,0.000791323743760572,0.0406829109115393,0.0009089857339858499,0.028202625774893512,-0.0089630484580993,0.002609565499160447,60,39,13,100,0.13336619092469537,1.7131636476368919,0.0035347604771393958,0.03694873884844121,0.005149221047759,0.06230762934927908,0.003590850750333584,0.042033666291515816,75,16,3.962025734798866e-05,0.006134152809801253,2.463547178952033,0.17306036075971587,0.0025651454925536003,0.022644952916475836,0.0189145877957344,0.20030830688993137,0.0328946188092231,0.19892310533954147,-0.00015440457500516804,0.058521400553076974,-0.00048681721091265004,0.038809888388766735,-0.0139800310134887,0.0013852015503898973,88,35,15,72,0.5685405654510616,1.1689378337791696,0.0049894298404769555,0.05205188264710101
Other,0.007633379783022029,0.10074467178691032,0.018170368224382172,0.15247177636817388,0.0046164691448211245,0.028261157323757113,0.0029250521585345015,0.023217172673460997,72,16,2.8975407024382575e-05,0.003057728068962826,0.30887633236945744,4.188998088600209,0.0022600293159483996,0.01394867809873087,0.0136225223541259,0.1649901957499514,0.0200921297073363,0.15926511052974318,0.002095379307866079,0.043950851215503677,0.00160413980484005,0.03561543889684324,-0.0064696073532104,0.005725085220208219,51,46,14,109,0.483252432701196,2.0018028435902266,0.003715548150579704,0.033556679609214685,0.0063460171222686,0.04346541353873367,0.0038029719144105473,0.03726055526530312,80,15,3.680385003335057e-05,0.005427196886750463,-0.24925520115880007,10.000210557058312,0.00322018563747405,0.014274928065581682,0.0141537487506866,0.3248477594258061,0.0232457220554351,0.3233368566266248,0.0008307088166475239,0.0470925154021282,0.00073489546775815,0.02317253836634464,-0.0090919733047485,0.0015109027991813027,69,39,13,91,0.21596711420275233,2.894656150839079,0.004738423603565944,0.05665237753043362,0.0070801097899674,0.04569359891913856,0.004264741539955094,0.04180088402667424,72,15,4.8233886325733e-05,0.0074536730283503725,1.0298435206767165,4.4225809095773885,0.0036306977272033,0.020589039355140337,0.0189145877957344,0.29804090543367734,0.0328946188092231,0.29080327292938907,-0.00027702040970324865,0.061428409750541986,-0.0007337890565394501,0.04058773543881787,-0.0139800310134887,0.0072376325042882595,89,36,17,71,0.490287537708057,2.1158339038074345,0.00550077763707271,0.060664845700536416
Other,0.006542974922742817,0.0841385585257502,0.015670327842235342,0.13031884093981713,0.0041370391845702,0.03694681430063458,0.0025450013950466858,0.021683286125797233,74,20,2.2549362299102015e-05,0.002292576521320109,0.4032751185417176,2.4159922957088202,0.0020324289798735497,0.014438311251370267,0.0127964615821838,0.13628744949195576,0.0194858908653258,0.1312382479064462,0.0019375786185264442,0.03837447709458059,0.00172132253646845,0.030152818483243055,-0.006689429283142,0.005049201585509562,48,44,17,112,0.4025006187365309,1.500887027719208,0.0032255490346702305,0.028635223572335156,0.006086386740207599,0.037878200330810484,0.0034776521660387105,0.032843922750295726,83,16,3.027389158825447e-05,0.004377502396111409,-0.14091065636292743,9.183471337785022,0.0029848366975783504,0.010850478755729259,0.0141537487506866,0.2790672615485518,0.0232457220554351,0.2738715814650924,0.0009165957570075915,0.0443920090546073,0.0010641068220138,0.023332933497252302,-0.0090919733047485,0.005195680083459462,69,39,17,91,0.10962707024844594,2.788606851097897,0.004265530642107965,0.049059677212626183,0.0060725528746842245,0.04781882775003277,0.0033632728690281026,0.029813892556483843,77,17,2.5938839484657754e-05,0.0038845324143362858,-0.4669301106762678,3.8678260999862824,0.003130093216896,0.017849172754422264,0.0115850046277046,0.2024570554291534,0.0202885940670966,0.1982313855884098,-4.114843904971671e-05,0.04755235479062923,-0.00031462311744685,0.03553523700427236,-0.008703589439392,0.00422566984074359,84,42,15,76,0.19445859097850948,1.848158327879416,0.004038815628607806,0.04029027138407492
Other,0.005664932578340239,0.07762908808482569,0.013759212642907878,0.11754907633775123,0.00450754165649405,0.04307631951548383,0.002514484822750069,0.021741517243924206,76,20,2.146304270766522e-05,0.002198300047812362,-0.05939664630057795,-0.6362628526966327,0.0023558139801025,0.016209348986400883,0.0104554295539855,0.09917395019068649,0.017991065979003802,0.09518160210223155,0.0019709527492522997,0.03919683686988925,0.00180855393409725,0.031562894491971596,-0.0075356364250183,0.00399234808845494,41,42,15,119,-0.09654350682105758,0.646487480340606,0.003096721244789419,0.02572757328641108,0.004786580801010025,0.032963578588608634,0.002543436912819704,0.022484079792255737,82,19,1.6194208840864704e-05,0.00237874607814176,-0.30775449512770336,13.85551972370332,0.0023087561130523,0.014125733940032147,0.0090595483779907,0.217340197673991,0.0167470574378967,0.21491657744967657,0.0007017184048890982,0.03485068457996646,0.0008284449577331001,0.024510395930268773,-0.007687509059906,0.002423620224314414,68,37,18,92,-0.10741648643945358,3.1871020227219784,0.003112801210627797,0.03412002143096409,0.005446398630738199,0.029083050772357306,0.003014362005051177,0.024987592101250043,78,16,2.075792630456828e-05,0.0030942818128178247,-0.23495574793817475,2.197584627301249,0.002749286592006656,0.013225350253509021,0.0115850046277046,0.1511340412219158,0.0191084221005439,0.14736779727644594,3.5057123750448636e-05,0.04350155488789552,-4.406645894050598e-05,0.03357076604518612,-0.0075234174728393,0.003766243945469843,81,43,17,79,0.24503492128904258,1.624610267488479,0.0036130406628107643,0.034668379471115146
Other,0.005018272966992155,0.0666423414918566,0.012112257704138532,0.10055858835313718,0.0044761598110198,0.039239750886500974,0.002495652134530223,0.022544575135299234,81,22,2.1842570572125475e-05,0.002084679541605324,-0.1072279035486039,0.452110287636172,0.0021683573722838996,0.01551979203639274,0.0104554295539855,0.11229952438811219,0.017991065979003802,0.10878645011328912,0.0020841900259256146,0.03628576168608419,0.0021572709083557,0.028467693776563274,-0.0075356364250183,0.0035130742748230776,42,44,16,118,-0.08819900951790806,1.0698773965024293,0.0030604408024529493,0.027713228618586265,0.00370296835899345,0.03019432533246136,0.0021264025941490758,0.019068173345058347,80,20,1.1872324242245498e-05,0.0016299279968421964,-0.18031908736792257,1.137230757525777,0.0019137263298034,0.014065423380859237,0.0072610676288604,0.11173151392424177,0.0133509039878844,0.10769144182748504,0.0006895659491419715,0.03216909670696035,0.0006788372993469,0.025663413477575857,-0.006089836359024,0.00404007209675673,64,39,17,96,-0.055137245242607186,1.2184432219407002,0.0026435542023604277,0.024394204514606103,0.004144348204135799,0.0245908524886626,0.0023103370441821844,0.01974996694514007,79,16,1.288819127664894e-05,0.0018789479046215948,-0.33599415284506273,5.354410304725775,0.00210184976458545,0.011205240187482859,0.0065119862556457,0.1411244361629456,0.014035403728485,0.1394008598227348,-0.0001856415066868068,0.03210372996009263,-0.0002524517476558,0.024875359183336887,-0.0075234174728393,0.0017235763402107867,83,41,13,77,0.04003941591695213,2.2150218716067163,0.0028409683492002995,0.02912556312367274
Other,0.005083298762567863,0.06761358220949701,0.012169009000062705,0.10296322370867747,0.004106283187866125,0.03408022827340232,0.0023289450909942133,0.01992494594171142,85,20,1.9455244570280707e-05,0.001779024974537736,-0.24075378598236075,-0.0520994044849421,0.00194841623306275,0.01656941341999224,0.0094481110572814,0.09652136648673973,0.0159741640090941,0.09544335300769302,0.0019837476313113943,0.034177583136995884,0.0022487640380859,0.02876981297695382,-0.0065260529518127,0.0010780134790467045,42,46,15,118,-0.07737512483036933,0.8560501340960653,0.0028768034657096174,0.02471675111035976,0.003537207841873025,0.023453820416949055,0.0020178806409239364,0.015790399141112747,84,21,1.0552740801816534e-05,0.0013365304679754208,-0.335703700300074,7.600618268293845,0.0018525123596192,0.011362025226307318,0.0067344903945922,0.1310725422435017,0.0129833817481993,0.12716289664347324,0.0007539235055446499,0.02957011896537906,0.001002013683319,0.024450975301784895,-0.0062488913536071,0.003909645600028465,59,41,16,101,-0.3749578311339924,2.221931427093958,0.0024627156558221547,0.021497407572745847,0.00399136170744885,0.04478746470811547,0.002579362886026451,0.028038702257886808,79,17,1.9221570798709352e-05,0.002963821156507947,0.8903275698578863,3.8194888972903662,0.002048645168542827,0.015424206457292745,0.0094530656933784,0.18480209926292002,0.020804040133952997,0.18157616434438287,-5.5990368127822074e-05,0.03921552160630254,-0.00015579536557197324,0.0259436978636884,-0.0113509744405746,0.003225934918537162,82,38,15,78,0.003275311909366813,1.8840050639673378,0.0034764757442520126,0.03776193879627429
Other,0.005240055067019204,0.06793682859542555,0.012412641718983411,0.10499671970856819,0.003462016582488975,0.021183755667821054,0.0020740412082522856,0.014589856747721383,86,21,1.6551370741701554e-05,0.0014299577498172746,-0.04756543869332619,3.9938298897790023,0.00152495503425595,0.011755102261992308,0.0082260370254516,0.11412301220481268,0.0147520899772643,0.11103594387587432,0.0019189666956662874,0.03179033543091649,0.00231739878654475,0.030105294320213867,-0.0065260529518127,0.0030870683289383662,36,50,18,124,-0.274738733112226,1.6953839673956836,0.0025892226626862613,0.020477605402172642,0.003605343401431875,0.02653057395799202,0.0022818251745774947,0.02099082083690418,78,16,1.4134569487173797e-05,0.0019533958582331474,0.17546059978253892,5.128457327944739,0.0018649995326996001,0.011917134620062032,0.0081488788127899,0.1591429230169527,0.016860365867614698,0.15603413248146394,0.0007666992023587107,0.03269659733505449,0.0006952136754989,0.023639497994209592,-0.0087114870548248,0.0031087905354887603,63,39,16,97,-0.17577500190292278,2.1138174447321316,0.0028806495184047335,0.029737659305037023,0.004239041358232425,0.03083486466531473,0.0026938559953122825,0.02907850979720842,80,14,2.033706702858083e-05,0.0030824012261512095,0.5815863429047203,1.1571878410534797,0.0021706484258174714,0.013692989073088014,0.0094530656933784,0.14884743230929784,0.020804040133952997,0.1472006409181948,5.27028460055583e-05,0.040509786942597215,7.138028740882874e-05,0.027077629952276548,-0.0113509744405746,0.0016467913911030428,79,39,15,81,-0.07275351350493148,1.4645718531992553,0.003576005192247287,0.03796522603668507
Other,0.004658979059571066,0.05750065009143746,0.01091980680823303,0.09024956879444361,0.0029960125684737747,0.018104795228700475,0.0018392060976475263,0.01310241412393107,86,23,1.5175706803311616e-05,0.0010065653348777883,-0.15787222937799328,-0.03418586697065962,0.0014874637126922501,0.008801863228109117,0.0080963969230651,0.0702801389707648,0.011466920375823801,0.06732914380789617,0.002053328976035087,0.0271724183401372,0.0021710395812988,0.02343549293063125,-0.0033705234527587,0.0029509951628686223,29,51,16,131,-0.08515129861882677,0.7938961249889741,0.002302562284708707,0.016377576634727248,0.003461368381976975,0.026562187249317484,0.0021397330705076123,0.019560888317148726,71,15,1.2867851115209967e-05,0.0017508401592557928,0.579061530872671,2.925861857142772,0.00172831118106835,0.011047168776663212,0.0081488788127899,0.12717400659999953,0.016860365867614698,0.12335355873921555,0.0007818944752216254,0.03240488372124828,0.00043396651744840003,0.024259613968363486,-0.0087114870548248,0.0038204478607839726,65,38,13,95,0.004533710382637126,1.7536606833161603,0.0027345537346010426,0.026471941188136748,0.00323896296322335,0.020921840033905754,0.0021071363659575073,0.018986436595714834,78,15,1.1602901213152087e-05,0.0016422484643413137,0.012162361139843814,2.68245643966893,0.00164682045578955,0.010249033258354745,0.0073601007461547,0.12578570243807963,0.0149710178375243,0.12012427328583289,-4.104729741811865e-05,0.030672266733058135,-7.646158337593079e-05,0.023617434659865353,-0.0076109170913696,0.005661429152246742,82,42,16,78,-0.16790076943445867,1.744455769030645,0.0027010602861242674,0.02648509992047319
Other,0.0049210870280990025,0.061883902935518556,0.011616818681359062,0.0959680664058919,0.0033482611179351503,0.026080589656540504,0.002047915267758052,0.014438402819342498,75,24,1.8379862198151916e-05,0.0013070924824501195,-0.008293660828145644,1.2701171964283198,0.0016893744468689,0.012407311468771554,0.009712815284729,0.09619972653072346,0.0141924619674682,0.09506939826374976,0.002192495390772789,0.03076819292280976,0.0020618140697479,0.030306247579912585,-0.0044796466827392,0.0011303282669737067,33,48,13,127,0.23774133148904866,0.9144286021020179,0.0025927577577212883,0.018984488055116978,0.0036576911807059747,0.029580967836441305,0.0022701282729394403,0.02183987363686981,77,18,1.3608996981657396e-05,0.0018256030476761864,0.02507592593544672,1.7505280149710458,0.0019568949937819498,0.011588006678350141,0.0064332485198974,0.12382225415198168,0.015207111835479601,0.12204550601766952,0.0007760493084788205,0.0320457519048018,0.0007257610559463,0.020630615113173607,-0.0087738633155822,0.0017767481343121724,60,39,15,100,-0.35214447101574753,1.4997370651990591,0.0028201200892125668,0.02826080028116823,0.00349372997879965,0.024451465062266482,0.002203385502216354,0.021343607649080453,81,15,1.3070056744617548e-05,0.001869729045820948,0.07322021950582824,1.4810194479294436,0.00174158066511145,0.008025948818719993,0.0073601007461547,0.11852189983000201,0.0151470825076102,0.11645106985798157,-8.968398906290216e-05,0.03315412157828033,-6.836652755737305e-05,0.021867188536901346,-0.0077869817614555,0.002070829972020445,82,43,13,78,-0.2180546221835246,1.5302171916112333,0.0028656705446425505,0.02775848101380107
Other,0.00518995991128215,0.06617812977684696,0.01223898448049999,0.10310974376280654,0.0036666393280029496,0.02722923773317706,0.002192403292283396,0.015960892615479044,73,20,1.9534894569658956e-05,0.0015076634166725647,0.12154621147477851,8.165671132660096,0.0018580555915832,0.01292332951699006,0.0101135373115539,0.13866872756541537,0.0148130059242247,0.12921539160736642,0.0021701104938983634,0.03159869044493352,0.0016760826110839501,0.026078566336479224,-0.0046994686126708,0.009453335958048948,35,47,15,125,0.3639769458776551,2.3689050426603795,0.002747198376264442,0.022565154084070244,0.0035486966371535,0.03603802428428628,0.0024207891477271556,0.022674259771878712,82,18,1.6716574263364204e-05,0.002281134711696452,0.29325396417472405,1.383273280899961,0.0017728358507156001,0.01929721933947759,0.0077838897705078,0.12779465887894753,0.01655775308609,0.1252892530117491,0.0007374899461865313,0.03696095224796643,0.00081267952919005,0.03224099960537915,-0.0087738633155822,0.0025054058671984416,58,36,15,102,-0.40726588377894873,1.373335767500876,0.003156937851401495,0.03024934248244079,0.0037833023816346246,0.0214212617999457,0.002371560270548749,0.022374909460837394,83,16,1.5277993788577377e-05,0.0022211971439390897,0.9428292199023636,3.010018171711039,0.00188624113798135,0.012034762622458915,0.0087806582450866,0.1383982515955913,0.0200596451759337,0.13473475821724787,5.5106962099671474e-05,0.034550101069906615,0.0001827292144298,0.023911910669022415,-0.0112789869308471,0.0036634933783434255,76,45,14,84,-0.3699207456337079,1.8948612253824209,0.0030993136737657665,0.03205444836521645
Other,0.0047608481726920384,0.06420253451592062,0.011289105042814974,0.09843081215010513,0.0036896467208862,0.02642212105479286,0.002222611736506204,0.017921972545311214,79,19,1.9254370039333948e-05,0.0014816738096080004,-0.06472091177084494,1.0521640054094963,0.0018958151340484502,0.012426424204544059,0.0101135373115539,0.10729915820301528,0.0148130059242247,0.10418377666383637,0.0021164998412131967,0.0311885634727849,0.00207179784774775,0.025180538286445252,-0.0046994686126708,0.0031153815391789063,32,49,16,128,0.11842171827383197,1.2025150552764035,0.0027571582666578057,0.022559860773330765,0.00294921547174445,0.03313383755309829,0.0019588011223822437,0.01751291695150224,82,22,1.2028185227581307e-05,0.0015644961655167976,1.1932958462264498,-0.03203506707672732,0.0014896392822265998,0.01581232005806484,0.0077838897705078,0.09306370768423018,0.0157689154148101,0.08948986873525959,0.0006726127117872097,0.03350736104784095,0.0007137954235076,0.030349766027437212,-0.0079850256443023,0.003573838948970591,55,42,15,105,-0.38256049416933074,0.7533409266026102,0.0026663914148221104,0.021017919048431716,0.0032949540764092497,0.017237767739564088,0.002166114293504459,0.018116567308317413,84,17,1.3020119330342763e-05,0.0018842349832844656,1.6375441177945511,5.932552653077858,0.00166493654251095,0.00892665216179106,0.0087806582450866,0.1441938853471942,0.0200596451759337,0.1402216008857327,0.00011332216672598798,0.03373488762947928,0.00030214712023730005,0.02678215058325376,-0.0112789869308471,0.003972284461461503,74,45,14,86,-0.3712549439524911,2.2534125389112507,0.0028593411156401386,0.027316521372804253
Other,0.005476811461678241,0.07166929429906596,0.012980804145335915,0.10986448390154421,0.003623276948928875,0.022785516252769467,0.002150357514619809,0.01622105687864211,80,18,1.8077264958548815e-05,0.0014596312178982234,-0.20015715636171105,6.354510392641005,0.0018231570720673,0.010391438715447156,0.0095987319946289,0.13505111729394528,0.013611435890197698,0.1346992195133556,0.0020258188247680386,0.030275609268830894,0.00200042128562925,0.02539819749837533,-0.0040127038955688,0.0003518977805896896,34,46,16,126,0.03485833285341781,2.0564524619455122,0.0026906497661969213,0.023302761666791873,0.004034414887428174,0.03402785568109793,0.0027867162600159283,0.030507284091069186,80,17,2.4630391566011304e-05,0.003549939264715936,1.675041593480275,3.4531472493944673,0.0020172148942946997,0.012846737275138399,0.0114998817443847,0.18521636619622484,0.023857474327087298,0.1828375341755358,0.0008813878521323063,0.041155161358689775,0.0008531957864761,0.024576380652816622,-0.0123575925827026,0.0023788320206890347,56,42,16,104,-0.33398514515463795,2.00812834146093,0.003835242097316294,0.04308354625905514,0.0035515911877154003,0.02735288890370434,0.002443783468333955,0.024948073705269403,79,16,1.754309806355451e-05,0.002660628133799293,1.8592562101888799,2.121835138300529,0.00177511572837825,0.011595021355151908,0.0121159702539443,0.14028316393032866,0.0222566202282904,0.13660690151419033,0.0001186518929898723,0.03843371327402354,3.993511199951172e-05,0.025525568817773646,-0.0101406499743461,0.0036762624161383248,78,42,18,82,0.3166174114410393,1.7423558114624553,0.0033195222840380813,0.03440171242495698
Other,0.006548544111200835,0.09212962325053092,0.015479067564010384,0.14159701941861524,0.0033673346042633247,0.027851235222343153,0.002239749366417506,0.017315155375132212,78,20,2.0153712096337552e-05,0.0019032865202688832,1.274555747596886,0.6006908870560497,0.0016770362854004002,0.014681529674086452,0.0116594433784484,0.10375472708440645,0.0189151167869567,0.10065601413236183,0.001931941881775829,0.03739175016908013,0.0018206238746642498,0.03528788660109204,-0.0072556734085083,0.0030987129520446167,36,44,15,124,-0.10449301267272607,0.9039114170072906,0.0029865392985506845,0.022475398540670613,0.0056186616420745,0.05157078756101391,0.0037756053917109567,0.03746479239951889,79,16,4.15603525118507e-05,0.006232421452272913,1.4784706169544997,5.617985054557579,0.0028050541877746,0.026016900984608616,0.0204996764659881,0.2847390797227333,0.034347891807556,0.28330884327986444,0.0008471474051475455,0.05600893699267169,0.0008124709129333,0.041136044634150826,-0.0138482153415679,0.0014302364428688862,66,35,14,94,0.050293257932233444,2.2404542481185685,0.005041469446748546,0.055636502668875994,0.004471506923437025,0.029199810044344413,0.0030491363583132125,0.025635578511639952,79,16,2.8441906646347663e-05,0.003524107700639473,3.8418042728578703,1.662388698152526,0.0022401884198189,0.015175829060425193,0.0121159702539443,0.1652552552751073,0.0333174020051955,0.16005956402366356,-8.839108049869238e-05,0.04819633225686342,-0.00022179633378975,0.03753703839812275,-0.0212014317512512,0.00519569125144374,83,45,17,77,-0.4566431402680658,1.4121936238309554,0.004228490212842668,0.0346586390042295
Other,0.009397951916167767,0.2655838540075632,0.021805206015705837,0.4026280061083467,0.003507524728774925,0.055431087707474624,0.004549290752038342,0.03363361598124767,120,26,0.00044651741556944887,0.04717344491943756,137.47237478217647,2.232174306019279,0.0018226876854896502,0.027650640368617654,0.0050095468759536,0.3708611564513117,0.2091107219457625,0.2824926896134008,-0.0030891017057001423,0.2125378964464951,-0.0008576959371566499,0.21327085845143978,-0.2041011750698089,0.0883684668379109,110,47,14,50,-11.476235375803945,0.5155101766749364,0.016468940399109774,0.04473351644501593,0.008314449340105,0.10568462180430035,0.006748989735497135,0.07508963812804306,62,20,0.00020956482337211317,0.027558463642062655,10.735658156941023,3.8872837525583774,0.004184663295745799,0.04261377412434965,0.0702703818678855,0.5399470738560787,0.08318159729242311,0.524377901646588,0.004338133661076416,0.13097476251390472,0.0022211223840713,0.09300045840554609,-0.0129112154245376,0.015569172209490558,61,39,13,99,2.6758132888587194,1.8461100694650847,0.01062374750335542,0.10200036875663203,0.0024330914020537996,0.02211383688194459,0.0018700952408835206,0.014483156937162045,63,24,3.971796317454554e-05,0.0038945537708902607,93.47925318102494,1.1632036512584607,0.0012821555137634004,0.011572831593975121,0.0507557392120361,0.10949882044996725,0.054392099380493095,0.1045280735919566,0.002454599365591968,0.05911534714794699,0.0020758509635924504,0.05812668584821429,-0.003636360168457,0.0049707468580106615,19,48,15,141,8.672810040466281,-0.17787479700616976,0.004349356223716488,0.01999823748403787
Other,0.0045933447215056235,0.06185137678635817,0.010661577433347481,0.09236602551550577,0.0018352083861827,0.01935294821849137,0.0014541856187860957,0.010585509065260915,77,20,6.1555679625977414e-06,0.0007686868609803769,0.7689764846661524,1.1794887232064095,0.00098802894353855,0.00931709400760963,0.0063347369432449,0.0690841493158281,0.0119426995515823,0.06470886847106921,-5.546165630220953e-05,0.02415469785157868,-0.00012375414371485,0.020998435480375048,-0.0056079626083374,0.00437528084475889,87,50,17,73,0.08712641282136795,1.0256605491911235,0.0019668073241597937,0.013610195908924936,0.00543566048145285,0.03610903235588538,0.0033037859108298534,0.030480770000459914,76,17,2.9404428848231478e-05,0.004344085836121212,0.3262152152399027,7.912163940604383,0.0025925636291503997,0.016174455262822077,0.0117021054029464,0.25696045858432215,0.024613320827484,0.24764519159331833,4.10733744502098e-05,0.04827726520898271,-0.0001512840390205,0.032428392783152286,-0.0129112154245376,0.009315266991003837,83,41,18,77,-0.1235199448210723,2.549055918386606,0.004300192303209776,0.04487083128339345,0.002267360687255825,0.01702224837455889,0.00130449831485747,0.009224703687689706,80,19,8.99143557546694e-06,0.0005389270370688469,0.30040826600368487,2.4357287244654335,0.0011474788188934,0.007897581909428499,0.0070810317993164,0.06561863008157298,0.0093610286712646,0.06391568190496759,0.0017286792397498752,0.019934062454944376,0.0017400383949279,0.017584969591581158,-0.0022799968719482,0.0017029481766053917,18,48,19,142,0.3764475739623058,1.2369920076798295,0.0016272260057180637,0.011897907005487311
Other,0.00557552181338588,0.08670296112150323,0.013176956325769198,0.1366943137605617,0.002607759088277775,0.02180952166835378,0.001966637654695613,0.015718270891310705,79,23,1.2034755910228204e-05,0.0015975218185092814,1.7479402663281176,1.1448210893671513,0.0013712868094443767,0.011081734231631168,0.0109724998474121,0.0988023329706738,0.0193919390439987,0.09860738750977559,0.00017487276345491492,0.03415579072668611,0.00011885166168212334,0.0315743079195986,-0.0084194391965866,0.00019494546089821187,76,46,17,84,0.3693573586848751,1.0230832921925301,0.0027455884726001337,0.02075822194563167,0.005824986845254825,0.06604017561640811,0.003901068062987131,0.037363122495315565,82,22,4.585883180980568e-05,0.006634755406017097,1.7762908459076145,4.289558197102933,0.00298341363668435,0.03358833249019332,0.0173307359218597,0.2749583151796282,0.037793532013893,0.27395401996735935,-5.2818562835453043e-05,0.06374451061562954,4.44948673248291e-05,0.05366826181738646,-0.0204627960920333,0.0010042952122688539,78,41,16,82,-0.3700690944634227,1.6748879142943662,0.005370216498269679,0.050708902299211614,0.0020360499620437,0.029680524882196784,0.0015907018911093332,0.015777534509600722,85,24,1.9513538205159958e-05,0.0018814236992653875,30.96061321012639,-0.7302580088104986,0.0010343492031097,0.01499230975100279,0.0169840455055236,0.08033589418899273,0.0397093892097472,0.07708927589053326,0.0018136866390704748,0.03879401241824605,0.0018749833106994499,0.037902924233875424,-0.0227253437042236,0.003246618298459476,18,48,18,142,-2.5138853295400656,0.18977361307738416,0.002993746463930533,0.019402275633501317
Other,0.005752259989679015,0.08830144812987953,0.013613606393337018,0.13796184578433868,0.003267135471105475,0.01731231906858017,0.0022668400721158346,0.01764334999185599,77,17,1.4321548935202946e-05,0.0018861656254299938,0.6728148718155009,2.814005576694483,0.00163580477237695,0.009087563613694241,0.0109724998474121,0.11742402812308815,0.0193919390439987,0.11473858742559039,0.00021177763119340013,0.03509755906702296,0.00014515221118925002,0.02933763361800761,-0.0084194391965866,0.0026854406974977712,73,43,14,87,0.2711901991765416,1.7720846354665731,0.0029936819540812365,0.025579815733637105,0.005885347723960824,0.052314773987841345,0.003834016803884832,0.03425339381119632,79,21,4.637086344201952e-05,0.006568553395836088,1.996696840790265,4.17055710714055,0.0030415058135986,0.026783538683491474,0.0173307359218597,0.23874954911639984,0.037793532013893,0.22960222433414051,-8.533177897333936e-05,0.06548925719273593,-8.86768102645874e-05,0.058073966694015725,-0.0204627960920333,0.009147324782259334,82,39,18,78,-0.16009490944557705,1.775119001113626,0.005399697931337922,0.04774631491727684,0.002118155360221825,0.03729444896813944,0.0016800265852361749,0.018969538243462366,82,25,1.9958865456608127e-05,0.0018767681706588846,27.918264597285606,-0.9213287405957904,0.0010722279548644998,0.019481109303273795,0.0169840455055236,0.09136484810080976,0.0397093892097472,0.0869079165690608,0.0017721351236104597,0.037375029524579786,0.00179287791252135,0.03722558427463394,-0.0227253437042236,0.004456931531748956,23,45,15,137,-2.3498110227485745,0.2290442826218506,0.0030647236963369595,0.021906057123445885
Other,0.004522759948693087,0.06267688292799398,0.010629345774650339,0.09459959937939508,0.0025138109922408,0.013477657733146731,0.0016709223738871064,0.01203624285575126,75,20,8.020127384748831e-06,0.0009693362587829981,0.49606938662865296,5.35984702689737,0.0012885853648185609,0.007081974805466941,0.0070609450340271,0.09957039092754193,0.0120167732238769,0.09619138104255086,0.0001479780301451703,0.025706853883931263,7.462501525878906e-05,0.020706133567349724,-0.0049558281898498,0.003379009884991067,75,43,13,85,0.345465250749694,2.016432613990321,0.0022409975582119283,0.017563995051616422,0.0046334452927111,0.03356495495922289,0.0029674971359781427,0.02518475578145125,75,19,2.708855549660556e-05,0.003832419024770901,1.9692267400770431,6.479245400626759,0.0023252889513968996,0.01776577789494358,0.0154708921909332,0.21327318936835263,0.028078764677047702,0.20515096023916368,-6.031710654497062e-05,0.050154432230130774,-0.00016251206398005,0.04435205420282644,-0.0126078724861145,0.008122229129188934,86,41,17,74,0.1453935339428925,2.124614565288502,0.00412712567309819,0.036289832631800883,0.0021069049835205,0.010605049725343558,0.001280945651233183,0.007718659948112358,78,20,9.460002939860265e-06,0.00045932327840088447,0.7335342884513993,2.410900823021736,0.0010623037815094,0.00514004664620346,0.0066450834274291,0.05358427593735168,0.010650873184204001,0.05097242696247203,0.001792524755001029,0.018738313265333043,0.0017791390419006,0.015870429632812752,-0.0040057897567749,0.002611848974879653,22,45,16,138,-0.08121966834049164,1.4889373114112838,0.0016481304339056278,0.010401869753612956
Other,0.004389410861717508,0.05939745111016314,0.010411568582057728,0.08984438052404208,0.002206157892942325,0.016242965625877605,0.0014877814520149982,0.01054954524571384,73,24,6.30332559603962e-06,0.0007899566143743476,0.9365728101822524,2.673687101399591,0.0011406913399695869,0.008211360291396894,0.0070609450340271,0.07790843718013794,0.011877492070198,0.07410835572642593,0.00012119933962822136,0.024460676303143313,5.736947059631346e-07,0.023383806607470546,-0.0048165470361709,0.00380008145371201,80,43,18,80,0.4252817759872767,1.1079494902494795,0.001987353530563945,0.01384311847696143,0.0047599337995051,0.051239599995335235,0.0030265095643698674,0.03185014490549145,75,18,2.5017496520751192e-05,0.003711513896591207,1.043504353104784,1.2693055316322859,0.0023804828524588498,0.01753811112575213,0.0120669901371002,0.18007246672066893,0.0246748626232147,0.17719193702993738,-0.0001317545771598778,0.046610733568664645,-0.00037089735269545,0.030389630937575216,-0.0126078724861145,0.0028805296907315485,88,41,14,72,-0.18080497066271456,1.2927724229672448,0.00396444272186652,0.03922949671844091,0.002121120691299475,0.01274167823534764,0.0012006510235369125,0.00828834570065651,83,23,9.158775056547741e-06,0.0004693338686685845,-0.20447226663607942,2.4707923123460658,0.0010712444782257499,0.006026555723056804,0.0066450834274291,0.058971794717385666,0.0083660483360289,0.05552905647410766,0.0018690124154090494,0.018772970652234114,0.001900315284729,0.0165583341983779,-0.0017209649085998,0.003442738243278003,18,43,18,142,0.16682624313469815,1.335264765972859,0.0014983519672460497,0.010812466950651974
Other,0.004171783133236703,0.05772111999089817,0.009903309345245135,0.08755741285720241,0.0022287406027316752,0.02040249759126258,0.0015023438516072467,0.011004848353970422,74,21,6.210488532440758e-06,0.0007555775381284913,0.6957662446647479,0.6704154044432298,0.00113252550363535,0.009767840361720893,0.007151573896408,0.06876152014162049,0.0119681209325789,0.06370738975490796,-3.479262813925011e-05,0.024006824255200468,-0.00025039911270135,0.02128859399829252,-0.0048165470361709,0.005054130386712521,88,44,15,72,0.3900515918402066,0.8387462951320233,0.0019760438988331865,0.01338842512427843,0.004142001271247725,0.038374478301043256,0.002779104730579954,0.027083139717868056,78,21,2.239421279381659e-05,0.0032744094747652547,1.4780309814926182,1.3744963281925342,0.0021646991372107497,0.018405168795220223,0.0123855769634246,0.15513679199267774,0.024470150470733497,0.15248739628318725,-0.00023016771301626575,0.04494940020166441,-0.00041196495294565003,0.035338619076672365,-0.0120845735073089,0.0026493957094904878,87,39,16,73,-0.06538556464575793,1.3001397798330203,0.0037458110198255825,0.035411310287475496,0.0020867884159087996,0.013558091889324855,0.001158947534859173,0.007724641157119824,76,20,8.416648243922678e-06,0.0004353112415569838,-0.3826204323626272,0.15019991152340983,0.00106343626976015,0.004659165622992722,0.0056877732276916,0.046473204231921514,0.0075644850730895,0.04531471657062584,0.0017876930534839232,0.018601188400337542,0.00173443555831905,0.01516767875271673,-0.0018767118453979,0.0011584876612956727,16,46,17,144,0.22223358412817956,0.7925343096017746,0.0014413685666346814,0.009450239766912364
Other,0.004877763168080083,0.07489129282801853,0.011409687846898813,0.1104560790701788,0.002414651215076325,0.020630147324706145,0.0016167476424015614,0.012878079391938307,81,24,7.890745811254035e-06,0.000946062410473114,2.1750557995886703,1.4178636823388615,0.00117430090904235,0.010555487016051725,0.007151573896408,0.07790653647839668,0.016941800713539002,0.07329097624892428,7.376354187727271e-05,0.02611683097520754,0.00011699646711345001,0.02262238413535131,-0.009790226817131,0.004615560229472399,77,45,15,83,-0.321169145743036,1.1571158654291889,0.002226490048037732,0.016247262855187454,0.0049479939043521,0.05156127019318642,0.003506971913156984,0.03112490436295543,75,20,3.934371877944713e-05,0.005616948521721154,3.323989327834986,0.04815700873396489,0.00258095562458035,0.024908577266529473,0.0231566280126571,0.1671225450142761,0.035241201519966,0.15477973859704358,0.0001227277331054248,0.06383428522290961,-0.00010642409324644795,0.05505076163570348,-0.0120845735073089,0.0123428064172325,83,37,14,77,0.8632361508815667,0.8677893621049578,0.004972858372519609,0.039269995566607575,0.0022529065608978,0.0191262657298775,0.0013979417178779676,0.011395590503948371,77,24,9.767846816756934e-06,0.0006165422662997356,0.31076658854686423,0.43557890911857644,0.0011954009532928501,0.009723548895143303,0.0060715079307556,0.06381315400025966,0.0101679563522338,0.06210111316689458,0.0017042480409145023,0.020504962872061657,0.0016649961471557001,0.017952759296393644,-0.0040964484214782,0.0017120408333650868,26,45,17,134,-0.009371184565360346,0.926795047893434,0.0017945950649258637,0.014003169780985609
Other,0.005722723033482427,0.08559198679164735,0.013475047945976036,0.12616831194216235,0.00332731753587715,0.02375320959932851,0.002016330137848814,0.017284702488779335,80,16,1.1566448802948461e-05,0.0014300885087990235,1.0369114701384214,0.6570814101070868,0.0016551092267037,0.010674614291190987,0.0059645622968673,0.09275990195622327,0.015754789113998302,0.09049233424968281,0.0002955541014671259,0.030546163213720227,0.00029300153255455003,0.024766676871646402,-0.009790226817131,0.0022675677065404636,69,43,14,91,-0.5669691467755651,1.1506363079926032,0.0026807824399817425,0.022293954824565986,0.006378833204507725,0.046553120079860774,0.0042047356069087535,0.030769823327733255,72,25,5.3538056267896045e-05,0.0068844292422954026,3.7359717863251927,1.1912411866352208,0.00319702178239825,0.02446652341407251,0.0260537713766098,0.20521200815816054,0.044926390051841694,0.2002932890640824,-4.340261220931261e-05,0.07260961073973127,-0.00046936422586435,0.0735631442435333,-0.0188726186752319,0.004918719094078152,89,40,15,71,0.9680604054178594,0.7876158135426984,0.005802571659821138,0.04015312778003854,0.00226031243801115,0.012636642690033895,0.0014772150479256901,0.00927837007948063,86,21,1.070878771031368e-05,0.0007070750329264294,1.3293724461381,3.4506633921340617,0.0011022090911865501,0.00643019619711241,0.0060715079307556,0.07191343598624247,0.0122675895690917,0.07005333627725548,0.0017105691134929335,0.023012537988710845,0.0018911957740783002,0.02167265971445017,-0.0061960816383361,0.0018600997089869937,27,48,17,133,-0.5682589792390506,1.56640516559798,0.0019469558569316107,0.013322842348559474
Other,0.005195471485649775,0.074000291974276,0.012344118058681259,0.11102688135912478,0.0035996511578559,0.02617227009997984,0.002060062785167201,0.015764664756703777,77,19,1.0943809845911038e-05,0.0013835080150071764,0.17042508277583712,2.3143916098256048,0.0016766190528868965,0.01056793513154643,0.0061223953962326,0.10482880060314535,0.015193298459053,0.10039898154860413,0.00019385349005460406,0.03099592333428628,3.8668513298034685e-06,0.024667248098555798,-0.0090709030628204,0.00442981905454122,80,41,17,80,-0.09409412403532202,1.4105368198552584,0.0026163110960921946,0.020561146652417588,0.00573083385825145,0.05679331413111501,0.003719164151698306,0.0326699083120864,82,23,4.214596658563554e-05,0.005257385457934623,4.323108132089071,1.3533081518771857,0.00284478813409805,0.03086530107360729,0.0260537713766098,0.20459928260414068,0.044926390051841694,0.20024817947684473,-0.0003473497927188871,0.0594441774316449,-0.00029085576534270004,0.05794964301443754,-0.0188726186752319,0.004351103127295945,83,40,15,77,0.5188641549773505,1.0292193807879528,0.005136680497006055,0.0415183721671472,0.00200234353542325,0.01699374583447423,0.0012651113793253742,0.009632149190832738,82,24,8.516192454095191e-06,0.0005757506244210956,2.932277133466222,0.3504667138512514,0.0009550154209137001,0.009762262229123067,0.0055868029594421,0.05268379079727346,0.011782884597778199,0.051785987342063786,0.0015427544713019947,0.02058678059319361,0.00155586004257195,0.019570930289993935,-0.0061960816383361,0.0008978034552096686,23,50,16,137,-0.9306265800714817,0.8419365624934368,0.0017207659330409125,0.01232619524544386
Other,0.004901760734141869,0.06912670671809332,0.01162159428000427,0.10287293069846834,0.003121823072433375,0.018929116454334663,0.0019387181778437932,0.014058105894511229,73,18,9.514317079592736e-06,0.0011840341002747683,0.027076600872812495,4.579620214050371,0.0015471503138541499,0.009596088483921746,0.0076303482055664,0.11108400186571235,0.0127026140689849,0.10938174893696644,2.9983185231688285e-05,0.027808910349123542,-0.00030130147933955,0.023936817683281174,-0.0050722658634185,0.0017022529287459176,87,44,16,73,0.39334590531708796,1.8596601845992597,0.0024460054322178165,0.020265700221536335,0.005877051502466049,0.0410790347139071,0.003612338186940132,0.028166631409228787,87,18,3.299231025845006e-05,0.004643087222392961,-0.16771966722740794,2.0661229210454524,0.0029731541872023504,0.019488735032389744,0.010783702135086,0.19297482478173436,0.0239419639110564,0.18540403181169232,-5.0317961722614875e-05,0.056825139877843246,0.00033949315547935,0.050612336701777935,-0.0131582617759704,0.00757079297004205,74,41,18,86,-0.2495894308235185,1.3312670054466695,0.004554924021818336,0.03760306769741678,0.001878321170806925,0.016400607529825265,0.0012051163660362204,0.009894020796522083,81,19,7.288951724539749e-06,0.00047251706624677157,1.647510848994994,-0.3509443377089463,0.00093725323677065,0.0072539153505172685,0.0063895583152771,0.04550846207854996,0.0115856528282165,0.04465655306805755,0.0014166053384542117,0.018238880471501552,0.0014477372169494,0.014972964222326794,-0.0051960945129394,0.0008519090104924128,27,45,18,133,-0.15568355628475364,0.8416347293877007,0.0016015163075728442,0.011826254918318433
Other,0.004741347208857293,0.06573107816745821,0.011267691701650389,0.0973554159473958,0.002741355448961125,0.021081594774611627,0.0017333894735201718,0.012421104146243462,76,21,7.831286862806922e-06,0.000949166827322379,0.33544459450793385,1.3526938284513852,0.0013758614659309001,0.010299999887181097,0.0076303482055664,0.07630914571490448,0.0126266777515411,0.07244287838088048,2.1254178136590053e-05,0.026379739936548883,-0.0001544803380966,0.023166062917770954,-0.0049963295459747,0.003866267334024001,83,50,16,77,0.30363337398582807,1.0941314160521778,0.0022192077569130855,0.015914651997528152,0.005492258816957401,0.05048718835344017,0.003529254142194939,0.03104385598789151,79,20,3.083561988465655e-05,0.004378236858838385,0.09064039282331082,0.4532172540321642,0.0028021782636641996,0.023433564573057883,0.0148580074310302,0.16655307306984268,0.0254847854375838,0.1622029776303615,-5.167871713638139e-05,0.05396973160244079,-8.876621723175049e-05,0.04118760050445489,-0.0106267780065536,0.00435009543948117,81,39,18,79,0.07928893185935947,0.9795621845526995,0.004403496808103086,0.038281913870637244,0.001822948455810575,0.012755463143870046,0.0011659306008368624,0.008425910125479906,75,23,7.596971503715795e-06,0.0004085135116875594,0.41016930472806656,2.182553484333569,0.0008884966373444,0.006626504609841265,0.0063895583152771,0.05737901302303931,0.0091535449028015,0.05479744415916279,0.0015685983002185454,0.017005944408406127,0.00147184729576105,0.015079778521396104,-0.0027639865875244,0.0025815688638765252,24,44,19,136,0.24331171580830666,1.3135418862495194,0.0015172323569678774,0.010922974249981544
Other,0.008618789551762911,0.14123436554456856,0.020400664210319296,0.222910355671382,0.0050148852169512505,0.061799265157098146,0.004122443725354924,0.048734072887157066,74,16,6.29706928556922e-05,0.009499717946937599,3.673212917232859,1.8734515989890923,0.0025020390748977496,0.028741684829624206,0.0216266065835952,0.2842684140554243,0.0479487478733062,0.2791133285393556,-4.281792789697369e-05,0.0728590222246363,-0.0003424361348152,0.051273186867097226,-0.026322141289711,0.005155085516068679,86,45,12,74,0.08653470399189674,1.5717351104384594,0.0062930409531158455,0.06474010215783997,0.007128283381462025,0.09711429585214108,0.005105905756354284,0.05368002417882333,72,21,8.412544730527577e-05,0.01275939550872013,3.5041235399927375,-0.23757970716753407,0.0035477951169013496,0.03980202866436118,0.0304930508136749,0.2662400160577218,0.0529550313949584,0.25100689564434725,-0.00013829246163367802,0.09362762339636804,-0.0008664652705192,0.06966781519269354,-0.0224619805812835,0.01523312041337453,89,36,14,71,0.9331001381087451,0.7979155103595091,0.007272540221186992,0.06319227520724358,0.003569290041923468,0.05107599935834333,0.003078285790979845,0.031099412859638628,72,21,3.876977851906055e-05,0.00495269723938439,3.496050674071128,3.2961174441456533,0.00183585286140445,0.025240857125328947,0.021608829498291,0.21964862202812555,0.0362237691879272,0.21725915874475143,0.0017044898122548797,0.05642371005037769,0.0014366209506988,0.04899757733082249,-0.0146149396896362,0.002389463283374105,42,41,13,118,0.25269653852306195,1.5846650959942885,0.004632488612667901,0.04206022091638722
Other,0.0094098361590741,0.14793032277294166,0.022269858494400746,0.23044043677732334,0.0067157112061976,0.07491315402282406,0.00486346149526066,0.05346076506366105,73,16,7.227980620971393e-05,0.010973206636216181,2.257562236953805,5.907994129350831,0.00346720591187465,0.024167456428409076,0.0216266065835952,0.3990414608105802,0.0479487478733062,0.39019324628654195,3.148899413645601e-05,0.07576967988804963,-0.00056063383817665,0.045597205708241176,-0.026322141289711,0.008848214524038223,87,38,13,73,0.10561550089101132,2.139310123186457,0.006742254802602359,0.07233368679860491,0.0076388232409952996,0.08155066722067215,0.005441844627493945,0.05512713820176259,71,18,9.179252291243632e-05,0.014055234092424698,2.620684488479081,0.6604597839091646,0.0038004890084266498,0.03500287352093953,0.0304930508136749,0.30692638434820924,0.0529550313949584,0.3002448561331109,2.8370786458259798e-05,0.09666612511315177,-0.0004719123244285,0.07916319162873015,-0.0224619805812835,0.006681528215098347,89,38,13,71,0.8346314633917116,1.1084365861973584,0.007598048204770158,0.06863595521323487,0.0042444169521331,0.05293279870794685,0.003226352231577015,0.03163956017092957,78,23,3.965176837500144e-05,0.005102541676301288,3.161787838320951,3.3502272750053574,0.0021577775478363002,0.027410235449509546,0.021608829498291,0.2246028732223045,0.0362237691879272,0.22160086168917073,0.0016806472092866682,0.05800463177612194,0.001660943031311,0.05085189092038429,-0.0146149396896362,0.00300201153313375,48,39,14,112,0.23730791623752434,1.4199474165228514,0.004700625430598064,0.041689379568635866
Other,0.011687484355015671,0.21713643382741832,0.027819593474268683,0.32611315271663266,0.007057413458824026,0.060486970336761814,0.0050570832088123515,0.055801443178777096,86,16,8.102735675073772e-05,0.012191314964187943,2.5145692807849294,2.6902895763369674,0.0035090819001197503,0.0262127465318222,0.0184851139783859,0.3251256775478616,0.047163560986518804,0.3222777781378408,-0.00019558765925467412,0.07716464638282798,0.00027160346508020003,0.04901480927087992,-0.0286784470081329,0.002847899410020762,76,38,14,84,-1.0008531206059654,1.8613604074250214,0.0071359727159671284,0.07897425094802135,0.009814176708459726,0.1727801320183203,0.008048778413794888,0.0897538054666901,76,19,0.0002574995848859595,0.04031079121119811,5.524933073511788,0.4978737051604276,0.00500147789716705,0.08075988064636871,0.0496333837509155,0.4876817470248605,0.1016666740179061,0.4787658478396328,-0.00020012045279145198,0.165056714012388,-0.00044402480125420004,0.13758471808363007,-0.0520332902669906,0.008915899185227722,86,40,13,74,0.23962944491335583,0.9672746110563653,0.012724351629277958,0.1143112959012838,0.004236206412315275,0.07964003156727892,0.0039146410208195145,0.04289033900576997,79,25,6.643949489479368e-05,0.009459406138929235,3.647185787173531,-0.924458270435609,0.00220295786857605,0.040516066295706685,0.0243324637413024,0.20245781633784068,0.0465575456619261,0.19234285641126317,0.0016914747655391513,0.08389179232141666,0.001660943031311,0.08095308004054849,-0.0222250819206237,0.010114959926577518,51,38,14,109,-0.033278706364540896,0.32152762916697575,0.006237528733898073,0.04920948404555299
Other,0.01603893777621428,0.24976037925066816,0.0380167571455238,0.3726480721448757,0.01177680492401115,0.08729500044418877,0.008274081145646007,0.0939756694189819,90,14,0.00019375626575084996,0.03017676991468405,0.5909915124977356,5.905851760107359,0.0061043053865432,0.02627298651399886,0.0299139320850372,0.6743078089376665,0.0611429512500762,0.6678531231579493,-0.0002751635853201236,0.10049747696284335,0.00075465068221085,0.03858923732003933,-0.031229019165039,0.0064546857797171935,73,31,14,87,-0.34818194313189804,2.5000064539758444,0.01103553784108904,0.1416934262370235,0.0158133767545222,0.15323228311474166,0.010904495578724844,0.11371799154054871,78,17,0.0003654699421424119,0.057568371431091975,2.0846661645225595,2.5925136497469268,0.0081149935722351,0.07076820247606337,0.0496333837509155,0.6961924106210908,0.1016666740179061,0.6679486388999226,-0.0003046887926757325,0.1858161267160006,-0.0009689629077911,0.13382062830077657,-0.0520332902669906,0.02824377172116824,83,33,14,77,0.26475257635695587,1.6808544541284722,0.015157898614042289,0.15179176026173224,0.00526770949363705,0.0784382264087623,0.004254684518091348,0.04329993531427056,77,21,7.118910079608221e-05,0.010032460105797726,2.9562864448725037,-0.8162374311681742,0.00264084339141845,0.0379686524128133,0.0243324637413024,0.19901075678635496,0.0465575456619261,0.18708176942490973,0.0018407780677079974,0.08633446846603184,0.00174409151077265,0.07497208319689258,-0.0222250819206237,0.011928987361445233,52,40,13,108,-0.08373737778295788,0.5314793384749277,0.00643142630995442,0.0507820801118414
Other,0.010087407770014436,0.1626931114370918,0.02374716974794842,0.2420402523235801,0.005246063694357799,0.0504814203198259,0.005722908602911003,0.07483528089474528,85,11,0.00013066079769508213,0.020494709452974037,2.8901976251375645,5.773738729426725,0.0027024969458579,0.016817393455287682,0.0299139320850372,0.5161818732906491,0.0611429512500762,0.5098475480774582,4.806858487426559e-05,0.08844624762071707,0.0003173761069774,0.043770166713713074,-0.031229019165039,0.006334325213190904,75,35,15,85,-0.22464833966427447,2.4996437367323336,0.009065002879375929,0.1125698482489376,0.008375518023967625,0.10651965151749605,0.006645442270673764,0.06990220703955662,76,19,0.00015032228826646358,0.02282320522871094,2.366981156878964,1.8094613600803298,0.0043562948703765505,0.040270986743010356,0.035923808813095,0.4209680481029672,0.06472609937191,0.4082706255659492,-0.0002403146587312129,0.12178489013359985,-0.0005710870027541501,0.0881251923830016,-0.028802290558815,0.012697422537018003,86,33,12,74,0.47954830888250644,1.4116570432991722,0.009720298622704685,0.08939600530145608,0.0023510009050369,0.02860096410881024,0.001848206073045711,0.017310736733552285,83,21,1.5328398839499943e-05,0.0014124151456608944,1.5298818656428699,-0.7053651429680374,0.00126564502716065,0.013283008667593578,0.0104328989982604,0.07696040110915545,0.0169144868850707,0.07403494997295187,0.001752233505248993,0.031809114569263185,0.0018045008182525,0.025214679562377038,-0.0064815878868103,0.002925451136203567,31,45,16,129,-0.16215699336830092,0.626670823082015,0.0025594667325419514,0.02001487886499399
Other,0.0048227726060545845,0.07290130749992939,0.01129910334944703,0.10883817643782136,0.002941748127341175,0.019496759906716708,0.0018349515798035576,0.013652721543510733,79,19,8.845958042503483e-06,0.0011519961327194686,0.3743884358313778,3.242276313164038,0.0015007220208644203,0.008346969362317123,0.0066265240311622,0.10212232734548894,0.0139581933617591,0.09940667076308268,0.00010771723464130878,0.02839105602222685,8.058175444602966e-05,0.02428023079278834,-0.0073316693305969,0.0027156565824062577,78,43,16,82,-0.152113837800258,1.440553277742823,0.002356229964735593,0.01859957178706664,0.005034264177083925,0.05520401816997276,0.003334226943552446,0.029453798840182507,72,21,3.247405916325387e-05,0.004519774758811841,2.191897641303073,-0.6552251039403552,0.0025346130132674503,0.02453231390636606,0.0195275992155075,0.13602049728679053,0.035227745771408,0.12742524089748375,-9.069852530955338e-05,0.057515502944593545,-0.00048536807298655,0.049179147227228666,-0.0157001465559005,0.008595256389306775,89,40,15,71,0.28216047192511406,0.6621514973215488,0.004518369022215992,0.034810080147024844,0.001936703920364425,0.018052835583163566,0.0013741544680669776,0.011513562371182008,77,20,9.106983468036559e-06,0.0007193740787836694,2.108627812402931,-0.10230142957415289,0.0009999573230743501,0.008526392984395226,0.0074155330657958,0.05792993050123386,0.0130165815353392,0.05493747211759141,0.0014863293617963466,0.02293161747100094,0.00141349434852595,0.018607170287567143,-0.0056010484695434,0.0029924583836424467,23,48,16,137,-0.20542350114647084,0.8451028539050724,0.0018720559298705357,0.013910966858825941
Other,0.004017748926694866,0.057420900176973946,0.009443862438201686,0.08559699753123874,0.0024934839457272,0.01693755206511882,0.0015231012133881,0.011010060312272358,74,17,5.972614591781302e-06,0.0007249641394466487,-0.03740487893759781,1.8561587805109951,0.0012542195618152501,0.006440963228441414,0.0047900676727294,0.07299807742832648,0.0099819153547286,0.06980910649448302,0.00021120626479386885,0.022808957237431034,5.276128649711609e-05,0.018347200928506467,-0.0051918476819992,0.003188970933843457,78,43,17,82,-0.165569052859701,1.399007056526857,0.0019265182942782599,0.014307886258553044,0.00424177199602125,0.03716865185120722,0.002782687004655552,0.024749263549134495,74,19,2.1190828065935203e-05,0.003080489236820492,0.6526231807166845,0.08032965966256889,0.0022379904985427453,0.015083362673010439,0.0114070028066635,0.12701561131106906,0.0206280201673507,0.12362226816143568,8.579865097999628e-05,0.04612117880554179,-8.320808410644531e-05,0.03560616474846781,-0.0092210173606872,0.0033933431496333795,82,43,14,78,0.12350732119828346,1.0034384366863467,0.003649679042692135,0.030875979375685137,0.00166340172290805,0.016120499725480526,0.0010585975833237084,0.009003956987978963,75,20,6.452326270291776e-06,0.0004002532065734312,1.853208489907339,0.03495805698330656,0.00084006786346435,0.008298982194346579,0.0074155330657958,0.04960514621565003,0.009538948535919,0.047951508138560334,0.0014352276921271935,0.01666686148826591,0.0013852417469024,0.015125223700478183,-0.0021234154701232,0.001653638077089698,19,50,17,141,0.6257221794357989,0.7588351557035826,0.0014089830011548244,0.011066568334600837
Other,0.004030865115619011,0.053384543211830164,0.009512908980250132,0.07930086621358445,0.002220366150140675,0.019968563084084963,0.0013920564961153565,0.010980582523025821,74,21,5.387205831718694e-06,0.0006038266741868596,1.1048453721102183,0.3987168301757458,0.0011357851326465498,0.009211011498023131,0.0068207904696464,0.06276900912983718,0.0120126381516456,0.05962412937362273,0.0002296024467796051,0.020800593276254328,9.998679161068384e-05,0.018569040578090695,-0.0051918476819992,0.003144879756214452,77,47,16,83,0.2918591751115036,0.8266798044138209,0.0018262340840009517,0.013082889342293727,0.004495568573474775,0.037529035985337425,0.002840928521472914,0.025811221506098988,79,18,2.2426182215315592e-05,0.003255271858615968,0.8298061071854228,9.193428112213056,0.0023121386766433386,0.020518573527661677,0.0114070028066635,0.22925136430601475,0.0223244577646255,0.22877200636363818,-3.7422403693187124e-06,0.04211984751902528,-3.732740879058838e-05,0.03404568382085353,-0.010917454957962,0.00047935794237657095,81,42,14,79,-0.0383262737193044,2.5967426667748446,0.00375559622751301,0.03848623524833299,0.0015361458063126,0.01631012000785221,0.001001318544149392,0.008378270384867985,80,22,6.9127222695184e-06,0.000365742670314875,2.310620087845342,-0.504384539254747,0.0007553696632385501,0.008666785937975322,0.0077079534530639,0.0421660678298589,0.0098313689231871,0.04088666037859686,0.001567040383815728,0.016380425418304843,0.0015513896942138,0.014873630478675508,-0.0021234154701232,0.001279407451262041,15,49,17,145,0.5855105402727863,0.5318171013412283,0.0013698775059555234,0.009870376559697592
Other,0.004340880289664675,0.05509235696732624,0.01016971893608547,0.08161095932565549,0.0025538075715302,0.01901530110848636,0.0015462092915549427,0.011700334743667938,72,19,6.345436429816872e-06,0.0007248274156579277,0.5561037417038319,2.927977538088424,0.0012884885072708,0.00854695980952579,0.0068207904696464,0.07612383641121019,0.010906852781772499,0.07266787610401411,0.00021496727131307042,0.022050418988970876,5.714595317840576e-05,0.017073185537692583,-0.0040860623121261,0.003455960307196088,77,47,13,83,0.47327536891262356,1.6033097475506124,0.0019860359914654073,0.015446890886801795,0.004931151866912774,0.04254697715175139,0.0030114071466959555,0.029069904863198028,77,16,2.517939099512878e-05,0.003642903987910331,0.6011009412939567,8.066446315506584,0.002406857907772,0.01618697578956626,0.0103369653224945,0.24227385241270957,0.021647930145263602,0.2403349592693563,-9.825322777032332e-05,0.04223458583873708,-0.0002862215042114,0.029429847974831117,-0.0113109648227691,0.0019388931433532604,86,40,12,74,-0.04791699511454241,2.5568015260618817,0.003978238373155699,0.043117789216756935,0.001620352268219025,0.016538383305548382,0.001091016270220267,0.009051636841099536,74,22,7.645585760229479e-06,0.00041654869093502966,1.3704793630872976,-0.22807430514299476,0.00084027647972105,0.00888591076091556,0.0077079534530639,0.04516017737980085,0.0094079971313475,0.04332426982879561,0.0016429945826530075,0.01732595449794754,0.00155273079872125,0.01523332932268072,-0.0017000436782836,0.001835907551005245,16,49,15,144,0.48089633661550807,0.6361419999359447,0.0014464217054350036,0.010787028862021328
Other,0.004223991403710188,0.05540461392938146,0.010010847374796635,0.08329642791428155,0.002715976908802925,0.020914411068970934,0.0016374103404813909,0.013880357134419923,75,19,6.859050050609677e-06,0.0008901021575961407,0.08570381300615848,5.990363874819696,0.00142274424433705,0.01021747495371196,0.0060013532638549,0.10860689939861988,0.0117978900671004,0.10697554660861783,0.000215637916699051,0.022750913060934422,0.00014748796820635002,0.017944834519181004,-0.0057965368032455,0.001631352790002051,75,41,15,85,0.049203058762309,2.089752862150323,0.002065690149617473,0.019300210166988966,0.004643529653549075,0.03290051473653218,0.0027828207612037225,0.025890027638588105,77,19,2.0495093693626153e-05,0.002998377575462039,0.47664970789614935,1.628699059439997,0.00216543674468995,0.01562911211329515,0.0103369653224945,0.14380994568029937,0.021647930145263602,0.14144086227860583,-0.0001579910516738817,0.042512298321947035,-0.00036779046058650004,0.03283913043516883,-0.0113109648227691,0.002369083401693536,89,40,16,71,0.1053254916094424,1.4790417677202174,0.0035867642622302905,0.0345120568330521,0.0017615109682083,0.014325263674104494,0.0011200983310118192,0.007960953317071574,75,21,7.913818956701545e-06,0.0004217112957797478,0.4132596874783152,-0.6409737204222266,0.00088581442832945,0.007366401472426712,0.0065754652023315,0.03914995189593525,0.008020102977752599,0.038049338783398605,0.0016916994005441274,0.01803321653140009,0.00158694386482235,0.017269203133937906,-0.0014446377754211,0.0011006131125366496,15,46,14,145,0.4065695393260548,0.3773418823833991,0.0014482398724618385,0.009824174128718728
Other,0.004106243066820406,0.05373857913113933,0.009837553650140534,0.08215882118139133,0.002362594008445575,0.016975339555742826,0.0014859681949019022,0.010783740658565036,80,23,6.0826543253098316e-06,0.0007386871355796888,0.5515243983628872,2.0131213277152895,0.0011841468513011,0.00860572929408816,0.0057570040225982,0.07056538562827021,0.0115535408258437,0.06609616800567752,0.0003079897724091917,0.023354302937226765,0.00032398477196685,0.02120562157279255,-0.0057965368032455,0.004469217622592683,66,44,14,94,-0.18094226358269563,1.2357168318914908,0.0019313504262148363,0.013901930437746042,0.0048394165933131755,0.03390919241932881,0.0027922048151958327,0.024649276482073424,83,21,1.9228253310752012e-05,0.002805749345652763,-0.4305897111525696,3.1960725907112852,0.00242523103952405,0.015209048509392776,0.0083412230014801,0.16508506474376158,0.0164632499217987,0.15948529020598265,-0.00026499209925531775,0.04096585658529096,-0.00014773756265635,0.03076613962274566,-0.0081220269203186,0.00559977453777894,88,38,17,72,-0.06973899748970228,1.7736083024704306,0.003467359027119297,0.033578980626072265,0.0018998831510543999,0.010871586173477644,0.0011273921560496023,0.008007271691809753,79,22,7.960071825436612e-06,0.0004237855626400417,0.585232712705515,-0.12573669669027332,0.0009602010250091501,0.005902994717150794,0.0065754652023315,0.042807455175055555,0.0085483789443969,0.04107387919679336,0.0017018996179103442,0.017838661658873614,0.00163793563842765,0.017015846610024275,-0.0019729137420654,0.0017335759782621913,14,43,15,146,0.3800856472407601,0.7637173669682228,0.0014462556578553976,0.010274614973821365
Other,0.004057595029216305,0.05196761733449709,0.00972974583506561,0.07860146520472559,0.0023801140487193497,0.017275616446872484,0.001495802216231781,0.009686113379618786,80,23,6.051478824009324e-06,0.0006515255959987535,0.22241771058725135,1.5372753734310036,0.001213390380144,0.007946543736518662,0.0057570040225982,0.06269439807414623,0.010722711682319499,0.057521724517571295,0.0003137787804007428,0.022488269234111097,0.0003185458481311,0.01999084333315916,-0.0049657076597213,0.005172673556574932,66,50,12,94,-0.1386774868117515,1.0811076244912323,0.0019253272901809506,0.012074905500784926,0.004525117576122175,0.029112641204840452,0.0026855298317968387,0.02330616906842422,80,20,1.832089014808872e-05,0.002691034934377132,-0.3108930975124933,4.528028651587552,0.0023178532719612503,0.01423406025193671,0.008157655596733,0.16889299398456747,0.0162796825170516,0.16543952125324665,-0.00027271034196019005,0.039004760653848246,-0.00030460953712455,0.03012937144385607,-0.0081220269203186,0.003453472731320817,86,39,15,74,-0.1617111555287831,2.0550980058532233,0.003383449977148706,0.03420034474553061,0.001940995454788225,0.015177492410195075,0.0011705545708536988,0.009070308737878863,86,18,7.742527606495463e-06,0.000427452076237504,-0.06480368001140535,1.6456780763615368,0.0009504556655883501,0.005617910106590041,0.0055458545684814,0.054186747962948374,0.0077980756759643,0.05347322061020275,0.001624368131160701,0.01710843531676625,0.00177448987960815,0.013483350887009818,-0.0022522211074829,0.0007135273527456257,23,46,15,137,-0.09398479397710414,1.3486905713952306,0.001488068412753805,0.011608338263917415
Other,0.00432061960267682,0.06212074606463234,0.010042807757854235,0.09227282976519124,0.002240624278783675,0.01322400264313722,0.001421109556686091,0.009212330414997636,77,22,5.425477626449276e-06,0.0005973925641238003,0.22107668954302984,0.6567083063577788,0.00108822807669635,0.007722066894445757,0.004701130092144,0.05766292995615876,0.0096668377518653,0.05449777749103645,0.000258760340511794,0.021465501557097123,0.0002006292343139,0.01980376967505259,-0.0049657076597213,0.0031651524651223084,73,50,15,87,-0.1564548924321321,0.7977745752869233,0.0018288991369237733,0.011688661472814641,0.00395784899592385,0.04406293187811779,0.0028991728555410614,0.029291947539226967,72,19,3.339013915955211e-05,0.004136074162352425,16.16286091560595,1.7452844275181327,0.00191198289394375,0.021029872997447553,0.0325088649988174,0.18341205926570694,0.0509305000305175,0.17675679065209451,-0.00012028357014059747,0.052100535438930506,-0.00044886022806165,0.042370515292877525,-0.0184216350317001,0.006655268613612442,91,37,17,69,1.923584032146482,1.3517699449010747,0.004580996440722395,0.03770422216846769,0.0020908713340759997,0.015133198031324816,0.0012840806320309455,0.008803413632630527,88,25,8.772883621226112e-06,0.00046616533611817896,1.7568799158025428,-0.23745842457901434,0.0010302662849426,0.007866524122985535,0.0090991854667663,0.04500084091431127,0.0117761492729186,0.04243953756038627,0.001646747067570655,0.018706792769163608,0.0017551481723785001,0.018574377270648278,-0.0026769638061523,0.0025613033539249983,27,49,17,133,0.27808400839151864,0.6352372969564947,0.001669941846225449,0.010780595549863985
Other,0.0046801529416935755,0.06831039992037778,0.010769336149096267,0.10046334663343681,0.002677505835890675,0.01697236675504193,0.0015690508764236763,0.011834439563354747,80,22,6.837216304700659e-06,0.0008261545504134825,0.2581376862286122,3.3239667025397663,0.00130578875541675,0.008447434692760276,0.0050957426428794,0.08612399893645464,0.0114890262484549,0.08195580416820236,0.0004521752241998838,0.0240832425297348,0.00045211613178249997,0.021384737657189717,-0.0063932836055755,0.004168194768252285,66,45,17,94,-0.18766263149967224,1.5273538719557798,0.0020234593349158416,0.01568923132812616,0.0045568346977233245,0.03802643872432749,0.003191768082324373,0.029851163479395072,79,21,3.734828956826815e-05,0.004799563130329691,12.8166163300802,2.082120797278889,0.0022736415266990497,0.019819935749114035,0.0325088649988174,0.1971964134734524,0.0509305000305175,0.19279689998306074,-0.00022169332951307405,0.05689992933628117,-0.00023401528596875,0.04855333028057457,-0.0184216350317001,0.0043995134903916525,86,39,17,74,1.6582796819771057,1.334107866022784,0.004841490809210001,0.039521654467594106,0.00218385457992555,0.015446639914151943,0.001284928154200299,0.008912662070939714,84,19,8.97101608341413e-06,0.0004984919281972018,1.9182734626298803,-0.15328413842765753,0.0010801553726196,0.0068254218135752895,0.0090991854667663,0.05014668363508097,0.0117761492729186,0.04993602392503494,0.0017054695636033665,0.019480174767420855,0.00180244445800775,0.01698527184332243,-0.0026769638061523,0.0002106597100460306,21,48,15,139,0.33048689890821376,0.6221929021209138,0.001647795132822901,0.010909386748481398
Other,0.004208974689105458,0.05594739683446386,0.009890558272599947,0.08536604345903193,0.0027572102844713496,0.01888744290207625,0.0016673406190238465,0.012258712997881343,78,19,7.557212645202536e-06,0.0009053367996738664,-0.05294075422000555,3.4295082224233147,0.00125684961676595,0.008635705309960929,0.0053569674491882,0.09011203496352926,0.0117502510547637,0.08853594130623252,0.00039170524105429215,0.024992008453962943,0.00027973204851145,0.021095293355678797,-0.0063932836055755,0.0015760936572967478,70,44,14,90,-0.08906227978935695,1.6626211073233543,0.002144426716988839,0.016755187647737976,0.0043508075177668745,0.0345676809444704,0.002767920212354464,0.02232240418524216,83,22,2.096048486289481e-05,0.003047460249691012,0.8049042006907463,14.031151071538236,0.002231910824775651,0.017371482679658868,0.0106269419193267,0.2306414414280255,0.0229760408401488,0.2270760725601389,-0.0002775812521576894,0.042613831539909955,-9.812414646148682e-06,0.03539049735212256,-0.0123490989208221,0.003565368867886606,80,37,17,80,-0.037183188936747984,3.1478821102181613,0.0036201048232170118,0.03509304220467623,0.0018940567970275502,0.013025563393408521,0.001136399782262729,0.007498274959776984,77,22,7.115711436860021e-06,0.0004002492714202962,0.10721448827737712,0.03214350926045961,0.0009569525718689,0.00678041314851288,0.0057134628295898,0.040546855459882826,0.0080473423004149,0.03659146537036062,0.0015509817749261505,0.017760203465159018,0.00152999162673945,0.016174514966873946,-0.0023338794708251,0.003955390089522203,22,47,18,138,0.12441964412120703,0.8142915939836205,0.0014333933637454953,0.00921001869142782
Other,0.003943212749710753,0.05076375478555443,0.009160719141363866,0.07589254190337887,0.0016829837113617502,0.015698742176401142,0.0013715779106132303,0.0096632645712108,76,21,5.748368295011326e-06,0.0005559427471965709,0.8502672947904113,1.1714782803993806,0.00085460394620885,0.007475581790254678,0.00662063062191,0.06070448022590931,0.0110914707183836,0.058369738911795935,0.00042598913423715746,0.020124892647750796,0.000287614762783,0.016674337867494605,-0.0044708400964736,0.002334741314113376,65,47,14,95,0.18208098776947743,1.1178878691328353,0.001852759544287896,0.012285415870579105,0.0041414089500903,0.032868202681256044,0.0027568583935498746,0.02976472097159736,82,15,2.2155485392935776e-05,0.0033092270207662703,1.1788067590783085,4.423493782841329,0.00206235051155085,0.011092402742756056,0.0106269419193267,0.20374630053494314,0.0233377814292906,0.19944221553279087,-0.0003546759486198351,0.03983995040142756,-0.00030207633972165,0.022573267761212767,-0.0127108395099639,0.004304085002152275,88,37,14,72,-0.22879399480541007,2.106093743490835,0.0037158688553952063,0.041497052579406925,0.0016892552375794001,0.01305813804889252,0.0010515203280374243,0.008080814706314747,77,23,5.806765010980287e-06,0.0003598972713631935,0.06949462978703558,0.4222245181331128,0.0008550286293030001,0.006412915029194452,0.0054965615272521,0.04512768248221687,0.0071086287498473,0.04378058764612506,0.0013809639960527076,0.01592769885420052,0.0013259053230285501,0.013696208816400452,-0.0016120672225952,0.0013470948360918167,29,42,16,131,0.3421794444171097,0.9175910945103759,0.0013164337468250886,0.01030561403183202
Other,0.004007944820466543,0.05768522634727934,0.009361441507935293,0.08551311329633932,0.0019461475312708251,0.013095099587771534,0.0013851478230207767,0.00930311066034063,80,24,5.906897432776156e-06,0.0006066925111050577,1.0296392823647613,1.3632186186514241,0.00099055469036095,0.006790804370542648,0.00662063062191,0.05897049106563022,0.0109182596206664,0.058121839909577394,0.0004902914632111607,0.021200216852501827,0.00053734704852095,0.021002468503540102,-0.0042976289987564,0.000848651156052829,63,48,16,97,0.37085560946403784,0.839172010456715,0.0018636341521794631,0.012539669713032916,0.003685981035232425,0.045680100969590964,0.0027493267180397686,0.029683069523162207,83,20,2.3373859754757962e-05,0.003507969738797212,1.412978757814276,1.327888951245864,0.00179282575845715,0.022243119319142468,0.0111408233642578,0.17624220415208416,0.0238516628742217,0.17321378482376806,-0.00036597959697245845,0.04649407370536581,-0.00030207633972165,0.03717602450463611,-0.0127108395099639,0.003028419328316096,89,38,14,71,-0.22114398755314071,1.1669805809126346,0.003816511137704829,0.03669156373169755,0.0020566135644912746,0.012874138903266639,0.001150908377021532,0.007883363287263218,79,17,6.735517543745291e-06,0.0004286015898995628,0.37110472159136254,1.1639553663808728,0.0010173320770263498,0.005492533678697707,0.0063301920890808,0.05072838962237872,0.0084472298622131,0.047807992659742574,0.0014824911952018385,0.017818822738471688,0.0014439225196838002,0.015250344616662605,-0.0021170377731323,0.0029203969626361457,27,44,16,133,0.3663931513647853,1.2360433394928287,0.0014228745184785901,0.010539978468407186
Other,0.003935555863687844,0.05595387364831698,0.009416685625910522,0.08397290867131921,0.00229262374341485,0.015818791880730414,0.001474963614018591,0.009897748528520916,74,20,6.21318573141436e-06,0.0006666562144651103,0.9838032717373415,1.7991244190658833,0.0011381283402442498,0.007946496134041386,0.0069166123867034,0.06667716815491627,0.0113278329372405,0.06549793058196876,0.000385479023680081,0.022053546687114123,0.00027178600430485,0.02031724082631471,-0.0044112205505371,0.0011792375729475022,69,47,17,91,0.5526232385827444,1.284523643651727,0.0019385910735316202,0.013427482749361033,0.0032724738121031748,0.057184145867900785,0.0025561955641023354,0.028607185074452847,78,20,2.0886347864157072e-05,0.0031176959893341872,2.044275670885159,1.09220784931978,0.0016581490635872,0.022769621230354965,0.0111408233642578,0.16420839502724832,0.0243049263954162,0.16200766566433203,-0.0003089536912739251,0.04333913662430738,-0.0003498569130897,0.033496352302420374,-0.0131641030311584,0.002200729362916304,88,38,16,72,-0.12777963190478026,1.1370583560189131,0.00361109611147165,0.03520532951122325,0.0017593652009964503,0.011670028939381918,0.0011395213287323563,0.008465707548311897,82,22,7.934921835648065e-06,0.0004651790154298796,0.9206820650494754,0.6089030147040684,0.0009109973907471,0.005579094595041223,0.0068633556365966,0.05111511762513133,0.0089803934097289,0.04928692626210173,0.0016698796302079793,0.018580225359897694,0.00169301033020015,0.015897987448056303,-0.0021170377731323,0.0018281913630296006,21,45,16,139,0.5002379992829614,0.9332500876931382,0.0014779990443981232,0.010952362348155496
Other,0.004081555629357005,0.05445840594109393,0.009783607125282055,0.0821579216684725,0.002383939921855825,0.01789196325628015,0.001460408330894971,0.010274748327639123,74,20,6.134923381956076e-06,0.0005961246994829169,0.966602609985669,1.3415989548872282,0.001173049211502,0.009018668123625714,0.0069166123867034,0.06598948034476662,0.0113278329372405,0.0646510234756846,0.0004911473020911098,0.02046679286437847,0.00037947297096245,0.01803196034660503,-0.0044112205505371,0.0013384568690820219,61,50,14,99,0.47810843763910804,1.192495002906217,0.0019014992936217323,0.013312966961933894,0.004015132784843375,0.048255729196317244,0.0026802083360962124,0.027554110929728412,77,20,2.107421603589857e-05,0.003067354862900676,0.967648114470232,0.7723008418088528,0.00205814838409415,0.019696046334991682,0.0097885876893997,0.13827201715505266,0.0229526907205581,0.13576468731229482,-0.0004106862470507554,0.0432887204547153,-0.0006232857704161999,0.03312318404246822,-0.0131641030311584,0.0025073298427578483,91,39,16,69,-0.14103015657181694,1.1587474713978678,0.003617250330517665,0.03454622330001051,0.0019684433937072502,0.012692487602305055,0.001165433023124922,0.009345190451972544,81,16,8.606814719129516e-06,0.0004915807945943875,0.9858984499252403,1.6069999708585225,0.0010735988616943,0.005433195393121176,0.0068633556365966,0.0556339658455193,0.0100309848785399,0.05311291191741004,0.0017519757151603314,0.018402408349378716,0.0017970502376556,0.014395050867784843,-0.0031676292419433,0.00252105392810926,19,44,12,141,0.3983794208266173,1.4242820600676733,0.00152458767881165,0.01236657436548635
Other,0.0046465567897054205,0.06378566609200761,0.011032064259052055,0.09418256694575376,0.0026145931333302497,0.017418198695462437,0.0015711995540186375,0.010079901492924972,79,22,6.549598024256674e-06,0.000668238775843611,-0.032535203615706276,3.348786313411865,0.00133647024631495,0.009075743326859849,0.0061065554618835,0.07534437146491729,0.010186001658439501,0.07179562037682831,0.0004629772156476885,0.022190864195731404,0.000451136380434,0.01936270584917532,-0.004079446196556,0.003548751088088987,64,51,15,96,0.11166520957902426,1.3889624840952748,0.001975739871083798,0.013259122221708983,0.005299177020788075,0.050285627936637926,0.003332371576689139,0.03224735006200813,77,20,2.9968645759796427e-05,0.004417342019630673,0.40288512755644046,0.42980702564467155,0.0026769042015076,0.02542596882920252,0.0113893598318099,0.16482228503012766,0.0245962888002394,0.15872338322283863,-0.00039237402379511954,0.05283471053183213,-0.00046830624341960005,0.044413231203521565,-0.0132069289684295,0.006098901807289044,87,37,15,73,-0.05994517708502416,1.0256269947449623,0.004323572506672163,0.04032164905665664,0.0021113753318786495,0.013705828817336754,0.0011987651325762168,0.009500622739312434,76,20,8.945182842729762e-06,0.0005167037464941667,1.0460057490025667,0.4509526712307741,0.00101941823959355,0.006485145958712483,0.0070681571960449,0.05284417462877552,0.0102357864379882,0.04886133915740018,0.0017693165689706442,0.01915699221819023,0.0016939342021942,0.016649849902243392,-0.0031676292419433,0.003982835471375338,18,47,17,142,0.4318654556449357,1.107516170683793,0.00157344573379719,0.012235742545769975
Other,0.00465896485288937,0.06287252195541243,0.011035901531576884,0.09412707486482258,0.002560729160904775,0.014127413611903401,0.001584598096087534,0.010783821386818444,80,19,6.710804047212207e-06,0.0007472281661521634,0.20414026433462507,0.7227019818208817,0.00130151212215415,0.006972649009343377,0.0070024281740188,0.06688722920251373,0.011858627200126499,0.0646353882735721,0.0003087544348090795,0.02353466585705523,0.00032127276062960005,0.0200321051244218,-0.0048561990261077,0.002251840928941632,67,46,16,93,0.07285515338062486,1.086115230379545,0.00203093638991169,0.013904951245830464,0.0054790116846560755,0.04003950311486595,0.003448999947868239,0.028590663599459915,77,20,3.101890084518055e-05,0.004582137906500975,0.37102732038790487,10.0686795941728,0.00275943428277975,0.018691583540633577,0.0113893598318099,0.26456548784456146,0.0245962888002394,0.26053898231192235,-0.00022013746201991592,0.05260513822307684,-0.00038577616214745,0.039769903475171696,-0.0132069289684295,0.0040265055326391,86,38,16,74,-0.035127886156920064,2.683684221995541,0.004411346436713818,0.0426009077254459,0.0016414821147918747,0.012363500819090262,0.001129110176116218,0.008793127113580374,76,22,7.970108254191378e-06,0.0004681373507557973,1.0824715524096131,4.32267314438259,0.000815749168396,0.00633078227922976,0.0070681571960449,0.06728082706227646,0.0098416209220886,0.06520934225998981,0.0016397465020417824,0.017987270784690524,0.00155442953109735,0.015351064878163283,-0.0027734637260437,0.0020714848022866474,20,47,18,140,0.40628508078408626,1.7159921972726924,0.0015188705064976002,0.012024784425261689
Other,0.004125779479343779,0.05589939304406269,0.009814980775117645,0.08570019463182212,0.0022024996578691998,0.016231248782408458,0.0014515222050249185,0.010115620884115752,80,24,6.163193077028704e-06,0.0006792669769172528,0.9002625735635315,1.0455254381462806,0.0010620430111884498,0.008307948791279815,0.0070024281740188,0.06209674376896448,0.011928848922252499,0.06119149416724713,0.000313410814851514,0.022534659442941907,0.0003159865736961,0.020874652219138,-0.0049264207482337,0.0009052496017173444,65,46,15,95,0.03428797389985744,0.9490671971349528,0.0019435477731309602,0.013094124663675768,0.0045611560344695,0.02958324405312273,0.002855145556386514,0.02613428279244131,78,16,2.2043705603349094e-05,0.0032077439187702733,0.770901570884635,2.1993338437066816,0.0023066475987433997,0.015393718827497856,0.0103996694087982,0.16675628844913776,0.0222906917333602,0.1587197383878551,-0.00025192284956573673,0.04419720913244061,-0.00043676048517225004,0.03484164175614461,-0.011891022324562,0.008036550061282647,89,39,15,71,0.08908565958662296,1.5996434141786533,0.0037148487875585216,0.035416812726070966,0.0017977654933929751,0.014597878256596718,0.0011291512474417532,0.007911786769181839,84,20,7.326581971014159e-06,0.0004538212272313965,0.6421456089426489,-0.3900740755472092,0.0008973777294159001,0.0074531291605391525,0.0057366490364074,0.04287301422668755,0.008510112762451099,0.03932252140349378,0.0015392281115054755,0.018968326056439597,0.0015982091426849,0.01728948901586617,-0.0027734637260437,0.003550492823193772,24,47,15,136,0.05144462484231956,0.5342605826051506,0.0014912374845597572,0.009696588773790043
Other,0.004063727944737287,0.05715987535977505,0.009626889452337993,0.08633114756384438,0.0022190157324074753,0.01824088666746764,0.001399708213284566,0.009128208445154426,80,21,5.477231695604539e-06,0.0006173783924915506,0.7383503848292969,-1.0327654227842222,0.0010879039764403499,0.008785638339316903,0.0061199069023132,0.04648002643303084,0.0114774703979491,0.041452964589287995,0.00021838038228452148,0.02254167669987262,0.0001653246581554,0.020875481932800026,-0.0053575634956359,0.005027061843742845,75,49,15,85,-0.03642360216177149,0.29099572346102104,0.001843043645749324,0.010452330077545889,0.004214592278003625,0.0354775394917424,0.002798847489757417,0.02533275066879135,81,21,2.277946946436861e-05,0.0033598636046246176,1.624289814793194,2.4134529392231805,0.0021950379014015,0.018464954369721384,0.0123467743396759,0.1658604664301774,0.023936241865157998,0.16045770185644717,-0.0003756067715585159,0.04655043841259639,-0.0001913607120513,0.041177415972004014,-0.0115894675254821,0.00540276457373024,86,39,16,74,0.22648738663721668,1.5027663084700196,0.00376626374669916,0.03453867814812384,0.0018686354160308998,0.012526709937613475,0.0011370512144639982,0.008968545116690926,77,21,7.604847664132994e-06,0.00043991230077888106,0.45681530000422876,1.2751054642657218,0.0009348392486573001,0.006181283267963604,0.0058211684226989,0.05080448384877639,0.0085510611534117,0.04988807902395395,0.001619653031229938,0.01723903245137536,0.00156939029693595,0.014779730510620016,-0.0027298927307128,0.0009164048248224341,20,50,15,140,0.17010794002145582,1.3227256275441663,0.0014639496326046585,0.01194688498811754
Other,0.004117687781968024,0.05503087497002171,0.00976188346743561,0.08333579364287398,0.0023414064198732,0.017249176302327716,0.0014355623652226803,0.011012134151138808,74,19,5.7837190860419326e-06,0.0006447673282135182,1.2937642146266164,0.6771908158654592,0.00108994171023365,0.005786201336956639,0.0071819275617599,0.06058510203724969,0.0125394910573958,0.05752122325153032,0.00020453399047255655,0.02129893784457924,1.0203570127487181e-05,0.016171349771123042,-0.0053575634956359,0.0030638787857193714,80,47,16,80,0.25865592560269374,1.1176592887499923,0.0018961703279163822,0.013824708854303888,0.004026725888252175,0.04257828982652552,0.0028139895899220832,0.029592410055459772,82,17,2.3202855227015392e-05,0.003470524070290746,1.6897256981514177,4.74493745378958,0.0021776035428046504,0.014797520231125814,0.0123467743396759,0.21215594006421198,0.0242079049348831,0.2102040342282862,-0.0003660513088107083,0.04335614857354931,-0.0001430287957191042,0.02941883101910052,-0.0118611305952072,0.00195190583592579,83,40,16,77,0.025989006618383503,1.9557501446476828,0.0038023879893214394,0.03988443870933957,0.0018307119607925497,0.01705100573429226,0.0011641791369765896,0.010042055647306985,79,22,8.542892080782542e-06,0.0005038060282844868,1.230380746770341,0.364770657458394,0.0009412765502929501,0.007078888467098097,0.00772225856781,0.05598274186084853,0.0093770027160643,0.05261813744829452,0.001738833636045417,0.018680707224745442,0.0017057359218597,0.014653810184965652,-0.0016547441482543,0.003364604412554008,17,51,15,143,0.6882692784038754,1.0047261285060223,0.001526541744353557,0.012443359910724691
Other,0.0038354439529037637,0.05126114726614169,0.00907708793878533,0.0796618412548489,0.0018989332020281748,0.013493599640355644,0.0013061093306168513,0.008458901042087151,78,23,5.079736110338113e-06,0.000562869065861731,1.6850419017867564,0.5514247373541847,0.0009743496775627,0.006849927058267981,0.0071819275617599,0.05122068053855402,0.0124829858541488,0.04801564418156924,0.0002654349431395511,0.021251046126322427,0.0002137348055839,0.020101387622523628,-0.0053010582923889,0.003205036356984776,72,46,14,88,0.29158335300983496,0.7513469715343628,0.0017674568618248926,0.01054808534278367,0.004054907709360025,0.03479997129247276,0.002553297632839487,0.02520424065455944,87,17,1.813124203839462e-05,0.0026797295403156894,1.359055764614336,3.3543772650789547,0.002033248543739236,0.01301301544270245,0.010650098323822,0.16951884622053515,0.0225112289190292,0.16728522916508415,-0.0003402920439839364,0.039519691129027576,0.00012711435556411377,0.026071189664816474,-0.0118611305952072,0.0022336170554509856,77,44,16,83,-0.14813615680553718,1.7596516857582052,0.0033595788293683477,0.03343536381411078,0.0019157230854035,0.014507101343806464,0.0011487743351608387,0.007913878565445337,82,24,8.108521138474294e-06,0.00044310205308896065,1.2292629049178654,-0.7598941489164872,0.0009194016456604,0.007166278439857048,0.00772225856781,0.04164872919816399,0.0093770027160643,0.0394346737160981,0.0016963090747594463,0.018891103999498903,0.00176158547401425,0.01711222627378607,-0.0016547441482543,0.002214055482065885,20,51,12,140,0.5813520335247777,0.2928835443866427,0.001484633655571479,0.009285916366685475
Other,0.004063847268148794,0.05906666549300848,0.009521011188626059,0.08854865976357393,0.001926632598042325,0.01723851245617446,0.0013994146609911248,0.009939377707681177,77,20,6.030191254831373e-06,0.0006435176771812462,3.1790361062010977,0.37192175792330096,0.0010095611214638001,0.007202161817173388,0.0097990781068801,0.05695754835784381,0.013740226626395999,0.0550350953594518,0.00030036023817956006,0.022126459806476935,0.00021951645612710002,0.019275206752765794,-0.0039411485195159,0.0019224529983920035,70,49,18,90,0.7745893683033294,0.8984997875127803,0.0019240034941822445,0.012407153324337008,0.004549231380224125,0.03304538213083823,0.0027582863171118814,0.022455006317166525,87,20,2.1325493976413634e-05,0.0031201503823873504,1.1450523958501604,-0.30269597588416186,0.0022112876176833525,0.016422852196608134,0.0122328102588653,0.11434620141644251,0.0240406394004821,0.11193012906470436,-0.00028661405667662864,0.047924539617777547,8.052587509155273e-05,0.04284942898666898,-0.0118078291416168,0.002416072351738157,77,40,14,83,-0.014402716679375363,0.6502666275207222,0.003650971938177199,0.028694753611268765,0.002127602696418775,0.013491300825358815,0.0011798406951129292,0.007868005576666701,78,24,8.078060826690306e-06,0.0004345477469480985,4.637301336924373,-0.45162398292655315,0.0010880827903747,0.006814524676422114,0.0102377533912658,0.041520670091835785,0.011805057525634599,0.040287612948650964,0.0016379766166209828,0.018497660339319426,0.00160297751426695,0.017373047691338968,-0.0015673041343688,0.0012330571431848182,24,49,15,136,0.9868956904263234,0.345582879226238,0.001542951715075168,0.00961167565616254
Other,0.0041692345676030505,0.05881625169935315,0.009897296354174375,0.08870072477829721,0.0023814514279365,0.01651761176069099,0.0015257286617997587,0.008459430157046192,78,18,6.797160049931987e-06,0.000645524824211224,2.2108843254275117,-0.4004727958653742,0.00120785832405085,0.007283312744159692,0.0097990781068801,0.05024460339879621,0.0140458196401595,0.047164350625282,0.00041081109084188086,0.02316314132061381,0.0003288313746452,0.021336800264191283,-0.0042467415332794,0.00308025277351421,66,56,17,94,0.6429505895689116,0.42874891240610374,0.0020261086484799694,0.010440005190252396,0.0042265504598616496,0.03380258278784682,0.002769885864108752,0.023721931957879257,80,21,2.2564537038622492e-05,0.003304720486239315,1.197981082323043,3.6315116212687935,0.00213927775621415,0.017439861093924695,0.0122328102588653,0.1727667137816051,0.0240406394004821,0.16873128720522915,-0.00023367283865809244,0.046901561326173624,-0.0001931264996528,0.04315858715531092,-0.0118078291416168,0.0040354265763759565,84,38,18,76,-0.08919640822053955,1.662420988559599,0.003759865199458706,0.033240999254031005,0.0018902868032455247,0.012707615745214743,0.001157392100431012,0.008231891528030664,77,22,8.437697954341833e-06,0.0004570856375348866,4.809488730477476,0.9378118715247106,0.0009449422359466501,0.006538296695676425,0.0102377533912658,0.0522789822047661,0.0140249133110045,0.050963726453325434,0.0016436751931905393,0.018636022131509788,0.0015759170055389,0.015714407307482643,-0.0037871599197387,0.0013152557514406686,21,47,16,139,0.7099032351490614,1.0762584058935605,0.0016087474969474012,0.01047780113615276
Other,0.00404701538813985,0.05716992624913659,0.009768465086817502,0.08425328755187608,0.002494433894753375,0.0125341573312549,0.0014910779276396625,0.009446705402082048,86,21,5.915673132554129e-06,0.0006812428340447871,0.2511974030459445,1.7086928759066788,0.00117662921547885,0.0066567400822616475,0.0045105814933776,0.06186959267341778,0.0108271837234496,0.06016241787070652,0.0002677455078810372,0.022704256213908793,0.00039026141166685,0.02022538057724177,-0.006316602230072,0.0017071748027112615,67,50,17,93,-0.25483364461741503,1.2061224653908889,0.0019100813116758775,0.0128747653888516,0.004036132246255775,0.031030875010795378,0.002683679000474461,0.026018745629145423,76,21,2.2063799603257534e-05,0.0032917673840938593,2.7209329157277145,0.8899429389685451,0.00206383317708965,0.015919311647866134,0.014783889055252,0.14193507598458402,0.0290854275226592,0.14097225509738243,-6.763478741049394e-05,0.04574372822531989,-0.0002257004380226,0.03618139463260711,-0.0143015384674072,0.0009628208872015969,86,40,15,74,0.01622194252315218,1.2581953885003971,0.003724513429882687,0.03463060369300442,0.001654177904128975,0.00960159537261299,0.0010655615199357173,0.0073300521452329,78,19,8.026293017841779e-06,0.0003490316080802347,1.9107857000438342,3.1462070007320824,0.0008433461189269998,0.00525164962223278,0.0067967772483825,0.0540981663525568,0.010583937168121199,0.05213372890978909,0.0017189074307679727,0.01580530311264741,0.0016772449016570498,0.014057045492148805,-0.0037871599197387,0.0019644374427677134,15,53,14,145,-0.05139420591830871,1.513265488670429,0.0014404018938129323,0.00996112451471082
Other,0.004480904069920328,0.06468295926456981,0.010724787637591129,0.09585913371451653,0.00245993956923475,0.018027760919693193,0.0015713259787298265,0.011627901633885327,84,22,6.838638490138968e-06,0.0008213273061863913,0.8621922828676705,6.843289664323732,0.0012521483004092001,0.009389883687458203,0.0051723569631576,0.09741699367516038,0.012242630124092,0.09439247619818726,0.00012785992585122468,0.02382088064953096,0.00017361715435975,0.020665513428995405,-0.0070702731609344,0.0030245174769731203,73,50,17,87,-0.43794252959173,2.0263066768004783,0.0020699225873649714,0.015934018679140335,0.0048549659550189,0.035822679706387854,0.0031323741248342656,0.024477718160275823,77,19,2.6987781946627492e-05,0.00402653212522734,1.5489047718239108,3.405282394449607,0.0023634880781173003,0.01662703896278349,0.014783889055252,0.1726600799933949,0.0290854275226592,0.15823974585444217,-0.00012793624773621445,0.053222163597982854,-0.0002413839101791,0.04432542543339925,-0.0143015384674072,0.014420334138952717,84,37,16,76,-0.12504983940561007,1.815822432423284,0.004117885032426736,0.03455334176569452,0.0018126517534255999,0.012374183088517825,0.00120514142792671,0.009046540561464655,81,18,9.033064749139594e-06,0.0004999331176620432,1.1318648833864078,1.9588145286776744,0.0008995831012726,0.005510596395869201,0.0067967772483825,0.055649335131494226,0.010197758674621499,0.04912605828413832,0.0017569098621606455,0.018816089467002722,0.00177681446075435,0.01505089342814385,-0.003400981426239,0.006523276847355909,19,51,13,141,0.04244050153819633,1.545784647120013,0.0016046891050853997,0.01207840613788891
Other,0.004292536586881195,0.06102961428206671,0.01024220131337621,0.0918559114964077,0.00219899974763385,0.017480436273311962,0.0014912652067141175,0.011678272373257546,83,19,6.3739114702602335e-06,0.0007564639978788881,1.0742835316779953,2.3218095568846575,0.0010878145694732,0.007387395737568002,0.0060460418462753,0.07805765729988752,0.0131163150072097,0.07562295188101194,2.812412567436702e-05,0.022931622213241104,8.573383092880249e-05,0.017882324657749422,-0.0070702731609344,0.0024347054188755854,76,49,15,84,-0.21711488283651612,1.429081256502289,0.002001987365416738,0.01518567418813123,0.004272658377885775,0.03021652016335569,0.0029089486924930965,0.02293747591144703,78,21,2.2795399605643596e-05,0.0033485845943193888,0.6904547724297396,1.9195826951647348,0.0020481497049331,0.013727335340564218,0.0106133520603179,0.14789856696170822,0.0228910893201827,0.1451741745915915,-0.0003324942663311916,0.04863086870024584,-0.00050981342792505,0.04279061257688428,-0.0122777372598648,0.002724392370116727,85,40,14,75,-0.12028417364287758,1.3089583698484228,0.003771668274946195,0.03136276779525109,0.00214922428131105,0.020183003497995514,0.001298870155587779,0.011168028835421968,78,24,9.176300050874588e-06,0.0005893982892828782,0.4388847937716087,-0.31172664783552495,0.00104105472564695,0.010259408685844094,0.0066096782684326,0.0560090007428994,0.0100106596946716,0.05486961262690976,0.0016964230686425843,0.02029342058292076,0.00163793563842765,0.01755319016910053,-0.003400981426239,0.0011393881159896366,23,46,15,137,0.013222989683260467,0.6449644948883106,0.001695673014632346,0.013325740892256847
Other,0.005175419326552676,0.07583252038329373,0.012124366462230458,0.11347164064080924,0.002913322299718775,0.03198326274026765,0.001932042692787904,0.01769597993325828,86,20,1.0740938666884157e-05,0.001501526299142556,1.486140599202301,0.6782756074932834,0.0014408603310585,0.011590148881371606,0.0069919824600219,0.10321073577979244,0.0165846645832061,0.09967297022947226,-5.928799510045016e-07,0.031997446554034505,0.00016412511467925,0.0263676165735625,-0.0095926821231842,0.003537765550320183,74,42,13,86,-0.29997722233304547,1.0170185580138908,0.0025990973402213353,0.0218561138623558,0.004881680011749176,0.04236616145152373,0.003649872253881721,0.029638108867440983,77,21,3.926747015089378e-05,0.005278701089990492,1.1249544023688882,5.507655548141543,0.0023184567689894997,0.02172057552078639,0.0159612894058227,0.2429420837727673,0.0323525071144103,0.238450070948014,-0.0003785592503845616,0.05942527394278549,-0.00049997866153715,0.05363879117960907,-0.0163912177085876,0.004492012824753319,88,41,15,72,-0.03380090720768087,1.8927013231605978,0.004955029131990534,0.041801171117749704,0.002341598272323625,0.019587717057869925,0.0013545845821499654,0.010217050094567338,76,25,9.4662978910517e-06,0.0006411277042655639,1.184860146119357,-0.43485889861483784,0.0011696815490722999,0.010004968866445937,0.0091128945350646,0.05313669074877611,0.012048840522766,0.051419316001528104,0.0016950167715549156,0.022048920143989258,0.0015895962715148,0.021699617603277987,-0.0029359459877014,0.0017173747472480068,28,46,15,132,0.46979778270125916,0.3526013127788508,0.0017499985483709673,0.012448808165826497
Other,0.0053164147116036425,0.07655766452131402,0.012423488944768673,0.11336318929850994,0.0030250456184147748,0.021039077047707917,0.0019639777950942044,0.018810335482176237,84,17,1.089480181575368e-05,0.0015230897842629593,1.41024313968816,2.3926516562151896,0.0015425868332385002,0.010496276574343284,0.0069919824600219,0.11382699007433257,0.0165846645832061,0.11321551424261425,0.00011420622467994115,0.029868568020278805,0.00027981773018830004,0.020488822494553003,-0.0095926821231842,0.0006114758317183179,75,41,16,85,-0.36424076064730304,1.604167963004661,0.0026151389102858327,0.02511888589649106,0.005484431982040251,0.05883267613389004,0.0038085319055243816,0.03289054617692115,78,23,4.094478300246273e-05,0.005614743898650606,0.8226107045505593,3.1842880115317795,0.0028950721025466503,0.03101511633724217,0.0159612894058227,0.23212863615253007,0.0323525071144103,0.2202246661538288,-0.00036279875785111997,0.061641120195965876,-0.0004282966256141,0.057269477994844484,-0.0163912177085876,0.011903969998701283,85,41,16,75,-0.13038649778041006,1.3907575696176455,0.0050615200379611905,0.04260418054178596,0.0024562627077102253,0.018079314584963153,0.0013737828005105073,0.010256070139180964,77,24,9.48813160000807e-06,0.0006189253265353181,1.1504132718867837,-0.9881248495152319,0.00116822123527525,0.008686396132812899,0.0091128945350646,0.04702171907436136,0.012048840522766,0.04568985919320712,0.0017037205398082417,0.02185350108226528,0.001594990491867,0.020011089840332147,-0.0029359459877014,0.0013318598811542404,26,45,17,134,0.3950786491564196,0.35802572031942814,0.0017454108228779346,0.011889062914407863
Other,0.004096850738401965,0.055808468700289125,0.009896478652953868,0.08463658143658752,0.002610854804515725,0.017913454915118476,0.0015395401977002132,0.011052557998496852,80,21,6.045962438238913e-06,0.0007613402831425254,0.05884611282098495,2.2674586593530988,0.0013425499200820001,0.00980294250512061,0.0061474069952964,0.07893734846691806,0.0114490538835524,0.07680858917601047,0.00025476710870861425,0.023221226189906265,0.00025585666298865003,0.022101645749371707,-0.005301646888256,0.0021287592909076014,75,45,16,85,0.23549622157757533,1.1624109046594528,0.001933178109809366,0.014903520972566739,0.004014138132333625,0.04391457296264949,0.0027021164644974727,0.02337553310420261,77,21,1.9442778093449858e-05,0.002805457904760337,0.4523908623162791,0.3358112659084793,0.00201702117919915,0.02159061107797036,0.0089292973279953,0.13407400326495447,0.019251257181167603,0.12990245663981861,-0.0002944876439869349,0.04388653841577713,-0.00045071542263025,0.04144846703575291,-0.0103219598531723,0.004171546625135869,84,42,18,76,-0.20508714701689146,0.8248115163771805,0.0034843785562082242,0.029655179153747414,0.001983195543289175,0.015996508595679557,0.0012059234967455139,0.00996443711769487,77,18,8.445974960870898e-06,0.00046403918901123767,-0.06329066194947242,1.4697737490460874,0.0010113418102264,0.006053511092777908,0.0055206418037414,0.06097465663438887,0.0078956484794616,0.058274190499811765,0.0017361167818307534,0.017528816830904136,0.00165697932243345,0.013098476735483096,-0.0023750066757202,0.0027004661345771015,18,47,14,142,-0.009699880282274333,1.3142455093728356,0.0015095945960480743,0.012521172849212234
Other,0.004048182560063571,0.05680988638025954,0.009786526709794761,0.08544889319597772,0.0024421624839305,0.016838723622729056,0.0015367282903752733,0.010802517936366225,77,18,6.155035875010395e-06,0.0007697205284231673,0.32497576009470697,0.9170258937133813,0.0012294501066207179,0.007665576279777041,0.0061474069952964,0.06433521506169834,0.0106636285781859,0.06412990082489169,0.0002165446057915653,0.023828055962097396,0.00010132417082781784,0.020698795631609153,-0.0045162215828895,0.00020531423680666193,75,47,16,85,0.3730520451570898,0.9598611439894607,0.001955480826671749,0.01421070995729354,0.004103749990463125,0.04854650975145822,0.0027543403161689136,0.02716353213043001,79,21,2.042634821097744e-05,0.003078508992702258,0.7109326206138058,-0.03836194263132642,0.0021130889654158,0.022289551187746275,0.012093037366867,0.1326121210131371,0.0223200321197509,0.13188374448014345,-0.0002603981643915126,0.04454074875579862,-0.00034968554973595,0.035631019177252934,-0.0102269947528839,0.0007283765329936519,83,40,16,77,0.03966662915730435,0.8701245924718165,0.0035747064518218538,0.033085203535343125,0.0017942935228347752,0.0143148104422891,0.0010929026640951523,0.008580610926496,76,24,7.433919862300533e-06,0.00039860550183576783,-0.07488002590903875,-0.08608021179195324,0.00091904401779175,0.007114507520009836,0.0053846836090087,0.04654914393957303,0.0076934099197385995,0.045748323489582535,0.001667568460106816,0.017080088478081693,0.00159007310867305,0.015412564816377686,-0.0023087263107299,0.0008008204499904937,17,46,19,143,0.018498145108970795,0.6122154028745985,0.0013700903316112617,0.010338088770012991
Other,0.004280636054256549,0.055868426423593714,0.01020533397793746,0.0848378321383412,0.0025967285037039748,0.02027784662545311,0.001615768228657497,0.012786850203214644,75,18,7.279835800202145e-06,0.00085272139118848,0.7965111133447831,1.9901703742189971,0.00130172073841085,0.007180504580286823,0.0069668665528297,0.07691317573323507,0.013269953429698899,0.07445722327591767,0.00030360706150530997,0.024202253359477205,0.00022475421428675,0.01812655258549111,-0.0063030868768692,0.0024559524573174,71,46,15,89,0.07351137860487429,1.4551579761481632,0.0021179603638817324,0.016339287729645807,0.0046084932982921,0.034137182356475025,0.0029106462374329056,0.026693184706729947,80,19,2.1625583642585566e-05,0.003233415739526051,0.41408534456609214,4.6183391015624276,0.0023298561573028,0.01574877254347503,0.012093037366867,0.19843295579016546,0.0223200321197509,0.1916122030984311,-0.0002903599292039869,0.04299237171870209,-0.00026894360780715,0.030992116091545386,-0.0102269947528839,0.006820752691734348,85,37,15,75,0.13885265543119754,1.974944203091127,0.003676432628045443,0.03721655160714108,0.0020015984773636003,0.014406224386423128,0.001182767320424305,0.008446204838418932,81,22,7.672542075027603e-06,0.00042845552879763394,0.6191526099575775,0.7832268953807313,0.0010261535644530998,0.007366558181715404,0.0059217810630798,0.051648928523114666,0.0098388195037841,0.04975739629719389,0.0016121610999107038,0.0176432070601619,0.0016362369060516002,0.01611433243445458,-0.0039170384407043,0.0018915322259207797,21,47,16,139,-0.2608463801965632,1.0106521570026223,0.0014866366192051517,0.010824637334797283
Other,0.004510686968322338,0.06307097768607564,0.010721411928534274,0.09568389112701695,0.002664009109139375,0.022941745310892735,0.0017141080211149043,0.012654286942351213,89,20,8.056013090890468e-06,0.0009904435346698782,0.45552358717883124,0.20665950853284443,0.0012842752039432,0.011480128192900386,0.0069668665528297,0.0725588131482313,0.013269953429698899,0.06781241693558039,0.00024407668970523886,0.027233937095841293,0.00042356923222535,0.025415873019431514,-0.0063030868768692,0.004746396212650908,63,43,16,97,-0.362445363948426,0.8345941154794289,0.002237571628755243,0.015772007003854577,0.004854321479797275,0.030959070613815615,0.002947843270376279,0.02534981163856633,78,18,2.2646561047534145e-05,0.0032442930568576623,0.5317030794534046,1.0561170455074462,0.0023736208677291,0.016402347710480884,0.0123554617166519,0.14312086193568374,0.0234010964632034,0.13651823694391682,-0.00026764683425426313,0.04619659372707474,-0.0004046261310577,0.03578990740195801,-0.0110456347465515,0.006602624991766909,89,39,16,71,0.20406163103990774,1.3145211484832364,0.003764443490648625,0.033319180435197694,0.0024964809417724497,0.021142747650805684,0.0014493395201861678,0.012212918898963665,82,19,9.267501599196906e-06,0.0007098409091164541,0.44959340526752145,-0.6086978126587557,0.0012754499912262,0.008784053720503632,0.0064474940299987,0.05483949031538905,0.0109134316444396,0.05242944208956204,0.0015484221279620839,0.022253360304100904,0.0016230940818786,0.017578985373541925,-0.0044659376144409,0.0024100482258270148,31,48,14,129,-0.23048675758586898,0.7183720829360442,0.001848222648009237,0.014650217209731746
Other,0.0045671495337538046,0.06350074510698135,0.010722225382923858,0.09614644274619882,0.002663936465978525,0.01648181015568905,0.0016114313475554347,0.01068438285386918,91,21,6.7302245383574405e-06,0.0007927035322856578,-0.04141152328681663,5.608854923954935,0.00130881369113925,0.008650391144209813,0.0044185891747474,0.08856938905101981,0.010028883814811599,0.08586101091696027,0.00013339868746696818,0.024005977476977355,0.0003604181110858,0.02095545008799137,-0.0056102946400642,0.0027083781340595456,66,44,15,94,-0.39388316914885424,1.839558573224057,0.002053031537076803,0.014711103889936796,0.00466176122426975,0.03710971725899209,0.003104669555323154,0.027013362513877582,79,16,2.608667576551045e-05,0.00387681178786212,0.4868399311048113,2.5222510091174604,0.00241588801145545,0.01911715654344614,0.0123554617166519,0.1725313468417844,0.0234010964632034,0.17120720042053258,-0.0002598426304757544,0.049352919134488846,-0.0003828927874565,0.043100510380844434,-0.0110456347465515,0.001324146421251801,87,40,12,73,0.09753844614714288,1.5735032152107258,0.004042124624822657,0.03796183821638152,0.002315849065780675,0.02026978353428501,0.0014013882726430754,0.011798592179239549,80,24,9.170556618975638e-06,0.0007192788720341821,0.4138008829167221,-0.3314089410229153,0.00120604038238525,0.010785637087625925,0.0064474940299987,0.06091607213537291,0.0109134316444396,0.05649278952089992,0.0015657823532819449,0.0227875461347326,0.00157842040061945,0.02062823112617559,-0.0044659376144409,0.0044232826144729835,28,46,16,132,-0.13390105593780063,0.674137444601043,0.0018167421277530927,0.01414236943343001
Other,0.004555137878923555,0.06017836709426626,0.010636085495352523,0.08977309111973131,0.00277879461646065,0.015169291607962394,0.0015675411239498844,0.01067457720040969,75,19,6.412781714053887e-06,0.0006277155088885102,-0.08868010081892663,1.1980163417307361,0.0014050975441932002,0.0068933097752633885,0.0059838742017745,0.06764645892917936,0.0109592676162718,0.06552993301985004,0.00037678354419767146,0.02091658515646139,0.00034601241350170004,0.01696326966621786,-0.0049753934144973,0.0021165259093293325,70,46,18,90,0.09859242796919981,1.0713897383954007,0.001972393809684958,0.013791735724012743,0.0046256594359874,0.03956250000591677,0.003174299258971537,0.03069878011176595,79,17,2.7283666276717873e-05,0.003984901968899129,0.15284681592889315,0.4950579895208551,0.0024110153317450003,0.016302023680833475,0.0102812498807907,0.14272490186457018,0.0210747867822646,0.13833705282438355,-0.00022301254794001132,0.04893951295039949,-0.00023534893989555,0.03414934973469845,-0.0107935369014739,0.004387849040186628,85,42,18,75,-0.10236433838851641,1.2251299507195499,0.004136362066607918,0.03987262270125719,0.0023521184921265,0.0148684815937082,0.001260329191572954,0.008902079496184684,81,22,8.367434364195692e-06,0.0005218051932031123,-0.08477258998024562,0.6526237452532784,0.0011678338050842001,0.007324092345285564,0.0060585737228393,0.05427343709520866,0.0089759230613707,0.052265261675211463,0.001650410518050162,0.019916993012870424,0.0016873776912689,0.018031382326286104,-0.0029173493385314,0.002008175419997201,24,46,14,136,-0.0024502432699404337,0.8539645579483448,0.0015879393235027099,0.011185641802256273
Other,0.004397473517757246,0.05884209164120291,0.01045150473713852,0.08921423631247948,0.002852728590369125,0.017733402489204502,0.001626039475668176,0.011274642970825912,78,22,6.533491426480032e-06,0.0007743335296704973,-0.27546516735183557,0.7168887941755768,0.00141039490699755,0.009014755269883452,0.0059838742017745,0.06768770324100208,0.0103380233049391,0.06536941013812095,0.0002644841559231245,0.023761571294170176,0.00019971653819075,0.02173931988752379,-0.0043541491031646,0.0023182931028811397,73,43,13,87,0.13750099379102132,1.0070759395737738,0.0020096572561285396,0.014481756084900928,0.004614822566509075,0.037604465328184636,0.003051029425114344,0.028360155249522137,80,16,2.488652316181289e-05,0.0037318217879431887,0.23961896723166065,3.7440294601937154,0.0023516118526458003,0.016583273586328242,0.0107900649309158,0.18486294969040876,0.021259531378745998,0.17925408284971794,-0.00022521698847413103,0.046694385906953115,-0.00015164911746974764,0.035732064006813405,-0.0104694664478302,0.0056088668406908265,82,41,16,78,-0.13185191950388672,1.8716309198965964,0.003949792356199567,0.03938852767895401,0.0021323561668396,0.018317160832678783,0.0012479348480701296,0.010439879528459343,77,20,8.002710213332615e-06,0.000541344284885617,-0.11685228843447204,3.9389588872390275,0.0010567605495453,0.008159933258780602,0.00603848695755,0.0756211671032207,0.0081819295883178,0.07327754731659948,0.001575028896331759,0.01875827911135618,0.00154453516006465,0.015183987306720503,-0.0021434426307678,0.0023436197866212134,29,46,15,131,0.11376539502385592,1.642613548257346,0.0015927438795090548,0.013764855599172678
Other,0.004318382020127731,0.05900389704903002,0.010258319228887328,0.09018890902215082,0.002536702901124825,0.017461902152822388,0.001529061335604591,0.010876089988853952,83,20,6.407469385334168e-06,0.0008302226165408907,0.4117967613748448,0.4123874950258415,0.00117931514978405,0.008298153544841499,0.0073778554797172,0.06417727582885197,0.0113837718963622,0.05981919740357895,0.0002888141199946303,0.025313029083327047,0.00035475939512245,0.02252917171259031,-0.004005916416645,0.004358078425273012,65,46,15,95,0.26684038810330757,0.7703471712759091,0.0019864331727019284,0.013764925541663121,0.004643235355615525,0.04385577908428223,0.0029117855243384378,0.028358232155734887,80,19,2.301912539254669e-05,0.003384315101437428,0.7279194656426173,4.925551153032191,0.0023278221487998503,0.020362225170217647,0.0107900649309158,0.2075156417075337,0.0227983742952346,0.20169249726285943,-0.0003041828982532011,0.04386245584356883,-0.00029014050960535,0.033891550941808735,-0.0120083093643188,0.005823144444674277,83,38,15,77,-0.1679837952883351,1.915421396900198,0.0037926676872504827,0.03821518113012685,0.0022138655185699003,0.020268330388502002,0.001304656364954989,0.011541830922575842,79,23,8.82189051825548e-06,0.0006408026896076071,0.7475786441487231,-0.007623936678990528,0.0011386871337890501,0.010141643586839973,0.0073807835578918,0.06106778574911664,0.0112245678901671,0.05916529320989967,0.0016143698245286644,0.021013424095254942,0.00157731771469115,0.01832253994749676,-0.0038437843322753,0.001902492539216973,27,47,13,133,0.04189138833984037,0.7497146069164489,0.001710490501150695,0.014115193849202573
Other,0.004265968893254242,0.05950854726783162,0.010164360255002742,0.09118018170366743,0.00239461287856095,0.019231901388326478,0.0015634246473200223,0.011417013784858172,82,21,7.162036312807491e-06,0.0008458665711929134,0.46230613311441626,-0.363348727298765,0.00121374800801265,0.009689270614426579,0.0073778554797172,0.059924187827330264,0.012170262634754101,0.0583518365601451,0.0005161750130355223,0.025530043205507478,0.0005532689392566,0.023447452561861138,-0.0047924071550369,0.0015723512671851603,55,48,15,105,0.026427569703794996,0.5264286107752683,0.002058230552615696,0.013931384178100718,0.003854084759950525,0.04189389891072528,0.002643229435197963,0.025175959878860295,82,23,2.046687686344707e-05,0.00298645332043932,1.3269873202365359,3.301695074584555,0.00192569196224205,0.02136152669162588,0.0097385644912719,0.1759281103431369,0.021746873855590702,0.17227128078706472,-0.0003559065982699341,0.04341648674007953,-0.0003290548920631,0.041359299951664215,-0.0120083093643188,0.003656829556072186,87,38,14,73,-0.2523513696945893,1.4645411125612744,0.0035699836735475507,0.033188281058045443,0.0023081600666046247,0.018669097926332215,0.001343889106065018,0.010832745560932168,78,22,9.808282026000054e-06,0.0006655378982777831,0.593302760509113,-0.5026177646652616,0.0011700689792633,0.009334453856492902,0.0073807835578918,0.05394988204598344,0.0112245678901671,0.04984840958028356,0.0017784662544726997,0.02223365175808042,0.00173538923263545,0.02053088209860588,-0.0038437843322753,0.004101472465699875,25,46,12,135,0.012322811277467281,0.6103501112614315,0.0017279745071354694,0.013084442203555735
Other,0.00425980965212185,0.05759328568771385,0.010132152065634498,0.08883290938822949,0.002499872818589125,0.020462007823889745,0.0016224670555674968,0.0112116012667143,83,23,7.267557979808994e-06,0.0008015514514794294,0.33086351435606565,2.234063138294463,0.00126692652702325,0.009424719551633584,0.0054524466395378,0.07743016338233406,0.010855741798877699,0.07541971874754372,0.00032992945052682485,0.02438126209753211,0.0004290267825126,0.021357135117868922,-0.0054032951593399,0.0020104446347903437,64,50,13,96,-0.29051528618302574,1.2370220539530408,0.002112167873796982,0.014391160829164308,0.00393609330058085,0.042203317099110224,0.00270924342796202,0.025046839841440335,81,22,2.1113542353714117e-05,0.0030014995061758924,1.1165595409324043,2.5536502319787955,0.0020398646593094002,0.020689155313273658,0.011374220252037,0.16249480644203235,0.0217647850513457,0.16166658426298874,-0.0002540931105613679,0.043889895125789155,-0.00020632892847055,0.03545154248989703,-0.0103905647993087,0.0008282221790435961,83,39,17,77,0.14698276924298698,1.392045164898344,0.003635104962416523,0.03278988581900098,0.002248451113700875,0.018171998129207723,0.0013287448510527493,0.010964167652137893,72,21,9.334089280876567e-06,0.0006126946335668357,0.29903475129221846,1.45741146576254,0.0011347532272338503,0.00814738054296069,0.007167100906372,0.06834595965343128,0.009997308254241801,0.06602403768039927,0.0017041463404893552,0.020561752164908215,0.0015711486339568502,0.016277040412898867,-0.0028302073478698,0.0023219219730320137,26,46,13,134,0.2449223875757778,1.1998823958737694,0.0017170080898538276,0.013780746767709219
Other,0.004676210542009457,0.06247139607320364,0.011000170409679176,0.09473252991877337,0.0027194973081349754,0.021996524732642925,0.0016590887983329108,0.013372480596829061,79,22,7.060703541184878e-06,0.0008515521605033403,0.025923835410334828,3.12081821309876,0.0014165639877319,0.011113964254907516,0.0054524466395378,0.09261785013601372,0.010855741798877699,0.08993307260668207,0.00018751118332147257,0.02331354114520514,0.00011121854186057634,0.020906841652739008,-0.0054032951593399,0.002684777529331652,74,46,16,86,-0.1791492607821897,1.501206598853236,0.002098883625245083,0.017550810801047555,0.0049166567623614,0.04564656780357304,0.0032463398156687175,0.030347245511119957,81,20,2.9904785382468082e-05,0.0041768990230383815,1.3527975452099366,2.763717289823715,0.00249283760786055,0.019131402533378458,0.0161132216453552,0.1889952122731111,0.030685335397720302,0.1816929447163314,-0.0001901861280202819,0.050534098018138025,-0.00016448646783825,0.03528428296307548,-0.0145721137523651,0.007302267556779719,82,38,16,78,0.2132647722479806,1.6579409039054394,0.004332625401379683,0.04028900545473418,0.0017755329608917254,0.01439732545488165,0.0012632045149803047,0.009697796494861952,76,19,9.204825940826942e-06,0.0005966208519160105,0.974193369566684,0.6566226798713721,0.0008840560913086,0.007184250593816204,0.007167100906372,0.058642418432445734,0.010878562927246,0.05374551461620448,0.0016894400119781099,0.020884890755430204,0.00162154436111445,0.01827093228114666,-0.003711462020874,0.004896903816241255,21,48,16,139,0.12260113121374978,1.1542635917779163,0.001707934471794481,0.012666577677090075
Other,0.005167625744300154,0.07044870425370013,0.012235482931136847,0.10413754849564089,0.003271603956818525,0.022408695427908243,0.0018395578674971582,0.01461112810961525,76,19,8.381811996921141e-06,0.0011359312167425455,-0.09150676383264411,6.104843353174427,0.0016362443566321852,0.010733509975053176,0.005973994731903,0.1174509375482069,0.012738108634948599,0.11637832592612941,0.0001639075577259058,0.026954830101434863,6.28158450126648e-05,0.022128965883806397,-0.0067641139030456,0.0010726116220774915,77,41,13,83,0.007653923454591363,2.0249978322827897,0.0022900972071529745,0.020232853257643287,0.0064472705125808005,0.05255773325536933,0.0038412366202100674,0.03574738181887631,76,21,3.8286490506830844e-05,0.005495412351246022,0.36332515858779413,2.7780371348259267,0.0030902996659278497,0.025568179479167286,0.0161132216453552,0.2330855475322287,0.030685335397720302,0.2268450973313461,-0.0003234536387026209,0.057776048288925234,-0.00080223381519315,0.04266132368662577,-0.0145721137523651,0.006240450200882601,87,37,14,73,0.07634574831211978,1.5802831132326072,0.004896353083661201,0.046447180704126734,0.0017051696777343498,0.008736239899487273,0.0012138817692175414,0.00875604435163628,79,17,8.701948479447838e-06,0.0005159951653233565,0.9615030122593651,1.1762679612228144,0.00087040662765495,0.004621013173708787,0.0065556764602661,0.05355126961059998,0.0102671384811401,0.050895387179240296,0.0016816277056932027,0.019406670105280792,0.00164106488227835,0.016440204656349953,-0.003711462020874,0.002655882431359683,19,46,18,141,0.017120212884733654,1.2832097914835177,0.0016208844729239502,0.011805774889779883
Other,0.004616811554971257,0.06240297846727947,0.010981453731655839,0.0934406434113421,0.00228369608521455,0.01781507808263401,0.0015793518669669992,0.012508049663588552,77,23,6.908864181254536e-06,0.0008986980738966349,0.6596149759574077,2.8256592773297733,0.001004047691822,0.009171735360015832,0.005973994731903,0.08559882170252035,0.012738108634948599,0.08285923787385016,0.00026327879168092967,0.024944318686470818,0.00011018291115755,0.022594245503217012,-0.0067641139030456,0.002739583828670193,77,50,15,83,0.027581353418208727,1.4316138549035893,0.0020677151467710145,0.016627658859996418,0.005395688116550325,0.038890473341229324,0.0034307132475077636,0.031856699828679585,76,18,3.0048128426458125e-05,0.004540900781022238,0.024883969194354538,9.296690374391346,0.0027782395482063,0.020639150065831675,0.011678472161293,0.27323331493799446,0.0232678949832915,0.27252197384511495,-0.00019053556025027746,0.04963468007894682,-0.0005464702844619499,0.03574871223717127,-0.0115894228219985,0.0007113410928795088,85,38,12,75,-0.0379714769923457,2.5663650254079196,0.004343001479783329,0.04557739916321288,0.0017272531986236251,0.017040030887494364,0.0012116774637251945,0.010263467488379056,78,19,7.892782213367553e-06,0.000522346368815837,0.46494403245024873,0.5842014416181947,0.0008684992790221999,0.007262721729256362,0.0065556764602661,0.05573701548755304,0.0091868042945861,0.051756754409351714,0.0015680629760026557,0.018861644645924464,0.0015389025211334,0.014930629526486227,-0.00263112783432,0.003980261078201329,22,46,14,138,0.0643443269435632,1.1017920038009732,0.0015778872544698114,0.012906770706365941
Other,0.004181456729152347,0.05785720309563826,0.009906548336148034,0.08750934479999856,0.0021208412945269497,0.018234512399233578,0.0014310504915192321,0.010677055673976922,72,20,5.4374225286427746e-06,0.0006114233121075855,-0.052565669618066746,0.21979529078559468,0.0009816028177737756,0.008832881901735881,0.0053272917866706,0.057237306888509885,0.0091810449957846,0.05558483875476039,0.0003804528620094018,0.021152655921049698,0.00010210275650022446,0.0170353282839086,-0.003853753209114,0.001652468133749498,75,54,14,85,0.30355170482299876,0.857523762723241,0.001809449605378836,0.012805797889755513,0.00475509092211715,0.04954448913464977,0.002929411232471417,0.027572606120728423,78,21,2.1890845291711683e-05,0.003256145788960724,0.10564794809775835,0.013638714363267468,0.0025108009576797,0.024031601860158007,0.0088541060686111,0.14373560364201657,0.0196660161018371,0.14245359707922534,-0.00014843195676803476,0.046318629452123596,-0.000344194471836,0.0400893823100473,-0.010811910033226,0.0012820065627912303,83,39,13,77,-0.0958774025847147,0.8149431529043885,0.0037075135354272025,0.033327621496854413,0.0018603205680847502,0.01748765163072831,0.0012450109934434115,0.009673564582042186,81,20,7.997876290523876e-06,0.0005406246869914409,0.5872411992159057,-0.3119327159925862,0.0009458959102629999,0.008110055089062387,0.0060420036315917,0.051249849916486075,0.009687304496765,0.04857226888679225,0.0015541333705186514,0.02003805942682527,0.0015951991081237,0.01751065571087048,-0.0036453008651733,0.002677581029693822,26,50,16,134,-0.06386474433385605,0.7327948512244475,0.001612324279762669,0.011794102822956051
Other,0.004311529397211062,0.057701925541805886,0.010225009471177847,0.08806238574738162,0.0023303497582673,0.023196911770934917,0.0015704822435508967,0.013357463473540856,75,18,6.922301526740313e-06,0.0008538824388533747,0.6853312772539946,1.4520803803910542,0.0011005811393260552,0.010263102392782771,0.0053272917866706,0.0826701977065311,0.0124945789575575,0.08144307351022687,0.00020096553489565554,0.024059023023282368,4.4189393520355225e-05,0.01866881012413906,-0.0071672871708869,0.0012271241963042329,77,49,17,83,-0.04636656390887881,1.1988118399054897,0.002076778179183172,0.01658450632423358,0.00454299896955485,0.032138865476973213,0.0029455350060015473,0.027498954740514253,76,16,2.3407500756675412e-05,0.003500092602947744,0.880525296945315,2.921227756769272,0.00243166089057915,0.01590821180936063,0.0138770639896392,0.17654674611775611,0.0246889740228652,0.17442772890320246,-0.00017826762050389785,0.04340704906910519,-0.00040218979120249995,0.035885771259439744,-0.010811910033226,0.0021190172145536612,86,39,16,74,0.09597223898835452,1.804189916513382,0.0038327169703087373,0.040198516067885375,0.0021121501922606997,0.011959492884574909,0.0013089649938046776,0.010124099647755404,81,17,8.619633927650951e-06,0.0006088463816898481,0.7265982758819955,1.4420608395844097,0.00101685523986815,0.005772756008470213,0.0067050457000732,0.061751998561507364,0.010350346565246499,0.05894525729933891,0.0015969231724738812,0.02059631365499405,0.00166812539100645,0.015953203138282353,-0.0036453008651733,0.002806741262168452,26,48,17,134,0.21044965990176928,1.4299349353173767,0.0016896600338336973,0.013588165642019293
Other,0.026134301011357296,0.44532489728216584,0.0618058854481203,0.6976267262973852,0.014401093125343276,0.24469234452867641,0.011421454120427332,0.12830472772783622,92,20,0.0006939279657892237,0.09915926619276254,28.18630984871208,-0.40238545181462015,0.0073530673980712,0.09470860551626743,0.0708571374416351,0.6633832275401743,0.2420471310615539,0.6128645407140628,-0.0006066273897886318,0.2759505766151086,0.00030419230461115,0.22497056431411208,-0.1711899936199188,0.05051868682611152,77,41,18,83,-3.4961163893475335,0.6904233385795896,0.020882106494581477,0.15169227224401255,0.02079913020133965,0.16561923778427043,0.013728804718702992,0.11982731967213749,81,20,0.0005707296973447007,0.084138971560676,0.895789628295188,5.595235284133098,0.01053011417388915,0.07853436932000574,0.0555349588394165,0.9529258117778663,0.1108381748199462,0.9439880918024587,0.0035313501954078617,0.2323847031974088,0.0038965344429016,0.18906532870741385,-0.0553032159805297,0.008937719975407635,67,36,16,93,-0.012697602414506832,2.092951880102717,0.018611841138881164,0.17359816036043765,0.019876895006745977,0.13030369752833182,0.01309444602069557,0.13110656430897724,79,14,0.00043818953690596187,0.06555301205907518,-0.032984710034912545,0.7565495764228292,0.01009344775229695,0.053095223355055086,0.043374478816986,0.6303136085449239,0.08264559879899011,0.6250812248146709,0.0013172587961889765,0.18929144648486784,0.0012345314025878499,0.11450232523110544,-0.0392711199820041,0.005232383730253064,76,35,14,84,-0.021292496627543248,1.4317287178275715,0.016548257308695875,0.17240000100563108
Other,0.017042933673042583,0.296408798721374,0.04073999201413221,0.461734704092342,0.0079306438565253,0.17317489759506263,0.007943083799909769,0.09241362787055829,85,20,0.0003018513599529703,0.044014269509128276,7.590340800338911,-0.33863756669888145,0.0040924996137617995,0.08087348915969503,0.0708571374416351,0.4587029505850332,0.1293621957302093,0.43358164257049786,0.0022222774103283723,0.17855137362683848,0.0026420950889587,0.15239200706796657,-0.0585050582885742,0.025121308014535302,51,40,14,109,0.1960910582640359,0.7096242855161955,0.013596839554427009,0.11015296857142524,0.010520249605178725,0.13441399060133308,0.00784040821716186,0.08484383511815113,81,21,0.00023581882237621576,0.033107152588304274,4.583773321968448,1.307198503790442,0.0052979886531829,0.06793856907569762,0.0555349588394165,0.48652602512317084,0.0970469713211059,0.458967885262451,0.0026852622628211822,0.1445692629798661,0.002728909254074,0.12460643705270685,-0.0415120124816894,0.0275581398607198,56,42,15,104,0.43715722544289004,1.316810853032031,0.011876773191783194,0.1104847536529932,0.010345726739615075,0.11573916256328154,0.008723365823825541,0.10548221312819017,84,14,0.0002569701808228426,0.03810986248933558,2.21220613345894,1.1903862029143335,0.0052701234817504345,0.0429746027080118,0.0385574102401733,0.5665203217674645,0.0778285302221774,0.5541393088108185,-0.0005244864703854541,0.13861406748563743,-2.0473496988415718e-05,0.08379249228327373,-0.0392711199820041,0.012381012956645912,81,40,16,79,-0.24017289222544297,1.525874207400138,0.012701954564857626,0.13746273234743567
Other,0.008742339144871995,0.11728360737292581,0.021220118738710648,0.1855080520113067,0.005406871438026325,0.03623768832582503,0.0035901551810093016,0.024083973722738284,77,23,4.44155081268332e-05,0.00495641895588239,0.343206718757044,1.4287739278794769,0.0026662647724151,0.018638787512730785,0.0144776105880737,0.16474014266506953,0.026507109403610098,0.1616380460668786,0.002487678639590718,0.0622714183491189,0.0023059099912643,0.06043847763088577,-0.0120294988155364,0.003102096598190934,41,38,16,119,-0.1110360536730207,1.0468916425719148,0.004659057325269323,0.03284340744611325,0.005855232477188125,0.06071683216006998,0.0042800229322165016,0.04421065916439454,78,19,6.544426813260095e-05,0.00773483114409676,0.7517490314942199,1.1906549521563692,0.00319254398345945,0.02638875388366195,0.0211268067359924,0.2497160198789127,0.0354984402656554,0.24513710645986495,0.0025622855871915567,0.06702890002559131,0.0024985074996948,0.04488475902283322,-0.014371633529663,0.004578913419047746,40,43,16,120,-0.16795366399916728,1.3295495532218884,0.0058782070729516776,0.056938191975650615,0.0071741200517862,0.05358879997367233,0.004036184778669802,0.03796627097569593,80,17,4.0381355975534245e-05,0.0057689915816162085,0.05506149684946671,3.138059391608463,0.003659368027001535,0.02137015642547868,0.0154556026682257,0.2536644833444062,0.025019644759595297,0.25105069788498574,9.309938177466254e-05,0.05620773363659646,0.00010418985038993496,0.03783819610409376,-0.0095640420913696,0.0026137854594205025,78,43,14,82,0.3976238602918046,1.7094290165888921,0.005038686061113796,0.0510850492908995
Other,0.010365180588352063,0.14167281291713424,0.024658477678894758,0.21541598706484738,0.006723456084728126,0.03872733354519378,0.004100678835529805,0.031281526632178445,77,19,5.417392928609137e-05,0.005935163235948267,0.021010730149805035,2.692886548546859,0.0035871863365172997,0.019174153669804114,0.01676806807518,0.21751859348914074,0.0287975668907164,0.2104639047303273,0.002833042852580526,0.0632865125618644,0.0025563538074493,0.05003938688280455,-0.0120294988155364,0.007054688758813434,45,39,13,115,0.059851388569218726,1.6529430572683987,0.005098533418357941,0.043931544062384684,0.005137339234352049,0.06711860506113901,0.0038202467001974285,0.036313142523828015,86,19,5.0301295006959614e-05,0.005853368627865011,0.3859405723635443,-0.09098309386687475,0.0025368928909301407,0.025132236316918046,0.0172561407089233,0.1784703720919874,0.028978288173675402,0.17216136607457433,0.002307898551225638,0.06229634414090762,0.00247243046760555,0.0478214033039714,-0.0117221474647521,0.006309006017413071,41,45,13,119,-0.1195218702263731,0.9319838823870809,0.00512602570503255,0.04441322026764794,0.009045199025422225,0.06987513222080496,0.0063286863394750505,0.07572405832027501,75,14,0.00013142158650293604,0.02032906058378693,3.2088007869989204,3.943899081200877,0.00467106699943535,0.02745511774138478,0.0358361005783081,0.5058703047957369,0.0604201555252075,0.5009766510125426,0.0002869490708690129,0.08983313036207537,-4.982855170965195e-05,0.044184523662095326,-0.0245840549468994,0.004893653783194281,82,37,16,78,0.7521264520302869,2.139759619202482,0.009086926225157024,0.11072068132529399
Other,0.015857286707862135,0.24423222344523637,0.036864153984933846,0.38208524221802714,0.008230887353420174,0.05849140133980439,0.0049310113769024284,0.03523570306398824,79,23,8.591327277933565e-05,0.00836135166243345,3.091648062023661,1.4317470807455193,0.0040164887905119505,0.029976353632244532,0.0357970297336578,0.2300840180283897,0.050448268651962204,0.22035818941524923,0.0034556649625301153,0.07957045751615013,0.0033532530069350502,0.07509739555180363,-0.0146512389183044,0.009725828613140466,48,41,17,112,0.7136541559816246,1.0112985217624277,0.00648203517647103,0.04505434444206234,0.0086524486541747,0.11504631444099132,0.006665831813588702,0.057982459637275816,82,23,0.00016324010001152677,0.022557098458657072,3.6826211845931134,-0.9935768954850897,0.0044072866439819,0.053268129971399666,0.0437220931053161,0.2683826400548123,0.08258771896362291,0.2536227912287489,0.0019797232002019697,0.13369243122091132,0.00201109051704405,0.12533234037459362,-0.0388656258583068,0.014759848826063416,54,42,12,106,-0.09572122909389079,0.19512804612888493,0.009935933569987591,0.06843560690823869,0.01448044250719235,0.10368857455498987,0.010310958341578903,0.09076385980234047,78,16,0.0003081669724956673,0.045731631668927256,0.8037272989260877,3.7437525922788772,0.00709873437881465,0.03738483280862531,0.0418566465377807,0.6266744279045179,0.07840352877974499,0.5959086287324369,-0.00016317407134920284,0.16882235348096564,-0.00063058687373995,0.12255600425447327,-0.0365468822419643,0.030765799172080967,84,37,17,76,0.3159529555844181,1.9971701148514995,0.013920808623669697,0.1312655500657927
Other,0.014072888592790326,0.22667553163861104,0.03289893282577372,0.3568685280054297,0.007347017526626554,0.0472355872477388,0.004521759632043515,0.03067891867807932,83,21,8.508557140968781e-05,0.0072006247537607804,3.9881307890510485,-0.42843385987707094,0.0036679208278656,0.02703562810176431,0.0357970297336578,0.16386250759559282,0.050448268651962204,0.1457375663644089,0.003999520465731597,0.076350108653099,0.00403100252151485,0.06637370378599267,-0.0146512389183044,0.018124941231183904,40,45,18,120,0.6609506753184807,0.5717799569127792,0.006116875773869776,0.037030874448502546,0.009303838014602574,0.12838853706065698,0.006871654139831623,0.06622008014617604,75,27,0.00016391648481608342,0.02322623921369923,3.5060025280000016,-1.150992885208412,0.00477150082588195,0.06388542574479882,0.0437220931053161,0.2691346424861333,0.08258771896362291,0.2533946092189582,0.0017257936298847097,0.13167713393883151,0.00136071443557735,0.1350435737509088,-0.0388656258583068,0.015740033267175126,65,38,17,95,-0.021781031445809024,0.14776862199445456,0.010004750537385842,0.07672920963592848,0.010424896143376775,0.10940961331508031,0.007843645987304578,0.07079536259725003,85,21,0.00021377623831218354,0.03077513661731787,2.5987314170579534,1.727385821374111,0.0050102472305297,0.03939897170382599,0.0418566465377807,0.43626383803181984,0.07840352877974499,0.4161198500692714,-0.00022753718076273956,0.14884128541349922,0.0001814346760511,0.11814278420780203,-0.0365468822419643,0.020143987962548474,76,43,11,84,0.15737596574614193,1.3618191820571435,0.011593030904868797,0.0928515394259844
Other,0.008435242976167457,0.10319703336229853,0.020098557937890053,0.16458892637698896,0.0055842697620392,0.04652341519484255,0.003533198498189427,0.029274263855400978,80,17,5.822152011055431e-05,0.004386582870826669,0.20441569204579668,0.5433058226731373,0.0028537809848786003,0.018596478761148474,0.0159224271774292,0.1523032067539047,0.024066179990768398,0.1411252974102537,0.003954495303332775,0.05501199532726576,0.0038290619850157998,0.04306478248329646,-0.0081437528133392,0.011177909343651015,30,46,14,130,-0.020607744010662746,1.1874614915346586,0.004569564829619013,0.03688174671757777,0.006874427199363575,0.03765398387049168,0.003800250054337051,0.028436487530832846,75,20,4.051192090226802e-05,0.004845401952501098,-0.16529687296115814,6.553955786147467,0.0034126639366149503,0.018378854484169413,0.0145872831344604,0.23967852400424572,0.0239393711090087,0.23050007613250728,0.0017129156738519558,0.056451655887944346,0.0012285709381103,0.044882591061401175,-0.0093520879745483,0.009178447871738434,60,42,18,100,0.18987541886187426,2.138397261904873,0.004746226089883587,0.04072606659143768,0.005955472122877725,0.03758842421240295,0.0036979257353231786,0.03298266698402059,78,19,3.636756637173159e-05,0.0051665025993707595,0.34656901667376694,9.556030375461775,0.00303885433822865,0.018278597163236272,0.015316192060709,0.29152286719141834,0.026320461183786302,0.285204390017363,0.00019300585845485405,0.05312527516177884,0.00014749169349665,0.036435372515660244,-0.0110042691230773,0.006318477174055391,76,43,15,84,0.09542129992518385,2.6858595450609077,0.0047786188074171185,0.04841701909820599
Other,0.008640494854776594,0.11586449663423551,0.020567284058779237,0.17891126233204352,0.004444420337676999,0.04282533637346192,0.0031208483362570203,0.028404654318339686,78,21,4.7837138993135716e-05,0.0038900973832841916,0.8899369319193307,-0.009707837344928194,0.0021979361772536997,0.021747779745832307,0.0159224271774292,0.14217000082091447,0.0240708887577056,0.13935579507266097,0.0034642213955521236,0.051794368949526055,0.00335249304771415,0.04053822201849905,-0.0081484615802764,0.0028142057482535066,26,43,16,134,-0.0554369213991854,0.8893935936780054,0.004243812453939268,0.03474824784653986,0.006861031055450325,0.05824499678406578,0.004214689228683677,0.032804715388006896,78,23,6.446847054299019e-05,0.006373239893867693,7.282329159834383,-0.6709662524623892,0.0034820437431335003,0.03091276269178926,0.0354268550872802,0.15577781676994654,0.057375609874725196,0.1526155970298707,0.0020388700067996805,0.06969060889997265,0.0019169449806213,0.06528952570735963,-0.021948754787445,0.003162219740075831,50,46,14,110,0.3034726326464899,0.36687570179761436,0.006030180128914997,0.038941737570616225,0.005516774021089001,0.07075842401803223,0.0037993436293617803,0.040643263503202964,77,19,4.1003954970646886e-05,0.005719566387622177,0.8593086022165974,0.31469496847151657,0.0027576088905334,0.024022251062865912,0.015316192060709,0.20532397823959228,0.0308902934193611,0.20504631420704308,0.0002703019999899005,0.0574262844825448,2.6376917958259583e-05,0.03528900750342707,-0.0155741013586521,0.00027766403254920135,78,43,16,82,0.2322043074677147,1.0737307774538103,0.0050710086015443336,0.04921166770342183
Other,0.00746465411015977,0.09471683189279095,0.017851448692381144,0.14415958909835602,0.003676980733871525,0.022512927894856156,0.0023738146340474323,0.016994073255773703,81,22,3.111898250136077e-05,0.001966775545305207,0.9331262554844817,5.00806397842967,0.00175605714321135,0.011491169196250732,0.0115454494953155,0.13685007612004033,0.019693911075591902,0.12803320936958335,0.0030754465609788536,0.03715747588709781,0.0031344741582869998,0.03255491646499034,-0.0081484615802764,0.008816866750456969,23,45,16,137,-0.24176769938478482,1.9133069129971891,0.0031707773407823737,0.02420945127434639,0.005168259143829225,0.057129037213558755,0.003782387538813018,0.03312354791795048,83,24,5.906717576163267e-05,0.00530137093739742,9.62811904414509,-0.6585239592360317,0.0027214586734771,0.02822632685667162,0.0354268550872802,0.15730582134564466,0.057375609874725196,0.1549903302371055,0.002165811881422977,0.06161649762581106,0.00237259268760675,0.05604297160021698,-0.021948754787445,0.0023154911085391475,47,48,15,113,0.3291267849303087,0.5311993228163782,0.005694639981911048,0.03879147016711068,0.004606664180755575,0.036459127159723916,0.0031781007099197746,0.02764419050063962,85,19,2.954282735131876e-05,0.003947916304912468,1.4492337790326486,14.275383288918299,0.0023821890354156,0.016265583535973363,0.0134892426431179,0.2785286176678683,0.02906334400177,0.2762430423475783,0.0004865865688770953,0.045385615585447174,0.0008402206003665,0.03343374262471798,-0.0155741013586521,0.0022855753202899883,69,47,17,91,-0.049877134967009594,3.2686267886843483,0.00428277234675754,0.04345183773837975
Other,0.006554365883507271,0.08002436298616654,0.015762298218905704,0.12419258180759156,0.004051610827445975,0.03845846315075759,0.0025050491094589073,0.022160142553447778,80,23,3.156466192367036e-05,0.002487979435288762,1.6745004768587473,0.24042965653352688,0.0020194649696350002,0.019845172905519057,0.016653299331665,0.11717607177625707,0.023338764905929503,0.10937754751601537,0.0029431536793708465,0.041655471994215425,0.00295545160770415,0.040013918555868944,-0.0066854655742645,0.007798524260241693,25,45,18,135,0.3200775722047684,0.8611084835839368,0.0033369680995642224,0.027437220854669247,0.004553601145744175,0.028798399575746182,0.002655690908431979,0.019645520591376187,80,22,2.655985709949908e-05,0.0020592575148510907,0.13993555653341927,2.457915365332866,0.0021228194236755,0.01568168490690918,0.0124236941337585,0.1249174944802442,0.0181608796119689,0.12478952563972745,0.0022127091884612793,0.036548788624563185,0.0021688640117645003,0.03330871308652617,-0.0057371854782104,0.00012796884051674757,42,50,16,118,0.24251208488024192,1.4708533332357376,0.0034318271693425115,0.0268969062333959,0.004509986378252375,0.05782837796291281,0.0030038600965053394,0.03304765574500906,83,16,2.72179509947859e-05,0.0038543619043210665,1.719671956627458,1.2528082069921345,0.0023920852690934,0.015248791194334439,0.0125127993524074,0.1825460536924393,0.026074282824993,0.17755494366780414,0.000489118346013122,0.04598832118881296,0.00066909380257125,0.02789621870864739,-0.0135614834725856,0.004991110024635157,67,45,16,93,-0.2584748529344175,1.3925338442994082,0.004108219417548997,0.04170654886892038
Other,0.008365534036544464,0.12725979509891702,0.020129875820129886,0.19625176799044483,0.00500027090311055,0.061771190476853775,0.0036801291629671856,0.03359028833488887,80,24,5.8283237078481817e-05,0.006856077100479775,6.394373255342263,-0.7838327658533162,0.0025116503238678,0.033575425585774164,0.016653299331665,0.16115120872967287,0.0423579216003417,0.15777708166638346,0.0027518028393387515,0.07278331451709141,0.0027093738317489,0.07041154537832614,-0.0257046222686767,0.003374127063289399,33,39,18,127,-1.3214071332810418,0.20905594411063974,0.00538851369175651,0.039479947167972824,0.0052804052829741495,0.04143808555802661,0.003181865476071806,0.023380836130595595,79,26,3.6198989207320536e-05,0.0031407848167691664,1.2646364542011623,-0.9623569027958023,0.00264123082160945,0.021115175845870505,0.0124236941337585,0.10310997561645102,0.0274828076362609,0.09860088777333904,0.002343866229057288,0.04913036486867419,0.0023154318332671503,0.0501716273009173,-0.0150591135025024,0.004509087843111983,45,47,18,115,-0.32849895777689103,0.22056926009754246,0.0041519151425339395,0.02696279037192017,0.00544477906078095,0.07606553764792189,0.004283443146268798,0.049245250688874836,76,19,6.313130270701274e-05,0.009441244041270544,3.4121353006423094,1.286118658051036,0.0027105491608381002,0.02907545358636034,0.023164989426732,0.2681755454281138,0.049958290532231206,0.25895898021361796,0.0002013550954870895,0.07433808860467925,9.62633639573922e-05,0.05107017155890941,-0.0267933011054992,0.009216565214495844,77,41,14,83,-0.4665477609632858,1.3556490018546374,0.006297969749126303,0.06257070100193382
Other,0.012606597767073444,0.17445644697448326,0.03026189537718868,0.2671107775052377,0.0073764547705649245,0.06386799106848451,0.004885352957062399,0.048030425458909815,79,19,8.197700562632717e-05,0.00978178062248897,2.4661741580760843,-0.11867863428406222,0.0037417262792586005,0.029589936634370907,0.017413854598999,0.22040758194667,0.0431184768676757,0.212714036504816,0.0030651535838842185,0.07875894805693258,0.0029806941747664503,0.05647214388008329,-0.0257046222686767,0.007693545441854019,43,33,14,117,-0.8184115675379867,1.0357925880933845,0.006488729427519184,0.05982314538248858,0.00884275138378135,0.07141127510905629,0.0053512095892801455,0.050869111206498854,83,18,8.404363448061412e-05,0.010608509995548599,0.42731950683095166,1.6757481845104518,0.0044680535793304,0.02971203518970774,0.0217674970626831,0.30893134185108945,0.0380384922027587,0.29280456692474577,0.0023065123707055914,0.08094615641707384,0.00240877270698545,0.05288900801217071,-0.0162709951400756,0.01612677492634369,59,40,18,101,0.014679196036771813,1.3797178616343688,0.006892327133660999,0.06368853709146735,0.010732263326644774,0.09337995846095719,0.007607195199961961,0.08937555871058965,77,16,0.00016751647230640946,0.0259805164342221,0.4347185150734627,1.83050843932409,0.0051702596247196,0.03186266046407572,0.0310384035110473,0.44866389154508607,0.057831704616546506,0.4436229515299236,-3.613439621403448e-05,0.10740567303123127,-0.00034707412123675,0.05520274833965223,-0.0267933011054992,0.005040940015162494,83,34,19,77,0.018646621822022622,1.7152146956277883,0.010264256328849069,0.12018543104274469
Other,0.012234802299310704,0.1646259733262797,0.02922437377274012,0.2499663824067302,0.007321484386920825,0.05991861113783261,0.004353709039278302,0.03557950975796492,81,23,6.541543536499633e-05,0.006640797234468262,-0.2187954891672237,-0.5140456917482856,0.00374236702919005,0.027978204701313295,0.017413854598999,0.1706500352724621,0.0276336669921874,0.16338314893484368,0.0034040000289678367,0.06952387501111168,0.00352944433689115,0.05515047281015423,-0.0102198123931884,0.007266886337618409,44,40,14,116,-0.010342869181854744,0.6811837546063322,0.005429704547914643,0.04251150477115088,0.009120956063270451,0.07842424664677103,0.005733361802995165,0.05359833345808831,81,19,9.803586363965067e-05,0.01294490496136797,0.9992461333816287,3.0833315339226584,0.00477313995361325,0.03227298741094817,0.0217674970626831,0.3633964665347173,0.0476574301719665,0.3513390124268649,0.0021212130784988266,0.08909171584181096,0.002155065536499,0.06292839715224989,-0.0258899331092834,0.012057454107852392,58,41,16,102,-0.22733685553268831,1.6620604796036313,0.007558434489027338,0.07076419383932793,0.009731123223900674,0.07750107898091768,0.007072874950244973,0.0847005504996722,80,14,0.00014361916500258692,0.022261824953949353,0.7220129849852079,3.443815597398366,0.004795229062437961,0.020662365802422124,0.0310384035110473,0.5062222797993252,0.0562546811997889,0.4998268333044396,0.00016893043648451436,0.09135079155380753,0.00015041045844553947,0.03533393013880342,-0.0252162776887416,0.00639544649488562,78,35,14,82,0.11978419452455724,2.054593038144055,0.009502515556214397,0.1179697327132776
Other,0.007819819191787581,0.10081090157720547,0.018734691888093714,0.15809790078937772,0.00421072542667385,0.035643334693841386,0.0027786092832684343,0.020616567318295424,80,19,3.7469664907172035e-05,0.002673328908732235,0.18149539274866067,0.5714626558974332,0.0021642744541168503,0.01520297728031568,0.014708399772644,0.12020111484710033,0.0202738046646117,0.11951859115686145,0.0033100700005888662,0.04432973984330469,0.0033645927906036,0.038708402179336396,-0.0055654048919677,0.0006825236902388892,31,48,13,129,0.07129697340930244,0.8953438951481372,0.003541236277490602,0.02661208511479623,0.0057540386915205495,0.05826336806323439,0.0038945560343563216,0.029908331547473757,84,22,5.339613795914669e-05,0.005395016155178832,4.790537041903048,0.4474066665968044,0.0029331445693969,0.029392955277132843,0.0183990597724914,0.17128985556264725,0.0442889928817748,0.16265285186344455,0.002069709822535493,0.06297108409624376,0.00254577398300165,0.059355153333286274,-0.0258899331092834,0.00863700369920271,47,48,15,113,-1.0119547636847035,0.796825235352314,0.005410345317333891,0.037810828117387583,0.005305725149810225,0.037472912729057575,0.003351925044553305,0.03121485022672713,78,17,3.0225763736791436e-05,0.00418550960988798,0.8074390829241298,0.6972131085370439,0.0027631521224975,0.014452272961836439,0.0165593028068542,0.16276226236406888,0.026687081903219098,0.15930791558610535,0.00018204045481979626,0.050797076849829266,5.4836273193359375e-05,0.03481294723464747,-0.0101277790963649,0.0034543467779635296,79,46,17,81,0.33142659314636186,1.3147109115170008,0.004356210182372973,0.040064530365405755
Other,0.006921278191408221,0.07093798905056498,0.01682942893356061,0.11122576105765092,0.0038147568702697997,0.021600852176645084,0.0023107530362903965,0.016649480786088692,79,19,3.329797711373258e-05,0.001682315092279301,0.20367692423425865,5.23799115168304,0.0018858909606933498,0.011260476320475282,0.0126139521598815,0.13476113759519517,0.0159068107604979,0.13089514496575788,0.003523780405521358,0.033354807984814695,0.0034334361553191497,0.02813226567889534,-0.0032928586006164,0.003865992629437302,19,48,15,141,0.21144161434702358,2.022576515143317,0.0029063724996399275,0.02386989477512296,0.0050394535064696,0.034850182014590635,0.0030902501195668856,0.020972187364157673,80,19,3.1217351736820235e-05,0.0021891091736726325,-0.10696628867877811,1.035223786083697,0.0025199353694915004,0.014938723003273702,0.0109279155731201,0.12212122684823318,0.0194057822227477,0.11719409334566909,0.0020409967750310695,0.03827502135368119,0.0020749270915985,0.030904182767832807,-0.0084778666496276,0.004927133502564086,46,48,17,114,-0.06328626783127031,1.1873579945667145,0.003929591269711665,0.026909699255990977,0.00496330950409165,0.03245716526116423,0.003110652842442457,0.02758289361539479,82,15,2.5318071734895426e-05,0.003457688461023471,0.1451732466730462,9.776509961252444,0.00250440649688245,0.012176206017559726,0.011716604232788,0.24681619279261094,0.0221544541418551,0.24353903294133997,0.00015649639535694992,0.03959593171915505,0.0002441424876451,0.024300876960189653,-0.0104378499090671,0.0032771598512709686,75,46,17,85,-0.1337559412371643,2.906567118478478,0.003987313682489247,0.04347241254307705
Other,0.006953719703228033,0.07427601792173757,0.016637711003422498,0.11469952306939302,0.003682479262351975,0.022122623133494272,0.0023209501244127635,0.01816258762348389,78,16,3.307422296110412e-05,0.001724582438470656,0.39784508030825094,3.549021562858723,0.0018183290958404502,0.011081824071920841,0.0126139521598815,0.12585445029612347,0.0169293880462645,0.12315931452787546,0.0034474588930606454,0.03274099610633682,0.00326898694038385,0.027488479324535152,-0.004315435886383,0.0026951357682480043,19,47,16,141,0.2899706892306429,1.838455641596794,0.0029734957562902917,0.025546225013404495,0.005282253026962175,0.03869233945069771,0.0030191539600491245,0.019019139960630524,76,23,2.951496560022752e-05,0.0021573925476591326,-0.06779418399771364,-0.9815188702314437,0.00266039371490465,0.019781524766116772,0.0107010602951049,0.08770539223253171,0.0207142829895018,0.08335391674229448,0.0020292975008487533,0.040618693671469926,0.0018211901187896,0.038806668760870126,-0.0100132226943969,0.0043514754902372384,51,47,14,109,0.050141001487352246,0.35800035358183946,0.003797225753704265,0.02252807741646902,0.0048929452896117505,0.03234238394405674,0.0031809561350382375,0.03146652364506542,83,15,2.8762002410648897e-05,0.004017575663407509,0.4304876618269824,10.852832653903613,0.0024498105049132997,0.009213167567253289,0.0128176212310791,0.27848748324412964,0.0233823098242282,0.2740777308106881,9.638834744691614e-05,0.041339833291586275,0.000183405354619,0.024047116131674033,-0.0105646885931491,0.004409752433441565,73,45,16,87,-0.009245377221024935,3.039449655011657,0.004252053685755618,0.048047828742112435
Other,0.006265976731157472,0.06820698707318072,0.014888133183121452,0.10455051278603139,0.0033427029848098755,0.024877814417856636,0.0021387072838842764,0.0155351803442898,83,21,2.8019941021852364e-05,0.0014835180871906543,0.4924384888194875,3.475981295395906,0.0016490817070007502,0.012932944062329315,0.0110054016113281,0.10882172889573062,0.0161792039871215,0.10392633389171034,0.0031367078423499674,0.03235572667360048,0.00321787595748895,0.03034380894816678,-0.0051738023757934,0.00489539500402028,21,48,18,139,-0.05237142824967628,1.5617104794169576,0.0027788105777140576,0.02089557461794034,0.005079925060272151,0.029672133560766083,0.002882172493264051,0.021445826782919508,82,19,2.6715435906687442e-05,0.0022285373028217872,-0.018831981193545122,5.275564479667413,0.0025417804718017,0.014045352888210984,0.0110756754875183,0.1650289099909303,0.0210888981819152,0.16007038812312452,0.002007396891713127,0.03607985622718142,0.00208908319473265,0.02666712684393987,-0.0100132226943969,0.00495852186780578,51,45,16,109,-0.18304914450235038,2.1041294364004646,0.00357031861387732,0.03044308258780154,0.00345269218087185,0.0323749636359358,0.0024404722353210187,0.026740839014760417,85,15,1.8370437855711915e-05,0.0025402267104318553,1.7430513307493172,2.305588462553353,0.00174993462860575,0.01093400728346492,0.0128176212310791,0.1559995151648914,0.0233823098242282,0.15209692718080806,-2.685203216970214e-05,0.036114929885249475,8.898973464962522e-05,0.02042512332415957,-0.0105646885931491,0.0039025879840833572,76,45,14,84,0.01743707967158766,1.6843453229554632,0.003398971746576597,0.035155917706914855
Other,0.005818561529102385,0.05997529472749004,0.013930134922265774,0.09308183897689096,0.00348292291164395,0.02178843091217932,0.0020436464622616696,0.015106420350766779,84,21,2.6859181671027836e-05,0.001301001161407534,0.7160078595391393,3.2753799101399528,0.0017708539962769001,0.011602880074638763,0.0110054016113281,0.1071513899259113,0.0164893865585326,0.10474004012139818,0.0031654261052608073,0.02936189933139632,0.00333857536315915,0.02652403712021003,-0.0054839849472045,0.0024113498045131286,17,47,14,143,-0.30572760714152064,1.6468729875870876,0.0026095260643995634,0.02094946369386296,0.004500865936279225,0.040260176704116475,0.0026377384178340167,0.021387178043564527,83,22,2.4148607766818e-05,0.0019068489015978199,-0.09740561341117848,0.4511568692426855,0.0022452175617217497,0.014667991699913216,0.0110756754875183,0.11048756592527324,0.0171429514884948,0.10553398923359782,0.0020192548632621565,0.03484059564138062,0.00210699439048765,0.025850905108794543,-0.0060672760009765,0.004953576691675426,42,47,13,118,0.03871314887026443,1.079818732471911,0.0033293797411202614,0.026324547421591692,0.0031051160767674,0.02349933305693607,0.00204444237519051,0.0192921548565854,84,17,1.2069688777414338e-05,0.0016410348877093797,1.0758506658462172,7.140593927871333,0.0015670973807573,0.008664671058114332,0.0071010626852512,0.1543289894589822,0.0164030827581882,0.15351791092598246,-1.364825293421845e-05,0.028879344004114037,8.985213935371915e-05,0.01835212874070559,-0.009302020072937,0.0008110785329997588,77,46,13,83,-0.42581882768047213,2.496054566517504,0.002755142788446793,0.0284080688819466
Other,0.005544460571151903,0.05640841535007136,0.013352578021585706,0.08932819254503384,0.00321812927722935,0.020692024273472068,0.0019166026264429044,0.01341191296345101,80,20,2.477921300684416e-05,0.0011127709471930006,0.4357004874944712,6.133474835483696,0.0016392171382904,0.010443482927757765,0.0093258023262023,0.1115946309719408,0.0148097872734068,0.11106801558232217,0.0031003531068563017,0.02756261253978953,0.00309509038925165,0.024408547209371436,-0.0054839849472045,0.0005266153896186335,14,49,17,146,-0.22202020504634998,2.021002327208738,0.002431412611555631,0.018790245798670058,0.003273323178291325,0.024122766030980725,0.002113240305334309,0.015484405116891755,82,19,1.8572656374615356e-05,0.0011730724634262334,0.5281375191696278,0.08259090944779723,0.00169381499290465,0.012332824379504394,0.0107826590538024,0.08272583706265853,0.015416800975799401,0.0789634228353622,0.0020273588597774193,0.028345885723675752,0.0020876526832580003,0.024752832648327172,-0.004634141921997,0.0037624142272963262,31,49,15,129,0.12009376629416843,0.9302736091965047,0.0027467948228909874,0.01922454748405144,0.003484939225017925,0.019108588015444856,0.0022406416182638596,0.01935297711215237,86,17,1.3832427528705296e-05,0.001965733463867385,0.5814751547470811,6.080864670257499,0.00167244672775265,0.010231814657432,0.0071010626852512,0.145848966905533,0.0164030827581882,0.1418983102630248,-3.672072198241927e-05,0.03341969428156855,0.00014955177903169998,0.02497087251579662,-0.009302020072937,0.003950656642508211,75,45,12,85,-0.5046923586477534,2.3348915376367385,0.0029492851783377385,0.029135159137953566
Other,0.006257542765218335,0.07023920493337955,0.015056340135633705,0.11006728166647023,0.0036047548055648743,0.028841626732801766,0.0022875052131712376,0.01929773774958697,78,21,3.030531620240082e-05,0.0019284256636132788,1.7504415413940277,0.674177983294753,0.0018144249916076998,0.014346244042025728,0.010991096496582,0.10718172930694234,0.020744681358337298,0.10629308497690507,0.0031231500208377407,0.036603984808014293,0.0028801262378692002,0.029523120451303765,-0.0097535848617553,0.0008886443300372665,18,47,14,142,-0.346702942296193,1.0334034228777973,0.0030404826783051145,0.02426054327066765,0.003922954201698325,0.026594883749145152,0.0024604305950924545,0.01628795782810521,83,20,2.1776988063386225e-05,0.0015900568890011126,-0.12519473683425675,-0.35096424010427807,0.00197231769561765,0.012962583675802105,0.0100768208503723,0.08650843996023817,0.0163726210594177,0.08347751588032412,0.0019985329359769512,0.034395824169361766,0.00210028886795035,0.029561258003450032,-0.0062958002090454,0.0030309240799140493,38,47,13,122,-0.018799485410072907,0.5974212265025018,0.0031107820033933133,0.020173848634097106,0.004394255578517825,0.042951015845501,0.0028024817645200036,0.02811508372049795,87,17,2.0694329933294253e-05,0.0029603409363525963,0.36252775178681196,2.8493386062512,0.00214928202331065,0.01678452369123681,0.0115823820233345,0.16765175932157592,0.021264083683490698,0.16465609999364347,0.00019612901378422663,0.03906747268909417,0.00048828497529025,0.026539313576624986,-0.0096817016601562,0.002995659327932434,70,45,11,90,-0.0765985233810633,1.7794999331129904,0.0036023038914772152,0.03786916310191549
Other,0.00690534737078406,0.0774979677944016,0.016512975357472662,0.12090676910474002,0.004652708768844599,0.031242541028732876,0.002584560960531225,0.019607516795322202,80,22,3.611834659395122e-05,0.0024367251142511964,1.0774560820364565,5.274963155315243,0.0023642182350158995,0.015582251042430665,0.0119274258613586,0.15943134617115365,0.0216810107231139,0.1562473878063049,0.003410748392343481,0.040640991655347916,0.0034375786781310497,0.03719998719859247,-0.0097535848617553,0.003183958364848738,21,43,18,139,-0.3565922059013639,1.919829932722441,0.0033180674871684957,0.02801847446812794,0.005089938640594375,0.033799718248441205,0.0028603239916264755,0.018148054106269546,79,24,2.6584247616696144e-05,0.0019383740397199492,-0.46369559307992025,-0.5785100464634234,0.0025449991226194997,0.016260043857233876,0.0105208158493042,0.09324683257704466,0.0168166160583496,0.08952341344089743,0.0020227357745170346,0.03844657509571656,0.0020066201686858498,0.037039233342181295,-0.0062958002090454,0.003723419136147234,48,45,17,112,0.08834315281130228,0.43867319571985086,0.003549994383473146,0.0214530860980274,0.00508953910320985,0.043372495947103414,0.003082839209819166,0.031634362098137234,84,16,2.4318965023626906e-05,0.0034226691828128817,-0.12038474611770189,1.4992012249216184,0.00261825323104855,0.013877742599204624,0.0115823820233345,0.16013515154080055,0.021264083683490698,0.15772157427669337,0.00029878278728574586,0.04181920235367554,0.00048309564590445005,0.02467516000427552,-0.0096817016601562,0.002413577264107187,72,43,16,88,-0.010545389841053205,1.5434584126447468,0.003899373532756685,0.04091238806663846
Other,0.008631099786451057,0.11278041056610062,0.020816607326268922,0.1799828189449042,0.005944505333900425,0.0506260589928913,0.0036743178078904567,0.038364608131049124,81,18,5.895031278729517e-05,0.006091583110340846,2.6456886913935307,2.0833858023760667,0.0028791129589081,0.020884431382332553,0.0185864567756652,0.23460589878750873,0.0354379415512084,0.2251833834532772,0.0034549605101346663,0.05977923176134348,0.0035978555679321003,0.03809142496245342,-0.0168514847755432,0.009422515334231525,30,38,16,130,-0.3216061066735801,1.5562706642007202,0.005006380167381083,0.050179941813083336,0.004999786615371625,0.03996696368634,0.003372960537672015,0.03073499352829943,80,18,4.010220584440503e-05,0.004565820507763461,1.1768739444071077,0.7615789853852206,0.0026381611824035003,0.019369156552507066,0.0171166658401489,0.1680284911567808,0.0309120416641235,0.1676981732764607,0.002015729993581751,0.0545963671613149,0.00201603770256035,0.0434805883787642,-0.0137953758239746,0.0003303178803201182,51,43,12,109,0.08196148759291494,1.1749992638979312,0.004597041569386745,0.03981277685053328,0.006569028832018301,0.0603425069895681,0.004492069124244108,0.053680289627104416,84,16,6.181340482188118e-05,0.009410118365969822,2.90904398457904,2.3149625319718057,0.0034595727920531,0.024005036497930086,0.0227384604513645,0.3041109552312182,0.0471621826291084,0.29909887933306856,0.00022668028250336425,0.06560722002224585,0.0006638187915086,0.03357344700110549,-0.0244237221777439,0.005012075898149675,73,37,14,87,-0.1934090710577156,1.6865090714849527,0.006230942794947798,0.07145495816892238
Other,0.008467389667742891,0.11114403039971693,0.020557533279061083,0.17597116005830532,0.0057196915149689,0.04731812557470736,0.003554533091373722,0.03904364549313765,79,16,5.625075589360689e-05,0.005790478564283838,2.853816761760598,2.009122661077246,0.00285771489143375,0.01889239911029742,0.0185864567756652,0.2264143467372637,0.0354379415512084,0.22279378062187677,0.0033035311847924896,0.056065149148778096,0.0032397508621215,0.03835741006458528,-0.0168514847755432,0.0036205661153869344,31,43,15,129,-0.26264511175985283,1.5938090557020093,0.004939218398138621,0.05145072997741727,0.00571230053901665,0.056202162637524866,0.0034716092888265548,0.03425116941473885,82,21,4.071436020129877e-05,0.004854632268300911,1.0927526825710778,0.1969777665243062,0.00285995006561275,0.02762791319875868,0.0171166658401489,0.17653718283509592,0.0309120416641235,0.17159006684660916,0.002051603421568852,0.05591764072332844,0.00216606259346005,0.04618171491085823,-0.0137953758239746,0.0049471159884867805,50,40,11,110,-0.00718795092093646,0.9391465318907616,0.004622874329960747,0.041567411805856665,0.0065728388726710996,0.07713556844390063,0.004398077269433948,0.053039208318452866,85,17,6.013472826796441e-05,0.00922889769087375,3.1922597501132035,5.540644365428607,0.0032347124069929,0.023172767298907763,0.0227384604513645,0.374504331138076,0.0471621826291084,0.3715455844344688,7.958845235406561e-05,0.0639883701861988,0.00051018781960005,0.0339855822068689,-0.0244237221777439,0.002958746703607264,74,36,15,86,-0.1748184798077908,2.1486589261241322,0.0061493259513608605,0.07165463119567174
Other,0.006399726549369473,0.0735698004820035,0.01543935548514104,0.11723326714294356,0.00360551476478575,0.020393126079021412,0.0023289008764549968,0.01562957196966464,75,22,3.107073533161692e-05,0.0018398837399267345,1.0913456170919815,8.636654742318122,0.0017989277839660497,0.012554807708252113,0.014835238456726,0.14964723732402704,0.0197240710258483,0.14763374343731472,0.003229121491312942,0.03542225770758242,0.00299188494682305,0.03455652947933417,-0.0048888325691223,0.0020134938867123185,21,46,13,139,0.38534351963625574,2.4584719576642113,0.0030080786783169182,0.024189820148656584,0.005196973681449775,0.03778740641681991,0.0029266908764838855,0.022676624144652942,80,22,2.8367570162969902e-05,0.0028412139520885317,1.6609792940001,1.4163278511275665,0.00260370969772335,0.018664597979281564,0.0131056308746337,0.13392419739695188,0.0275221467018126,0.12461013588169073,0.001989279687404616,0.044917811509174316,0.0019641518592834,0.03850380290349023,-0.0144165158271789,0.009314061515261146,49,42,17,111,-0.34102025931272195,1.2107426369129988,0.0037227835230351117,0.028698504513559923,0.0049302019178867,0.02970099180379172,0.002723964197793926,0.02561249332123756,84,17,1.7938878650266514e-05,0.0025983533949033148,-0.13618258545834605,3.8215560829223563,0.0024774614721536498,0.010265152286259533,0.0087269581854343,0.17154857842232765,0.0189946927130221,0.1677759564838544,0.0001560531323775564,0.03689319792618682,0.0003530997782945,0.023352755023719064,-0.0102677345275878,0.0037726219384732486,73,39,15,87,-0.2507480319066881,1.9529414303022021,0.0033552656937288414,0.03517449845673026
Other,0.0069564327858498195,0.08331498613304009,0.016736266314983133,0.13492054736394,0.004012241959571875,0.0322404745438609,0.0026678589358925696,0.021375441209773763,72,22,3.7016499645012185e-05,0.00262822749447139,1.2835786897317973,2.8910459495730114,0.0019030869007110498,0.016540546288868613,0.014835238456726,0.15227631311514406,0.0233249068260192,0.14912798752036693,0.0032972481101750917,0.042430441548929304,0.0027890503406524,0.037947709862234946,-0.0084896683692932,0.0031483255947771225,18,41,17,142,0.1958328119818284,1.480500446765341,0.0035129184309445386,0.02877299296969789,0.0053560137748718,0.038395494744631775,0.003046221984550326,0.021661104138545183,85,21,2.9884232444032416e-05,0.0028949928736570307,1.1136990892482261,0.2251702735143435,0.0026530921459198,0.017185455524339623,0.0131056308746337,0.12613798236762105,0.0275221467018126,0.12306635230455368,0.001948977261781675,0.0469938303335976,0.00208899378776545,0.04057674736320137,-0.0144165158271789,0.003071630063067383,50,46,15,110,-0.3750403836022131,0.7647988848002637,0.0038694589237832787,0.026202533927734407,0.004781290888786225,0.04481664878108664,0.0030612793343606838,0.02812888919958225,85,19,2.591731717542905e-05,0.003730246643753946,0.9225643591553117,9.794815207540003,0.0023620054125785997,0.022518977618839895,0.0105971135199069,0.24754987489093153,0.023445010185241602,0.24535445976214013,0.00020307814702390795,0.045496275481413086,0.00045335665345185,0.038138473715802854,-0.0128478966653347,0.002195415128791413,70,33,17,90,-0.3963118152186641,2.5821122204668567,0.004032207754062157,0.040747215378149675
Other,0.007585792875201508,0.09593045481491876,0.018282913565635446,0.1490442115837053,0.00425855815410615,0.03782185207540385,0.002812029607593999,0.024063325774644793,72,19,3.887450181206661e-05,0.003257039814949691,1.2390320934690973,0.4160130462532501,0.0019268095493316503,0.018766834201022094,0.0153061151504516,0.13439634788796256,0.0237957835197448,0.13160479190246857,0.0031218808144330605,0.04827181150936899,0.0028162300586699503,0.04114352384324961,-0.0084896683692932,0.002791555985494001,22,43,16,138,0.2568320300855271,0.9815799428587535,0.0038264782649937183,0.030444573055860773,0.005677416920661825,0.034910797381748265,0.0032384706474840375,0.024159059222824443,86,20,3.5944627748136235e-05,0.0035682356923996306,0.9197437670043906,2.8470912220970357,0.00275483727455135,0.016995403201718676,0.0147847533226013,0.1653972078094361,0.0269701480865478,0.16293902928448423,0.0021613068878650436,0.050314126898592756,0.00252985954284665,0.04239681135703431,-0.0121853947639465,0.0024581785249518586,45,47,18,115,-0.3345984853233438,1.4646207616978844,0.004231555002587915,0.0321982037826947,0.0055653769522904,0.03527530728056568,0.003584739072248292,0.03409716446814073,84,16,3.542842885936229e-05,0.004816579968087668,0.2875617481932773,3.4530343059109763,0.00264459848403935,0.017818743609990827,0.0122197307646274,0.22247573401369433,0.0250676274299621,0.2165039617436912,0.00029342677444218834,0.05045827317574358,0.00054198503494255,0.03376879853993139,-0.0128478966653347,0.005971772270003147,68,35,16,92,-0.2831060308272027,1.953139024711705,0.004711198356293655,0.04765021129239307
Other,0.007944034886538937,0.10245569519516368,0.019008002243935836,0.1594367092826207,0.004739716649055525,0.04438675851264605,0.003275664635002591,0.03127397880568873,82,18,4.5724749366797115e-05,0.004488575131073535,0.991150944292174,0.5686155898993723,0.00233393907546995,0.019069398636736144,0.0153061151504516,0.1724336098935127,0.0261973738670348,0.16835103884904562,0.0029839679598807987,0.05409410002965771,0.00304087996482845,0.042966966416390515,-0.0108912587165832,0.004082571044467075,32,41,14,128,0.029898392934278227,1.1778661780798145,0.00444945376548888,0.03952724975323885,0.0049747824668883,0.04353903992504961,0.0030248999595641857,0.02528959942490474,80,22,3.3961092224500994e-05,0.0032704776436728884,1.69367039050314,-0.018400142468673497,0.00249442458152765,0.02247139709870194,0.0147847533226013,0.12713431649573748,0.0269701480865478,0.12028259587248465,0.0023126974701881183,0.04814451933136894,0.0023044049739837,0.041701356147065646,-0.0121853947639465,0.006851720623252833,43,48,15,117,-0.31291041689068066,0.755000901083085,0.0039971201018517725,0.030863941777166608,0.00606669019907705,0.05023193300828343,0.004023919901228463,0.039870137496767016,78,15,4.284026326888825e-05,0.006025629434969598,-0.03841712517457152,1.69049164533246,0.003066087141632988,0.02231516253498034,0.0127334594726562,0.23674864096902554,0.0249664746224879,0.22925776305884757,0.0001338112866505964,0.05719808992159405,6.488151848316193e-05,0.04009313421472778,-0.0122330151498317,0.007490877910177958,79,41,16,81,-0.006449948943102909,1.5536923006042151,0.005188982918736429,0.0524786427443664
Other,0.006879786306024862,0.08351702738344569,0.016337692998349442,0.12966397747116032,0.0043421983718872,0.047362799637134106,0.002879538591951113,0.028462097998531884,81,20,3.8550368207096955e-05,0.0034448804927391242,1.7060365796987158,-0.02951217520344329,0.00217005610466,0.01964443495957101,0.0147621035575866,0.14419478707388608,0.0256533622741698,0.13928570842177548,0.002994938194751708,0.04733154057257964,0.0031095445156097,0.035627593135149835,-0.0108912587165832,0.00490907865211061,28,42,15,132,-0.18396592688440172,0.9422650815366158,0.003901210950726183,0.03470743090125472,0.0046503692865371,0.03344975391890084,0.002708543986082051,0.019160758986095625,79,20,2.3998793130672412e-05,0.0019798770668685854,-0.3660319151089668,1.9484597094791694,0.0022736191749572494,0.017256147778401836,0.0099573731422424,0.11714913095970896,0.0156913399696349,0.1101955477505247,0.0021058440208434866,0.036796271823202636,0.0020305514335632003,0.03143223928611456,-0.0057339668273925,0.006953583209184253,48,47,15,112,0.06900469345479715,1.3528869887303252,0.0032605384694850163,0.025018222294590976,0.004610816948115675,0.03324522795068256,0.003236651999759442,0.03346893902631206,78,13,3.0129256949750128e-05,0.004370823164965258,1.0651176180702633,4.332016480652921,0.0024411641061305557,0.013948764730604002,0.0127334594726562,0.21652016845146713,0.0249664746224879,0.2125603708728167,8.355441968887733e-05,0.045536165075378034,-1.4545395970344543e-05,0.028477705717359025,-0.0122330151498317,0.003959797578650421,81,47,18,79,-0.02392993736817191,2.140644887656012,0.004352262969827895,0.047929957596404976
Other,0.0056207940471759334,0.060615303717465235,0.013291397020220527,0.09412893143919238,0.00339457392692565,0.0264989964181849,0.0019685216154903063,0.014687347830528689,79,22,2.3418418548288372e-05,0.0012860347710220079,-0.32105878705815405,5.479876970661211,0.0016855597496032997,0.012680693874726309,0.0095841884613037,0.11837103093631607,0.011419951915740901,0.11730108466001168,0.0029404751956462493,0.029767990090361404,0.00283131003379815,0.025957274334349065,-0.0018357634544372,0.001069946276304382,19,43,13,141,0.2090843697408624,1.777680397857083,0.002455155984790931,0.019997538273551396,0.004751220345497051,0.03318123857215932,0.002652346738614115,0.020354590105741636,75,18,2.3334386428039497e-05,0.0018762973629329245,-0.2564313443841906,1.3934889187378836,0.0023235082626342,0.012618477910036823,0.009775161743164,0.11158783399535697,0.0167888998985289,0.10741508098296224,0.0020353678613900944,0.03469620609050256,0.0016243159770965,0.027138733386932103,-0.0070137381553649,0.004172753012394745,46,46,15,114,0.06979337189080455,1.3673500395231304,0.0032414406590291827,0.02593203898381879,0.0037165442481635995,0.020626124779794957,0.002132117354776666,0.017740462103065117,76,18,1.1923197657313865e-05,0.0015545228444293873,0.22837161169511644,5.650173896326107,0.0017648935317992036,0.00969113300010371,0.0074198842048645,0.1342396381973873,0.0157539248466491,0.13245924317411514,0.00029147188179194373,0.029664735258328405,9.545683860775372e-05,0.022093556072683356,-0.0083340406417846,0.0017803950232721535,74,48,17,86,-0.09119794708620173,2.2292067259797084,0.002722751600806419,0.025971644662644584
Other,0.005722347208842003,0.06012283334153052,0.013710609935223824,0.09469737040785015,0.0036697387695312006,0.023106727062714903,0.0020444013504311363,0.015241221340570255,77,17,2.5478659523833813e-05,0.0013808596594721795,-0.0364052710014966,6.026587737210811,0.0017526149749756002,0.011894851746133918,0.0095841884613037,0.12701516511171015,0.0133249759674072,0.12522224443726374,0.0030370462685823047,0.030180028493813623,0.002922236919403,0.02650454644402761,-0.0037407875061035,0.0017929206744464192,17,44,15,143,0.1558995846747779,1.9996255981821347,0.002596662040164086,0.021680072407277082,0.004236578941345199,0.02434349728308668,0.0022588803712278423,0.01581986134576837,74,23,2.1149657181744435e-05,0.0014221113905405806,0.7720191618728545,4.103378366327518,0.0018926262855529688,0.012546216249669478,0.0112130641937255,0.11918463799561976,0.0182268023490904,0.11592322776192043,0.002223167940974206,0.031055579517019635,0.00188404321670525,0.027919688840325814,-0.0070137381553649,0.003261410233699332,34,47,17,126,0.016283470897692637,1.705608497111428,0.0028858466239425357,0.02139304493059955,0.003883022814988975,0.028029465076545697,0.002425838349445211,0.022168481353497253,79,16,1.5723207497523624e-05,0.002225747099771317,0.16290394746787262,7.795622796170477,0.0019519347697496115,0.012674711931376224,0.0075839720666408,0.18401575860327565,0.0159180127084254,0.18073490439594933,0.00011927031446248211,0.033461762397016905,8.75014811753883e-05,0.02346410695690162,-0.0083340406417846,0.003280854207326324,76,45,19,84,-0.11260125195788176,2.5775057558546077,0.0031423708996526707,0.03325744363382282
Other,0.005913403833016234,0.06383267967928145,0.014246546253561747,0.10017358908677487,0.0037694573402405,0.023179640568204943,0.002172670741565512,0.015557292062717516,79,20,2.5807258580918283e-05,0.0015893938875832403,-0.0013126273740780015,1.9925552597279461,0.00179457664489745,0.011815741144814772,0.0093047022819519,0.10383402225866198,0.0139804482460021,0.09548085082676538,0.002908456698059999,0.034112022465249935,0.00286597013473505,0.02786628390255884,-0.0046757459640502,0.00835317143189659,21,46,14,139,-0.012014061808329748,1.4093914459238386,0.0027782472640515933,0.020634044947937965,0.00388993322849275,0.02253283982328299,0.0021426293347030717,0.01645542172747342,74,17,1.8975153580206983e-05,0.0013332369037823194,0.7889518808478648,2.2402386089469495,0.0018557906150817405,0.009879235710785392,0.0112130641937255,0.10279926434681014,0.017789304256439098,0.09965382385181207,0.0021524321287870107,0.028968628846786065,0.0019110441207885,0.022008325293406596,-0.0065762400627136,0.0031454404949980697,32,49,15,128,0.009887551745090054,1.5954019575132015,0.0026966565683532173,0.022227358064319608,0.004481548443436475,0.027007878384883062,0.002860204334137916,0.024754790824686696,82,17,2.1062852185368234e-05,0.003008505322515904,0.03525139354524809,9.470521914782319,0.00231951288878915,0.013080576338339246,0.009121898561716,0.2175443071181888,0.0190972127020358,0.21336310580156317,0.0002777252811938534,0.03709293777473887,0.00038442015647884996,0.027065370040548233,-0.0099753141403198,0.004181201316625632,76,45,15,84,-0.015861459353907606,2.938170773188837,0.003628975118626955,0.04040568387931646
Other,0.0068393169698617836,0.08146571482285615,0.01638588000088908,0.128041933826767,0.0038225948810577505,0.03431911517693058,0.002327715232968309,0.019967769370232154,80,16,2.87284424681283e-05,0.0022308770155571376,2.704878562586231,3.180959419711031,0.0019730031490326,0.01241779919203092,0.0156032443046569,0.13838581971981906,0.0213634371757506,0.13597702504078168,0.002816976234316791,0.03881267886762574,0.0028569102287292,0.03128340992960972,-0.0057601928710937,0.0024087946790373686,27,46,13,133,0.6252044374278162,1.654703251298552,0.0031753645163504754,0.02691566411359184,0.0052040815353392,0.03452708527624625,0.003338120784610485,0.025303416555835772,75,16,3.645809624963141e-05,0.003325722574098029,0.6457071275587554,4.757519096670564,0.0026642978191376,0.013938860521603773,0.0165501832962036,0.19066643390712235,0.0262374877929687,0.18701776399233916,0.0021551355719566186,0.04492795318837804,0.00158861279487605,0.035960453554785186,-0.0096873044967651,0.003648669914783199,45,50,15,115,0.16386449064496222,2.02151055600135,0.004272680607044974,0.03615524300016445,0.00523628666996945,0.0427170439270961,0.0031614052833173908,0.031316601538280045,77,19,2.5700093469757604e-05,0.003601837718805994,0.0185141679339762,0.823336810954181,0.0026395022869109604,0.019639990417389702,0.0113258399069309,0.15448770106384177,0.0213011540472507,0.14747260056324948,0.0002550954697653677,0.04430130177076322,-4.7326087951660156e-05,0.02927793753021417,-0.0099753141403198,0.00701510050059229,82,43,18,78,0.27647068896158355,1.35080684035457,0.004012243491034614,0.040487434843686575
Other,0.007522396399122347,0.09130392690607661,0.018077765628695258,0.1437549110278298,0.0038379579782485754,0.026844585537813027,0.002313293172046524,0.018505854885963246,86,21,3.1259922548407215e-05,0.0021479938871798365,2.6643463959644302,-0.5363348151043597,0.0018156468868256001,0.013167678322793353,0.0156032443046569,0.09272760948763477,0.0213634371757506,0.08837183685773871,0.003134250268340072,0.04035865178407352,0.00327938795089715,0.033880237700719434,-0.0057601928710937,0.004355772629896058,21,47,14,139,0.5518242039150801,0.5391114072985099,0.0031265029550142597,0.02278537059939416,0.00642754137516015,0.04987418415460164,0.003847095621749729,0.03394028989377109,78,16,4.4177869807561704e-05,0.004459264440847611,-0.06082013132701958,0.6564507978808187,0.00343376398086535,0.02090250628265868,0.0165501832962036,0.17111573851562728,0.0262374877929687,0.16536651310275102,0.002075101062655435,0.0514870849245412,0.0018453299999236501,0.035264016624325975,-0.0096873044967651,0.005749225412876251,50,47,18,110,0.02777914267314984,1.2293455604767387,0.0048426952534439075,0.04252463435258077,0.00606565177440635,0.04848164311306221,0.0035003197309560587,0.03330848628317344,79,17,3.0480498966599117e-05,0.004435478958391982,0.04264583934763966,0.9429439855480979,0.003026455640792783,0.016363634061724783,0.0113258399069309,0.18104203096390897,0.0252245664596557,0.17429216109546672,9.409654885530585e-05,0.05190917431921508,3.883242607116699e-05,0.034389666717052375,-0.0138987265527248,0.006749869868442246,80,37,17,80,-0.07039555242539196,1.3336608580903369,0.004377352543395987,0.041724292443243716
Other,0.007506371326362958,0.09068745336885269,0.018105541504919286,0.14003316437827185,0.0038256645202636255,0.033354014341082754,0.00245425499510019,0.019600238284332903,79,18,3.596423865840074e-05,0.0022497612651401003,0.9872620942440116,0.3568804813073827,0.00199568271636965,0.015368293282004578,0.0120877623558044,0.10969845154206312,0.020932137966155902,0.10863878328725499,0.003507482632994612,0.04053003463621579,0.00345137715339655,0.034626580480837,-0.0088443756103515,0.0010596682548081298,17,46,15,143,0.026182848657695674,0.8561550700791616,0.0031998765291811134,0.02463894392069694,0.005827829241752526,0.05399127775588756,0.003472343832254377,0.03040131881488715,80,22,3.591061928538801e-05,0.0036771956917991695,-0.036303049945517696,-0.7275441990692029,0.0029912889003753497,0.024667553478181413,0.015285313129425,0.1339546676779662,0.0238606333732604,0.1322934174623637,0.001891181617975219,0.049041894333187876,0.00193908810615535,0.03795476028977878,-0.0085753202438354,0.0016612502156025197,49,47,17,111,-0.07495179153042002,0.6629903436501644,0.0043573194854248445,0.03566634677131378,0.005817961879074424,0.04374055240876682,0.0036120965218287373,0.03452367042540492,85,18,3.231990438874101e-05,0.004704314678441999,-0.012061183125740449,1.3226528894210468,0.00295156240463255,0.02240111550315261,0.009596113115549,0.18389595010514795,0.0234948396682738,0.18077126014329814,0.0002598474500700794,0.05046123540886818,0.00067186355590815,0.038682592594656916,-0.0138987265527248,0.003124689961849812,72,37,16,88,-0.3826321011919062,1.4543085095446298,0.004501004169794601,0.04645404610421772
Other,0.007227264542667103,0.08475717654509278,0.017595277242362255,0.13160748111944498,0.0037675052881241252,0.034152644596621366,0.002467887122184021,0.021073882518865265,78,19,3.501594745138381e-05,0.002316452070167018,1.341580432785106,-0.1482324382649023,0.0018677115440369,0.015692998246830216,0.0120877623558044,0.10687624879673219,0.020932137966155902,0.0988167267867852,0.003330648690462074,0.040820355563204895,0.0032529234886169,0.03279309798854836,-0.0088443756103515,0.008059522009946982,22,45,14,138,-0.17264592194869544,0.8572165697690591,0.003295393614891829,0.02549805172676032,0.0057391822338103,0.04285228846399515,0.0033037345670163297,0.027211424742897082,84,23,3.483088525417284e-05,0.0031609284784917964,0.13512244106317306,0.1556184374446672,0.0028722286224364506,0.020648026092979454,0.015285313129425,0.1367262478346136,0.0248972177505492,0.13470235087130017,0.0021246377378701994,0.045786661985987916,0.0022716224193572504,0.03300197413135919,-0.0096119046211242,0.0020238969633134224,46,49,18,114,-0.024685659832518202,0.9144348914695792,0.004166982259244234,0.032626830411069445,0.00545203872025005,0.03489273069233774,0.003397419728571499,0.031624692781914335,84,16,2.83589376813199e-05,0.003865058318555962,-0.12924554203254557,4.991286938705234,0.0027496833354234,0.01099164161470153,0.009596113115549,0.22864054699117667,0.0206088423728942,0.22311844516928775,0.00023032946046441238,0.04500046357025217,0.0005392394959926,0.025665828087016056,-0.0110127292573452,0.005522101821888915,71,38,17,89,-0.23741832901868343,2.0895425484765076,0.004216921216227104,0.04289541463861108
Other,0.0063166986511000766,0.07013257447664173,0.015477612838148826,0.10957900253422156,0.003217399120330774,0.027153722970799855,0.0021435212716460054,0.0168530899934288,86,18,2.5911836647977657e-05,0.0014852282112427875,0.8072006983874287,5.143355454129869,0.0015973448753357,0.011123522063702155,0.0097836256027221,0.12991601899358973,0.0175757408142089,0.12709038360494976,0.002921347320079766,0.031195871552303363,0.0031942725181579503,0.025313550584186113,-0.0077921152114868,0.0028256353886399865,23,47,14,137,-0.5168696130952614,1.8815389100448248,0.0027764739849548154,0.022628429228185008,0.004264757037162718,0.034188959382009415,0.0026691775396465982,0.020298952136500917,81,23,2.637382011421556e-05,0.002010572810932525,0.3355421529539373,0.8964306048486965,0.00213119387626645,0.018144036477464404,0.0110422372817993,0.12196758110160212,0.0206541419029235,0.11987170353858596,0.0021778672933578254,0.037042655853340344,0.00220870971679685,0.03341196665309734,-0.0096119046211242,0.0020958775630161575,40,50,17,120,0.026201083152826418,0.92788677873057,0.003437204015684985,0.025266864828536115,0.005264149047434225,0.027160616662313234,0.002990655354224094,0.023868689115846043,84,22,2.1822267656667374e-05,0.0029612246860470743,-0.20189053643525856,6.335485257876311,0.00252136588096615,0.01390459788867885,0.0085330009460449,0.196754482645972,0.0195271335542201,0.19226907703569965,0.00011760024353861386,0.041340475128577844,0.00032550282776349997,0.03256234813852037,-0.0109941326081752,0.004485405610272355,74,37,17,86,-0.24014942062756683,2.237404548066828,0.0037028070219969882,0.03538629398779294
Other,0.006189571207615629,0.06410468876220485,0.01500946775078749,0.09949369019381447,0.003221645951271025,0.02527482188028584,0.00211350354366003,0.016457275532287673,86,20,2.8502788249830587e-05,0.0015071119165227078,0.3212897281748206,4.8172282602445105,0.0016185045242309497,0.014008109303566663,0.0097836256027221,0.12782957492429953,0.014284551143646101,0.12509350741208752,0.003220906481146771,0.031800222262573896,0.003418356180191,0.027557654353325762,-0.004500925540924,0.002736067512212004,18,50,11,142,-0.33918903940377065,1.7046542696687563,0.002736201120977969,0.022267864302029677,0.0040315389633178225,0.03129470016195148,0.0025563828693702596,0.018888954302093502,77,20,2.400080225758171e-05,0.0016711405493065978,0.47675822918735644,-0.4363071986136422,0.002017617225647,0.016315060813166082,0.0137299299240112,0.08603924238019688,0.018194437026977497,0.08312981422857944,0.00211168341338632,0.03363654707938838,0.00195461511611935,0.030610146579476603,-0.0044645071029663,0.002909428151617432,40,49,15,120,0.5119305278492634,0.717184565686064,0.0032569298461526492,0.023231944599681847,0.004806679673492751,0.030830441394436144,0.0027242248889523964,0.026004409676034856,79,16,1.821095385316116e-05,0.0026898642349366076,-0.4255103971549179,10.430619608196452,0.00248962454497805,0.012094912036982312,0.0078660249710083,0.2255427809680804,0.0161296129226684,0.22361606635489764,-6.398176774382307e-05,0.03405692085185219,-8.284859359264374e-05,0.020415186294363043,-0.0082635879516601,0.0019267146131827417,83,37,15,77,-0.20101699555736124,2.92310099524957,0.003383683005748811,0.03911509142296977
Other,0.006568177380773224,0.07668616033153869,0.01574804402887798,0.11902600407982,0.0036730915307998,0.022748902732990458,0.002439748300239426,0.016262215122591395,89,22,3.267189580370134e-05,0.0018565669249619025,0.4897236270785621,7.314571704985557,0.0017671883106232,0.011316196905836594,0.0134616494178771,0.14771361995281118,0.0187396407127379,0.14402816370337823,0.0032052613794803244,0.0355611289839606,0.00350764393806455,0.03339170648459938,-0.0052779912948608,0.0036854562494329423,23,48,16,137,-0.24095405272434525,2.1183804274579217,0.0031953164414942133,0.024330495891946392,0.004500761628150875,0.03951136976992098,0.002938884496688815,0.022855960626192842,80,23,2.8387751356432964e-05,0.0026933668447798294,1.28517325419807,-0.239257142904449,0.00226131081581115,0.01873730843111145,0.0137299299240112,0.11823358472524825,0.026135444641113198,0.11729010830267769,0.0018905632197856713,0.04408071523599112,0.00174120068550105,0.03726152677372352,-0.012405514717102,0.0009434764225705637,48,45,13,112,0.10269845027853791,0.6237817990673322,0.003775873799959669,0.027390826732015407,0.00426351092755785,0.030675966400450224,0.0027458702330477093,0.02409084641318001,84,15,1.963967477931583e-05,0.0027515752753248814,0.07104537907141362,4.388324045903385,0.0020592827349900497,0.011668569218760335,0.0094949640333652,0.16517804651970036,0.0197711549699306,0.16042040887795506,-0.00015507289208471659,0.0393841598598683,-4.6018511056900024e-05,0.0287406064393744,-0.0102761909365654,0.0047576376417453005,81,42,17,79,-0.3389222222174456,2.103193162400512,0.0035110963917147483,0.034647701618682025
Other,0.016120703679643637,0.2966141126576268,0.038337322182487456,0.4576390520352835,0.00752690434455865,0.12000205040241098,0.0070580572565085865,0.07159639231741738,83,22,0.00023293935493858025,0.0314938141715499,5.317208341282495,0.790768717162039,0.00400909781455985,0.061496646890321985,0.0496549606323242,0.43957598631244893,0.09432232379913319,0.41734440887395546,0.003271880932152248,0.15211128683358285,0.0034744441509246497,0.14083325367085117,-0.044667363166809,0.022231577438493456,44,44,11,116,0.04461766366357963,0.9435481650398199,0.011650330715847083,0.09141099818611205,0.0091411471366881,0.1541302106877366,0.009459982067346533,0.09450499836920585,80,22,0.0003534156170968557,0.050151000230488,2.7541232220978715,0.574534320952794,0.004629790782928351,0.07880744020548856,0.0569900870323181,0.5415613445834269,0.1033389568328857,0.5390400423805357,0.0016486793756484888,0.19072283008822144,0.001803308725357,0.16924656442055394,-0.0463488698005676,0.0025213022028911696,63,42,11,97,0.0802416439241864,0.967723585350855,0.014816839544582645,0.11737036386425408,0.007028594613075225,0.10529468238597961,0.00638555342944524,0.07776823645269981,77,18,0.00015772845842887976,0.023517885998711883,2.9741509740729013,1.3087400231756323,0.0034029148519039,0.03755133515806116,0.029943823814392,0.40391429498955667,0.0640670657157897,0.39946089690074643,0.0006027645591529939,0.11480493511347914,0.00034344196319575,0.07222033221922129,-0.0341232419013977,0.004453398088810227,73,43,14,87,-0.17891288846920853,1.4996759094908976,0.009941563163943115,0.10167454387555289
Other,0.026782653910431588,0.4263558906135231,0.06393541371682634,0.6592877618422037,0.019277505576610475,0.19487203948361104,0.013416053974069614,0.11818072856938741,82,21,0.0005872911088706333,0.07705345431146292,2.309675372447712,0.6904737002036483,0.00973436236381525,0.09160091731407294,0.0833246111869812,0.7053655322513186,0.1464603841304779,0.6918375983964862,0.0033341323956847064,0.23398711616438753,0.0035164952278137,0.20245652915045906,-0.0631357729434967,0.013527933854832409,60,47,17,100,0.2099317943622803,0.9610804589320637,0.018925620828272417,0.14934350933514431,0.0212569534778594,0.1944573153853624,0.015242646150290922,0.13323470437729992,88,23,0.0006681743914438318,0.09561252254969187,0.7383960415324591,0.1320648516242846,0.011101037263870201,0.09993646132392066,0.0569900870323181,0.6859312049414973,0.122751772403717,0.6700286838484366,0.002236896380782119,0.26020364012505376,0.00385609269142145,0.21396697059789488,-0.0657616853713989,0.015902521093060652,66,41,13,94,-0.23706562942029685,0.842500334342701,0.020376464145015954,0.16705265102764275,0.0153213753364979,0.1819968012902271,0.0103700914497676,0.11095508161170678,78,18,0.00031374732925628236,0.045829023959567776,0.6756936815206527,0.8259717403046425,0.00759435119107355,0.05436676270476885,0.0416674613952636,0.5779621718849101,0.0757907032966613,0.5455932947479566,0.0017010390482027926,0.16509700555276244,0.00141132296994325,0.1014217602464651,-0.0341232419013977,0.03236887713695343,70,39,15,90,0.1941111628861524,1.2969199833521827,0.013943228899453554,0.13627913529619606
Other,0.02750987997531351,0.4343598504194936,0.06558735005091851,0.6751036596647673,0.017984144389629274,0.21405044032710377,0.014028690343256999,0.12513011928794585,89,19,0.0006268693758533382,0.08305749405856704,2.031436196131523,0.10492825317130938,0.0093399435281753,0.08316305165878154,0.0833246111869812,0.7032371187354347,0.1464603841304779,0.6729191081431146,0.0031176196411251875,0.2437202469753354,0.00407852232456205,0.20189074428393372,-0.0631357729434967,0.030318010592320102,56,45,16,104,-0.22642703643558335,0.8358781721249652,0.019608079651106395,0.15381136262594042,0.01687923073768605,0.21442403864133264,0.01296289749909188,0.11503685377586431,83,22,0.000534264765575505,0.0769639386742814,2.075455274500487,-0.03549177609469911,0.0088069140911102,0.11111744429846893,0.0620494484901428,0.61761855410557,0.1278111338615417,0.5623506824424136,0.0025637943297624477,0.238056830741637,0.0029419064521789,0.21914908966730692,-0.0657616853713989,0.05526787166315635,67,37,14,93,-0.08477425712500344,0.8024201213248366,0.018149413064491318,0.1424530940749586,0.01843507960438725,0.1380854416044887,0.013098652745175018,0.13776929997293647,74,15,0.0005004101918610486,0.07609877350358003,0.4542776109878197,3.06480018589959,0.00922065787017345,0.06728097081719142,0.046507004648447,0.8688453934267873,0.0900827683508395,0.842817964309236,0.0019930879730964057,0.1933265819477949,0.00107198953628535,0.12124716204230447,-0.0435757637023925,0.02602742911755142,75,34,14,85,0.26693803222757184,1.9382965852119876,0.017627422040484602,0.19678314515212572
Other,0.03068224071296316,0.453989936910338,0.07364033794030525,0.7115497504443931,0.023166865110397224,0.18094008038617407,0.014544170349836313,0.1164814916669126,90,21,0.0005709868495538628,0.08207798817678018,0.12955576933419666,1.600534632180099,0.011683866381645149,0.09519021687610374,0.0438675880432128,0.7698240688537626,0.09544506669044481,0.7581147006827735,0.002875754237174974,0.23922738587176137,0.004676803946495,0.22389942496277265,-0.051577478647232,0.011709368170989096,58,41,16,102,-0.5482489013969761,1.2270405826284263,0.018729368685557222,0.15763326433765043,0.015811294317245424,0.144441735149338,0.012150510796345729,0.10570653576183199,77,21,0.0004616595723472354,0.06902675651212309,2.106840128706894,2.17376207689417,0.007999062538146948,0.0748595072879851,0.0620494484901428,0.6817260144407832,0.1232427358627319,0.6518112023378955,0.0017851796001195825,0.22052553255752774,0.0014828741550445,0.19215636047983897,-0.0611932873725891,0.02991481210288774,70,35,16,90,-0.020229593696465414,1.4518195048412064,0.01694535402125014,0.14281192528056563,0.028805373236536876,0.15591214676859116,0.018646974430885123,0.1773454104200219,80,14,0.0009046121243309579,0.140713258237065,0.7825670528875075,7.353646591751762,0.01436490006744855,0.07560591821661125,0.058156743645668,1.3697847099339915,0.1554339677095412,1.3423698184752846,-0.0010659871506504665,0.25179683201510394,-0.00119352340698235,0.15953266975789715,-0.0972772240638732,0.02741489145870685,85,31,16,75,-0.21392172818601193,2.691597698245169,0.023828448704212888,0.27804966035624373
Other,0.024409786078285013,0.38304852257736,0.05943613499402978,0.6100442296665147,0.019455865025520224,0.17312755518111092,0.012348517081700228,0.10962884943883157,86,20,0.00041106801153239657,0.05840925429391297,0.09681909468834426,1.4277997192317864,0.0098132044076919,0.06500353659768376,0.0438675880432128,0.6319538916070413,0.08479660749435411,0.618513398906381,0.003258642368018618,0.19574398258363812,0.00467543303966515,0.15216690777314446,-0.0409290194511413,0.013440492700660254,63,39,14,97,-0.1549438484630116,1.3164138767158342,0.01574318283931341,0.1417517110168669,0.01320526003837575,0.11947232537678938,0.009775410871952732,0.08418531637288652,83,23,0.0003116538514780828,0.0470421103620466,3.4353483404108305,3.4432129212649745,0.006796181201934801,0.061549371226716804,0.0425754785537719,0.6435212173940689,0.103768765926361,0.6198739692625003,0.0016078874468803343,0.18490380969302053,0.0019005537033081,0.17010469962397545,-0.0611932873725891,0.02364724813156861,67,39,15,93,-0.6997358244768708,1.4735971560355479,0.013907089911923737,0.11336971166521441,0.021533384919166523,0.13737214892894695,0.01449349291884569,0.14805540293874517,89,15,0.0006246288047541379,0.09580716008568124,3.168818326218137,2.3673688878645596,0.01030840910971155,0.06747170733735028,0.058156743645668,0.8849838319280257,0.1554339677095412,0.8568498089752165,-0.0019084573024883884,0.22939643738985616,-0.00036137551069255,0.15472240841022777,-0.0972772240638732,0.028134022952809246,81,32,16,79,-0.5708350682894893,1.7815864962497987,0.019727726392689555,0.2078086489983587
Other,0.015294323746535915,0.23072717546798163,0.03749410495161987,0.35569735314193807,0.0124168694019317,0.12165212350422548,0.0083124176249839,0.07821066717887419,87,17,0.00020444649513898884,0.027805970971125967,0.24056821802294248,1.3020513342802538,0.00631986558437345,0.053836239909759595,0.0346570611000061,0.4539189143363193,0.06026625633239739,0.4389939068342231,0.003583368845283974,0.13282644654145412,0.00439260900020595,0.10270481080023017,-0.0256091952323913,0.014925007502096209,58,34,17,102,0.005971755174162796,1.2989494080627373,0.010754599527609645,0.10081223174940727,0.01014371216297145,0.10130922062943769,0.006878865174949131,0.05378981368363171,82,24,0.0001393562055724107,0.01986946166099126,1.076593903725298,-0.5494350579640357,0.005190879106521549,0.05094405343357185,0.0259598493576049,0.296998746437552,0.0555105805397032,0.2830806982717192,0.0019167497754096902,0.12584431339245716,0.0021117329597472997,0.12272065051393663,-0.0295507311820983,0.013918048165832732,64,41,17,96,-0.2511937981350619,0.3417920159657922,0.009162334644185885,0.06350331052608428,0.011391796171665101,0.07437270340269825,0.007294010558398391,0.07186448034349861,87,14,0.00013789820717706396,0.021247537521478052,0.24239388628862812,8.939589251408718,0.00566608458757395,0.03563500775454413,0.0228278636932373,0.6225680023365953,0.0519222021102905,0.617957198618113,6.785336881869465e-06,0.09702659320802674,0.00104288011789315,0.06564910136740337,-0.0290943384170532,0.004610803718482255,73,35,18,87,-0.5487402216903732,2.693175405907949,0.009312807624796688,0.10878132988671425
Other,0.02258776971232184,0.35673576333669954,0.05502282485365845,0.5547120812811058,0.018152318894863073,0.1280553609582808,0.011461207617539873,0.10865706478268157,79,17,0.00040226162053887994,0.05884837425552554,1.4591960256896126,3.702118507971111,0.009193316102027851,0.05372418966971844,0.0644442439079284,0.7696354587857729,0.0999509692192077,0.754734940298453,0.0032536217942833825,0.18968417937041893,0.00305980443954465,0.14035784997518835,-0.0355067253112793,0.014900518487319834,66,34,17,94,0.4342417602844835,1.8798865669437268,0.015567340689968498,0.15122263835846889,0.017868399620056048,0.16298883230079922,0.011362486183643297,0.09890884517688883,88,20,0.00036236991801928133,0.05495587949030867,0.6621683017173576,-0.2119041255449674,0.0082308351993561,0.09068364395454191,0.0410629510879516,0.5088779760912482,0.0918482542037963,0.4905136986602893,0.001385392248630512,0.20060642400331427,0.0025729835033416,0.1791481695505403,-0.0507853031158447,0.01836427743095884,67,40,16,93,-0.40827009146965554,0.6777506837673715,0.015032439123174085,0.1212969172687878,0.0168694555759429,0.14323900810787615,0.011056020210962695,0.11835252985196298,86,15,0.000327009883565484,0.05070634582878176,0.20861581274852048,1.414145020693737,0.008296564221382148,0.05476513535895146,0.0359172821044921,0.6248653469050123,0.0791094601154326,0.6196522739753633,-0.00027607390657067665,0.16442147790737252,0.00111124664545055,0.10036171037083494,-0.0431921780109405,0.005213072929648995,74,33,15,86,-0.4459329483678296,1.5236337819439512,0.014338406371859002,0.15385682770529607
Other,0.02402376125239947,0.3710732736279067,0.058392094969749224,0.5710209751707989,0.016473211348056675,0.14574961501744832,0.012450513816438576,0.11934999846621318,74,18,0.0005004926886730735,0.07445338367768092,1.4152201915875358,7.7834795603129905,0.0083485543727874,0.07389696393031657,0.0644442439079284,0.9584120751381375,0.1065236628055571,0.9257509155946966,0.003473460860550398,0.20037683011437088,0.002145767211914,0.15023628118867877,-0.0420794188976287,0.03266115954344095,67,37,18,93,0.26047780891388006,2.6676972112587016,0.017396392312205033,0.18520936701743107,0.019807532429695025,0.1279789733400506,0.012258036877028597,0.09514383083836435,83,19,0.00038391841149273444,0.0584381144871546,0.3306377898628634,4.1693195760877275,0.01009753346443165,0.05137972139676074,0.0410629510879516,0.7408480842537316,0.0918482542037963,0.7000218284626625,0.0012371521443128514,0.2019320197924969,0.00202259421348565,0.1656639775106712,-0.0507853031158447,0.04082625579106911,73,37,16,87,-0.20900954298603017,1.7863611635765613,0.015489284971735422,0.1328968542504947,0.018333818763494398,0.12231465949577866,0.01160137188620861,0.11213981955388715,81,15,0.0003565724000596743,0.05536270232958644,0.4186045590828442,5.719679474903721,0.0089137256145477,0.04824835988394198,0.0442529022693634,0.8110657903098378,0.0874450802803039,0.7988434993270651,0.00038109645247459445,0.16871212526393112,0.00064009428024285,0.11181498136372223,-0.0431921780109405,0.012222290982772733,78,35,15,82,-0.1230864613960561,2.307333972892491,0.014970411590068528,0.1640089056073299
Other,0.013505697213234477,0.22297513673159913,0.032543445378541716,0.3486014714679572,0.008463509380817375,0.1386370085386618,0.007012214746791839,0.09520848519372549,77,20,0.00023129015218802058,0.03297845734081874,6.795723457441603,0.9254362512723753,0.004011079668998651,0.05987722494208411,0.0535284876823425,0.46316597097867174,0.0956079065799712,0.44983198165556504,0.0035682631656527345,0.13606837407540864,0.0025572031736373502,0.08974825408153134,-0.0420794188976287,0.013333989323106681,48,40,14,112,-0.11043016993950329,1.3180453963790992,0.011517505106244193,0.1202657678530903,0.008306950330734177,0.07746041187587824,0.006000381214544141,0.05267768740804168,71,25,0.0001194222198046181,0.01698465989073033,2.111484702231648,1.6521732387952284,0.0041921138763427,0.04258329669309078,0.0343777537345886,0.3291847224921601,0.0546579360961913,0.3149977665386799,0.0014996550977229982,0.11013968765848148,0.00128182768821715,0.10367262292852825,-0.0202801823616027,0.01418695595348021,64,37,17,96,0.6205696094878554,1.2647759730777106,0.008534940216184662,0.06967000138669781,0.00935837626457205,0.08505681887765687,0.006679980247281446,0.07364756169715546,76,16,0.0001377786635090596,0.020894110884834668,4.056576873843389,2.455360864041798,0.0046604573726652995,0.035252299143654825,0.0442529022693634,0.4524005853108354,0.07237273454666131,0.44485532389119636,0.0006073391996324081,0.10239340973406712,-0.0003622174263,0.06647467295980902,-0.0281198322772979,0.007545261419638995,82,38,13,78,1.0765133022155606,1.76832111694025,0.009288814063521177,0.10202793993738245
Other,0.006877223775294131,0.08334891985372213,0.016279998123645553,0.12734572302245453,0.0047413334250449995,0.03603642076656763,0.002876331824809296,0.022191013778223044,72,20,3.519856973315194e-05,0.0028957614600072096,0.208075991975591,5.9030294653195,0.0024357438087463223,0.018932682665152918,0.0140202939510345,0.17967262799354577,0.0213006138801574,0.17714067268555816,0.0029762124642729476,0.04423823752872126,0.0025163888931273998,0.03852337157907283,-0.0072803199291229,0.0025319553079876005,31,44,15,129,0.15872485779055706,1.89549819624313,0.0036364701179811554,0.030638860950754156,0.0038531720638274747,0.02810195425740662,0.0024361143633722985,0.018803329810507894,71,20,2.0864791379650703e-05,0.0019453961653531856,0.6737046576905752,0.7102699664834495,0.00187796354293815,0.013298834495292374,0.0115122199058532,0.10623748100955922,0.0190405845642089,0.10414851212622261,0.0016400307416915693,0.03701859125701529,0.0013387799263,0.03052484291855255,-0.0075283646583557,0.0020889688833366045,48,46,15,112,0.1716969345230762,1.0743251101767162,0.0032273662808130557,0.023979576032516037,0.006214085966348575,0.03750398166087713,0.0037121725617907447,0.03563799232971781,79,15,3.622488427576122e-05,0.0051215486324645235,0.9925781672920175,5.347891312917646,0.0032105296850204997,0.018386598299430033,0.0176202058792114,0.26811339982952614,0.030092105269432002,0.26320094677694317,-4.10247594118037e-06,0.046088894236718,-0.00019828230142585,0.0291906310441125,-0.0124718993902206,0.004912453052582975,81,37,15,79,0.500055957776434,2.3464590859225156,0.00477314667166478,0.05474817312478241
Other,0.005624707228961832,0.06363812224464199,0.013372816741466283,0.09961151649235558,0.0031816512346267752,0.02195720660808414,0.0021025730157270862,0.017207513165023336,83,20,2.1656965497491402e-05,0.0016356447253234002,1.0974889352619162,6.546548943915914,0.0016485750675201498,0.012525443439637792,0.0097331702709198,0.14425380542968383,0.0171825587749481,0.14133646510828615,0.0024172220379113834,0.03187138942634349,0.0025648176670074,0.0280665611945698,-0.0074493885040283,0.0029173403213976733,25,46,15,135,-0.522391582306773,2.161672644368326,0.0027822692978309986,0.024896972935635385,0.00404942035675045,0.01969670847356215,0.002132498556748004,0.015220963713742772,77,18,1.6960682656872e-05,0.0011793349788286726,-0.18279754305097207,0.9008937537631136,0.0020026862621307503,0.008647799141915137,0.0073838829994201,0.08411572712680129,0.013863921165466201,0.08017450306958505,0.001925947517156578,0.027817565318595562,0.0018134117126464,0.02186681507714932,-0.0064800381660461,0.003941224057216241,45,47,16,115,0.025357919217935374,1.324747975652551,0.0026333426297175445,0.020137478456210507,0.0042166933417319245,0.03829290593838147,0.0027222105464897567,0.0255600300083627,83,18,2.03198209093265e-05,0.0027047673988423986,0.7429708261540844,1.5726587398409748,0.00212594866752615,0.01745923473285363,0.0118960291147232,0.1418936473323806,0.022016063332557602,0.1359939739131549,-0.00021190736442803972,0.039922561747416534,-0.0001193061470985,0.029913095167546422,-0.0101200342178344,0.005899673419225707,82,43,16,78,0.103067566215302,1.4569151552323616,0.003568553548344411,0.03333101352143546
Other,0.007449041764058173,0.10485886070957089,0.01788205817341781,0.16515436515274537,0.004611097276210759,0.03792903544060465,0.0034428289858624097,0.026134257431113292,85,21,4.943656412651206e-05,0.005189893520702617,3.4836759715034704,0.3914221609319304,0.0023432224988936996,0.02023215789158698,0.0226304531097412,0.15657015198242571,0.0382410883903503,0.1440234525230687,0.002350481227040266,0.063773929198517,0.0026020854711532,0.059770256287859196,-0.0156106352806091,0.01254669945935703,37,49,11,123,-0.010492861817317099,0.8394147864671561,0.005052986222664928,0.033507901684306625,0.004521369934081951,0.04196411230020877,0.0026959090773015933,0.019191662144376453,78,27,2.893927148644282e-05,0.0023390473561701263,6.327780830886278,-0.8586510641038188,0.0022428333759307497,0.019336040703310787,0.0113727450370788,0.0940175269424508,0.031063139438628998,0.08761968599964708,0.0020759824663400418,0.04231309899803238,0.0018861591815948,0.04309723913494984,-0.0196903944015502,0.006397840942803728,43,50,14,117,-1.0849956731020025,0.2823179387712813,0.003723438118846745,0.023423257872312222,0.004968252032995075,0.050208450421504056,0.003760648571187581,0.03711369864821666,75,19,4.20164904342462e-05,0.0058333794828259134,0.7569772206052541,2.2603967295357528,0.00248246639966955,0.023421451416319183,0.0150103718042373,0.2256468740443743,0.0279943346977233,0.22210537699056201,-5.8490689843891704e-05,0.05906733695619597,-0.00018241256475445,0.041526958986897435,-0.012983962893486,0.003541497053812293,86,44,15,74,0.36401332130756775,1.551690749247908,0.0051402356954115295,0.04841930594018382
Other,0.007914530687042386,0.1111403935257275,0.019047617763280636,0.1719769452914111,0.005411669611930775,0.04970401480964348,0.003765231790021037,0.03213244797668735,82,25,5.280346597821449e-05,0.005711511084191958,2.704777643155242,-0.5818707122490241,0.00278647243976595,0.025099330828418684,0.0226304531097412,0.15738964587511886,0.0382410883903503,0.15586604500999382,0.002383662387728672,0.06459463242836734,0.0025649517774581,0.0632057432282932,-0.0156106352806091,0.0015236008651250425,46,44,14,114,0.05170499789461546,0.4031700388572644,0.005243295315807274,0.0392306582360795,0.004620507359504619,0.04879463246889394,0.002907717172056407,0.024814163522455805,74,22,3.145285879725117e-05,0.0030166846428997967,4.7877090877745045,-0.327904664597201,0.0022996962070465,0.021897176696368016,0.0113727450370788,0.1287294614823812,0.031063139438628998,0.12508624424859194,0.002075820416212057,0.04655530218524469,0.0018105208873748502,0.040510119570122606,-0.0196903944015502,0.0036432172337892608,42,47,14,118,-0.8846491399608595,0.6035387053250955,0.003930081548649872,0.029142554475205983,0.006494302302598875,0.047090588978879036,0.004206579085439395,0.042155384808796444,80,15,4.798618335157528e-05,0.006870243044419926,0.28832470242238895,1.5512495778758764,0.0033441707491874565,0.020391354216917245,0.0150103718042373,0.22585868030279616,0.0297867208719252,0.22314378043569785,-6.106672808528016e-05,0.060827010677799075,-5.6207180023193366e-05,0.04114431887051953,-0.0147763490676879,0.002714899867098293,82,38,17,78,0.20976777020608064,1.5854723134026965,0.005493290173499821,0.05630557535824356
Other,0.0059126626725435226,0.0719193940879474,0.014236167520284415,0.10984230163215757,0.004181928932666774,0.023938901705218948,0.002416979218833128,0.018940292730123806,82,18,2.4511618840898467e-05,0.001985601523224489,0.29425190916121524,1.4558319199014145,0.0020566880702972004,0.01214549133958107,0.0126802623271942,0.11471647701122205,0.017972618341445902,0.11213573772938365,0.0024509476497769087,0.03665262848355417,0.00259256362915035,0.03125296184287972,-0.0052923560142517,0.0025807392818384006,35,41,15,125,0.10900479591132912,1.3082529376685004,0.003061239506201556,0.02534139594558758,0.004018902778625406,0.03157720318288595,0.002259457865729898,0.020359298147052823,79,21,1.890844088720149e-05,0.001557266061465764,-0.13998497772875762,2.06130215004878,0.0019347667694091723,0.014299144847886075,0.008912980556488,0.11934165512645914,0.0147176384925841,0.11831458773385542,0.0019426949322223393,0.030260513982440944,0.0019076764583587,0.02153845989748738,-0.0058046579360961,0.0010270673926037152,42,45,17,118,0.04399764397396943,1.405472081504318,0.0028450485651711132,0.025329179911403765,0.004956662654876626,0.03602035843618702,0.0029916990327182695,0.026553171478302506,89,17,2.4048346567655038e-05,0.003322631362267203,0.611215141821595,6.6261529333699976,0.0022389590740203797,0.015213231234901026,0.0093810707330703,0.21578598998577708,0.024157419800758202,0.21208009455780766,-0.00028599696233868775,0.04292915916616246,4.842877387997051e-05,0.03098081958149041,-0.0147763490676879,0.0037058954279694345,80,40,15,80,-0.3917238845523381,2.337156439541752,0.003878458144311317,0.038467111349222635
Other,0.005739852182193447,0.06742512168987451,0.013712005615234148,0.10413775207760978,0.0037590786814689745,0.028023375806880652,0.0022418947750702293,0.019210494154427656,82,21,2.3792141251801148e-05,0.0016497575515517972,-0.21555675417099485,2.579622093511759,0.0018727183341980002,0.013281196962585631,0.0089175701141357,0.1261154254762876,0.0135617554187774,0.12226633980458242,0.002636582218110533,0.032069299290764464,0.00277994573116295,0.02367417988045572,-0.0046441853046417,0.0038490856717051797,32,43,14,128,-0.0679344042250777,1.4976622370508064,0.002822822083971114,0.024926243089386155,0.0035236924886702763,0.02642358185761845,0.0020106143318116393,0.014887096367998308,87,21,1.5505211928043702e-05,0.0012283878244550939,0.7607606344726396,0.4581734647192399,0.0016740858554840001,0.010945482573440933,0.0101051330566406,0.0815414272575366,0.017190694808959902,0.0783320519143013,0.001786343753337834,0.02967767468632567,0.0019764900207519,0.0257971452419788,-0.0070855617523193,0.0032093753432353056,40,50,15,120,-0.13368582128058606,0.9589594956715771,0.002557462077268671,0.01864466276626418,0.003948546946048675,0.03986933199274861,0.0029095304012298133,0.03212728709493617,88,17,2.58007571739678e-05,0.003733361639669025,1.8512670249360914,3.576228721327344,0.00195765495300285,0.013789744743077542,0.0162944793701171,0.20607644232688438,0.0262088924646376,0.20440736006703603,-0.0003765996545553242,0.042390778100519624,-2.6129186153411865e-05,0.02507304146676823,-0.0099144130945205,0.0016690822598483643,82,42,15,78,0.36692820775893864,1.9304011738590117,0.004010507699652847,0.044004358553460715
Other,0.00599211786475195,0.06830104730487213,0.014346876740455396,0.10597007689643217,0.0038037523627281497,0.01802616249011715,0.002219523862004262,0.01647816602326042,80,16,2.4168321463537474e-05,0.0015831019250270653,-0.3606977836957288,5.049032832972966,0.0019201338291168005,0.009707126032328218,0.0090797841548919,0.13355279836354594,0.0134692490100859,0.12929776773385498,0.002721606940031022,0.03135734918941208,0.0027248859405516997,0.026074642312140336,-0.004389464855194,0.004255030629690951,32,46,18,128,0.019484930510860164,2.085352559864365,0.0027832484669655915,0.02449119386310808,0.003648489713668795,0.02972158744903016,0.002124495147727405,0.01730605802706415,83,21,1.6337492664710456e-05,0.0014034808089930689,0.57389953279595,-0.23705238835920373,0.00178232789039615,0.01665414481675169,0.0101051330566406,0.08523082511389476,0.017190694808959902,0.08301596429506997,0.0017495032399892565,0.031026820969288577,0.002034455537796,0.02744415013050005,-0.0070855617523193,0.002214860818824803,41,49,12,119,-0.2732352353876789,0.7524395009373215,0.0026823759914876427,0.020995646918653958,0.0042545981705187745,0.047448878315092397,0.0031689504161476617,0.035479292857127004,80,16,2.8302876429888246e-05,0.004225066486752817,1.1852946429590752,3.7887900403989265,0.00217141211032865,0.013228947318790603,0.0162944793701171,0.2322836786850005,0.0262088924646376,0.22993384323702853,-0.0003139030188322062,0.04358590673773152,-0.0003251880407333,0.022786207600914207,-0.0099144130945205,0.0023498354479719688,84,41,17,76,0.3999863837080483,1.9602671925418684,0.004207302745333553,0.04822172975539747
Other,0.005485778189544323,0.057003340376525234,0.013258511126041164,0.08654113353027404,0.0032854154706001507,0.01398967729503722,0.0019472858752123887,0.015161535890308582,81,14,2.1214354778899598e-05,0.0011888909367616905,-0.22184116698009104,6.155230755455854,0.0015926957130432003,0.006631928849737887,0.0090797841548919,0.12186759845592428,0.0128876268863677,0.12147532677063337,0.002722286619245969,0.02619327018507107,0.0027979165315628,0.020388461312160572,-0.0038078427314758,0.00039227168529090125,22,49,16,138,-0.0032005686570872314,2.269428775632429,0.002425882926755976,0.02242328106619451,0.00355654954910272,0.01779389554253264,0.001974725015461418,0.015308425158014081,84,17,1.4777864474381947e-05,0.0010481213113370295,-0.14196298949061292,6.259700875096739,0.00174644589424135,0.008382719938010593,0.0075395703315734,0.12155430190694844,0.0128624439239501,0.11943884933140259,0.0017629854381084199,0.022792170459438172,0.00198298692703245,0.01564137638683623,-0.0053228735923767,0.002115452575545845,41,49,15,119,-0.13244187834907964,2.3887472267883276,0.0024832617303944507,0.02299213511366318,0.004249185323715125,0.028912009743232995,0.002734109945595212,0.026822056626133482,80,15,1.8989720829880188e-05,0.0027062646547959235,0.1032718813686877,3.35842061542248,0.00211950391530985,0.008442732941325056,0.0095597505569458,0.1678346983275735,0.0187938213348388,0.16570186396314177,-0.00016410313546657437,0.037555692885764796,-0.0001456812024116,0.022940932251236647,-0.009234070777893,0.002132834364431741,81,41,16,79,0.06610932815649809,1.9125182896421264,0.0034519735570534694,0.03599770251927254
Other,0.007676902607736108,0.125742016444606,0.018603009879588843,0.19715117667783438,0.004390232264995575,0.1102293834143037,0.0037376016657799287,0.059336182400444984,86,16,9.065027255960632e-05,0.012186733209322837,16.842897166943448,-0.7090551909438565,0.0021853148937225,0.026701968865831774,0.0458486974239349,0.24373833560759983,0.08129394054412831,0.23216556263866653,0.0027458664029836365,0.08688785477981831,0.00308319926261895,0.05511662900868271,-0.0354452431201934,0.011572772968933292,30,44,13,130,0.1645481288591765,0.8807172198452138,0.007030330555526494,0.06809723857164872,0.0042498856782912,0.05013203113086496,0.002914065495133371,0.0283780960822944,80,22,3.4124282426794625e-05,0.0040378214335867165,4.590710956044477,3.2762054907154647,0.00216302275657645,0.02553943072343151,0.0189193487167358,0.201519464519153,0.0353709459304809,0.19979962883157049,0.0016995113343000207,0.05114800988645112,0.00170579552650445,0.045717549308658255,-0.0164515972137451,0.0017198356875825344,47,45,15,113,-0.41597091199942277,1.4921077461930974,0.004307587308337563,0.037705470667294606,0.0047367364168165995,0.0502515835377122,0.0036286704242228978,0.04357376423823767,80,13,4.5986755136601656e-05,0.006951010996079108,4.291404090610697,3.5544656698776667,0.0023602247238158998,0.019864373907700246,0.0209567248821258,0.28308649693188787,0.041968658566474804,0.27477363929495535,-0.0001866821199655492,0.059115312011564954,-0.0001710355281829,0.03871918514128048,-0.021011933684349,0.008312857636932538,85,37,13,75,0.707873087646427,1.9139816932382616,0.005374701676339488,0.05879107825048315
Other,0.00790828545106816,0.12704026951785108,0.019138025492429503,0.1998872949056265,0.005011156201362565,0.09168380178406749,0.004041128687094868,0.05944806605514358,89,16,9.123624858021024e-05,0.012537085903022127,15.571107582401538,-0.12429112444312373,0.0024775117635727002,0.024077013231387785,0.0458486974239349,0.2719787314060603,0.08129394054412831,0.2580594945453573,0.0024861702695488717,0.08721092986212599,0.0030446052551269,0.054169369516541846,-0.0354452431201934,0.013919236860703033,41,41,12,119,0.23291900414671363,1.0920984415138946,0.007152717757902871,0.07022349760304929,0.0049662888050079,0.050484366730693925,0.0031783509114756874,0.0310223098503688,81,22,3.6364422743808166e-05,0.004338360224126165,3.7556184261644994,2.246496650284638,0.0024764537811279995,0.024996939364820468,0.0189193487167358,0.19695383307600892,0.0353709459304809,0.1927472930487236,0.0017495822161435887,0.05367305941302668,0.0018085837364196,0.0455269863143178,-0.0164515972137451,0.004206540027285316,52,41,11,108,-0.40459155024823307,1.2897924855848881,0.004448642083405704,0.03817804234598564,0.005189023911952926,0.04519511531652265,0.0037066439073532367,0.044746128093813425,72,14,4.687499867041811e-05,0.007086771073964044,3.9049020832544103,2.374723857031669,0.00261294841766355,0.013954245738521125,0.0209567248821258,0.24958531867928158,0.041968658566474804,0.24364648499275401,3.6953855305917796e-05,0.05900330563047384,-0.0003454014658927,0.03343914919540788,-0.021011933684349,0.005938833686527568,87,39,14,73,0.5941661555813442,1.7859234647530262,0.005429526412426277,0.06004482491140212
Other,0.005684626924402145,0.06531547899118469,0.01371981725096679,0.09950966471414104,0.00458383560180665,0.025300813090309383,0.0026834727032109835,0.024163022163390387,89,17,2.844345520681856e-05,0.002507188754677229,0.6107079992565287,1.3307096960318994,0.0020989775657654,0.012833666817646323,0.0127549767494201,0.1282525850654965,0.021839946508407503,0.12635470234564103,0.0024939570575952274,0.037732849485949425,0.00298246741294855,0.027363964579456154,-0.0090849697589874,0.001897882719855479,37,42,16,123,-0.165513572551173,1.5113331741310423,0.003410282298815989,0.032915358487306735,0.003921583294868409,0.025386456697953107,0.002164262612350258,0.01697459599240082,87,16,1.6816243837886707e-05,0.001438942673171986,-0.3554034849802967,12.189851796944094,0.0019198060035705497,0.011228069260350283,0.0085532665252685,0.16012543786022282,0.0132753252983092,0.15419404336922776,0.001851264014840102,0.028183714950760524,0.0021778047084808003,0.022225189643508232,-0.0047220587730407,0.0059313944909950645,41,45,17,119,-0.0249703517311248,2.987031492383358,0.0026697417388180486,0.02538938527704568,0.0039922781288622994,0.03345431298071257,0.002425288796657649,0.022710364503177476,73,16,1.4878619162861004e-05,0.002038738906158165,-0.19886828605603712,2.852662067955932,0.00212191790342325,0.011979305705944413,0.0090421587228775,0.13931843419347434,0.0161361694335937,0.1339720011313172,-0.00010078595951198731,0.03359310027743109,-0.0004518404603004,0.023296391620525138,-0.0070940107107162,0.005346433062157162,89,44,13,71,0.13725839654857833,1.761294490315435,0.0030573518639137663,0.0301702257185561
Other,0.0055423598398024,0.06237488040817188,0.013316230773925549,0.09779372894248838,0.00429408997297285,0.03193254554068668,0.0024562932690605347,0.021744755424564652,79,20,2.7941494153153664e-05,0.0022497383141204027,1.2345279063657681,3.0837566343545832,0.0021200627088547,0.01552861180063735,0.0127549767494201,0.1385473757089048,0.021839946508407503,0.1365129552786765,0.0026533018797635713,0.03672381819084058,0.0026038438081741,0.027294123025713594,-0.0090849697589874,0.0020344204302282947,25,44,15,135,-0.09501836828534532,1.7437730719164652,0.003238669340939077,0.030018319266849187,0.0032625496387481503,0.018644293847592787,0.0020027241669595018,0.014093653071580746,84,18,1.5960301996393434e-05,0.00121751258287937,0.4476207882899268,3.123804275624696,0.0016343295574188,0.009377450280631191,0.0085532665252685,0.10403224348598228,0.0148196816444396,0.0990945646433829,0.0018489006906747553,0.02904570703764263,0.0020016431808471003,0.025366659645679954,-0.0062664151191711,0.004937678842599377,33,52,16,127,-0.24827982770044216,1.582393902769256,0.0025686557644994806,0.01933544635023477,0.004040617495775125,0.03362727197070249,0.0023691365099511564,0.02179204618305998,77,18,1.4292260973051883e-05,0.001955936034037015,-0.013269748265753556,4.903399942828022,0.0020334422588347,0.013319917822308985,0.0090242028236389,0.14862536159043874,0.0155606567859649,0.14527453919848743,-0.00025093164294957935,0.03202420371400516,-0.0004079043865203,0.02332669662894325,-0.006536453962326,0.003350822391951301,84,44,15,76,0.2204887555540076,2.0871336432928382,0.0029875542962312608,0.03050223615607408
